neuron_id,spike_time
0,1.3 ms
0,3.3500000000000005 ms
0,17.400000000000002 ms
0,31.3 ms
0,51.60000000000001 ms
0,53.750000000000014 ms
0,59.80000000000001 ms
0,118.10000000000002 ms
0,122.65000000000003 ms
0,122.85000000000002 ms
0,126.35000000000002 ms
0,148.10000000000002 ms
0,151.60000000000002 ms
0,206.15000000000003 ms
0,217.20000000000005 ms
0,242.10000000000002 ms
0,252.10000000000002 ms
0,274.95000000000005 ms
0,275.55000000000007 ms
0,292.85 ms
0,306.6 ms
0,318.05000000000007 ms
0,321.9000000000001 ms
0,323.2500000000001 ms
0,346.6500000000001 ms
0,349.55000000000007 ms
0,373.6500000000001 ms
0,373.95000000000005 ms
0,387.2500000000001 ms
0,391.6500000000001 ms
0,408.30000000000007 ms
0,419.05000000000007 ms
0,419.6500000000001 ms
0,432.55000000000007 ms
0,443.4000000000001 ms
0,452.95000000000005 ms
0,455.7500000000001 ms
0,472.35000000000014 ms
0,486.1500000000001 ms
0,507.45000000000016 ms
0,541.35 ms
0,541.7000000000002 ms
0,556.8000000000003 ms
0,605.0000000000003 ms
0,609.6000000000003 ms
0,614.6000000000003 ms
0,627.8000000000003 ms
0,689.2000000000002 ms
0,697.1000000000003 ms
0,714.1500000000002 ms
0,740.8500000000003 ms
0,746.0500000000003 ms
0,746.9500000000002 ms
0,765.3500000000003 ms
0,806.8500000000003 ms
0,816.7500000000001 ms
0,823.9500000000002 ms
0,828.0500000000003 ms
0,829.4500000000002 ms
0,834.0000000000001 ms
0,849.5500000000001 ms
0,856.6500000000002 ms
0,862.4000000000002 ms
0,865.1500000000002 ms
0,876.4500000000002 ms
0,886.0000000000001 ms
0,893.2000000000002 ms
0,904.7000000000002 ms
0,909.5000000000001 ms
0,911.0000000000001 ms
0,921.6000000000003 ms
0,925.7500000000001 ms
0,944.7500000000001 ms
0,949.9500000000002 ms
0,962.9000000000002 ms
0,963.9000000000002 ms
0,985.1000000000003 ms
0,989.9000000000002 ms
0,996.5000000000003 ms
0,1002.9500000000004 ms
0,1020.0500000000003 ms
0,1030.0500000000002 ms
0,1036.3000000000002 ms
0,1046.2000000000003 ms
0,1074.0500000000002 ms
0,1103.8500000000004 ms
0,1107.9 ms
0,1117.15 ms
0,1134.3000000000002 ms
0,1138.75 ms
0,1147.1500000000005 ms
0,1180.0 ms
0,1180.3000000000002 ms
0,1212.4 ms
0,1217.25 ms
0,1221.6999999999998 ms
0,1236.4 ms
0,1236.6 ms
0,1238.4500000000003 ms
0,1238.9500000000003 ms
0,1256.9 ms
0,1291.65 ms
0,1295.2000000000003 ms
0,1326.2999999999997 ms
0,1338.1 ms
0,1338.75 ms
0,1352.5 ms
0,1363.5 ms
0,1372.9499999999998 ms
0,1377.9499999999998 ms
0,1379.0500000000002 ms
0,1382.85 ms
0,1384.6999999999998 ms
0,1392.1 ms
0,1392.35 ms
0,1407.0 ms
0,1412.35 ms
0,1418.5 ms
0,1471.35 ms
0,1472.0499999999997 ms
0,1496.7000000000003 ms
0,1569.0499999999997 ms
0,1574.9500000000003 ms
0,1587.2000000000003 ms
0,1591.65 ms
0,1596.85 ms
0,1599.6 ms
0,1600.9500000000003 ms
0,1610.0 ms
0,1612.75 ms
0,1613.85 ms
0,1647.5499999999997 ms
0,1647.85 ms
0,1650.7999999999997 ms
0,1665.65 ms
0,1673.1999999999998 ms
0,1674.1999999999998 ms
0,1679.1499999999996 ms
0,1686.85 ms
0,1701.0499999999997 ms
0,1707.7999999999997 ms
0,1711.1 ms
0,1748.2999999999997 ms
0,1754.7999999999997 ms
0,1756.9 ms
0,1761.6 ms
0,1774.65 ms
0,1779.85 ms
0,1800.25 ms
0,1802.35 ms
0,1815.5 ms
0,1823.6 ms
0,1826.75 ms
0,1840.9 ms
0,1841.0500000000002 ms
0,1842.65 ms
0,1844.3000000000002 ms
0,1860.65 ms
0,1884.75 ms
0,1906.6999999999998 ms
0,1933.4499999999998 ms
0,1981.6999999999998 ms
0,1984.8500000000004 ms
0,1994.4499999999998 ms
0,2000.5500000000002 ms
0,2005.6499999999996 ms
0,2018.25 ms
0,2045.5999999999995 ms
0,2049.5499999999997 ms
0,2070.4500000000003 ms
0,2076.1999999999994 ms
0,2085.2999999999997 ms
0,2100.0499999999997 ms
0,2104.9999999999995 ms
0,2112.65 ms
0,2117.2999999999997 ms
0,2122.2000000000003 ms
0,2147.0000000000005 ms
0,2151.85 ms
0,2160.5000000000005 ms
0,2161.85 ms
0,2172.9499999999994 ms
0,2208.85 ms
0,2215.1999999999994 ms
0,2259.399999999999 ms
0,2291.2499999999995 ms
0,2295.9499999999994 ms
0,2300.1 ms
0,2331.349999999999 ms
0,2333.6999999999994 ms
0,2388.6999999999994 ms
0,2392.549999999999 ms
0,2395.399999999999 ms
0,2399.7999999999997 ms
0,2411.149999999999 ms
0,2416.6999999999994 ms
0,2420.649999999999 ms
0,2421.599999999999 ms
0,2439.149999999999 ms
0,2474.4499999999994 ms
0,2497.649999999999 ms
0,2518.0499999999997 ms
0,2531.049999999999 ms
0,2531.899999999999 ms
0,2532.349999999999 ms
0,2551.9499999999985 ms
0,2562.099999999999 ms
0,2567.049999999999 ms
0,2571.099999999999 ms
0,2581.599999999999 ms
0,2584.649999999999 ms
0,2592.9499999999994 ms
0,2599.399999999999 ms
0,2604.7999999999997 ms
0,2609.549999999999 ms
0,2632.0499999999997 ms
0,2632.9499999999994 ms
0,2665.2499999999995 ms
0,2680.4499999999994 ms
0,2693.9499999999994 ms
0,2695.399999999999 ms
0,2719.6999999999994 ms
0,2743.35 ms
0,2750.5499999999997 ms
0,2764.299999999999 ms
0,2766.649999999999 ms
0,2766.9999999999986 ms
0,2784.599999999999 ms
0,2791.299999999999 ms
0,2795.599999999999 ms
0,2825.7499999999995 ms
0,2847.2499999999986 ms
0,2862.549999999999 ms
0,2911.849999999999 ms
0,2917.2499999999995 ms
0,2935.4499999999994 ms
0,3003.1 ms
0,3006.4499999999994 ms
0,3011.299999999999 ms
0,3039.349999999999 ms
0,3041.299999999999 ms
0,3064.849999999999 ms
0,3073.4499999999994 ms
0,3077.9999999999995 ms
0,3087.2999999999997 ms
0,3089.4500000000003 ms
0,3089.7999999999997 ms
0,3099.4999999999995 ms
0,3111.099999999999 ms
0,3114.899999999999 ms
0,3123.0499999999997 ms
0,3123.649999999999 ms
0,3129.599999999999 ms
0,3130.149999999999 ms
0,3130.849999999999 ms
0,3132.799999999999 ms
0,3174.4499999999994 ms
0,3189.649999999999 ms
0,3204.899999999999 ms
0,3215.4499999999994 ms
0,3234.9499999999994 ms
0,3254.799999999999 ms
0,3256.899999999999 ms
0,3264.149999999999 ms
0,3270.0499999999997 ms
0,3276.1999999999994 ms
0,3296.149999999999 ms
0,3306.4999999999986 ms
0,3310.799999999999 ms
0,3312.849999999999 ms
0,3325.85 ms
0,3327.7499999999995 ms
0,3328.7499999999995 ms
0,3353.9999999999995 ms
0,3354.9 ms
0,3358.9500000000003 ms
0,3419.85 ms
0,3428.6 ms
0,3432.2999999999997 ms
0,3439.149999999999 ms
0,3458.9 ms
0,3462.899999999999 ms
0,3466.7999999999997 ms
0,3472.7999999999997 ms
0,3477.7499999999995 ms
0,3488.0499999999997 ms
0,3517.399999999999 ms
0,3519.15 ms
0,3522.1 ms
0,3536.0499999999997 ms
0,3541.299999999999 ms
0,3571.849999999999 ms
0,3591.1999999999994 ms
0,3604.049999999999 ms
0,3628.4999999999986 ms
0,3641.649999999999 ms
0,3643.099999999999 ms
0,3651.7499999999995 ms
0,3660.899999999999 ms
0,3719.9999999999986 ms
0,3722.6999999999985 ms
0,3734.799999999999 ms
0,3746.4499999999994 ms
0,3749.1999999999985 ms
0,3762.7499999999986 ms
0,3780.599999999999 ms
0,3804.4499999999985 ms
0,3811.2499999999986 ms
0,3828.849999999999 ms
0,3830.7499999999995 ms
0,3867.4999999999986 ms
0,3877.649999999999 ms
0,3912.0499999999997 ms
0,3917.299999999999 ms
0,3917.649999999999 ms
0,3938.899999999999 ms
0,3944.9999999999986 ms
0,3945.099999999999 ms
0,3957.9999999999995 ms
0,3970.1999999999994 ms
0,3991.299999999999 ms
1,46.150000000000006 ms
1,82.55000000000001 ms
1,87.45000000000002 ms
1,116.9 ms
1,118.15 ms
1,130.75000000000003 ms
1,150.15000000000006 ms
1,153.9 ms
1,157.70000000000002 ms
1,167.4 ms
1,212.6 ms
1,254.10000000000005 ms
1,290.5 ms
1,297.6 ms
1,300.65 ms
1,313.2500000000001 ms
1,325.70000000000005 ms
1,328.35 ms
1,328.75 ms
1,339.9 ms
1,348.35 ms
1,359.19999999999993 ms
1,359.75 ms
1,394.35 ms
1,425.0 ms
1,429.54999999999995 ms
1,437.6500000000001 ms
1,454.6 ms
1,463.45000000000005 ms
1,474.05000000000007 ms
1,475.4000000000001 ms
1,496.45000000000005 ms
1,531.8 ms
1,536.8 ms
1,549.8 ms
1,550.05 ms
1,615.8 ms
1,623.9000000000001 ms
1,627.5 ms
1,640.4500000000003 ms
1,648.6000000000001 ms
1,668.2 ms
1,681.95 ms
1,699.5500000000002 ms
1,712.4000000000001 ms
1,720.5500000000002 ms
1,736.7500000000002 ms
1,746.2500000000002 ms
1,747.9500000000003 ms
1,771.7000000000003 ms
1,788.5500000000002 ms
1,800.9000000000003 ms
1,812.1000000000004 ms
1,822.0000000000005 ms
1,837.6000000000004 ms
1,840.1500000000003 ms
1,845.9500000000003 ms
1,882.0000000000002 ms
1,887.5500000000002 ms
1,891.7000000000003 ms
1,942.6500000000001 ms
1,955.8500000000004 ms
1,956.9500000000003 ms
1,960.5000000000002 ms
1,972.1000000000001 ms
1,978.4500000000003 ms
1,982.4500000000003 ms
1,993.4000000000003 ms
1,1009.6000000000004 ms
1,1034.1000000000004 ms
1,1043.2000000000003 ms
1,1074.4 ms
1,1077.0000000000005 ms
1,1094.5500000000002 ms
1,1109.2000000000003 ms
1,1125.3000000000002 ms
1,1129.3500000000004 ms
1,1132.6000000000004 ms
1,1164.9 ms
1,1165.65 ms
1,1182.3000000000002 ms
1,1184.8000000000002 ms
1,1197.2000000000003 ms
1,1198.9 ms
1,1206.3500000000004 ms
1,1208.3500000000004 ms
1,1210.1000000000004 ms
1,1221.0500000000002 ms
1,1234.5000000000005 ms
1,1247.4500000000003 ms
1,1272.3000000000006 ms
1,1273.9 ms
1,1287.4 ms
1,1288.2500000000005 ms
1,1323.9 ms
1,1326.3500000000004 ms
1,1342.5500000000002 ms
1,1345.4000000000005 ms
1,1358.2000000000003 ms
1,1374.8000000000002 ms
1,1379.4500000000003 ms
1,1391.2000000000003 ms
1,1396.4500000000003 ms
1,1405.5000000000005 ms
1,1424.6 ms
1,1430.2000000000003 ms
1,1439.4500000000003 ms
1,1444.65 ms
1,1454.0 ms
1,1480.9 ms
1,1497.25 ms
1,1512.8000000000002 ms
1,1537.6999999999998 ms
1,1551.5500000000002 ms
1,1560.1999999999998 ms
1,1566.3000000000002 ms
1,1572.1999999999998 ms
1,1577.6000000000004 ms
1,1583.0 ms
1,1583.25 ms
1,1587.4500000000003 ms
1,1591.0000000000005 ms
1,1605.8000000000002 ms
1,1613.9 ms
1,1620.5 ms
1,1644.6999999999998 ms
1,1653.8500000000004 ms
1,1678.0500000000002 ms
1,1678.4 ms
1,1699.0 ms
1,1700.5 ms
1,1707.0500000000002 ms
1,1707.1999999999998 ms
1,1708.8000000000002 ms
1,1717.8000000000002 ms
1,1746.8000000000002 ms
1,1762.0 ms
1,1799.9499999999998 ms
1,1801.0500000000002 ms
1,1834.35 ms
1,1850.6999999999998 ms
1,1852.1499999999996 ms
1,1854.5 ms
1,1856.1499999999996 ms
1,1858.4499999999998 ms
1,1876.25 ms
1,1878.6999999999998 ms
1,1886.1499999999996 ms
1,1895.6499999999996 ms
1,1899.1 ms
1,1909.5499999999997 ms
1,1916.9 ms
1,1918.2499999999995 ms
1,1937.6999999999998 ms
1,1960.0 ms
1,1965.8999999999996 ms
1,1997.4499999999998 ms
1,2002.2999999999997 ms
1,2014.4499999999998 ms
1,2018.35 ms
1,2031.0499999999997 ms
1,2032.35 ms
1,2032.6 ms
1,2055.45 ms
1,2059.75 ms
1,2071.25 ms
1,2093.2 ms
1,2100.95 ms
1,2102.3 ms
1,2150.45 ms
1,2157.5 ms
1,2168.3999999999996 ms
1,2180.55 ms
1,2182.5 ms
1,2196.7 ms
1,2217.7 ms
1,2230.7 ms
1,2237.0 ms
1,2242.3500000000004 ms
1,2242.8999999999996 ms
1,2269.7000000000007 ms
1,2294.8999999999996 ms
1,2302.3 ms
1,2324.1000000000004 ms
1,2332.2000000000007 ms
1,2335.2000000000007 ms
1,2373.3999999999996 ms
1,2391.55 ms
1,2392.2 ms
1,2399.05 ms
1,2419.4000000000005 ms
1,2420.1500000000005 ms
1,2423.8499999999995 ms
1,2440.5999999999995 ms
1,2468.95 ms
1,2483.95 ms
1,2509.7 ms
1,2516.25 ms
1,2520.45 ms
1,2535.95 ms
1,2545.8499999999995 ms
1,2562.75 ms
1,2564.1000000000004 ms
1,2579.7 ms
1,2583.75 ms
1,2585.0 ms
1,2591.8500000000004 ms
1,2647.45 ms
1,2668.3499999999995 ms
1,2668.95 ms
1,2691.0999999999995 ms
1,2698.45 ms
1,2711.3 ms
1,2718.95 ms
1,2725.6499999999996 ms
1,2743.0 ms
1,2750.7999999999993 ms
1,2758.7 ms
1,2787.95 ms
1,2809.0 ms
1,2813.3 ms
1,2821.4000000000005 ms
1,2833.8 ms
1,2836.4000000000005 ms
1,2857.4000000000005 ms
1,2866.5999999999995 ms
1,2869.8499999999995 ms
1,2888.75 ms
1,2899.25 ms
1,2912.8999999999996 ms
1,2916.2000000000007 ms
1,2924.8 ms
1,2930.05 ms
1,3012.0 ms
1,3020.8999999999996 ms
1,3022.3999999999996 ms
1,3025.0 ms
1,3026.3500000000004 ms
1,3033.3999999999996 ms
1,3035.4500000000007 ms
1,3048.8500000000004 ms
1,3087.4000000000005 ms
1,3088.1000000000004 ms
1,3088.4000000000005 ms
1,3098.8500000000004 ms
1,3125.25 ms
1,3129.300000000001 ms
1,3132.4000000000005 ms
1,3133.1000000000004 ms
1,3141.7000000000007 ms
1,3189.1499999999996 ms
1,3190.3 ms
1,3217.8500000000004 ms
1,3221.8500000000004 ms
1,3230.3 ms
1,3251.7 ms
1,3253.1500000000005 ms
1,3269.95 ms
1,3279.500000000001 ms
1,3283.8 ms
1,3295.1500000000005 ms
1,3299.2000000000007 ms
1,3344.250000000001 ms
1,3351.500000000001 ms
1,3355.9000000000005 ms
1,3387.750000000001 ms
1,3392.6000000000013 ms
1,3417.000000000001 ms
1,3425.000000000001 ms
1,3429.050000000001 ms
1,3446.4500000000007 ms
1,3466.550000000001 ms
1,3485.500000000001 ms
1,3486.000000000001 ms
1,3529.2000000000007 ms
1,3531.4000000000005 ms
1,3590.6000000000004 ms
1,3615.4000000000005 ms
1,3623.3 ms
1,3645.1500000000005 ms
1,3656.8 ms
1,3702.3500000000013 ms
1,3713.1500000000005 ms
1,3718.750000000001 ms
1,3728.9000000000005 ms
1,3731.8500000000013 ms
1,3742.2000000000007 ms
1,3776.250000000001 ms
1,3780.6000000000013 ms
1,3827.3 ms
1,3833.6000000000013 ms
1,3842.9500000000007 ms
1,3853.250000000001 ms
1,3863.9000000000005 ms
1,3872.4500000000016 ms
1,3880.4500000000016 ms
1,3881.9500000000016 ms
1,3887.050000000001 ms
1,3906.4500000000007 ms
1,3908.800000000001 ms
1,3909.750000000001 ms
1,3916.1500000000005 ms
1,3925.800000000001 ms
1,3937.9000000000015 ms
1,3939.3500000000004 ms
1,3955.1500000000015 ms
1,3982.1500000000015 ms
1,3983.4500000000007 ms
1,3991.1500000000015 ms
2,5.3500000000000005 ms
2,9.899999999999999 ms
2,20.6 ms
2,24.1 ms
2,32.050000000000004 ms
2,40.949999999999996 ms
2,51.99999999999999 ms
2,59.449999999999996 ms
2,68.85000000000002 ms
2,71.15 ms
2,92.25 ms
2,108.5 ms
2,108.6 ms
2,134.2 ms
2,138.39999999999998 ms
2,139.2 ms
2,142.55 ms
2,144.74999999999994 ms
2,146.49999999999994 ms
2,150.89999999999998 ms
2,151.79999999999995 ms
2,162.45 ms
2,181.39999999999998 ms
2,186.04999999999995 ms
2,192.04999999999995 ms
2,215.95 ms
2,231.25 ms
2,233.8 ms
2,238.2 ms
2,241.85000000000002 ms
2,249.75 ms
2,269.5 ms
2,271.4 ms
2,280.79999999999995 ms
2,287.75 ms
2,298.19999999999993 ms
2,325.19999999999993 ms
2,330.0999999999999 ms
2,367.3499999999999 ms
2,387.7499999999999 ms
2,394.9999999999999 ms
2,409.14999999999986 ms
2,409.6999999999998 ms
2,426.5999999999999 ms
2,437.1999999999998 ms
2,464.64999999999986 ms
2,494.64999999999986 ms
2,494.9499999999998 ms
2,497.2499999999999 ms
2,506.79999999999984 ms
2,517.1999999999999 ms
2,518.5999999999998 ms
2,519.2999999999998 ms
2,522.3499999999998 ms
2,528.9499999999999 ms
2,529.8499999999998 ms
2,541.6499999999997 ms
2,552.7999999999998 ms
2,558.0499999999998 ms
2,570.65 ms
2,571.8999999999997 ms
2,583.4499999999997 ms
2,623.9499999999999 ms
2,624.1999999999997 ms
2,660.7999999999998 ms
2,661.8499999999998 ms
2,668.0499999999998 ms
2,672.6999999999997 ms
2,682.6999999999999 ms
2,683.15 ms
2,688.4499999999999 ms
2,700.0499999999998 ms
2,700.5999999999998 ms
2,730.3499999999998 ms
2,731.0999999999998 ms
2,737.5499999999998 ms
2,754.2999999999998 ms
2,755.2499999999999 ms
2,767.2499999999999 ms
2,785.35 ms
2,788.65 ms
2,789.2999999999998 ms
2,797.4999999999999 ms
2,803.4999999999999 ms
2,803.9499999999999 ms
2,808.7499999999999 ms
2,818.85 ms
2,839.8499999999998 ms
2,844.9499999999999 ms
2,865.65 ms
2,870.5499999999998 ms
2,875.7499999999999 ms
2,881.5499999999998 ms
2,895.2499999999999 ms
2,923.15 ms
2,930.9 ms
2,932.2500000000001 ms
2,933.85 ms
2,943.0500000000001 ms
2,947.5500000000001 ms
2,960.9000000000002 ms
2,968.3000000000001 ms
2,982.3000000000001 ms
2,1001.1500000000002 ms
2,1002.2500000000001 ms
2,1030.6000000000004 ms
2,1087.15 ms
2,1100.1 ms
2,1138.5500000000002 ms
2,1159.9 ms
2,1161.65 ms
2,1185.25 ms
2,1216.5500000000002 ms
2,1229.9499999999998 ms
2,1245.3500000000004 ms
2,1247.0500000000002 ms
2,1273.5500000000002 ms
2,1275.3500000000004 ms
2,1286.5 ms
2,1291.5 ms
2,1301.0 ms
2,1315.6000000000004 ms
2,1322.6999999999998 ms
2,1338.1000000000004 ms
2,1339.0500000000002 ms
2,1342.8000000000002 ms
2,1350.15 ms
2,1358.75 ms
2,1365.9 ms
2,1367.9500000000003 ms
2,1396.4 ms
2,1396.7000000000003 ms
2,1398.5 ms
2,1415.0500000000002 ms
2,1423.6999999999998 ms
2,1441.4499999999998 ms
2,1448.15 ms
2,1448.3000000000002 ms
2,1457.7000000000003 ms
2,1480.7000000000003 ms
2,1498.5500000000002 ms
2,1506.1000000000004 ms
2,1507.8500000000004 ms
2,1517.0500000000002 ms
2,1518.5500000000002 ms
2,1519.4500000000003 ms
2,1522.4 ms
2,1567.0000000000005 ms
2,1576.2500000000005 ms
2,1577.4500000000003 ms
2,1586.7500000000005 ms
2,1605.6 ms
2,1627.15 ms
2,1632.4500000000003 ms
2,1652.65 ms
2,1656.65 ms
2,1668.0 ms
2,1678.0500000000002 ms
2,1682.6 ms
2,1713.4 ms
2,1726.35 ms
2,1730.4 ms
2,1735.2999999999997 ms
2,1741.2999999999997 ms
2,1756.35 ms
2,1768.4499999999998 ms
2,1780.0499999999997 ms
2,1784.1499999999996 ms
2,1829.8499999999995 ms
2,1835.0499999999997 ms
2,1844.1 ms
2,1856.6 ms
2,1869.2499999999995 ms
2,1881.0499999999997 ms
2,1890.3999999999996 ms
2,1906.9499999999998 ms
2,1934.4499999999998 ms
2,1941.9999999999995 ms
2,1958.6499999999996 ms
2,1960.1999999999998 ms
2,1969.1499999999996 ms
2,1988.3499999999995 ms
2,1995.8999999999996 ms
2,2024.9999999999995 ms
2,2033.0999999999995 ms
2,2048.4499999999994 ms
2,2065.149999999999 ms
2,2065.9499999999994 ms
2,2110.299999999999 ms
2,2113.599999999999 ms
2,2144.7499999999995 ms
2,2148.349999999999 ms
2,2151.4499999999994 ms
2,2156.6999999999994 ms
2,2165.1999999999994 ms
2,2166.7499999999995 ms
2,2172.849999999999 ms
2,2176.549999999999 ms
2,2183.2499999999986 ms
2,2185.4999999999995 ms
2,2193.099999999999 ms
2,2206.9499999999985 ms
2,2222.349999999999 ms
2,2225.599999999999 ms
2,2246.549999999999 ms
2,2259.3999999999983 ms
2,2285.349999999998 ms
2,2287.349999999999 ms
2,2293.4499999999985 ms
2,2301.7499999999986 ms
2,2301.9499999999985 ms
2,2337.4999999999986 ms
2,2351.7499999999986 ms
2,2371.4999999999986 ms
2,2386.149999999999 ms
2,2420.2499999999986 ms
2,2445.2499999999986 ms
2,2445.6999999999985 ms
2,2450.8999999999983 ms
2,2451.9499999999985 ms
2,2472.2499999999986 ms
2,2494.2499999999986 ms
2,2503.299999999999 ms
2,2522.6499999999983 ms
2,2525.9499999999985 ms
2,2559.599999999999 ms
2,2582.9499999999985 ms
2,2594.9999999999986 ms
2,2621.049999999999 ms
2,2649.599999999999 ms
2,2652.35 ms
2,2671.4 ms
2,2680.0499999999997 ms
2,2682.649999999999 ms
2,2693.4499999999994 ms
2,2722.7999999999997 ms
2,2734.4999999999995 ms
2,2742.4499999999994 ms
2,2743.2499999999995 ms
2,2747.7999999999997 ms
2,2759.5499999999997 ms
2,2783.7499999999995 ms
2,2799.349999999999 ms
2,2811.799999999999 ms
2,2847.5499999999997 ms
2,2849.399999999999 ms
2,2851.599999999999 ms
2,2863.849999999999 ms
2,2869.1999999999985 ms
2,2876.1499999999983 ms
2,2878.349999999998 ms
2,2975.599999999999 ms
2,2994.4999999999986 ms
2,3005.9999999999986 ms
2,3010.649999999999 ms
2,3014.9999999999986 ms
2,3017.4499999999985 ms
2,3054.799999999998 ms
2,3088.6999999999985 ms
2,3094.4499999999985 ms
2,3095.9499999999985 ms
2,3100.799999999998 ms
2,3104.7499999999977 ms
2,3107.4499999999975 ms
2,3119.6499999999974 ms
2,3121.1999999999975 ms
2,3132.099999999998 ms
2,3137.299999999998 ms
2,3149.599999999998 ms
2,3152.549999999998 ms
2,3154.599999999998 ms
2,3167.3999999999983 ms
2,3201.8999999999983 ms
2,3208.6999999999985 ms
2,3220.7499999999986 ms
2,3221.4499999999985 ms
2,3226.4499999999985 ms
2,3227.3999999999983 ms
2,3234.9499999999985 ms
2,3241.349999999999 ms
2,3256.049999999999 ms
2,3280.6999999999985 ms
2,3283.599999999999 ms
2,3290.649999999999 ms
2,3325.349999999999 ms
2,3356.2499999999986 ms
2,3357.349999999998 ms
2,3361.1499999999983 ms
2,3372.899999999999 ms
2,3384.8999999999983 ms
2,3390.849999999998 ms
2,3396.1499999999983 ms
2,3411.049999999999 ms
2,3416.849999999999 ms
2,3424.599999999999 ms
2,3457.049999999999 ms
2,3459.4499999999994 ms
2,3467.6999999999985 ms
2,3514.599999999999 ms
2,3522.299999999999 ms
2,3528.6499999999983 ms
2,3550.4499999999985 ms
2,3551.9499999999994 ms
2,3578.4499999999985 ms
2,3588.4499999999994 ms
2,3592.549999999999 ms
2,3594.799999999999 ms
2,3607.099999999999 ms
2,3612.4999999999995 ms
2,3616.5499999999997 ms
2,3620.649999999999 ms
2,3634.2999999999997 ms
2,3637.4999999999995 ms
2,3639.2499999999986 ms
2,3642.6999999999985 ms
2,3648.1999999999994 ms
2,3653.799999999999 ms
2,3658.599999999999 ms
2,3683.9499999999985 ms
2,3739.4499999999994 ms
2,3747.149999999999 ms
2,3769.299999999999 ms
2,3772.9999999999986 ms
2,3776.799999999999 ms
2,3791.099999999999 ms
2,3792.6999999999985 ms
2,3803.299999999999 ms
2,3806.8999999999983 ms
2,3815.099999999998 ms
2,3820.2499999999986 ms
2,3856.299999999999 ms
2,3856.9999999999986 ms
2,3861.349999999998 ms
2,3870.849999999999 ms
2,3917.099999999998 ms
2,3926.7499999999986 ms
2,3964.4999999999986 ms
2,3969.299999999999 ms
2,3991.849999999999 ms
2,3996.4999999999995 ms
3,28.1 ms
3,28.800000000000004 ms
3,30.65 ms
3,55.199999999999996 ms
3,71.45000000000002 ms
3,74.45000000000002 ms
3,134.95 ms
3,141.0 ms
3,145.05 ms
3,154.0 ms
3,163.64999999999998 ms
3,174.5 ms
3,192.05 ms
3,200.7 ms
3,215.05 ms
3,215.90000000000003 ms
3,254.05 ms
3,271.8500000000001 ms
3,272.34999999999997 ms
3,276.55 ms
3,282.3500000000001 ms
3,286.75000000000006 ms
3,313.99999999999994 ms
3,329.50000000000006 ms
3,379.3500000000001 ms
3,382.4500000000001 ms
3,388.40000000000003 ms
3,418.40000000000003 ms
3,424.2000000000001 ms
3,438.0500000000001 ms
3,452.00000000000006 ms
3,468.90000000000003 ms
3,478.59999999999997 ms
3,486.49999999999994 ms
3,494.00000000000006 ms
3,504.24999999999994 ms
3,509.05 ms
3,511.65000000000003 ms
3,518.1500000000001 ms
3,530.95 ms
3,534.8 ms
3,548.8 ms
3,557.0000000000002 ms
3,562.3500000000001 ms
3,569.9000000000001 ms
3,577.25 ms
3,591.2000000000003 ms
3,591.5 ms
3,599.9000000000001 ms
3,601.95 ms
3,605.5 ms
3,612.0999999999999 ms
3,612.7 ms
3,620.3 ms
3,659.1500000000001 ms
3,686.25 ms
3,687.8000000000002 ms
3,697.3000000000002 ms
3,701.8499999999999 ms
3,702.0 ms
3,705.55 ms
3,723.8499999999999 ms
3,729.3 ms
3,731.7 ms
3,734.3 ms
3,742.5 ms
3,752.9000000000001 ms
3,766.75 ms
3,802.9000000000001 ms
3,824.05 ms
3,828.2 ms
3,831.3999999999999 ms
3,843.0 ms
3,845.8 ms
3,851.75 ms
3,858.8 ms
3,865.95 ms
3,886.5999999999999 ms
3,926.9499999999998 ms
3,932.25 ms
3,945.1499999999999 ms
3,949.1999999999998 ms
3,965.2499999999998 ms
3,992.2499999999998 ms
3,999.1499999999999 ms
3,1001.6999999999996 ms
3,1009.6999999999996 ms
3,1010.6499999999999 ms
3,1027.8999999999996 ms
3,1066.9999999999995 ms
3,1076.6999999999994 ms
3,1083.9999999999995 ms
3,1138.0499999999997 ms
3,1157.4999999999995 ms
3,1161.1999999999994 ms
3,1163.35 ms
3,1175.3999999999996 ms
3,1181.1999999999998 ms
3,1213.9999999999995 ms
3,1215.6499999999996 ms
3,1221.2499999999995 ms
3,1239.1499999999996 ms
3,1252.3499999999995 ms
3,1292.0499999999997 ms
3,1300.4499999999998 ms
3,1303.1499999999996 ms
3,1347.6499999999996 ms
3,1352.3999999999996 ms
3,1354.25 ms
3,1412.3499999999995 ms
3,1422.9499999999998 ms
3,1453.2999999999993 ms
3,1455.6999999999998 ms
3,1478.3999999999996 ms
3,1482.1999999999998 ms
3,1555.7499999999995 ms
3,1570.4999999999995 ms
3,1570.5999999999995 ms
3,1580.9999999999995 ms
3,1598.1499999999996 ms
3,1600.4999999999995 ms
3,1601.7499999999995 ms
3,1602.3999999999996 ms
3,1604.6499999999996 ms
3,1607.2999999999997 ms
3,1629.7499999999995 ms
3,1635.1999999999998 ms
3,1654.25 ms
3,1682.5499999999997 ms
3,1693.4499999999998 ms
3,1719.1999999999998 ms
3,1728.5499999999997 ms
3,1729.6999999999998 ms
3,1752.35 ms
3,1766.1999999999998 ms
3,1786.7999999999997 ms
3,1796.1499999999996 ms
3,1832.7999999999997 ms
3,1834.6999999999998 ms
3,1852.1999999999998 ms
3,1859.6999999999998 ms
3,1866.1 ms
3,1877.1999999999998 ms
3,1886.0 ms
3,1890.6999999999998 ms
3,1893.7999999999997 ms
3,1901.6999999999998 ms
3,1907.6 ms
3,1908.15 ms
3,1912.9999999999995 ms
3,1921.35 ms
3,1933.4499999999994 ms
3,1939.7999999999997 ms
3,1941.9999999999995 ms
3,1978.2499999999995 ms
3,1982.7499999999995 ms
3,1983.8499999999995 ms
3,1984.3999999999996 ms
3,2000.5999999999995 ms
3,2003.1499999999996 ms
3,2009.6499999999996 ms
3,2013.3999999999996 ms
3,2033.3499999999995 ms
3,2049.4499999999994 ms
3,2057.6 ms
3,2059.9 ms
3,2077.9500000000003 ms
3,2083.7500000000005 ms
3,2090.4 ms
3,2114.15 ms
3,2125.65 ms
3,2128.85 ms
3,2142.1 ms
3,2143.7999999999997 ms
3,2154.149999999999 ms
3,2159.4499999999994 ms
3,2162.5499999999997 ms
3,2168.2999999999997 ms
3,2175.6 ms
3,2191.1 ms
3,2198.2999999999997 ms
3,2202.649999999999 ms
3,2246.5499999999997 ms
3,2260.2000000000003 ms
3,2260.4499999999994 ms
3,2267.35 ms
3,2272.2500000000005 ms
3,2305.1 ms
3,2311.9499999999994 ms
3,2316.6 ms
3,2340.4499999999994 ms
3,2360.149999999999 ms
3,2384.2999999999997 ms
3,2384.649999999999 ms
3,2408.4999999999995 ms
3,2419.2499999999995 ms
3,2419.4999999999995 ms
3,2426.0499999999997 ms
3,2440.149999999999 ms
3,2454.099999999999 ms
3,2502.4999999999995 ms
3,2510.9499999999994 ms
3,2514.649999999999 ms
3,2520.9499999999994 ms
3,2528.299999999999 ms
3,2531.349999999999 ms
3,2539.85 ms
3,2540.9499999999994 ms
3,2544.35 ms
3,2592.599999999999 ms
3,2599.1999999999994 ms
3,2612.649999999999 ms
3,2638.7999999999997 ms
3,2651.6 ms
3,2657.1999999999994 ms
3,2674.6999999999994 ms
3,2707.9499999999994 ms
3,2717.1999999999994 ms
3,2731.149999999999 ms
3,2770.4499999999994 ms
3,2778.85 ms
3,2808.2999999999997 ms
3,2819.7499999999995 ms
3,2842.649999999999 ms
3,2846.4499999999994 ms
3,2855.4999999999995 ms
3,2866.599999999999 ms
3,2876.549999999999 ms
3,2894.7499999999986 ms
3,2915.899999999999 ms
3,2917.899999999999 ms
3,2925.4499999999994 ms
3,2935.2499999999995 ms
3,2935.7999999999997 ms
3,2940.2499999999995 ms
3,2953.15 ms
3,2954.4500000000003 ms
3,2965.5499999999997 ms
3,2965.649999999999 ms
3,2977.2999999999997 ms
3,2988.7999999999997 ms
3,3002.6 ms
3,3028.0499999999997 ms
3,3035.2000000000003 ms
3,3039.1 ms
3,3044.0499999999997 ms
3,3050.149999999999 ms
3,3071.7499999999995 ms
3,3074.9 ms
3,3079.9999999999995 ms
3,3091.1999999999994 ms
3,3106.6999999999994 ms
3,3137.9499999999994 ms
3,3201.399999999999 ms
3,3204.649999999999 ms
3,3206.7999999999997 ms
3,3210.299999999999 ms
3,3253.9499999999994 ms
3,3288.4499999999994 ms
3,3311.9499999999994 ms
3,3317.85 ms
3,3330.4999999999995 ms
3,3330.599999999999 ms
3,3373.9499999999994 ms
3,3384.1999999999994 ms
3,3396.85 ms
3,3416.099999999999 ms
3,3416.35 ms
3,3443.4 ms
3,3459.9500000000003 ms
3,3462.7999999999997 ms
3,3489.2499999999995 ms
3,3502.349999999999 ms
3,3505.9999999999995 ms
3,3536.349999999999 ms
3,3538.35 ms
3,3554.599999999999 ms
3,3563.399999999999 ms
3,3601.15 ms
3,3615.4500000000003 ms
3,3623.5000000000005 ms
3,3641.9999999999995 ms
3,3655.2500000000005 ms
3,3670.35 ms
3,3691.5499999999997 ms
3,3696.899999999999 ms
3,3700.7499999999995 ms
3,3700.9499999999994 ms
3,3716.399999999999 ms
3,3719.4499999999994 ms
3,3727.399999999999 ms
3,3729.7999999999997 ms
3,3734.799999999999 ms
3,3735.899999999999 ms
3,3737.899999999999 ms
3,3745.4999999999986 ms
3,3753.649999999999 ms
3,3756.649999999999 ms
3,3761.9999999999986 ms
3,3784.2499999999995 ms
3,3787.9999999999986 ms
3,3800.099999999999 ms
3,3805.349999999999 ms
3,3807.649999999999 ms
3,3813.0499999999997 ms
3,3821.2499999999995 ms
3,3825.099999999999 ms
3,3826.299999999999 ms
3,3829.4499999999994 ms
3,3866.899999999999 ms
3,3885.049999999999 ms
3,3894.6999999999994 ms
3,3895.9999999999995 ms
3,3909.2999999999997 ms
3,3911.2499999999995 ms
3,3912.7999999999997 ms
3,3929.9499999999994 ms
3,3938.35 ms
3,3941.7499999999995 ms
3,3962.7999999999997 ms
3,3971.4999999999995 ms
3,3973.9999999999995 ms
3,3982.5499999999997 ms
4,10.450000000000001 ms
4,12.750000000000002 ms
4,16.1 ms
4,25.700000000000003 ms
4,34.75 ms
4,54.0 ms
4,60.2 ms
4,67.25 ms
4,77.1 ms
4,114.85 ms
4,121.5 ms
4,145.85000000000002 ms
4,157.64999999999998 ms
4,168.5 ms
4,181.14999999999998 ms
4,206.45000000000005 ms
4,206.85000000000002 ms
4,208.40000000000003 ms
4,259.1 ms
4,265.9 ms
4,282.7500000000001 ms
4,291.65 ms
4,311.05000000000007 ms
4,313.75 ms
4,322.4 ms
4,323.29999999999995 ms
4,342.4 ms
4,344.94999999999993 ms
4,359.0 ms
4,367.9 ms
4,372.35 ms
4,398.6 ms
4,405.85 ms
4,408.9999999999999 ms
4,434.35 ms
4,434.65 ms
4,449.79999999999995 ms
4,455.0 ms
4,460.3499999999999 ms
4,462.4 ms
4,463.85 ms
4,465.4999999999999 ms
4,469.1 ms
4,470.44999999999993 ms
4,498.1 ms
4,517.9 ms
4,520.0499999999998 ms
4,524.15 ms
4,549.9499999999999 ms
4,581.9499999999999 ms
4,588.5999999999998 ms
4,618.8999999999997 ms
4,643.2999999999998 ms
4,659.6999999999997 ms
4,665.3999999999997 ms
4,676.4 ms
4,683.1 ms
4,693.6999999999999 ms
4,710.5500000000001 ms
4,719.7999999999998 ms
4,729.5999999999998 ms
4,743.3999999999997 ms
4,753.8499999999998 ms
4,759.2999999999998 ms
4,773.4999999999999 ms
4,800.5499999999998 ms
4,809.1999999999999 ms
4,809.65 ms
4,811.65 ms
4,840.5000000000001 ms
4,844.15 ms
4,874.5499999999998 ms
4,878.15 ms
4,906.6 ms
4,908.4999999999999 ms
4,929.35 ms
4,934.9500000000002 ms
4,946.0000000000001 ms
4,983.65 ms
4,1014.0000000000001 ms
4,1051.65 ms
4,1091.65 ms
4,1120.75 ms
4,1135.75 ms
4,1142.9 ms
4,1148.3000000000002 ms
4,1177.75 ms
4,1186.0 ms
4,1186.25 ms
4,1213.0 ms
4,1233.6500000000005 ms
4,1251.6000000000004 ms
4,1257.2000000000003 ms
4,1258.2000000000003 ms
4,1291.0500000000002 ms
4,1341.7000000000003 ms
4,1374.7500000000005 ms
4,1378.2000000000003 ms
4,1388.6000000000004 ms
4,1396.4500000000003 ms
4,1398.2500000000005 ms
4,1402.7000000000003 ms
4,1405.3000000000002 ms
4,1420.8000000000002 ms
4,1434.7000000000003 ms
4,1444.8000000000002 ms
4,1446.3500000000004 ms
4,1449.8500000000004 ms
4,1452.1999999999998 ms
4,1465.6000000000004 ms
4,1467.6000000000004 ms
4,1477.1999999999998 ms
4,1482.4 ms
4,1518.0 ms
4,1546.9 ms
4,1555.25 ms
4,1558.1999999999998 ms
4,1559.4499999999998 ms
4,1567.3500000000004 ms
4,1573.75 ms
4,1575.25 ms
4,1581.9000000000005 ms
4,1604.4000000000005 ms
4,1615.9500000000003 ms
4,1623.15 ms
4,1624.1000000000004 ms
4,1630.2500000000005 ms
4,1637.8500000000004 ms
4,1645.6500000000005 ms
4,1700.1000000000004 ms
4,1701.6000000000004 ms
4,1712.2000000000003 ms
4,1727.1000000000004 ms
4,1727.9000000000005 ms
4,1733.25 ms
4,1761.2000000000003 ms
4,1769.2000000000003 ms
4,1770.0000000000005 ms
4,1780.8000000000002 ms
4,1805.5 ms
4,1858.3500000000004 ms
4,1868.6000000000004 ms
4,1897.8000000000002 ms
4,1902.5500000000002 ms
4,1917.0 ms
4,1928.1000000000004 ms
4,1932.25 ms
4,1937.1000000000004 ms
4,1945.3000000000002 ms
4,1960.4500000000003 ms
4,1964.4500000000003 ms
4,1971.0500000000002 ms
4,2004.0 ms
4,2009.25 ms
4,2017.8500000000004 ms
4,2023.5500000000002 ms
4,2028.8500000000004 ms
4,2029.5500000000002 ms
4,2031.3500000000004 ms
4,2032.15 ms
4,2034.0500000000002 ms
4,2043.5 ms
4,2051.55 ms
4,2056.75 ms
4,2057.25 ms
4,2057.3500000000004 ms
4,2088.1499999999996 ms
4,2133.2000000000007 ms
4,2138.25 ms
4,2140.300000000001 ms
4,2183.8500000000004 ms
4,2194.050000000001 ms
4,2208.8500000000004 ms
4,2227.3500000000004 ms
4,2255.300000000001 ms
4,2271.25 ms
4,2286.5 ms
4,2288.3500000000004 ms
4,2294.2000000000007 ms
4,2295.3 ms
4,2305.45 ms
4,2318.2 ms
4,2319.8500000000004 ms
4,2331.55 ms
4,2336.05 ms
4,2341.25 ms
4,2350.05 ms
4,2360.3500000000004 ms
4,2367.6500000000005 ms
4,2390.3500000000004 ms
4,2407.3 ms
4,2417.95 ms
4,2421.1500000000005 ms
4,2423.8 ms
4,2474.55 ms
4,2488.75 ms
4,2491.8 ms
4,2512.3 ms
4,2541.1000000000004 ms
4,2555.1000000000004 ms
4,2556.25 ms
4,2581.6000000000004 ms
4,2586.1500000000005 ms
4,2607.9500000000007 ms
4,2612.500000000001 ms
4,2612.7000000000007 ms
4,2614.000000000001 ms
4,2634.6000000000013 ms
4,2637.6500000000005 ms
4,2652.4500000000016 ms
4,2678.750000000001 ms
4,2749.2000000000016 ms
4,2758.4500000000016 ms
4,2777.8500000000013 ms
4,2793.500000000001 ms
4,2810.1000000000013 ms
4,2818.500000000001 ms
4,2819.750000000001 ms
4,2823.1500000000015 ms
4,2829.000000000002 ms
4,2863.3500000000013 ms
4,2880.250000000001 ms
4,2881.750000000001 ms
4,2911.550000000002 ms
4,2922.550000000002 ms
4,2923.2000000000016 ms
4,2938.6500000000015 ms
4,2964.1000000000013 ms
4,2980.1000000000013 ms
4,2999.6000000000013 ms
4,3002.000000000001 ms
4,3002.800000000002 ms
4,3029.7000000000016 ms
4,3035.000000000002 ms
4,3046.500000000002 ms
4,3054.750000000002 ms
4,3062.7000000000016 ms
4,3066.1000000000013 ms
4,3066.7000000000016 ms
4,3071.6000000000013 ms
4,3092.4000000000024 ms
4,3103.550000000002 ms
4,3105.7000000000016 ms
4,3113.7500000000027 ms
4,3128.0000000000027 ms
4,3171.050000000002 ms
4,3176.600000000003 ms
4,3181.600000000003 ms
4,3189.050000000002 ms
4,3194.600000000003 ms
4,3202.100000000003 ms
4,3219.2500000000027 ms
4,3240.7500000000027 ms
4,3241.800000000003 ms
4,3254.6500000000033 ms
4,3265.350000000002 ms
4,3272.0000000000027 ms
4,3279.0000000000027 ms
4,3281.300000000003 ms
4,3282.0000000000027 ms
4,3291.1500000000024 ms
4,3326.350000000003 ms
4,3329.2500000000027 ms
4,3331.4500000000025 ms
4,3337.300000000003 ms
4,3348.7000000000025 ms
4,3354.0000000000027 ms
4,3359.100000000003 ms
4,3381.100000000003 ms
4,3393.100000000003 ms
4,3394.6500000000024 ms
4,3398.6500000000024 ms
4,3405.4500000000035 ms
4,3438.300000000003 ms
4,3450.7000000000025 ms
4,3463.9000000000033 ms
4,3494.550000000003 ms
4,3505.5000000000027 ms
4,3506.9500000000025 ms
4,3536.100000000002 ms
4,3536.6500000000033 ms
4,3537.7500000000027 ms
4,3538.2500000000027 ms
4,3561.6500000000024 ms
4,3565.600000000003 ms
4,3575.6500000000024 ms
4,3576.600000000003 ms
4,3581.2000000000025 ms
4,3598.600000000002 ms
4,3616.300000000003 ms
4,3638.6500000000024 ms
4,3651.600000000002 ms
4,3652.300000000002 ms
4,3673.800000000002 ms
4,3674.550000000002 ms
4,3679.050000000002 ms
4,3687.050000000002 ms
4,3701.100000000002 ms
4,3702.4500000000025 ms
4,3706.000000000002 ms
4,3718.300000000003 ms
4,3743.2000000000025 ms
4,3758.5000000000027 ms
4,3763.0000000000027 ms
4,3774.4000000000024 ms
4,3789.5000000000027 ms
4,3790.050000000003 ms
4,3795.2500000000027 ms
4,3811.550000000003 ms
4,3813.6500000000033 ms
4,3820.7000000000025 ms
4,3823.100000000003 ms
4,3839.7000000000035 ms
4,3840.550000000003 ms
4,3848.2000000000025 ms
4,3855.350000000003 ms
4,3872.4000000000033 ms
4,3877.0000000000036 ms
4,3882.7000000000025 ms
4,3885.850000000003 ms
4,3887.9500000000035 ms
4,3892.7500000000027 ms
4,3912.7000000000035 ms
4,3914.0000000000027 ms
4,3930.550000000004 ms
4,3996.6500000000033 ms
5,9.25 ms
5,20.85 ms
5,22.75 ms
5,23.049999999999997 ms
5,34.75 ms
5,39.099999999999994 ms
5,39.75 ms
5,43.349999999999994 ms
5,44.7 ms
5,60.5 ms
5,67.4 ms
5,94.25 ms
5,113.94999999999999 ms
5,118.65 ms
5,122.75 ms
5,142.55 ms
5,153.45 ms
5,171.05 ms
5,182.40000000000003 ms
5,188.45 ms
5,192.05 ms
5,192.7 ms
5,203.2 ms
5,235.3 ms
5,246.65000000000003 ms
5,252.5 ms
5,267.9 ms
5,278.54999999999995 ms
5,281.75 ms
5,310.89999999999986 ms
5,316.0 ms
5,336.79999999999995 ms
5,360.75 ms
5,373.04999999999995 ms
5,373.5 ms
5,417.8499999999999 ms
5,420.4 ms
5,426.79999999999995 ms
5,436.44999999999993 ms
5,456.65 ms
5,463.5999999999999 ms
5,483.4999999999999 ms
5,491.04999999999984 ms
5,533.5500000000001 ms
5,539.9499999999999 ms
5,573.0999999999998 ms
5,581.7499999999999 ms
5,587.9999999999999 ms
5,606.1499999999997 ms
5,610.0499999999998 ms
5,637.9999999999999 ms
5,647.5499999999998 ms
5,681.0999999999998 ms
5,692.9499999999999 ms
5,693.0499999999998 ms
5,703.5499999999998 ms
5,719.2499999999999 ms
5,725.35 ms
5,725.6999999999999 ms
5,733.5999999999998 ms
5,734.6 ms
5,744.1999999999999 ms
5,748.0500000000001 ms
5,755.7999999999998 ms
5,775.7499999999999 ms
5,805.7999999999998 ms
5,841.9999999999999 ms
5,846.9 ms
5,881.9499999999999 ms
5,886.5500000000001 ms
5,937.9 ms
5,940.9 ms
5,943.2999999999998 ms
5,954.2499999999999 ms
5,964.0499999999998 ms
5,972.8000000000001 ms
5,973.85 ms
5,1002.7499999999999 ms
5,1003.0499999999998 ms
5,1021.6999999999997 ms
5,1022.5499999999998 ms
5,1030.15 ms
5,1049.5499999999997 ms
5,1056.9500000000003 ms
5,1059.0 ms
5,1060.3000000000002 ms
5,1060.4499999999998 ms
5,1072.8000000000002 ms
5,1074.6 ms
5,1075.5 ms
5,1082.8000000000002 ms
5,1085.3999999999996 ms
5,1100.8999999999996 ms
5,1122.6 ms
5,1124.5 ms
5,1142.85 ms
5,1147.7999999999997 ms
5,1159.15 ms
5,1169.4499999999998 ms
5,1181.85 ms
5,1185.65 ms
5,1191.1 ms
5,1192.5 ms
5,1227.15 ms
5,1236.0500000000002 ms
5,1243.9500000000003 ms
5,1247.8000000000002 ms
5,1273.7000000000003 ms
5,1274.1000000000004 ms
5,1299.9500000000003 ms
5,1308.4 ms
5,1310.5500000000006 ms
5,1312.9 ms
5,1318.5000000000005 ms
5,1319.6 ms
5,1328.5000000000005 ms
5,1333.7500000000005 ms
5,1336.5500000000002 ms
5,1353.65 ms
5,1371.85 ms
5,1373.0500000000002 ms
5,1394.25 ms
5,1401.8500000000004 ms
5,1406.6999999999998 ms
5,1411.6000000000004 ms
5,1427.15 ms
5,1445.9500000000003 ms
5,1507.25 ms
5,1509.35 ms
5,1524.1 ms
5,1545.7999999999997 ms
5,1546.9 ms
5,1550.0499999999997 ms
5,1570.5 ms
5,1582.5500000000002 ms
5,1587.1499999999996 ms
5,1595.6999999999998 ms
5,1607.0 ms
5,1639.6999999999998 ms
5,1694.0 ms
5,1701.4499999999998 ms
5,1702.7999999999997 ms
5,1716.0499999999997 ms
5,1717.35 ms
5,1722.85 ms
5,1746.1499999999996 ms
5,1788.3999999999996 ms
5,1800.6999999999998 ms
5,1800.8999999999996 ms
5,1810.2999999999997 ms
5,1812.6999999999998 ms
5,1814.0499999999997 ms
5,1823.4999999999995 ms
5,1826.9999999999995 ms
5,1836.65 ms
5,1840.7999999999997 ms
5,1862.7999999999997 ms
5,1904.7999999999997 ms
5,1924.65 ms
5,1925.9 ms
5,1934.4499999999998 ms
5,1946.4499999999998 ms
5,1948.5499999999997 ms
5,1956.1 ms
5,1992.2499999999995 ms
5,2001.4 ms
5,2002.4499999999998 ms
5,2018.85 ms
5,2028.25 ms
5,2059.75 ms
5,2074.3 ms
5,2083.25 ms
5,2135.1499999999996 ms
5,2136.3999999999996 ms
5,2153.8500000000004 ms
5,2156.2 ms
5,2162.3499999999995 ms
5,2179.95 ms
5,2207.3 ms
5,2230.2 ms
5,2236.05 ms
5,2252.1499999999996 ms
5,2252.5999999999995 ms
5,2264.5499999999993 ms
5,2264.699999999999 ms
5,2266.5999999999995 ms
5,2278.749999999999 ms
5,2295.3999999999996 ms
5,2333.8499999999995 ms
5,2334.0999999999995 ms
5,2339.749999999999 ms
5,2340.999999999999 ms
5,2342.999999999999 ms
5,2350.7 ms
5,2352.45 ms
5,2353.249999999999 ms
5,2362.1499999999996 ms
5,2396.95 ms
5,2424.25 ms
5,2446.45 ms
5,2452.5999999999995 ms
5,2459.1500000000005 ms
5,2465.9000000000005 ms
5,2466.8499999999995 ms
5,2476.95 ms
5,2477.0999999999995 ms
5,2483.0999999999995 ms
5,2488.3499999999995 ms
5,2500.45 ms
5,2503.45 ms
5,2504.3 ms
5,2513.8 ms
5,2564.749999999999 ms
5,2568.8 ms
5,2581.3 ms
5,2590.249999999999 ms
5,2591.45 ms
5,2600.3499999999995 ms
5,2605.749999999999 ms
5,2612.6499999999996 ms
5,2618.5999999999995 ms
5,2621.45 ms
5,2621.5499999999993 ms
5,2642.7999999999993 ms
5,2671.3999999999996 ms
5,2671.699999999999 ms
5,2673.7999999999993 ms
5,2675.2999999999993 ms
5,2693.2999999999993 ms
5,2713.949999999999 ms
5,2736.3999999999996 ms
5,2756.949999999999 ms
5,2766.0 ms
5,2770.0999999999995 ms
5,2771.0999999999995 ms
5,2771.999999999999 ms
5,2780.3999999999996 ms
5,2796.7 ms
5,2797.55 ms
5,2806.55 ms
5,2810.1499999999996 ms
5,2829.95 ms
5,2855.0999999999995 ms
5,2859.25 ms
5,2867.05 ms
5,2886.75 ms
5,2890.75 ms
5,2895.2 ms
5,2898.7 ms
5,2904.95 ms
5,2905.45 ms
5,2935.2 ms
5,2936.55 ms
5,2947.6499999999996 ms
5,2960.0499999999993 ms
5,2961.8500000000004 ms
5,2987.0 ms
5,2991.75 ms
5,2992.5 ms
5,3005.75 ms
5,3015.05 ms
5,3016.25 ms
5,3036.8500000000004 ms
5,3077.8500000000004 ms
5,3087.1000000000004 ms
5,3089.0499999999993 ms
5,3093.3500000000004 ms
5,3096.6499999999996 ms
5,3118.8999999999996 ms
5,3125.6000000000004 ms
5,3141.3500000000004 ms
5,3143.3999999999996 ms
5,3159.8 ms
5,3160.3500000000004 ms
5,3169.25 ms
5,3178.300000000001 ms
5,3220.75 ms
5,3239.550000000001 ms
5,3264.25 ms
5,3268.6500000000005 ms
5,3305.6500000000005 ms
5,3307.4500000000007 ms
5,3344.4000000000005 ms
5,3375.8500000000004 ms
5,3381.8 ms
5,3385.05 ms
5,3393.9000000000005 ms
5,3395.95 ms
5,3413.250000000001 ms
5,3426.9000000000005 ms
5,3428.05 ms
5,3433.6500000000005 ms
5,3454.8 ms
5,3469.500000000001 ms
5,3478.1500000000005 ms
5,3496.55 ms
5,3511.55 ms
5,3517.6000000000013 ms
5,3522.2000000000007 ms
5,3527.6500000000005 ms
5,3534.4000000000005 ms
5,3582.6500000000005 ms
5,3588.1000000000004 ms
5,3592.75 ms
5,3602.75 ms
5,3627.4500000000007 ms
5,3635.75 ms
5,3641.25 ms
5,3648.5 ms
5,3650.5 ms
5,3653.6000000000004 ms
5,3654.8 ms
5,3660.05 ms
5,3683.45 ms
5,3738.1500000000005 ms
5,3744.3 ms
5,3757.25 ms
5,3761.8500000000004 ms
5,3771.6000000000004 ms
5,3776.7999999999993 ms
5,3786.1499999999996 ms
5,3786.5 ms
5,3786.949999999999 ms
5,3796.0 ms
5,3810.7999999999993 ms
5,3830.45 ms
5,3832.0999999999995 ms
5,3840.8499999999995 ms
5,3841.0999999999995 ms
5,3845.05 ms
5,3846.7 ms
5,3847.8499999999995 ms
5,3849.7 ms
5,3857.8499999999995 ms
5,3873.5999999999995 ms
5,3887.4000000000005 ms
5,3896.8 ms
5,3905.55 ms
5,3914.3500000000004 ms
5,3921.1000000000004 ms
5,3926.7000000000007 ms
5,3941.3 ms
5,3955.55 ms
5,3969.8 ms
5,3973.8 ms
5,3974.8 ms
5,3995.6000000000004 ms
6,13.75 ms
6,14.5 ms
6,15.350000000000001 ms
6,15.45 ms
6,37.95 ms
6,50.650000000000006 ms
6,78.45000000000002 ms
6,87.95000000000002 ms
6,117.80000000000001 ms
6,118.80000000000001 ms
6,131.95000000000002 ms
6,152.29999999999998 ms
6,162.49999999999997 ms
6,171.00000000000003 ms
6,177.85 ms
6,181.65 ms
6,188.15 ms
6,191.85 ms
6,198.19999999999996 ms
6,220.45000000000002 ms
6,225.79999999999998 ms
6,235.29999999999998 ms
6,270.54999999999995 ms
6,271.5 ms
6,274.64999999999986 ms
6,282.0999999999999 ms
6,282.5999999999999 ms
6,285.54999999999995 ms
6,338.0999999999999 ms
6,361.69999999999993 ms
6,379.69999999999993 ms
6,394.5999999999999 ms
6,406.79999999999995 ms
6,432.79999999999995 ms
6,435.8499999999999 ms
6,453.39999999999986 ms
6,475.75 ms
6,478.04999999999995 ms
6,488.94999999999993 ms
6,494.69999999999993 ms
6,495.4 ms
6,495.79999999999984 ms
6,534.9999999999999 ms
6,553.7499999999999 ms
6,578.2999999999998 ms
6,592.4 ms
6,598.6 ms
6,603.65 ms
6,615.8999999999997 ms
6,620.0499999999998 ms
6,625.2999999999998 ms
6,628.15 ms
6,640.1999999999999 ms
6,648.0499999999998 ms
6,657.0999999999998 ms
6,696.2499999999997 ms
6,728.8999999999997 ms
6,731.5999999999998 ms
6,744.6999999999999 ms
6,748.0499999999998 ms
6,764.65 ms
6,767.0499999999998 ms
6,780.8499999999998 ms
6,786.0999999999998 ms
6,790.6499999999997 ms
6,792.4999999999999 ms
6,804.5999999999998 ms
6,813.4999999999997 ms
6,828.6499999999997 ms
6,861.2499999999999 ms
6,873.8999999999997 ms
6,912.4499999999997 ms
6,933.1499999999997 ms
6,944.8499999999998 ms
6,951.9499999999999 ms
6,957.7999999999998 ms
6,991.4 ms
6,1020.0499999999998 ms
6,1020.2499999999999 ms
6,1057.75 ms
6,1066.8000000000002 ms
6,1076.6499999999996 ms
6,1082.3000000000002 ms
6,1085.35 ms
6,1088.4 ms
6,1119.4499999999998 ms
6,1173.35 ms
6,1194.6999999999998 ms
6,1200.6 ms
6,1208.35 ms
6,1215.0 ms
6,1226.0500000000002 ms
6,1253.6499999999996 ms
6,1263.6999999999998 ms
6,1285.0 ms
6,1311.8499999999995 ms
6,1325.8999999999996 ms
6,1337.2999999999997 ms
6,1355.6 ms
6,1359.1 ms
6,1371.4999999999995 ms
6,1375.5499999999997 ms
6,1375.9499999999998 ms
6,1377.7999999999997 ms
6,1379.6 ms
6,1387.7999999999997 ms
6,1401.85 ms
6,1410.5499999999997 ms
6,1432.1 ms
6,1436.5499999999997 ms
6,1451.9999999999995 ms
6,1455.4999999999995 ms
6,1465.7499999999995 ms
6,1474.2999999999997 ms
6,1492.7499999999995 ms
6,1495.1 ms
6,1515.4499999999994 ms
6,1524.9499999999994 ms
6,1547.1499999999996 ms
6,1578.9999999999995 ms
6,1586.6999999999994 ms
6,1594.35 ms
6,1595.9499999999994 ms
6,1640.0499999999997 ms
6,1663.7499999999995 ms
6,1676.6499999999996 ms
6,1694.2499999999995 ms
6,1695.7999999999997 ms
6,1698.5499999999997 ms
6,1720.8499999999995 ms
6,1731.1499999999996 ms
6,1753.1999999999994 ms
6,1773.6999999999994 ms
6,1775.8999999999992 ms
6,1787.7999999999997 ms
6,1789.5999999999995 ms
6,1807.1999999999994 ms
6,1825.7999999999993 ms
6,1826.249999999999 ms
6,1846.1999999999994 ms
6,1854.7499999999995 ms
6,1884.1499999999992 ms
6,1889.0499999999997 ms
6,1914.7999999999997 ms
6,1916.1499999999992 ms
6,1923.9499999999994 ms
6,1928.3499999999995 ms
6,1935.2999999999993 ms
6,1944.1499999999996 ms
6,1973.8999999999996 ms
6,1976.1499999999996 ms
6,1996.2999999999993 ms
6,1997.8499999999995 ms
6,1999.0999999999995 ms
6,2009.3499999999995 ms
6,2012.3499999999995 ms
6,2035.1999999999994 ms
6,2080.6999999999994 ms
6,2083.35 ms
6,2083.599999999999 ms
6,2090.799999999999 ms
6,2117.4999999999986 ms
6,2117.649999999999 ms
6,2149.6999999999994 ms
6,2162.7499999999995 ms
6,2173.6999999999994 ms
6,2181.85 ms
6,2191.099999999999 ms
6,2223.149999999999 ms
6,2229.849999999999 ms
6,2246.049999999999 ms
6,2249.599999999999 ms
6,2265.649999999999 ms
6,2273.9 ms
6,2274.6 ms
6,2279.2999999999997 ms
6,2287.2499999999995 ms
6,2307.149999999999 ms
6,2327.4499999999994 ms
6,2328.399999999999 ms
6,2363.5499999999997 ms
6,2368.35 ms
6,2395.849999999999 ms
6,2401.899999999999 ms
6,2405.6999999999994 ms
6,2411.2499999999995 ms
6,2426.1999999999994 ms
6,2430.7999999999997 ms
6,2433.7000000000003 ms
6,2435.7999999999997 ms
6,2448.149999999999 ms
6,2475.1999999999994 ms
6,2489.899999999999 ms
6,2496.9 ms
6,2577.1 ms
6,2603.9499999999994 ms
6,2640.899999999999 ms
6,2683.6999999999994 ms
6,2697.899999999999 ms
6,2701.849999999999 ms
6,2708.2499999999995 ms
6,2755.349999999999 ms
6,2771.549999999999 ms
6,2789.849999999999 ms
6,2794.6999999999985 ms
6,2799.4499999999994 ms
6,2815.599999999999 ms
6,2825.899999999999 ms
6,2832.4499999999994 ms
6,2833.6999999999994 ms
6,2869.549999999999 ms
6,2884.599999999999 ms
6,2887.6999999999994 ms
6,2890.549999999999 ms
6,2890.7499999999986 ms
6,2927.649999999999 ms
6,2950.4499999999994 ms
6,2960.149999999999 ms
6,2971.6999999999994 ms
6,2975.6999999999994 ms
6,2982.649999999999 ms
6,2988.399999999999 ms
6,3000.099999999999 ms
6,3000.9999999999995 ms
6,3014.649999999999 ms
6,3015.2499999999986 ms
6,3035.549999999999 ms
6,3053.649999999999 ms
6,3054.0499999999997 ms
6,3069.85 ms
6,3079.65 ms
6,3091.2999999999997 ms
6,3099.2999999999997 ms
6,3102.649999999999 ms
6,3117.9499999999994 ms
6,3130.149999999999 ms
6,3137.4499999999994 ms
6,3162.6 ms
6,3169.0000000000005 ms
6,3200.5500000000006 ms
6,3201.7999999999997 ms
6,3230.2499999999995 ms
6,3234.35 ms
6,3237.15 ms
6,3249.9500000000003 ms
6,3260.600000000001 ms
6,3263.7500000000005 ms
6,3267.2500000000005 ms
6,3277.3000000000006 ms
6,3301.7500000000005 ms
6,3305.35 ms
6,3307.9500000000003 ms
6,3314.4500000000003 ms
6,3319.15 ms
6,3325.3000000000006 ms
6,3329.0000000000005 ms
6,3331.65 ms
6,3362.2000000000003 ms
6,3378.4500000000003 ms
6,3389.0000000000005 ms
6,3389.6 ms
6,3390.5499999999997 ms
6,3405.9999999999995 ms
6,3412.2999999999997 ms
6,3436.7499999999995 ms
6,3436.85 ms
6,3464.1999999999994 ms
6,3468.4500000000003 ms
6,3474.15 ms
6,3480.9500000000003 ms
6,3483.4499999999994 ms
6,3486.9500000000003 ms
6,3506.85 ms
6,3516.7500000000005 ms
6,3519.15 ms
6,3519.9 ms
6,3525.85 ms
6,3531.2999999999997 ms
6,3536.7000000000003 ms
6,3549.85 ms
6,3569.2500000000005 ms
6,3577.35 ms
6,3584.7999999999997 ms
6,3585.1 ms
6,3610.4 ms
6,3610.9500000000003 ms
6,3627.2000000000003 ms
6,3642.7000000000003 ms
6,3649.9500000000003 ms
6,3653.0000000000005 ms
6,3654.5000000000005 ms
6,3667.7000000000003 ms
6,3699.65 ms
6,3702.35 ms
6,3714.5000000000005 ms
6,3716.9999999999995 ms
6,3747.5499999999997 ms
6,3749.9999999999995 ms
6,3752.35 ms
6,3764.6999999999994 ms
6,3781.2999999999997 ms
6,3787.399999999999 ms
6,3808.7999999999997 ms
6,3826.7000000000003 ms
6,3842.85 ms
6,3863.9499999999994 ms
6,3872.7499999999995 ms
6,3880.2500000000005 ms
6,3910.35 ms
6,3937.7500000000005 ms
6,3938.6 ms
6,3954.35 ms
6,3961.6999999999994 ms
6,3968.2000000000003 ms
6,3979.2500000000005 ms
6,3980.35 ms
6,3980.6999999999994 ms
6,3983.2499999999995 ms
6,3990.35 ms
6,3991.7999999999997 ms
7,31.6 ms
7,36.1 ms
7,76.1 ms
7,89.15 ms
7,97.1 ms
7,117.19999999999999 ms
7,118.25 ms
7,119.89999999999998 ms
7,130.0 ms
7,133.35000000000002 ms
7,139.25 ms
7,153.05 ms
7,159.90000000000003 ms
7,172.8 ms
7,173.5 ms
7,177.25 ms
7,185.25 ms
7,191.25 ms
7,193.60000000000002 ms
7,217.25 ms
7,221.39999999999998 ms
7,222.5 ms
7,262.95 ms
7,281.2 ms
7,310.34999999999997 ms
7,329.34999999999997 ms
7,345.59999999999997 ms
7,348.0499999999999 ms
7,388.99999999999994 ms
7,389.8999999999999 ms
7,395.7 ms
7,396.1999999999999 ms
7,419.45 ms
7,439.1999999999999 ms
7,446.2 ms
7,447.6999999999999 ms
7,464.99999999999994 ms
7,472.49999999999994 ms
7,478.1999999999999 ms
7,495.95 ms
7,504.24999999999994 ms
7,515.9499999999998 ms
7,540.05 ms
7,578.6499999999999 ms
7,584.6000000000001 ms
7,588.8999999999999 ms
7,600.3999999999999 ms
7,613.3999999999999 ms
7,619.1000000000001 ms
7,622.3999999999999 ms
7,642.05 ms
7,643.3499999999999 ms
7,644.9499999999998 ms
7,657.6500000000001 ms
7,659.4000000000001 ms
7,672.05 ms
7,677.95 ms
7,687.7 ms
7,703.9999999999998 ms
7,706.7499999999998 ms
7,708.6499999999999 ms
7,711.1999999999998 ms
7,741.4999999999998 ms
7,744.7499999999998 ms
7,744.9499999999998 ms
7,748.4999999999998 ms
7,749.5999999999997 ms
7,751.2499999999998 ms
7,751.6999999999998 ms
7,764.6999999999998 ms
7,776.9499999999998 ms
7,798.6499999999999 ms
7,801.9499999999998 ms
7,815.5499999999997 ms
7,824.2999999999997 ms
7,850.75 ms
7,862.1999999999998 ms
7,873.5999999999999 ms
7,882.5999999999999 ms
7,919.3999999999999 ms
7,920.6499999999999 ms
7,944.0999999999999 ms
7,946.55 ms
7,947.8 ms
7,950.05 ms
7,969.45 ms
7,978.6499999999999 ms
7,988.3500000000001 ms
7,998.25 ms
7,1005.3 ms
7,1008.25 ms
7,1017.0 ms
7,1030.45 ms
7,1061.1500000000003 ms
7,1064.5500000000004 ms
7,1068.2500000000002 ms
7,1130.4000000000003 ms
7,1145.45 ms
7,1146.8500000000001 ms
7,1150.5500000000004 ms
7,1153.5500000000004 ms
7,1156.9500000000005 ms
7,1159.4500000000005 ms
7,1196.0500000000004 ms
7,1216.9000000000003 ms
7,1237.8500000000006 ms
7,1248.9000000000003 ms
7,1252.45 ms
7,1258.3 ms
7,1261.1000000000001 ms
7,1273.3999999999999 ms
7,1299.4000000000003 ms
7,1302.0500000000004 ms
7,1328.05 ms
7,1334.5500000000004 ms
7,1345.4500000000005 ms
7,1349.2 ms
7,1356.6000000000001 ms
7,1365.4000000000003 ms
7,1372.7500000000002 ms
7,1373.4500000000005 ms
7,1377.7 ms
7,1394.1000000000001 ms
7,1416.1500000000003 ms
7,1419.8500000000006 ms
7,1423.6000000000001 ms
7,1432.4000000000003 ms
7,1441.1500000000003 ms
7,1443.7 ms
7,1458.8500000000001 ms
7,1469.3000000000004 ms
7,1475.8000000000004 ms
7,1487.5000000000007 ms
7,1489.2000000000005 ms
7,1517.3500000000006 ms
7,1526.5500000000009 ms
7,1547.8500000000006 ms
7,1559.4500000000005 ms
7,1564.6000000000006 ms
7,1599.8500000000006 ms
7,1601.6500000000003 ms
7,1607.2000000000005 ms
7,1629.0500000000004 ms
7,1633.3000000000004 ms
7,1665.4000000000003 ms
7,1674.8000000000004 ms
7,1684.0000000000007 ms
7,1712.6500000000008 ms
7,1713.6500000000003 ms
7,1719.2500000000002 ms
7,1721.7500000000007 ms
7,1740.0000000000002 ms
7,1744.2500000000007 ms
7,1757.2000000000005 ms
7,1766.1000000000006 ms
7,1770.5500000000009 ms
7,1792.0000000000007 ms
7,1793.1500000000008 ms
7,1799.600000000001 ms
7,1806.0500000000009 ms
7,1829.0000000000011 ms
7,1839.200000000001 ms
7,1856.7500000000007 ms
7,1856.8500000000006 ms
7,1891.1500000000008 ms
7,1912.7000000000005 ms
7,1917.1000000000006 ms
7,1935.2000000000005 ms
7,1967.0500000000004 ms
7,1983.0000000000007 ms
7,1983.6500000000008 ms
7,1989.0000000000007 ms
7,1991.0500000000004 ms
7,1992.7500000000007 ms
7,2042.0000000000007 ms
7,2043.3500000000006 ms
7,2056.750000000001 ms
7,2068.95 ms
7,2100.55 ms
7,2110.6000000000004 ms
7,2112.2000000000007 ms
7,2114.3 ms
7,2118.7 ms
7,2128.45 ms
7,2140.8500000000004 ms
7,2160.4000000000005 ms
7,2166.6000000000004 ms
7,2179.9000000000005 ms
7,2209.6500000000005 ms
7,2209.750000000001 ms
7,2215.6500000000005 ms
7,2222.1000000000004 ms
7,2230.7000000000007 ms
7,2238.8 ms
7,2281.55 ms
7,2283.7 ms
7,2284.7 ms
7,2293.1000000000004 ms
7,2298.3 ms
7,2299.0 ms
7,2307.55 ms
7,2330.45 ms
7,2335.8500000000004 ms
7,2382.3500000000004 ms
7,2411.0 ms
7,2416.9500000000007 ms
7,2419.1000000000004 ms
7,2426.4500000000007 ms
7,2435.55 ms
7,2436.55 ms
7,2438.1000000000004 ms
7,2462.55 ms
7,2463.05 ms
7,2486.8500000000004 ms
7,2495.0 ms
7,2495.1000000000004 ms
7,2496.25 ms
7,2532.75 ms
7,2540.550000000001 ms
7,2557.6500000000005 ms
7,2642.4000000000005 ms
7,2650.8 ms
7,2658.9500000000007 ms
7,2673.4500000000007 ms
7,2685.300000000001 ms
7,2688.7000000000007 ms
7,2693.1000000000004 ms
7,2700.9500000000007 ms
7,2727.750000000001 ms
7,2737.6500000000005 ms
7,2737.9500000000016 ms
7,2764.9500000000016 ms
7,2773.300000000001 ms
7,2779.6500000000015 ms
7,2781.250000000001 ms
7,2799.300000000001 ms
7,2804.4500000000007 ms
7,2807.6500000000015 ms
7,2815.3500000000004 ms
7,2823.050000000001 ms
7,2837.25 ms
7,2859.8500000000004 ms
7,2865.4000000000005 ms
7,2866.6000000000004 ms
7,2869.55 ms
7,2871.1000000000004 ms
7,2893.1500000000005 ms
7,2902.3 ms
7,2925.55 ms
7,2949.750000000001 ms
7,2975.3 ms
7,2976.4000000000005 ms
7,2987.750000000001 ms
7,3015.6500000000005 ms
7,3033.500000000001 ms
7,3049.2 ms
7,3054.3500000000004 ms
7,3056.1000000000004 ms
7,3102.25 ms
7,3106.4000000000005 ms
7,3113.55 ms
7,3125.750000000001 ms
7,3142.45 ms
7,3146.95 ms
7,3150.500000000001 ms
7,3173.3 ms
7,3210.750000000001 ms
7,3211.6500000000005 ms
7,3222.55 ms
7,3230.4000000000005 ms
7,3236.4000000000005 ms
7,3237.750000000001 ms
7,3274.6000000000004 ms
7,3275.2000000000007 ms
7,3284.25 ms
7,3284.8500000000004 ms
7,3299.55 ms
7,3307.3 ms
7,3311.8 ms
7,3319.2 ms
7,3336.2 ms
7,3342.45 ms
7,3355.2 ms
7,3364.000000000001 ms
7,3376.750000000001 ms
7,3381.3500000000004 ms
7,3387.25 ms
7,3402.2000000000007 ms
7,3408.55 ms
7,3408.6500000000005 ms
7,3412.0 ms
7,3430.3999999999996 ms
7,3433.4500000000007 ms
7,3446.75 ms
7,3456.4500000000007 ms
7,3464.25 ms
7,3464.800000000001 ms
7,3491.0 ms
7,3513.2000000000007 ms
7,3551.1000000000004 ms
7,3560.25 ms
7,3562.6000000000004 ms
7,3567.55 ms
7,3576.6500000000005 ms
7,3594.3499999999995 ms
7,3599.3499999999995 ms
7,3612.25 ms
7,3632.3999999999996 ms
7,3696.0 ms
7,3701.1000000000004 ms
7,3768.7999999999993 ms
7,3784.95 ms
7,3787.45 ms
7,3804.55 ms
7,3806.5999999999995 ms
7,3808.3499999999995 ms
7,3816.8 ms
7,3835.249999999999 ms
7,3837.05 ms
7,3837.6499999999996 ms
7,3839.0999999999995 ms
7,3883.999999999999 ms
7,3886.3999999999996 ms
7,3887.1499999999996 ms
7,3891.6499999999996 ms
7,3895.7999999999993 ms
7,3901.6000000000004 ms
7,3914.6499999999996 ms
7,3944.55 ms
7,3953.8500000000004 ms
7,3982.25 ms
7,3993.800000000001 ms
8,51.5 ms
8,58.5 ms
8,64.45 ms
8,72.24999999999999 ms
8,86.7 ms
8,116.05 ms
8,129.60000000000002 ms
8,134.05 ms
8,134.85000000000002 ms
8,147.95000000000005 ms
8,154.14999999999998 ms
8,154.35000000000002 ms
8,166.54999999999995 ms
8,178.39999999999998 ms
8,204.34999999999997 ms
8,206.99999999999994 ms
8,208.99999999999994 ms
8,215.64999999999998 ms
8,223.95 ms
8,226.59999999999997 ms
8,227.59999999999997 ms
8,228.8 ms
8,238.89999999999998 ms
8,242.95 ms
8,268.8 ms
8,295.8 ms
8,327.24999999999994 ms
8,333.8999999999999 ms
8,336.40000000000003 ms
8,362.34999999999997 ms
8,370.5499999999999 ms
8,371.9499999999999 ms
8,395.09999999999985 ms
8,406.6999999999999 ms
8,410.1499999999999 ms
8,412.59999999999985 ms
8,414.8999999999999 ms
8,416.3999999999999 ms
8,432.7 ms
8,436.1999999999999 ms
8,439.45 ms
8,449.4499999999999 ms
8,449.8999999999999 ms
8,459.7 ms
8,461.74999999999994 ms
8,473.84999999999997 ms
8,496.90000000000003 ms
8,514.8499999999999 ms
8,531.0 ms
8,532.45 ms
8,533.25 ms
8,549.7 ms
8,579.6000000000001 ms
8,582.05 ms
8,584.7500000000002 ms
8,586.8 ms
8,600.6000000000001 ms
8,628.3 ms
8,654.3500000000001 ms
8,657.6499999999999 ms
8,666.8500000000001 ms
8,667.8999999999999 ms
8,712.05 ms
8,716.5 ms
8,717.45 ms
8,765.4000000000001 ms
8,765.6500000000001 ms
8,822.3500000000001 ms
8,823.0000000000002 ms
8,834.8500000000001 ms
8,849.6500000000001 ms
8,857.6000000000001 ms
8,869.1500000000001 ms
8,881.0500000000002 ms
8,889.5 ms
8,891.6000000000001 ms
8,974.9000000000001 ms
8,982.5500000000002 ms
8,985.6500000000001 ms
8,1023.8500000000001 ms
8,1038.1000000000001 ms
8,1055.1000000000001 ms
8,1055.6000000000001 ms
8,1061.6000000000001 ms
8,1082.7500000000002 ms
8,1095.5000000000002 ms
8,1097.4000000000003 ms
8,1128.0500000000004 ms
8,1140.9000000000003 ms
8,1144.95 ms
8,1160.6000000000001 ms
8,1199.9000000000003 ms
8,1239.7500000000002 ms
8,1241.5000000000002 ms
8,1243.1000000000001 ms
8,1256.7500000000002 ms
8,1258.8500000000001 ms
8,1287.1499999999999 ms
8,1296.2499999999998 ms
8,1301.0000000000002 ms
8,1319.9000000000003 ms
8,1327.45 ms
8,1342.45 ms
8,1352.4999999999998 ms
8,1354.8999999999999 ms
8,1413.7499999999998 ms
8,1418.1499999999999 ms
8,1419.7499999999998 ms
8,1424.6499999999999 ms
8,1426.55 ms
8,1432.7 ms
8,1448.5000000000002 ms
8,1464.2500000000002 ms
8,1464.7500000000002 ms
8,1477.6000000000001 ms
8,1480.2 ms
8,1489.9000000000003 ms
8,1498.45 ms
8,1499.7499999999998 ms
8,1532.7500000000002 ms
8,1538.7499999999998 ms
8,1543.1499999999999 ms
8,1551.55 ms
8,1570.0000000000002 ms
8,1571.7500000000002 ms
8,1573.7000000000005 ms
8,1586.1500000000003 ms
8,1587.8000000000004 ms
8,1589.3500000000001 ms
8,1592.6500000000003 ms
8,1601.8000000000004 ms
8,1620.1500000000003 ms
8,1638.8500000000006 ms
8,1650.6500000000003 ms
8,1662.1500000000003 ms
8,1662.3000000000004 ms
8,1666.8000000000004 ms
8,1672.7000000000005 ms
8,1690.4500000000005 ms
8,1692.4000000000008 ms
8,1731.4500000000005 ms
8,1734.8500000000006 ms
8,1748.8000000000009 ms
8,1753.700000000001 ms
8,1775.7500000000007 ms
8,1784.4000000000008 ms
8,1798.4000000000008 ms
8,1815.4500000000005 ms
8,1819.0500000000004 ms
8,1831.9500000000005 ms
8,1852.950000000001 ms
8,1909.4500000000005 ms
8,1920.3500000000006 ms
8,1920.8000000000009 ms
8,1924.5500000000009 ms
8,1999.6000000000006 ms
8,2006.1500000000008 ms
8,2033.8000000000009 ms
8,2040.0500000000009 ms
8,2061.1000000000004 ms
8,2066.050000000001 ms
8,2087.1000000000004 ms
8,2100.7000000000007 ms
8,2103.2000000000007 ms
8,2121.550000000001 ms
8,2148.1000000000004 ms
8,2174.6500000000015 ms
8,2175.1500000000015 ms
8,2199.300000000001 ms
8,2202.6500000000015 ms
8,2219.000000000001 ms
8,2221.750000000001 ms
8,2223.8500000000013 ms
8,2227.3 ms
8,2229.1000000000013 ms
8,2248.2000000000007 ms
8,2296.6500000000005 ms
8,2296.750000000001 ms
8,2355.45 ms
8,2380.6500000000005 ms
8,2396.2 ms
8,2406.750000000001 ms
8,2439.6500000000005 ms
8,2444.05 ms
8,2455.1000000000013 ms
8,2460.6500000000005 ms
8,2471.4500000000016 ms
8,2497.2000000000016 ms
8,2501.1000000000013 ms
8,2503.1500000000015 ms
8,2522.300000000001 ms
8,2523.1500000000015 ms
8,2523.500000000002 ms
8,2524.6500000000015 ms
8,2573.500000000002 ms
8,2583.9500000000007 ms
8,2588.250000000002 ms
8,2596.500000000002 ms
8,2598.6500000000015 ms
8,2634.250000000002 ms
8,2644.2000000000007 ms
8,2667.6500000000015 ms
8,2691.4000000000015 ms
8,2699.7000000000007 ms
8,2718.250000000002 ms
8,2723.7000000000007 ms
8,2731.800000000001 ms
8,2736.250000000001 ms
8,2753.2000000000007 ms
8,2753.300000000001 ms
8,2755.1000000000004 ms
8,2761.250000000001 ms
8,2767.6500000000005 ms
8,2776.9500000000016 ms
8,2780.9500000000016 ms
8,2791.000000000001 ms
8,2792.4500000000016 ms
8,2798.4500000000016 ms
8,2811.4000000000005 ms
8,2834.750000000001 ms
8,2851.9000000000005 ms
8,2879.250000000001 ms
8,2884.8500000000013 ms
8,2898.55 ms
8,2912.750000000001 ms
8,2914.55 ms
8,2914.8500000000013 ms
8,2922.1000000000013 ms
8,2930.750000000001 ms
8,2939.6500000000005 ms
8,2946.1000000000013 ms
8,2955.4000000000005 ms
8,2957.2000000000016 ms
8,2975.800000000001 ms
8,2993.050000000001 ms
8,3012.000000000001 ms
8,3029.300000000001 ms
8,3048.6500000000015 ms
8,3054.4000000000015 ms
8,3066.4000000000015 ms
8,3074.500000000001 ms
8,3082.2000000000007 ms
8,3087.750000000001 ms
8,3089.8500000000013 ms
8,3095.2000000000007 ms
8,3102.250000000001 ms
8,3122.250000000001 ms
8,3136.1000000000013 ms
8,3155.55 ms
8,3168.05 ms
8,3175.3500000000013 ms
8,3178.000000000001 ms
8,3210.9000000000005 ms
8,3224.050000000001 ms
8,3229.4500000000007 ms
8,3231.6000000000013 ms
8,3244.8500000000013 ms
8,3245.9500000000016 ms
8,3258.1000000000013 ms
8,3258.800000000001 ms
8,3263.8500000000013 ms
8,3295.9500000000016 ms
8,3332.9000000000005 ms
8,3348.550000000001 ms
8,3349.9000000000015 ms
8,3356.300000000001 ms
8,3388.9500000000007 ms
8,3392.9000000000015 ms
8,3407.9000000000015 ms
8,3429.2000000000007 ms
8,3431.9500000000007 ms
8,3436.000000000002 ms
8,3438.500000000002 ms
8,3448.6500000000015 ms
8,3463.1000000000013 ms
8,3465.4500000000016 ms
8,3471.300000000001 ms
8,3511.3500000000013 ms
8,3518.4000000000015 ms
8,3522.250000000002 ms
8,3523.800000000001 ms
8,3558.050000000001 ms
8,3559.250000000002 ms
8,3560.1500000000015 ms
8,3563.3500000000013 ms
8,3574.6500000000015 ms
8,3577.1000000000013 ms
8,3593.000000000001 ms
8,3603.000000000001 ms
8,3605.050000000002 ms
8,3607.800000000002 ms
8,3613.3500000000013 ms
8,3622.4500000000016 ms
8,3628.800000000002 ms
8,3634.300000000002 ms
8,3642.050000000002 ms
8,3659.050000000002 ms
8,3661.7000000000016 ms
8,3669.550000000002 ms
8,3683.6000000000013 ms
8,3694.500000000002 ms
8,3703.750000000002 ms
8,3706.1500000000015 ms
8,3706.4000000000015 ms
8,3723.000000000002 ms
8,3725.800000000002 ms
8,3730.4000000000024 ms
8,3735.6000000000013 ms
8,3748.4000000000024 ms
8,3756.1500000000024 ms
8,3757.4500000000016 ms
8,3774.7500000000027 ms
8,3794.800000000002 ms
8,3813.6500000000024 ms
8,3830.5000000000027 ms
8,3870.800000000002 ms
8,3880.9500000000025 ms
8,3885.9000000000024 ms
8,3896.550000000002 ms
8,3911.600000000003 ms
8,3953.300000000002 ms
8,3957.050000000002 ms
8,3959.9500000000025 ms
8,3971.9000000000024 ms
9,34.6 ms
9,37.6 ms
9,41.65 ms
9,90.65 ms
9,97.05000000000001 ms
9,101.60000000000002 ms
9,111.05000000000001 ms
9,118.35000000000002 ms
9,122.85000000000002 ms
9,128.15 ms
9,153.49999999999997 ms
9,162.54999999999998 ms
9,184.24999999999997 ms
9,192.25000000000003 ms
9,201.65 ms
9,214.35 ms
9,226.94999999999996 ms
9,231.14999999999995 ms
9,237.4 ms
9,242.1 ms
9,255.79999999999998 ms
9,261.6 ms
9,284.35 ms
9,287.1 ms
9,287.4 ms
9,287.75 ms
9,307.5 ms
9,314.75 ms
9,338.65 ms
9,360.9 ms
9,404.79999999999995 ms
9,427.8499999999999 ms
9,436.5 ms
9,451.75 ms
9,466.39999999999986 ms
9,516.1999999999999 ms
9,519.5999999999998 ms
9,591.3999999999997 ms
9,610.0499999999998 ms
9,612.2999999999998 ms
9,620.8499999999998 ms
9,628.1999999999999 ms
9,655.4 ms
9,663.2999999999998 ms
9,677.2999999999998 ms
9,684.7999999999998 ms
9,718.8499999999998 ms
9,731.2999999999998 ms
9,761.4 ms
9,788.5499999999998 ms
9,797.4 ms
9,802.7499999999999 ms
9,807.6 ms
9,816.9999999999999 ms
9,829.1999999999999 ms
9,834.2499999999999 ms
9,839.4999999999999 ms
9,856.7999999999998 ms
9,857.9999999999999 ms
9,876.4999999999999 ms
9,878.1 ms
9,892.8000000000001 ms
9,893.9 ms
9,936.1999999999999 ms
9,960.6999999999999 ms
9,964.6999999999999 ms
9,974.4999999999999 ms
9,1014.7499999999999 ms
9,1023.6 ms
9,1048.1 ms
9,1054.65 ms
9,1057.9 ms
9,1067.9 ms
9,1079.15 ms
9,1095.9499999999998 ms
9,1124.3999999999996 ms
9,1150.4499999999998 ms
9,1169.1 ms
9,1202.2999999999997 ms
9,1212.85 ms
9,1223.85 ms
9,1243.7999999999997 ms
9,1249.0499999999997 ms
9,1252.6 ms
9,1266.5499999999997 ms
9,1308.15 ms
9,1311.2999999999997 ms
9,1312.6 ms
9,1323.4499999999998 ms
9,1324.7999999999997 ms
9,1345.8999999999996 ms
9,1373.7999999999997 ms
9,1382.4499999999998 ms
9,1418.5 ms
9,1419.6999999999998 ms
9,1425.75 ms
9,1426.1999999999998 ms
9,1429.1999999999998 ms
9,1431.1499999999996 ms
9,1442.1499999999996 ms
9,1464.6 ms
9,1466.7999999999997 ms
9,1482.4 ms
9,1502.9999999999995 ms
9,1529.2499999999995 ms
9,1554.5499999999997 ms
9,1579.8999999999996 ms
9,1581.5999999999995 ms
9,1589.25 ms
9,1590.2999999999997 ms
9,1597.8999999999996 ms
9,1598.9999999999995 ms
9,1605.9499999999994 ms
9,1607.4499999999994 ms
9,1636.6499999999996 ms
9,1640.4499999999998 ms
9,1646.9999999999995 ms
9,1694.4999999999995 ms
9,1702.9999999999995 ms
9,1718.1499999999996 ms
9,1725.7999999999997 ms
9,1741.0499999999997 ms
9,1762.1499999999996 ms
9,1779.0999999999995 ms
9,1784.3999999999996 ms
9,1797.6499999999996 ms
9,1802.4499999999998 ms
9,1814.4499999999998 ms
9,1824.6499999999996 ms
9,1836.8499999999995 ms
9,1838.3499999999995 ms
9,1843.5999999999995 ms
9,1857.2999999999997 ms
9,1858.9499999999998 ms
9,1882.2999999999997 ms
9,1891.4999999999995 ms
9,1904.5499999999997 ms
9,1939.7999999999997 ms
9,1941.5499999999997 ms
9,1944.2499999999995 ms
9,2020.6999999999998 ms
9,2028.9499999999998 ms
9,2030.1499999999996 ms
9,2044.35 ms
9,2053.1999999999994 ms
9,2057.7499999999995 ms
9,2065.35 ms
9,2076.1 ms
9,2078.5499999999997 ms
9,2100.4999999999995 ms
9,2101.099999999999 ms
9,2112.1 ms
9,2122.5499999999997 ms
9,2138.4499999999994 ms
9,2144.649999999999 ms
9,2158.7499999999986 ms
9,2160.149999999999 ms
9,2161.4999999999986 ms
9,2168.799999999999 ms
9,2179.7499999999986 ms
9,2188.849999999999 ms
9,2200.649999999999 ms
9,2217.4999999999986 ms
9,2247.6999999999985 ms
9,2277.3999999999983 ms
9,2282.9999999999986 ms
9,2292.049999999999 ms
9,2303.4499999999994 ms
9,2312.799999999999 ms
9,2319.7499999999986 ms
9,2344.049999999999 ms
9,2354.549999999999 ms
9,2378.7499999999986 ms
9,2392.4499999999985 ms
9,2394.799999999998 ms
9,2407.049999999999 ms
9,2412.099999999999 ms
9,2412.599999999998 ms
9,2419.299999999998 ms
9,2429.8999999999983 ms
9,2434.349999999998 ms
9,2440.849999999998 ms
9,2446.049999999998 ms
9,2447.1499999999974 ms
9,2462.7499999999977 ms
9,2484.1999999999975 ms
9,2490.3999999999974 ms
9,2491.9499999999975 ms
9,2496.9499999999975 ms
9,2514.049999999997 ms
9,2535.499999999997 ms
9,2552.099999999997 ms
9,2563.599999999997 ms
9,2567.4999999999977 ms
9,2580.999999999997 ms
9,2593.4999999999977 ms
9,2601.549999999998 ms
9,2602.6999999999975 ms
9,2612.4999999999977 ms
9,2622.299999999998 ms
9,2635.1499999999974 ms
9,2635.6499999999983 ms
9,2678.4999999999977 ms
9,2692.3999999999983 ms
9,2710.099999999998 ms
9,2738.9499999999975 ms
9,2752.049999999997 ms
9,2752.4499999999975 ms
9,2755.8999999999974 ms
9,2765.8999999999974 ms
9,2768.299999999998 ms
9,2791.599999999998 ms
9,2842.2499999999977 ms
9,2850.3999999999983 ms
9,2852.6499999999974 ms
9,2860.7499999999977 ms
9,2869.9999999999977 ms
9,2883.6499999999983 ms
9,2891.799999999998 ms
9,2906.1499999999974 ms
9,2913.099999999997 ms
9,2913.549999999997 ms
9,2934.749999999997 ms
9,2935.549999999997 ms
9,2942.1999999999975 ms
9,2972.599999999998 ms
9,2976.299999999998 ms
9,2985.4499999999975 ms
9,3001.1499999999974 ms
9,3015.049999999998 ms
9,3049.8999999999974 ms
9,3098.299999999998 ms
9,3130.4499999999975 ms
9,3132.4499999999975 ms
9,3145.7499999999977 ms
9,3151.9999999999977 ms
9,3164.349999999997 ms
9,3184.3999999999974 ms
9,3216.099999999997 ms
9,3218.099999999998 ms
9,3255.099999999997 ms
9,3261.4499999999975 ms
9,3288.1499999999974 ms
9,3295.349999999997 ms
9,3300.799999999997 ms
9,3307.799999999997 ms
9,3326.599999999997 ms
9,3337.9999999999977 ms
9,3353.799999999998 ms
9,3353.9499999999975 ms
9,3362.799999999997 ms
9,3365.6499999999974 ms
9,3386.549999999998 ms
9,3398.6499999999974 ms
9,3403.349999999997 ms
9,3422.349999999997 ms
9,3428.599999999997 ms
9,3432.049999999997 ms
9,3438.6499999999965 ms
9,3440.0999999999963 ms
9,3454.3999999999965 ms
9,3476.6499999999974 ms
9,3511.4499999999975 ms
9,3540.299999999997 ms
9,3541.549999999997 ms
9,3548.349999999997 ms
9,3567.4499999999966 ms
9,3569.299999999997 ms
9,3590.999999999997 ms
9,3595.8499999999963 ms
9,3617.749999999997 ms
9,3635.1999999999966 ms
9,3638.299999999996 ms
9,3641.3499999999963 ms
9,3648.4499999999966 ms
9,3652.849999999997 ms
9,3678.299999999997 ms
9,3694.6999999999966 ms
9,3699.549999999996 ms
9,3713.1499999999965 ms
9,3738.3499999999963 ms
9,3786.549999999996 ms
9,3787.999999999996 ms
9,3793.1499999999965 ms
9,3802.499999999996 ms
9,3814.299999999996 ms
9,3820.8499999999963 ms
9,3828.5999999999963 ms
9,3845.999999999997 ms
9,3859.6999999999966 ms
9,3873.4499999999957 ms
9,3883.799999999996 ms
9,3889.6499999999955 ms
9,3903.8499999999954 ms
9,3908.249999999996 ms
9,3915.3499999999954 ms
9,3915.749999999996 ms
9,3917.6999999999957 ms
9,3930.3499999999963 ms
9,3947.499999999996 ms
9,3949.0999999999954 ms
9,3973.6499999999955 ms
9,3977.499999999996 ms
9,3981.249999999996 ms
9,3987.9499999999957 ms
9,3993.549999999995 ms
10,4.2 ms
10,13.05 ms
10,21.900000000000002 ms
10,24.349999999999998 ms
10,33.3 ms
10,45.95 ms
10,55.5 ms
10,75.0 ms
10,81.9 ms
10,121.80000000000001 ms
10,122.85000000000002 ms
10,137.3 ms
10,150.25 ms
10,171.10000000000002 ms
10,191.60000000000002 ms
10,193.60000000000002 ms
10,206.95 ms
10,210.8 ms
10,214.3 ms
10,238.59999999999997 ms
10,253.3 ms
10,253.84999999999997 ms
10,255.65000000000003 ms
10,272.84999999999997 ms
10,280.15000000000003 ms
10,320.05 ms
10,358.40000000000003 ms
10,361.2000000000001 ms
10,373.8000000000001 ms
10,381.75000000000006 ms
10,402.90000000000003 ms
10,409.1000000000001 ms
10,423.7000000000001 ms
10,458.90000000000003 ms
10,459.1000000000001 ms
10,538.9000000000001 ms
10,540.6500000000001 ms
10,544.2 ms
10,545.55 ms
10,561.55 ms
10,576.3 ms
10,619.05 ms
10,641.1500000000001 ms
10,651.0500000000002 ms
10,656.1500000000001 ms
10,665.6500000000001 ms
10,673.1500000000001 ms
10,682.4000000000001 ms
10,697.45 ms
10,698.1500000000001 ms
10,701.6500000000001 ms
10,715.5500000000002 ms
10,731.2 ms
10,740.8500000000001 ms
10,746.25 ms
10,756.8 ms
10,766.7 ms
10,779.0999999999999 ms
10,781.8 ms
10,839.3999999999999 ms
10,855.8999999999999 ms
10,868.3999999999999 ms
10,895.1499999999999 ms
10,911.6000000000001 ms
10,916.45 ms
10,922.4000000000001 ms
10,922.95 ms
10,925.55 ms
10,942.4000000000001 ms
10,944.75 ms
10,949.8000000000002 ms
10,964.2 ms
10,991.45 ms
10,1019.8 ms
10,1026.1000000000001 ms
10,1029.2 ms
10,1051.3500000000001 ms
10,1057.8000000000004 ms
10,1104.2000000000005 ms
10,1107.7500000000002 ms
10,1112.7000000000005 ms
10,1121.0500000000004 ms
10,1140.7500000000002 ms
10,1159.3500000000001 ms
10,1165.0000000000002 ms
10,1168.7000000000005 ms
10,1174.3500000000006 ms
10,1180.9500000000005 ms
10,1212.45 ms
10,1215.9000000000003 ms
10,1223.7 ms
10,1249.8500000000001 ms
10,1266.3000000000004 ms
10,1268.5000000000007 ms
10,1268.8000000000004 ms
10,1279.8500000000001 ms
10,1311.1000000000006 ms
10,1331.5000000000007 ms
10,1337.3500000000006 ms
10,1352.6000000000001 ms
10,1355.6500000000003 ms
10,1365.7500000000002 ms
10,1380.7500000000002 ms
10,1387.2500000000002 ms
10,1387.5000000000002 ms
10,1400.8 ms
10,1402.6499999999999 ms
10,1418.45 ms
10,1427.6500000000003 ms
10,1446.8500000000001 ms
10,1448.3000000000004 ms
10,1449.2000000000005 ms
10,1455.3000000000004 ms
10,1496.4000000000003 ms
10,1549.7500000000002 ms
10,1555.2499999999998 ms
10,1566.95 ms
10,1582.9999999999998 ms
10,1590.2500000000002 ms
10,1597.4999999999998 ms
10,1607.3 ms
10,1617.5000000000002 ms
10,1627.8500000000001 ms
10,1635.3 ms
10,1680.0999999999997 ms
10,1694.8500000000001 ms
10,1695.8 ms
10,1714.7500000000002 ms
10,1715.8 ms
10,1716.3 ms
10,1717.8499999999997 ms
10,1728.8500000000001 ms
10,1744.05 ms
10,1761.5999999999997 ms
10,1777.3999999999999 ms
10,1789.8 ms
10,1792.7 ms
10,1813.4999999999998 ms
10,1867.2500000000002 ms
10,1879.8 ms
10,1910.3 ms
10,1915.95 ms
10,1926.6500000000003 ms
10,1944.2 ms
10,1956.1000000000001 ms
10,1967.3500000000001 ms
10,1972.6000000000001 ms
10,1979.7500000000002 ms
10,2014.7000000000005 ms
10,2023.7 ms
10,2032.4000000000003 ms
10,2038.9000000000003 ms
10,2059.5 ms
10,2095.25 ms
10,2097.8500000000004 ms
10,2100.9500000000007 ms
10,2113.8 ms
10,2137.6000000000004 ms
10,2152.0 ms
10,2156.9500000000007 ms
10,2166.75 ms
10,2196.800000000001 ms
10,2245.8500000000004 ms
10,2271.6500000000015 ms
10,2299.050000000001 ms
10,2309.250000000001 ms
10,2316.050000000001 ms
10,2319.1000000000013 ms
10,2332.1500000000015 ms
10,2382.7000000000016 ms
10,2385.4500000000016 ms
10,2387.2000000000016 ms
10,2392.500000000002 ms
10,2402.9000000000015 ms
10,2435.600000000002 ms
10,2443.9000000000015 ms
10,2457.4000000000015 ms
10,2458.600000000002 ms
10,2485.500000000002 ms
10,2503.4500000000016 ms
10,2548.2000000000016 ms
10,2558.1500000000015 ms
10,2567.6000000000013 ms
10,2584.500000000001 ms
10,2594.250000000001 ms
10,2596.4500000000016 ms
10,2630.550000000001 ms
10,2638.4000000000015 ms
10,2643.1500000000015 ms
10,2647.8500000000004 ms
10,2652.500000000001 ms
10,2661.2000000000007 ms
10,2665.8500000000004 ms
10,2709.1000000000004 ms
10,2719.9000000000015 ms
10,2736.550000000001 ms
10,2771.800000000001 ms
10,2775.6000000000013 ms
10,2782.550000000001 ms
10,2789.750000000001 ms
10,2807.7000000000007 ms
10,2814.9000000000005 ms
10,2818.4500000000007 ms
10,2822.7000000000007 ms
10,2873.500000000001 ms
10,2924.1500000000005 ms
10,2940.000000000001 ms
10,2952.4000000000005 ms
10,2964.300000000001 ms
10,2968.3500000000013 ms
10,2986.500000000001 ms
10,2989.3500000000013 ms
10,3004.500000000001 ms
10,3044.6000000000013 ms
10,3052.800000000001 ms
10,3069.4500000000007 ms
10,3150.300000000001 ms
10,3151.250000000001 ms
10,3156.750000000001 ms
10,3169.2000000000007 ms
10,3178.6500000000005 ms
10,3213.3 ms
10,3262.750000000001 ms
10,3267.1500000000005 ms
10,3272.500000000001 ms
10,3273.05 ms
10,3287.8500000000013 ms
10,3290.3 ms
10,3292.6500000000005 ms
10,3293.4000000000005 ms
10,3299.9500000000007 ms
10,3306.250000000001 ms
10,3316.9000000000005 ms
10,3343.2000000000016 ms
10,3380.2000000000016 ms
10,3404.050000000001 ms
10,3408.500000000001 ms
10,3416.1500000000005 ms
10,3422.4000000000005 ms
10,3426.3500000000013 ms
10,3439.3500000000013 ms
10,3444.3 ms
10,3452.1500000000005 ms
10,3458.3 ms
10,3473.3 ms
10,3485.2000000000007 ms
10,3488.800000000001 ms
10,3489.5 ms
10,3496.050000000001 ms
10,3503.9000000000005 ms
10,3509.8500000000004 ms
10,3529.3500000000004 ms
10,3564.2000000000007 ms
10,3576.6000000000004 ms
10,3582.75 ms
10,3584.800000000001 ms
10,3602.7000000000007 ms
10,3617.800000000001 ms
10,3621.6500000000005 ms
10,3622.6000000000004 ms
10,3632.55 ms
10,3640.05 ms
10,3653.7 ms
10,3655.05 ms
10,3668.45 ms
10,3670.1500000000005 ms
10,3684.25 ms
10,3698.6000000000004 ms
10,3698.7 ms
10,3702.25 ms
10,3726.8999999999996 ms
10,3730.5 ms
10,3732.8 ms
10,3735.4000000000005 ms
10,3775.95 ms
10,3810.8500000000004 ms
10,3811.2000000000007 ms
10,3819.75 ms
10,3839.0 ms
10,3859.0 ms
10,3863.5 ms
10,3877.9500000000007 ms
10,3881.55 ms
10,3909.1000000000004 ms
10,3936.4000000000005 ms
10,3947.000000000001 ms
10,3951.1000000000004 ms
10,3968.05 ms
10,3973.75 ms
11,18.05 ms
11,29.499999999999996 ms
11,68.1 ms
11,92.65 ms
11,98.9 ms
11,135.64999999999998 ms
11,137.14999999999998 ms
11,152.34999999999997 ms
11,189.2 ms
11,191.09999999999997 ms
11,194.7 ms
11,208.2 ms
11,210.59999999999997 ms
11,221.7 ms
11,241.45 ms
11,250.95 ms
11,267.4499999999999 ms
11,276.7999999999999 ms
11,282.3999999999999 ms
11,288.34999999999997 ms
11,294.2 ms
11,309.75000000000006 ms
11,329.1000000000001 ms
11,330.05 ms
11,332.24999999999994 ms
11,352.6499999999999 ms
11,358.74999999999994 ms
11,358.8999999999999 ms
11,403.2 ms
11,411.1499999999999 ms
11,421.2 ms
11,429.25000000000006 ms
11,461.8 ms
11,465.1000000000001 ms
11,476.3 ms
11,501.95 ms
11,517.45 ms
11,518.6000000000001 ms
11,523.1000000000001 ms
11,525.8500000000001 ms
11,528.1000000000001 ms
11,528.55 ms
11,545.0000000000002 ms
11,552.8 ms
11,555.2 ms
11,566.25 ms
11,579.7 ms
11,587.8500000000001 ms
11,591.25 ms
11,600.6500000000001 ms
11,623.75 ms
11,626.7 ms
11,649.8 ms
11,677.1500000000001 ms
11,683.0 ms
11,683.8000000000002 ms
11,703.3499999999999 ms
11,727.5500000000002 ms
11,734.9000000000001 ms
11,749.45 ms
11,753.1000000000001 ms
11,777.45 ms
11,788.3500000000001 ms
11,792.5 ms
11,808.8 ms
11,816.3 ms
11,820.2 ms
11,835.8999999999999 ms
11,853.5 ms
11,868.5999999999999 ms
11,869.2 ms
11,875.2 ms
11,895.2 ms
11,905.45 ms
11,911.75 ms
11,933.4000000000001 ms
11,942.4000000000001 ms
11,1007.0999999999999 ms
11,1008.75 ms
11,1048.5500000000002 ms
11,1054.3000000000002 ms
11,1066.4499999999998 ms
11,1076.0 ms
11,1103.1999999999998 ms
11,1105.25 ms
11,1119.9 ms
11,1127.5500000000002 ms
11,1134.3000000000002 ms
11,1141.9 ms
11,1143.0 ms
11,1148.0 ms
11,1154.75 ms
11,1176.4 ms
11,1181.4500000000003 ms
11,1187.2000000000003 ms
11,1202.2000000000003 ms
11,1217.0 ms
11,1251.75 ms
11,1253.5500000000002 ms
11,1256.6 ms
11,1272.5499999999997 ms
11,1272.7000000000003 ms
11,1287.4500000000003 ms
11,1301.2999999999997 ms
11,1302.15 ms
11,1344.9 ms
11,1365.7499999999995 ms
11,1375.4 ms
11,1379.6999999999998 ms
11,1395.4499999999998 ms
11,1440.5 ms
11,1446.0999999999995 ms
11,1447.8999999999996 ms
11,1452.4499999999998 ms
11,1459.5999999999995 ms
11,1463.25 ms
11,1465.25 ms
11,1491.9499999999998 ms
11,1521.4499999999998 ms
11,1527.2999999999997 ms
11,1550.4499999999998 ms
11,1554.35 ms
11,1557.85 ms
11,1576.2999999999997 ms
11,1578.9 ms
11,1580.0499999999997 ms
11,1585.4 ms
11,1587.15 ms
11,1593.35 ms
11,1611.0 ms
11,1617.35 ms
11,1651.4499999999998 ms
11,1654.75 ms
11,1656.7999999999997 ms
11,1665.2499999999995 ms
11,1666.4 ms
11,1680.9499999999998 ms
11,1691.2999999999997 ms
11,1695.1 ms
11,1707.1999999999994 ms
11,1720.9499999999994 ms
11,1724.1 ms
11,1745.6999999999994 ms
11,1760.2999999999997 ms
11,1761.3999999999992 ms
11,1765.6499999999992 ms
11,1804.4999999999995 ms
11,1813.349999999999 ms
11,1821.599999999999 ms
11,1828.849999999999 ms
11,1880.9499999999994 ms
11,1902.7999999999988 ms
11,1911.849999999999 ms
11,1920.499999999999 ms
11,1979.349999999999 ms
11,1982.449999999999 ms
11,1990.7999999999988 ms
11,2004.349999999999 ms
11,2013.1999999999985 ms
11,2020.3999999999987 ms
11,2028.5499999999988 ms
11,2030.5499999999988 ms
11,2045.699999999999 ms
11,2047.6499999999987 ms
11,2050.249999999999 ms
11,2057.6499999999987 ms
11,2066.8499999999995 ms
11,2067.6499999999987 ms
11,2071.5499999999993 ms
11,2076.749999999999 ms
11,2087.7999999999993 ms
11,2096.3999999999996 ms
11,2102.499999999999 ms
11,2106.5999999999995 ms
11,2141.3999999999987 ms
11,2148.5999999999995 ms
11,2162.499999999999 ms
11,2167.199999999999 ms
11,2168.1499999999987 ms
11,2173.6499999999987 ms
11,2174.2999999999984 ms
11,2176.1499999999987 ms
11,2198.3999999999987 ms
11,2208.8499999999985 ms
11,2226.8499999999985 ms
11,2229.449999999999 ms
11,2258.649999999998 ms
11,2261.5499999999984 ms
11,2270.2999999999984 ms
11,2322.199999999998 ms
11,2324.249999999999 ms
11,2328.449999999998 ms
11,2338.6499999999987 ms
11,2340.949999999998 ms
11,2343.3999999999987 ms
11,2369.8999999999987 ms
11,2382.3999999999987 ms
11,2389.699999999998 ms
11,2428.8499999999985 ms
11,2429.449999999999 ms
11,2433.3499999999985 ms
11,2455.949999999999 ms
11,2460.5999999999985 ms
11,2474.0499999999984 ms
11,2481.449999999998 ms
11,2531.3999999999987 ms
11,2551.249999999998 ms
11,2551.899999999998 ms
11,2557.3499999999985 ms
11,2558.199999999998 ms
11,2559.5499999999984 ms
11,2561.9999999999973 ms
11,2571.0999999999976 ms
11,2572.0499999999975 ms
11,2576.649999999998 ms
11,2577.149999999998 ms
11,2593.7499999999973 ms
11,2594.7999999999975 ms
11,2615.0499999999975 ms
11,2617.399999999998 ms
11,2620.0999999999967 ms
11,2671.3499999999967 ms
11,2672.2999999999975 ms
11,2675.399999999997 ms
11,2700.699999999997 ms
11,2711.699999999997 ms
11,2772.649999999997 ms
11,2784.9999999999973 ms
11,2785.3499999999967 ms
11,2822.399999999997 ms
11,2822.899999999997 ms
11,2832.899999999997 ms
11,2850.399999999997 ms
11,2864.2999999999965 ms
11,2878.3499999999976 ms
11,2894.899999999997 ms
11,2911.9999999999973 ms
11,2917.0499999999975 ms
11,2936.649999999998 ms
11,2945.449999999997 ms
11,2958.949999999997 ms
11,2963.0999999999976 ms
11,2972.899999999998 ms
11,2982.999999999998 ms
11,2988.7999999999975 ms
11,3013.249999999998 ms
11,3030.149999999998 ms
11,3030.7999999999975 ms
11,3033.649999999998 ms
11,3051.399999999998 ms
11,3079.8499999999976 ms
11,3091.0999999999976 ms
11,3091.449999999998 ms
11,3094.699999999998 ms
11,3101.399999999997 ms
11,3110.7499999999973 ms
11,3130.899999999997 ms
11,3145.8499999999976 ms
11,3148.5499999999965 ms
11,3151.4999999999973 ms
11,3156.0999999999967 ms
11,3178.2499999999964 ms
11,3188.5499999999975 ms
11,3191.8499999999967 ms
11,3193.399999999998 ms
11,3206.7999999999975 ms
11,3227.149999999998 ms
11,3240.3499999999967 ms
11,3258.9999999999973 ms
11,3263.4999999999973 ms
11,3284.4999999999973 ms
11,3287.449999999997 ms
11,3293.4999999999973 ms
11,3317.649999999997 ms
11,3318.449999999998 ms
11,3336.4999999999973 ms
11,3341.7499999999973 ms
11,3384.399999999998 ms
11,3384.999999999998 ms
11,3391.199999999997 ms
11,3393.499999999998 ms
11,3404.3499999999976 ms
11,3414.9999999999973 ms
11,3426.5999999999976 ms
11,3429.7499999999973 ms
11,3434.149999999998 ms
11,3457.2999999999975 ms
11,3469.749999999998 ms
11,3508.699999999997 ms
11,3524.149999999998 ms
11,3527.449999999997 ms
11,3530.999999999998 ms
11,3560.749999999998 ms
11,3567.999999999998 ms
11,3576.199999999997 ms
11,3587.649999999998 ms
11,3594.0499999999975 ms
11,3601.449999999997 ms
11,3603.149999999998 ms
11,3616.5999999999967 ms
11,3631.3499999999967 ms
11,3658.8499999999967 ms
11,3667.449999999997 ms
11,3668.2999999999975 ms
11,3688.949999999997 ms
11,3703.8499999999967 ms
11,3705.0999999999967 ms
11,3711.199999999997 ms
11,3720.0999999999967 ms
11,3729.2499999999973 ms
11,3733.0999999999976 ms
11,3735.2999999999965 ms
11,3748.149999999997 ms
11,3752.0499999999965 ms
11,3752.9999999999973 ms
11,3759.7999999999965 ms
11,3764.0499999999965 ms
11,3795.199999999997 ms
11,3796.0999999999967 ms
11,3802.2999999999975 ms
11,3805.8499999999967 ms
11,3818.699999999997 ms
11,3838.949999999997 ms
11,3853.199999999997 ms
11,3887.949999999997 ms
11,3890.149999999997 ms
11,3903.8499999999967 ms
11,3915.399999999997 ms
11,3916.899999999997 ms
11,3922.7999999999965 ms
11,3947.8499999999976 ms
11,3981.5499999999965 ms
11,3988.7999999999965 ms
12,3.45 ms
12,44.35000000000001 ms
12,48.000000000000014 ms
12,66.25 ms
12,87.4 ms
12,94.1 ms
12,94.45000000000002 ms
12,94.9 ms
12,99.9 ms
12,104.30000000000001 ms
12,121.85000000000002 ms
12,132.0 ms
12,138.3 ms
12,141.35000000000002 ms
12,146.45000000000005 ms
12,155.85000000000002 ms
12,182.55 ms
12,189.3 ms
12,248.25 ms
12,248.7 ms
12,269.45 ms
12,272.95 ms
12,278.7 ms
12,298.00000000000006 ms
12,323.49999999999994 ms
12,354.1499999999999 ms
12,362.40000000000003 ms
12,371.6499999999999 ms
12,376.2999999999999 ms
12,386.3999999999999 ms
12,394.90000000000003 ms
12,401.00000000000006 ms
12,404.15000000000003 ms
12,404.84999999999997 ms
12,430.34999999999997 ms
12,438.65000000000003 ms
12,440.8999999999999 ms
12,460.74999999999994 ms
12,470.84999999999997 ms
12,491.6000000000001 ms
12,511.90000000000003 ms
12,513.8 ms
12,543.0000000000002 ms
12,545.5000000000002 ms
12,556.45 ms
12,577.7 ms
12,582.1500000000003 ms
12,587.5500000000002 ms
12,588.2000000000003 ms
12,591.6500000000001 ms
12,602.2000000000003 ms
12,625.0 ms
12,654.5500000000002 ms
12,654.7 ms
12,672.0 ms
12,679.6500000000001 ms
12,686.05 ms
12,701.6499999999999 ms
12,705.1000000000001 ms
12,721.1499999999999 ms
12,730.45 ms
12,738.2 ms
12,746.55 ms
12,763.0 ms
12,777.8 ms
12,782.7 ms
12,825.1499999999999 ms
12,830.75 ms
12,841.0999999999999 ms
12,846.3000000000002 ms
12,862.9000000000001 ms
12,876.45 ms
12,886.8 ms
12,890.0000000000002 ms
12,916.1000000000001 ms
12,920.3500000000001 ms
12,926.2 ms
12,928.2 ms
12,937.1000000000001 ms
12,960.8000000000002 ms
12,974.5500000000002 ms
12,976.7500000000002 ms
12,980.7500000000002 ms
12,981.3500000000001 ms
12,987.8500000000001 ms
12,989.5500000000004 ms
12,1004.0500000000004 ms
12,1022.5500000000004 ms
12,1029.8 ms
12,1037.2500000000002 ms
12,1050.5000000000002 ms
12,1058.4000000000003 ms
12,1069.0000000000002 ms
12,1071.4500000000005 ms
12,1092.1000000000006 ms
12,1099.5000000000007 ms
12,1103.3000000000004 ms
12,1198.5500000000004 ms
12,1217.7500000000007 ms
12,1227.6000000000006 ms
12,1272.2500000000007 ms
12,1273.4000000000008 ms
12,1278.8500000000006 ms
12,1281.1000000000006 ms
12,1283.1000000000006 ms
12,1306.5000000000007 ms
12,1319.450000000001 ms
12,1321.600000000001 ms
12,1335.8000000000009 ms
12,1360.2500000000011 ms
12,1364.1500000000012 ms
12,1370.5000000000011 ms
12,1370.700000000001 ms
12,1391.4000000000012 ms
12,1401.600000000001 ms
12,1407.2500000000011 ms
12,1412.1500000000012 ms
12,1420.1000000000015 ms
12,1426.850000000001 ms
12,1461.9000000000012 ms
12,1473.3000000000013 ms
12,1502.100000000001 ms
12,1517.0500000000013 ms
12,1530.2000000000014 ms
12,1542.6500000000017 ms
12,1551.5500000000018 ms
12,1552.5000000000016 ms
12,1560.2000000000019 ms
12,1562.850000000002 ms
12,1591.8500000000015 ms
12,1624.2500000000016 ms
12,1650.5500000000018 ms
12,1653.2000000000019 ms
12,1661.0500000000018 ms
12,1663.0500000000018 ms
12,1672.4500000000019 ms
12,1681.2500000000016 ms
12,1687.2000000000019 ms
12,1700.5000000000016 ms
12,1719.5500000000018 ms
12,1734.3000000000018 ms
12,1737.3000000000018 ms
12,1742.9000000000017 ms
12,1751.9500000000014 ms
12,1760.5500000000013 ms
12,1777.9000000000012 ms
12,1778.5000000000011 ms
12,1787.100000000001 ms
12,1790.9000000000012 ms
12,1813.450000000001 ms
12,1823.100000000001 ms
12,1825.200000000001 ms
12,1827.2000000000014 ms
12,1827.8500000000015 ms
12,1843.0000000000016 ms
12,1859.2500000000011 ms
12,1870.7500000000016 ms
12,1878.4000000000017 ms
12,1904.2500000000016 ms
12,1927.3000000000013 ms
12,1929.3000000000013 ms
12,1934.5500000000013 ms
12,1934.9000000000012 ms
12,1970.6000000000015 ms
12,1974.9500000000014 ms
12,1977.3500000000015 ms
12,1978.2500000000016 ms
12,1984.1500000000017 ms
12,1992.7500000000016 ms
12,1996.6000000000015 ms
12,1998.3000000000013 ms
12,2003.600000000001 ms
12,2015.5000000000011 ms
12,2029.9500000000014 ms
12,2064.550000000001 ms
12,2071.550000000001 ms
12,2074.9500000000016 ms
12,2092.500000000002 ms
12,2104.550000000002 ms
12,2124.100000000002 ms
12,2133.250000000002 ms
12,2139.500000000002 ms
12,2162.100000000002 ms
12,2166.1500000000024 ms
12,2189.4500000000025 ms
12,2209.5000000000027 ms
12,2215.7000000000025 ms
12,2224.2000000000025 ms
12,2232.9500000000025 ms
12,2260.9000000000024 ms
12,2269.9500000000025 ms
12,2273.600000000002 ms
12,2289.7500000000027 ms
12,2291.350000000003 ms
12,2294.0000000000027 ms
12,2302.9000000000024 ms
12,2305.050000000003 ms
12,2327.0000000000027 ms
12,2349.7000000000025 ms
12,2355.4000000000024 ms
12,2362.9000000000024 ms
12,2365.2500000000027 ms
12,2398.2500000000027 ms
12,2398.800000000002 ms
12,2416.800000000002 ms
12,2418.550000000002 ms
12,2422.550000000002 ms
12,2429.5000000000027 ms
12,2438.100000000002 ms
12,2457.500000000002 ms
12,2459.550000000003 ms
12,2478.000000000002 ms
12,2490.600000000002 ms
12,2495.550000000002 ms
12,2500.4000000000024 ms
12,2520.250000000002 ms
12,2526.600000000002 ms
12,2527.600000000002 ms
12,2529.600000000002 ms
12,2535.600000000002 ms
12,2542.750000000002 ms
12,2561.7000000000016 ms
12,2575.4000000000015 ms
12,2579.6000000000013 ms
12,2623.050000000001 ms
12,2628.2000000000007 ms
12,2631.250000000002 ms
12,2639.1500000000015 ms
12,2646.500000000002 ms
12,2683.750000000002 ms
12,2695.7000000000007 ms
12,2707.300000000001 ms
12,2725.800000000001 ms
12,2742.7000000000007 ms
12,2759.1500000000015 ms
12,2772.6500000000015 ms
12,2785.300000000001 ms
12,2819.7000000000007 ms
12,2827.300000000001 ms
12,2831.9000000000015 ms
12,2854.7000000000007 ms
12,2855.300000000001 ms
12,2859.300000000001 ms
12,2862.500000000001 ms
12,2866.8500000000013 ms
12,2882.6000000000013 ms
12,2934.6500000000005 ms
12,2958.2000000000016 ms
12,2973.6500000000005 ms
12,2986.6500000000005 ms
12,2993.750000000001 ms
12,2994.6000000000013 ms
12,3004.55 ms
12,3010.3 ms
12,3014.1500000000005 ms
12,3033.2000000000007 ms
12,3042.050000000001 ms
12,3069.9000000000005 ms
12,3084.4000000000005 ms
12,3095.3 ms
12,3104.750000000001 ms
12,3115.8 ms
12,3119.1000000000013 ms
12,3127.3 ms
12,3146.9000000000005 ms
12,3171.500000000001 ms
12,3186.7 ms
12,3200.1000000000004 ms
12,3260.2000000000007 ms
12,3283.55 ms
12,3292.4000000000005 ms
12,3304.7 ms
12,3309.4000000000005 ms
12,3315.05 ms
12,3331.8 ms
12,3348.1500000000005 ms
12,3354.0999999999995 ms
12,3371.5999999999995 ms
12,3381.8 ms
12,3382.3499999999995 ms
12,3382.75 ms
12,3440.25 ms
12,3469.3 ms
12,3478.8500000000004 ms
12,3483.55 ms
12,3509.8500000000004 ms
12,3511.2000000000007 ms
12,3573.5 ms
12,3589.300000000001 ms
12,3616.2000000000007 ms
12,3616.4000000000005 ms
12,3619.9000000000005 ms
12,3630.500000000001 ms
12,3632.1500000000005 ms
12,3653.4500000000007 ms
12,3677.750000000001 ms
12,3681.300000000001 ms
12,3681.500000000001 ms
12,3683.050000000001 ms
12,3683.1500000000015 ms
12,3690.2000000000007 ms
12,3691.1500000000015 ms
12,3696.300000000001 ms
12,3730.750000000001 ms
12,3745.550000000001 ms
12,3747.4500000000007 ms
12,3751.550000000001 ms
12,3781.6500000000015 ms
12,3806.800000000001 ms
12,3807.7000000000007 ms
12,3818.300000000001 ms
12,3823.000000000001 ms
12,3824.500000000001 ms
12,3829.550000000001 ms
12,3831.550000000001 ms
12,3832.750000000001 ms
12,3846.000000000001 ms
12,3865.9000000000005 ms
12,3875.1500000000005 ms
12,3878.3500000000013 ms
12,3914.2000000000007 ms
12,3914.750000000001 ms
12,3933.9500000000007 ms
12,3943.300000000001 ms
12,3947.050000000001 ms
12,3947.9000000000005 ms
12,3977.4500000000007 ms
12,3988.3500000000004 ms
13,33.85 ms
13,61.1 ms
13,77.80000000000001 ms
13,92.1 ms
13,96.19999999999999 ms
13,125.44999999999999 ms
13,137.14999999999998 ms
13,156.5 ms
13,163.59999999999997 ms
13,163.79999999999995 ms
13,164.49999999999994 ms
13,170.09999999999997 ms
13,171.14999999999992 ms
13,172.49999999999994 ms
13,186.19999999999993 ms
13,203.29999999999995 ms
13,227.5999999999999 ms
13,248.24999999999994 ms
13,296.34999999999997 ms
13,317.90000000000003 ms
13,337.05 ms
13,341.95 ms
13,408.9499999999999 ms
13,446.8999999999999 ms
13,459.5499999999999 ms
13,461.1999999999999 ms
13,462.4499999999999 ms
13,462.99999999999994 ms
13,465.24999999999983 ms
13,482.99999999999994 ms
13,485.09999999999997 ms
13,485.3999999999999 ms
13,491.49999999999994 ms
13,513.3 ms
13,535.8 ms
13,563.05 ms
13,569.25 ms
13,576.25 ms
13,577.05 ms
13,578.8499999999999 ms
13,595.8 ms
13,601.3999999999999 ms
13,603.75 ms
13,639.95 ms
13,643.0 ms
13,644.0999999999999 ms
13,652.75 ms
13,653.5 ms
13,654.5 ms
13,656.45 ms
13,679.6000000000001 ms
13,680.8 ms
13,698.8 ms
13,701.6000000000001 ms
13,712.1499999999999 ms
13,712.3999999999999 ms
13,743.05 ms
13,768.45 ms
13,786.3 ms
13,787.25 ms
13,814.6500000000001 ms
13,837.9499999999998 ms
13,851.1500000000001 ms
13,862.8499999999999 ms
13,899.2 ms
13,902.2 ms
13,909.8500000000001 ms
13,916.75 ms
13,932.9000000000001 ms
13,952.0 ms
13,952.5999999999999 ms
13,964.95 ms
13,991.8 ms
13,1001.6000000000001 ms
13,1006.7 ms
13,1017.1500000000001 ms
13,1049.1 ms
13,1065.1 ms
13,1081.15 ms
13,1091.15 ms
13,1096.9 ms
13,1097.65 ms
13,1099.15 ms
13,1145.2000000000003 ms
13,1157.9 ms
13,1163.65 ms
13,1166.1 ms
13,1171.7000000000003 ms
13,1187.6 ms
13,1229.7500000000005 ms
13,1236.9 ms
13,1253.9500000000003 ms
13,1260.6000000000004 ms
13,1260.7500000000005 ms
13,1267.4500000000003 ms
13,1303.6500000000005 ms
13,1305.9500000000007 ms
13,1324.9000000000005 ms
13,1342.4500000000007 ms
13,1342.8000000000002 ms
13,1344.4000000000005 ms
13,1344.8500000000004 ms
13,1351.8000000000002 ms
13,1358.0500000000002 ms
13,1359.8000000000002 ms
13,1360.5500000000002 ms
13,1367.8500000000004 ms
13,1373.2000000000003 ms
13,1385.2500000000005 ms
13,1392.5000000000005 ms
13,1397.6 ms
13,1408.2500000000005 ms
13,1426.8000000000002 ms
13,1431.25 ms
13,1440.4500000000003 ms
13,1448.3500000000004 ms
13,1464.7500000000005 ms
13,1467.8000000000006 ms
13,1481.0500000000006 ms
13,1633.3000000000006 ms
13,1647.9 ms
13,1648.2000000000003 ms
13,1658.1000000000004 ms
13,1664.2500000000005 ms
13,1668.6500000000005 ms
13,1669.5000000000005 ms
13,1699.7000000000003 ms
13,1706.5500000000006 ms
13,1758.1000000000004 ms
13,1759.5000000000005 ms
13,1775.2500000000005 ms
13,1775.6000000000004 ms
13,1781.8500000000004 ms
13,1783.7000000000003 ms
13,1805.1000000000004 ms
13,1810.8000000000002 ms
13,1824.4000000000005 ms
13,1825.1000000000004 ms
13,1829.6500000000005 ms
13,1832.4000000000005 ms
13,1851.8500000000004 ms
13,1854.4000000000005 ms
13,1900.9500000000003 ms
13,1933.7500000000005 ms
13,1933.85 ms
13,1934.5000000000005 ms
13,1941.3000000000002 ms
13,1944.4 ms
13,1965.15 ms
13,1976.0 ms
13,1993.4 ms
13,1994.9500000000003 ms
13,2001.85 ms
13,2023.9 ms
13,2031.15 ms
13,2047.0 ms
13,2057.6000000000004 ms
13,2068.95 ms
13,2091.45 ms
13,2096.45 ms
13,2103.3 ms
13,2118.3499999999995 ms
13,2121.2 ms
13,2134.95 ms
13,2147.1499999999996 ms
13,2176.0999999999995 ms
13,2180.499999999999 ms
13,2193.2 ms
13,2204.2999999999993 ms
13,2218.749999999999 ms
13,2227.699999999999 ms
13,2228.7999999999993 ms
13,2249.6499999999987 ms
13,2265.1499999999987 ms
13,2275.3499999999985 ms
13,2286.8499999999985 ms
13,2286.999999999998 ms
13,2287.699999999999 ms
13,2293.8499999999985 ms
13,2298.499999999998 ms
13,2314.949999999999 ms
13,2318.0999999999985 ms
13,2352.5499999999984 ms
13,2366.8499999999985 ms
13,2372.3999999999987 ms
13,2377.6499999999987 ms
13,2390.3499999999985 ms
13,2397.699999999999 ms
13,2410.5499999999984 ms
13,2440.0499999999984 ms
13,2452.999999999998 ms
13,2487.249999999998 ms
13,2494.449999999998 ms
13,2502.149999999998 ms
13,2554.0999999999976 ms
13,2564.0499999999975 ms
13,2583.199999999997 ms
13,2587.749999999998 ms
13,2596.899999999998 ms
13,2608.5999999999976 ms
13,2625.9999999999973 ms
13,2628.649999999998 ms
13,2636.699999999998 ms
13,2646.5999999999976 ms
13,2653.5499999999984 ms
13,2654.8499999999976 ms
13,2656.199999999998 ms
13,2660.5499999999984 ms
13,2670.0999999999976 ms
13,2683.499999999998 ms
13,2706.2999999999984 ms
13,2739.699999999998 ms
13,2753.1499999999987 ms
13,2768.0499999999984 ms
13,2777.5499999999984 ms
13,2813.8999999999987 ms
13,2833.0999999999976 ms
13,2868.249999999998 ms
13,2870.149999999998 ms
13,2873.149999999998 ms
13,2881.5499999999984 ms
13,2899.199999999998 ms
13,2905.6499999999987 ms
13,2940.2999999999984 ms
13,2969.6499999999987 ms
13,2976.999999999998 ms
13,2978.3499999999985 ms
13,2981.249999999998 ms
13,2993.199999999998 ms
13,2994.0999999999976 ms
13,3001.8499999999976 ms
13,3006.0999999999976 ms
13,3024.0999999999976 ms
13,3027.5499999999984 ms
13,3047.649999999998 ms
13,3056.949999999998 ms
13,3057.3499999999976 ms
13,3058.249999999998 ms
13,3105.5999999999985 ms
13,3111.149999999998 ms
13,3116.0499999999984 ms
13,3129.249999999998 ms
13,3134.0499999999984 ms
13,3147.449999999998 ms
13,3154.7999999999984 ms
13,3176.499999999998 ms
13,3177.999999999998 ms
13,3198.149999999998 ms
13,3207.5499999999984 ms
13,3247.999999999998 ms
13,3273.449999999998 ms
13,3285.749999999998 ms
13,3291.249999999998 ms
13,3320.649999999998 ms
13,3329.499999999998 ms
13,3343.949999999998 ms
13,3349.149999999998 ms
13,3354.699999999998 ms
13,3365.999999999998 ms
13,3380.8499999999985 ms
13,3394.399999999998 ms
13,3401.149999999998 ms
13,3406.0499999999984 ms
13,3413.199999999998 ms
13,3421.8999999999987 ms
13,3434.1499999999987 ms
13,3439.5999999999976 ms
13,3442.749999999998 ms
13,3449.499999999998 ms
13,3451.749999999998 ms
13,3464.699999999998 ms
13,3477.2999999999984 ms
13,3488.449999999998 ms
13,3491.399999999998 ms
13,3498.0499999999975 ms
13,3543.3499999999985 ms
13,3551.399999999998 ms
13,3567.249999999998 ms
13,3576.899999999998 ms
13,3581.649999999998 ms
13,3581.999999999998 ms
13,3588.149999999998 ms
13,3597.499999999998 ms
13,3616.199999999998 ms
13,3632.499999999998 ms
13,3649.899999999998 ms
13,3653.649999999998 ms
13,3654.399999999998 ms
13,3682.699999999999 ms
13,3688.949999999999 ms
13,3693.149999999998 ms
13,3718.5499999999984 ms
13,3719.749999999998 ms
13,3732.249999999998 ms
13,3732.899999999998 ms
13,3737.149999999998 ms
13,3747.2999999999984 ms
13,3775.5999999999985 ms
13,3793.949999999999 ms
13,3803.8499999999985 ms
13,3804.249999999998 ms
13,3813.3999999999987 ms
13,3838.449999999999 ms
13,3841.199999999999 ms
13,3841.949999999999 ms
13,3861.7999999999993 ms
13,3864.249999999998 ms
13,3871.8999999999987 ms
13,3877.999999999999 ms
13,3903.999999999999 ms
13,3907.8999999999987 ms
13,3911.199999999999 ms
13,3912.999999999999 ms
13,3915.449999999999 ms
13,3916.7999999999993 ms
13,3919.199999999999 ms
13,3922.249999999999 ms
13,3935.8499999999995 ms
13,3938.8999999999987 ms
13,3947.999999999999 ms
13,3957.3499999999995 ms
13,3957.699999999999 ms
13,3962.7999999999993 ms
13,3979.699999999999 ms
13,3984.3999999999987 ms
14,10.600000000000001 ms
14,14.950000000000003 ms
14,54.10000000000001 ms
14,65.50000000000001 ms
14,66.25000000000001 ms
14,69.00000000000001 ms
14,93.45000000000003 ms
14,111.25000000000001 ms
14,122.40000000000002 ms
14,138.40000000000003 ms
14,172.70000000000005 ms
14,179.95000000000005 ms
14,190.80000000000007 ms
14,211.50000000000006 ms
14,216.85000000000008 ms
14,221.75000000000006 ms
14,269.8500000000001 ms
14,271.7000000000001 ms
14,294.00000000000017 ms
14,305.50000000000006 ms
14,339.25000000000017 ms
14,346.1000000000002 ms
14,359.65000000000015 ms
14,364.50000000000017 ms
14,367.40000000000015 ms
14,371.8500000000001 ms
14,387.25000000000006 ms
14,395.4500000000001 ms
14,406.40000000000003 ms
14,413.25000000000006 ms
14,417.8500000000001 ms
14,423.50000000000006 ms
14,438.9500000000001 ms
14,454.3000000000001 ms
14,461.00000000000006 ms
14,499.40000000000003 ms
14,501.05 ms
14,512.1500000000001 ms
14,520.45 ms
14,547.75 ms
14,553.05 ms
14,553.1499999999999 ms
14,578.55 ms
14,585.3 ms
14,592.8 ms
14,600.8999999999999 ms
14,609.5 ms
14,638.7 ms
14,654.8500000000001 ms
14,705.3 ms
14,713.1500000000001 ms
14,718.6000000000001 ms
14,721.5000000000002 ms
14,725.4000000000001 ms
14,735.25 ms
14,735.6500000000001 ms
14,735.75 ms
14,736.4000000000001 ms
14,739.3000000000002 ms
14,744.5500000000002 ms
14,760.3499999999999 ms
14,761.4000000000001 ms
14,772.9499999999998 ms
14,780.0999999999999 ms
14,783.25 ms
14,786.75 ms
14,795.2999999999997 ms
14,795.8999999999999 ms
14,802.4499999999998 ms
14,811.9999999999998 ms
14,823.8499999999997 ms
14,826.6999999999998 ms
14,844.6999999999998 ms
14,847.4499999999998 ms
14,864.9499999999998 ms
14,897.9499999999998 ms
14,905.0999999999999 ms
14,916.2999999999997 ms
14,921.1499999999999 ms
14,925.3499999999999 ms
14,936.5 ms
14,939.6499999999999 ms
14,949.55 ms
14,992.7499999999998 ms
14,1000.7 ms
14,1011.05 ms
14,1030.7 ms
14,1052.1500000000003 ms
14,1063.3000000000004 ms
14,1093.3 ms
14,1093.45 ms
14,1113.9000000000003 ms
14,1115.2 ms
14,1143.1500000000003 ms
14,1157.2500000000002 ms
14,1172.8 ms
14,1188.6000000000001 ms
14,1202.5000000000002 ms
14,1205.7500000000002 ms
14,1208.4000000000003 ms
14,1212.45 ms
14,1239.2500000000002 ms
14,1249.6500000000003 ms
14,1306.5500000000004 ms
14,1320.4500000000005 ms
14,1352.0000000000002 ms
14,1366.6000000000001 ms
14,1376.0000000000002 ms
14,1396.0000000000007 ms
14,1396.8500000000006 ms
14,1409.2500000000007 ms
14,1428.7500000000002 ms
14,1440.5000000000007 ms
14,1452.5500000000004 ms
14,1454.9000000000003 ms
14,1466.0500000000004 ms
14,1471.4500000000005 ms
14,1471.7000000000005 ms
14,1495.2500000000002 ms
14,1508.9500000000005 ms
14,1515.9500000000005 ms
14,1527.1000000000006 ms
14,1536.5000000000007 ms
14,1536.9000000000008 ms
14,1564.1500000000008 ms
14,1575.7000000000005 ms
14,1579.3000000000004 ms
14,1590.7000000000005 ms
14,1593.450000000001 ms
14,1602.5000000000007 ms
14,1604.0000000000007 ms
14,1604.4000000000008 ms
14,1608.4500000000005 ms
14,1618.6000000000006 ms
14,1632.4000000000008 ms
14,1634.9500000000005 ms
14,1647.5500000000004 ms
14,1652.7500000000007 ms
14,1658.0000000000007 ms
14,1658.450000000001 ms
14,1659.350000000001 ms
14,1660.3000000000009 ms
14,1669.2500000000011 ms
14,1692.950000000001 ms
14,1698.2500000000007 ms
14,1700.2500000000011 ms
14,1701.9000000000012 ms
14,1727.950000000001 ms
14,1730.6500000000012 ms
14,1734.200000000001 ms
14,1756.600000000001 ms
14,1763.450000000001 ms
14,1770.1500000000012 ms
14,1771.2500000000011 ms
14,1779.7500000000007 ms
14,1786.5500000000009 ms
14,1794.3000000000009 ms
14,1796.3500000000006 ms
14,1802.850000000001 ms
14,1825.200000000001 ms
14,1860.0000000000007 ms
14,1890.700000000001 ms
14,1906.2000000000005 ms
14,1918.1000000000006 ms
14,1921.8000000000009 ms
14,1934.1500000000008 ms
14,1942.100000000001 ms
14,1963.6500000000008 ms
14,1981.350000000001 ms
14,1985.4000000000008 ms
14,2021.8000000000009 ms
14,2049.500000000001 ms
14,2084.9000000000005 ms
14,2093.3500000000013 ms
14,2096.500000000001 ms
14,2097.050000000001 ms
14,2100.6500000000015 ms
14,2112.9000000000015 ms
14,2120.9000000000015 ms
14,2132.500000000001 ms
14,2142.3500000000013 ms
14,2176.7000000000007 ms
14,2180.2000000000007 ms
14,2225.000000000001 ms
14,2230.300000000001 ms
14,2264.300000000001 ms
14,2284.500000000001 ms
14,2291.250000000001 ms
14,2295.2000000000007 ms
14,2310.550000000001 ms
14,2336.6000000000004 ms
14,2352.4000000000015 ms
14,2353.4000000000015 ms
14,2355.050000000001 ms
14,2360.6500000000015 ms
14,2361.050000000001 ms
14,2405.800000000001 ms
14,2412.750000000001 ms
14,2433.250000000001 ms
14,2450.8500000000013 ms
14,2455.4000000000005 ms
14,2489.9500000000016 ms
14,2498.4500000000016 ms
14,2498.9000000000005 ms
14,2502.9000000000005 ms
14,2505.9000000000005 ms
14,2525.050000000001 ms
14,2537.9500000000007 ms
14,2543.250000000002 ms
14,2556.550000000001 ms
14,2556.9000000000015 ms
14,2558.300000000001 ms
14,2603.250000000002 ms
14,2614.1000000000013 ms
14,2643.3500000000013 ms
14,2644.300000000001 ms
14,2654.7000000000007 ms
14,2677.9500000000007 ms
14,2704.000000000002 ms
14,2711.800000000001 ms
14,2714.500000000002 ms
14,2718.050000000001 ms
14,2719.7000000000016 ms
14,2720.000000000002 ms
14,2734.550000000002 ms
14,2739.1500000000024 ms
14,2741.7000000000016 ms
14,2748.100000000002 ms
14,2755.6500000000024 ms
14,2766.7000000000025 ms
14,2773.1500000000024 ms
14,2774.550000000002 ms
14,2796.4500000000025 ms
14,2809.4000000000024 ms
14,2815.100000000002 ms
14,2831.4000000000024 ms
14,2838.7500000000027 ms
14,2845.600000000002 ms
14,2887.2000000000025 ms
14,2892.850000000002 ms
14,2897.9000000000024 ms
14,2911.5000000000027 ms
14,2918.1500000000024 ms
14,2920.300000000002 ms
14,2923.550000000002 ms
14,2929.9000000000024 ms
14,2934.4000000000024 ms
14,2941.550000000002 ms
14,2943.5000000000027 ms
14,2949.050000000002 ms
14,2964.100000000003 ms
14,2967.5000000000027 ms
14,2977.850000000003 ms
14,2983.100000000003 ms
14,2983.5000000000027 ms
14,2989.850000000003 ms
14,2996.5000000000027 ms
14,3020.600000000003 ms
14,3028.350000000003 ms
14,3042.050000000002 ms
14,3079.800000000002 ms
14,3092.4500000000025 ms
14,3104.300000000003 ms
14,3110.750000000002 ms
14,3141.300000000003 ms
14,3142.7000000000025 ms
14,3144.5000000000027 ms
14,3145.5000000000027 ms
14,3161.550000000003 ms
14,3183.100000000003 ms
14,3188.050000000003 ms
14,3191.4500000000025 ms
14,3217.350000000003 ms
14,3237.6500000000033 ms
14,3248.350000000003 ms
14,3258.9500000000035 ms
14,3261.9000000000024 ms
14,3267.5000000000027 ms
14,3289.4500000000025 ms
14,3291.5000000000027 ms
14,3308.5000000000027 ms
14,3315.350000000003 ms
14,3338.600000000003 ms
14,3340.050000000002 ms
14,3343.1500000000024 ms
14,3344.600000000002 ms
14,3352.500000000002 ms
14,3357.350000000002 ms
14,3394.9500000000025 ms
14,3397.300000000002 ms
14,3417.6500000000024 ms
14,3423.2000000000016 ms
14,3430.2500000000027 ms
14,3437.350000000002 ms
14,3438.100000000002 ms
14,3528.250000000002 ms
14,3535.9500000000025 ms
14,3547.000000000002 ms
14,3549.1500000000024 ms
14,3554.7500000000027 ms
14,3568.1500000000024 ms
14,3571.850000000002 ms
14,3572.750000000002 ms
14,3579.350000000002 ms
14,3602.4500000000025 ms
14,3639.850000000002 ms
14,3651.1500000000024 ms
14,3669.800000000002 ms
14,3677.7500000000027 ms
14,3681.5000000000027 ms
14,3688.0000000000027 ms
14,3736.300000000002 ms
14,3742.0000000000027 ms
14,3745.850000000002 ms
14,3748.6500000000024 ms
14,3751.5000000000027 ms
14,3751.9000000000024 ms
14,3757.300000000002 ms
14,3763.050000000002 ms
14,3766.1500000000024 ms
14,3767.350000000002 ms
14,3780.750000000002 ms
14,3802.300000000003 ms
14,3803.9000000000024 ms
14,3815.4500000000025 ms
14,3818.6500000000024 ms
14,3831.350000000002 ms
14,3835.500000000002 ms
14,3835.800000000003 ms
14,3848.9500000000025 ms
14,3864.2500000000027 ms
14,3875.550000000003 ms
14,3885.2500000000027 ms
14,3898.4500000000025 ms
14,3903.4000000000024 ms
14,3946.9500000000025 ms
15,4.75 ms
15,26.400000000000002 ms
15,32.349999999999994 ms
15,38.900000000000006 ms
15,68.4 ms
15,69.4 ms
15,70.80000000000001 ms
15,76.45000000000002 ms
15,81.80000000000001 ms
15,83.25 ms
15,85.95000000000002 ms
15,88.70000000000002 ms
15,98.70000000000002 ms
15,99.00000000000003 ms
15,105.20000000000002 ms
15,120.55000000000001 ms
15,133.4 ms
15,133.74999999999997 ms
15,135.65 ms
15,179.99999999999997 ms
15,185.9 ms
15,202.45000000000002 ms
15,204.85000000000005 ms
15,206.45000000000002 ms
15,206.85000000000005 ms
15,220.70000000000002 ms
15,235.35000000000005 ms
15,242.55000000000004 ms
15,252.20000000000002 ms
15,277.5 ms
15,292.0 ms
15,309.04999999999995 ms
15,317.29999999999995 ms
15,329.35 ms
15,331.30000000000007 ms
15,331.69999999999993 ms
15,336.75 ms
15,341.35 ms
15,359.85 ms
15,362.15 ms
15,381.70000000000005 ms
15,386.4000000000001 ms
15,387.35 ms
15,391.05000000000007 ms
15,445.6 ms
15,446.95000000000005 ms
15,464.0 ms
15,485.75 ms
15,498.05000000000007 ms
15,498.45000000000005 ms
15,500.70000000000005 ms
15,516.5 ms
15,517.2 ms
15,525.0 ms
15,529.05 ms
15,535.2 ms
15,554.3999999999999 ms
15,558.1499999999999 ms
15,589.8999999999999 ms
15,629.3999999999999 ms
15,630.6000000000001 ms
15,639.1000000000001 ms
15,645.75 ms
15,648.7 ms
15,659.95 ms
15,701.3 ms
15,704.9000000000001 ms
15,712.75 ms
15,729.3500000000001 ms
15,754.4000000000001 ms
15,767.2 ms
15,773.6000000000001 ms
15,784.8 ms
15,785.5000000000002 ms
15,820.55 ms
15,820.8 ms
15,836.7500000000002 ms
15,837.3 ms
15,838.1000000000001 ms
15,883.6000000000001 ms
15,894.45 ms
15,917.9000000000001 ms
15,944.25 ms
15,954.0500000000002 ms
15,959.45 ms
15,974.55 ms
15,990.8 ms
15,991.3500000000001 ms
15,998.1000000000001 ms
15,1000.45 ms
15,1002.55 ms
15,1003.3500000000001 ms
15,1023.0 ms
15,1024.6 ms
15,1028.65 ms
15,1038.65 ms
15,1046.6 ms
15,1049.5 ms
15,1058.1999999999998 ms
15,1061.1999999999998 ms
15,1076.6000000000004 ms
15,1077.6000000000004 ms
15,1079.6000000000004 ms
15,1083.5500000000002 ms
15,1084.6000000000004 ms
15,1089.1999999999998 ms
15,1089.8000000000002 ms
15,1113.35 ms
15,1139.75 ms
15,1147.5500000000002 ms
15,1171.0500000000002 ms
15,1200.3999999999996 ms
15,1201.3999999999996 ms
15,1217.5 ms
15,1240.6999999999998 ms
15,1247.85 ms
15,1256.1999999999998 ms
15,1299.8999999999996 ms
15,1321.85 ms
15,1338.1 ms
15,1347.25 ms
15,1360.6999999999998 ms
15,1362.6000000000004 ms
15,1364.75 ms
15,1370.5 ms
15,1377.1000000000004 ms
15,1378.4499999999998 ms
15,1389.8500000000004 ms
15,1390.6999999999998 ms
15,1396.15 ms
15,1413.6 ms
15,1419.65 ms
15,1437.9500000000003 ms
15,1453.9 ms
15,1473.9 ms
15,1474.4500000000003 ms
15,1481.1 ms
15,1485.4 ms
15,1491.35 ms
15,1506.8000000000002 ms
15,1521.5500000000002 ms
15,1526.7000000000003 ms
15,1535.4 ms
15,1547.2000000000003 ms
15,1548.5000000000005 ms
15,1572.2500000000005 ms
15,1573.1 ms
15,1616.7000000000003 ms
15,1630.35 ms
15,1637.0000000000005 ms
15,1647.9 ms
15,1657.8500000000004 ms
15,1669.6000000000004 ms
15,1672.0500000000002 ms
15,1690.4500000000007 ms
15,1699.4000000000005 ms
15,1704.1000000000004 ms
15,1706.750000000001 ms
15,1706.9500000000007 ms
15,1714.500000000001 ms
15,1719.4000000000005 ms
15,1732.550000000001 ms
15,1741.000000000001 ms
15,1754.9500000000007 ms
15,1755.6000000000013 ms
15,1769.400000000001 ms
15,1778.650000000001 ms
15,1802.8500000000008 ms
15,1807.150000000001 ms
15,1815.400000000001 ms
15,1819.500000000001 ms
15,1826.650000000001 ms
15,1829.4500000000012 ms
15,1830.2000000000012 ms
15,1833.000000000001 ms
15,1848.650000000001 ms
15,1854.400000000001 ms
15,1860.4500000000012 ms
15,1879.5500000000006 ms
15,1910.000000000001 ms
15,1911.650000000001 ms
15,1939.3500000000008 ms
15,1949.3500000000008 ms
15,1964.7500000000014 ms
15,1976.2000000000012 ms
15,2014.300000000001 ms
15,2029.150000000001 ms
15,2031.750000000001 ms
15,2057.900000000001 ms
15,2115.650000000001 ms
15,2127.5500000000015 ms
15,2133.900000000001 ms
15,2135.600000000001 ms
15,2135.900000000001 ms
15,2163.8000000000015 ms
15,2187.5500000000006 ms
15,2202.5500000000015 ms
15,2204.2500000000014 ms
15,2211.850000000001 ms
15,2241.0500000000006 ms
15,2257.700000000001 ms
15,2262.0000000000014 ms
15,2263.350000000001 ms
15,2290.650000000001 ms
15,2292.900000000001 ms
15,2300.350000000001 ms
15,2309.5000000000014 ms
15,2319.0000000000005 ms
15,2334.2000000000003 ms
15,2346.0500000000006 ms
15,2348.200000000001 ms
15,2351.650000000001 ms
15,2381.700000000001 ms
15,2392.9500000000003 ms
15,2397.200000000001 ms
15,2400.5000000000014 ms
15,2413.0500000000015 ms
15,2465.0000000000014 ms
15,2492.100000000001 ms
15,2517.400000000001 ms
15,2522.400000000001 ms
15,2533.350000000001 ms
15,2552.650000000001 ms
15,2570.0000000000005 ms
15,2581.2500000000014 ms
15,2583.650000000001 ms
15,2584.900000000001 ms
15,2603.200000000001 ms
15,2615.450000000001 ms
15,2618.700000000001 ms
15,2624.700000000001 ms
15,2661.950000000001 ms
15,2667.3500000000017 ms
15,2675.8000000000015 ms
15,2685.5500000000006 ms
15,2698.200000000001 ms
15,2707.3000000000006 ms
15,2714.900000000001 ms
15,2729.950000000001 ms
15,2734.650000000001 ms
15,2735.0500000000015 ms
15,2746.0500000000006 ms
15,2768.7500000000005 ms
15,2784.400000000001 ms
15,2785.700000000001 ms
15,2805.450000000001 ms
15,2808.400000000001 ms
15,2827.350000000001 ms
15,2838.350000000001 ms
15,2856.0000000000014 ms
15,2871.450000000001 ms
15,2878.7000000000003 ms
15,2890.200000000001 ms
15,2904.400000000001 ms
15,2914.450000000001 ms
15,2922.2000000000003 ms
15,2926.100000000001 ms
15,2939.0500000000006 ms
15,2945.5500000000006 ms
15,2958.850000000001 ms
15,2964.2500000000014 ms
15,2966.450000000001 ms
15,3001.600000000001 ms
15,3006.7500000000014 ms
15,3008.5500000000015 ms
15,3037.2500000000014 ms
15,3046.0500000000015 ms
15,3064.0000000000014 ms
15,3093.850000000001 ms
15,3102.2000000000003 ms
15,3108.850000000001 ms
15,3125.350000000001 ms
15,3125.8000000000006 ms
15,3138.5000000000005 ms
15,3151.4500000000003 ms
15,3161.9500000000003 ms
15,3168.0000000000005 ms
15,3170.4500000000003 ms
15,3185.5499999999997 ms
15,3185.9999999999995 ms
15,3193.6999999999994 ms
15,3202.2499999999995 ms
15,3204.9499999999994 ms
15,3243.6 ms
15,3250.0000000000005 ms
15,3252.65 ms
15,3325.4999999999995 ms
15,3336.6999999999994 ms
15,3340.149999999999 ms
15,3346.7499999999995 ms
15,3349.7999999999997 ms
15,3360.4999999999995 ms
15,3379.9999999999995 ms
15,3381.4499999999994 ms
15,3398.35 ms
15,3406.4 ms
15,3443.9999999999995 ms
15,3471.1999999999994 ms
15,3472.549999999999 ms
15,3473.099999999999 ms
15,3480.85 ms
15,3515.349999999999 ms
15,3517.4999999999995 ms
15,3532.349999999999 ms
15,3549.7499999999995 ms
15,3595.6999999999994 ms
15,3616.149999999999 ms
15,3639.6999999999994 ms
15,3658.9999999999995 ms
15,3670.5499999999997 ms
15,3670.7499999999995 ms
15,3704.9999999999995 ms
15,3720.9 ms
15,3722.2000000000003 ms
15,3731.9499999999994 ms
15,3752.2999999999997 ms
15,3762.35 ms
15,3765.5000000000005 ms
15,3773.1 ms
15,3786.1 ms
15,3792.4 ms
15,3803.2499999999995 ms
15,3860.15 ms
15,3871.8000000000006 ms
15,3886.2000000000003 ms
15,3893.600000000001 ms
15,3900.1 ms
15,3922.2999999999997 ms
15,3925.0500000000006 ms
15,3931.4500000000003 ms
15,3938.7999999999997 ms
15,3942.35 ms
15,3942.5000000000005 ms
15,3945.5000000000005 ms
15,3946.0000000000005 ms
15,3950.150000000001 ms
15,3968.100000000001 ms
15,3988.2000000000003 ms
15,3990.2000000000003 ms
15,3996.9 ms
16,1.8 ms
16,3.1000000000000005 ms
16,19.0 ms
16,20.799999999999997 ms
16,24.549999999999997 ms
16,25.6 ms
16,32.300000000000004 ms
16,59.40000000000001 ms
16,59.75000000000001 ms
16,62.300000000000004 ms
16,83.85 ms
16,95.75000000000003 ms
16,97.1 ms
16,116.35 ms
16,185.54999999999998 ms
16,187.65 ms
16,195.9 ms
16,199.20000000000002 ms
16,223.54999999999998 ms
16,225.9 ms
16,227.65 ms
16,230.15 ms
16,244.55000000000004 ms
16,262.29999999999995 ms
16,283.25 ms
16,301.35 ms
16,305.15 ms
16,326.65 ms
16,329.4 ms
16,330.1 ms
16,348.05000000000007 ms
16,351.80000000000007 ms
16,353.55000000000007 ms
16,356.35 ms
16,357.20000000000005 ms
16,376.5 ms
16,382.45000000000005 ms
16,395.05000000000007 ms
16,401.6 ms
16,426.4000000000001 ms
16,443.0000000000001 ms
16,466.05000000000007 ms
16,468.60000000000014 ms
16,472.60000000000014 ms
16,483.20000000000016 ms
16,494.6500000000002 ms
16,495.30000000000007 ms
16,508.1500000000002 ms
16,514.6500000000001 ms
16,556.5 ms
16,560.0 ms
16,563.0 ms
16,566.2000000000003 ms
16,567.25 ms
16,589.8000000000002 ms
16,606.8499999999999 ms
16,618.75 ms
16,638.6500000000001 ms
16,668.3499999999999 ms
16,684.1500000000001 ms
16,685.4000000000001 ms
16,691.0999999999999 ms
16,699.45 ms
16,713.9000000000001 ms
16,750.9000000000001 ms
16,777.6500000000001 ms
16,818.3500000000001 ms
16,821.6500000000001 ms
16,825.0500000000002 ms
16,828.1500000000001 ms
16,856.1000000000001 ms
16,859.5500000000002 ms
16,868.7000000000003 ms
16,879.9500000000003 ms
16,913.6500000000001 ms
16,923.8000000000002 ms
16,933.0500000000002 ms
16,935.1000000000001 ms
16,953.7 ms
16,1049.4500000000003 ms
16,1075.6000000000004 ms
16,1078.6500000000005 ms
16,1090.4500000000003 ms
16,1091.7000000000003 ms
16,1108.3000000000002 ms
16,1114.65 ms
16,1142.35 ms
16,1154.4 ms
16,1157.35 ms
16,1166.9 ms
16,1232.3000000000002 ms
16,1233.3500000000004 ms
16,1235.15 ms
16,1240.85 ms
16,1245.6 ms
16,1251.1 ms
16,1258.7500000000005 ms
16,1260.7500000000005 ms
16,1262.8000000000002 ms
16,1272.8000000000002 ms
16,1274.0500000000002 ms
16,1304.5 ms
16,1307.1000000000004 ms
16,1307.75 ms
16,1323.25 ms
16,1328.75 ms
16,1336.8500000000004 ms
16,1348.4 ms
16,1352.7000000000003 ms
16,1365.75 ms
16,1377.6999999999998 ms
16,1390.4 ms
16,1391.1 ms
16,1398.5000000000005 ms
16,1415.0500000000002 ms
16,1418.3500000000004 ms
16,1438.5500000000002 ms
16,1464.25 ms
16,1481.4000000000005 ms
16,1507.4500000000003 ms
16,1522.3000000000002 ms
16,1524.0 ms
16,1554.0 ms
16,1555.1500000000005 ms
16,1559.0500000000002 ms
16,1566.5500000000002 ms
16,1569.4000000000005 ms
16,1582.8500000000004 ms
16,1602.6000000000004 ms
16,1611.5500000000002 ms
16,1626.3000000000002 ms
16,1629.0000000000005 ms
16,1635.3000000000006 ms
16,1643.7000000000003 ms
16,1659.4000000000005 ms
16,1663.5000000000005 ms
16,1670.8000000000006 ms
16,1685.5500000000006 ms
16,1690.3000000000006 ms
16,1691.3500000000004 ms
16,1694.8500000000004 ms
16,1699.9500000000003 ms
16,1706.0500000000002 ms
16,1709.75 ms
16,1714.0500000000002 ms
16,1724.75 ms
16,1729.0 ms
16,1730.3000000000002 ms
16,1734.2000000000003 ms
16,1743.4500000000003 ms
16,1752.5000000000005 ms
16,1754.85 ms
16,1756.5000000000005 ms
16,1778.4500000000003 ms
16,1780.9 ms
16,1812.2000000000003 ms
16,1812.8500000000004 ms
16,1830.2500000000005 ms
16,1831.8500000000004 ms
16,1854.9500000000003 ms
16,1863.8000000000002 ms
16,1869.2000000000003 ms
16,1890.65 ms
16,1913.2000000000003 ms
16,1927.6000000000004 ms
16,1941.0000000000005 ms
16,1942.9000000000005 ms
16,1947.6000000000004 ms
16,1953.7000000000007 ms
16,1967.1000000000004 ms
16,1978.8500000000004 ms
16,1996.4500000000007 ms
16,2002.1000000000004 ms
16,2005.4500000000007 ms
16,2017.4000000000005 ms
16,2021.6000000000004 ms
16,2025.9000000000005 ms
16,2029.0000000000005 ms
16,2050.1000000000004 ms
16,2065.1000000000004 ms
16,2072.1000000000004 ms
16,2078.7000000000007 ms
16,2087.2000000000007 ms
16,2090.8500000000004 ms
16,2094.25 ms
16,2132.550000000001 ms
16,2140.4000000000005 ms
16,2145.7000000000007 ms
16,2146.000000000001 ms
16,2161.4500000000007 ms
16,2164.750000000001 ms
16,2187.050000000001 ms
16,2216.1500000000015 ms
16,2231.8500000000004 ms
16,2233.6000000000004 ms
16,2287.4500000000007 ms
16,2298.250000000001 ms
16,2305.1500000000005 ms
16,2321.2000000000016 ms
16,2328.8500000000013 ms
16,2335.8500000000013 ms
16,2339.4000000000015 ms
16,2339.750000000002 ms
16,2359.4500000000007 ms
16,2386.3500000000013 ms
16,2403.550000000001 ms
16,2410.7000000000007 ms
16,2415.750000000002 ms
16,2427.050000000001 ms
16,2455.1500000000015 ms
16,2461.2000000000016 ms
16,2468.4000000000015 ms
16,2479.2000000000016 ms
16,2482.4000000000015 ms
16,2498.8500000000013 ms
16,2532.500000000001 ms
16,2606.500000000001 ms
16,2613.9000000000015 ms
16,2618.1500000000015 ms
16,2623.4000000000015 ms
16,2628.9500000000016 ms
16,2648.750000000002 ms
16,2652.250000000002 ms
16,2654.550000000002 ms
16,2673.500000000002 ms
16,2673.800000000002 ms
16,2674.6500000000024 ms
16,2683.4500000000016 ms
16,2683.9000000000024 ms
16,2720.9000000000024 ms
16,2755.6000000000013 ms
16,2770.750000000002 ms
16,2779.250000000002 ms
16,2780.350000000002 ms
16,2785.4500000000016 ms
16,2785.8500000000013 ms
16,2793.000000000002 ms
16,2794.4000000000015 ms
16,2804.750000000002 ms
16,2807.600000000002 ms
16,2811.250000000002 ms
16,2854.050000000002 ms
16,2884.9000000000024 ms
16,2914.000000000002 ms
16,2928.550000000002 ms
16,2936.500000000002 ms
16,2938.300000000002 ms
16,2949.050000000002 ms
16,2962.100000000002 ms
16,2968.4500000000025 ms
16,2984.800000000002 ms
16,2992.4000000000024 ms
16,2996.050000000002 ms
16,3003.600000000002 ms
16,3008.6500000000024 ms
16,3015.6500000000024 ms
16,3046.550000000002 ms
16,3078.2000000000025 ms
16,3083.2000000000025 ms
16,3106.300000000003 ms
16,3116.9000000000024 ms
16,3121.0000000000027 ms
16,3131.9000000000024 ms
16,3134.600000000002 ms
16,3135.6500000000024 ms
16,3136.6500000000024 ms
16,3137.9000000000024 ms
16,3164.100000000002 ms
16,3165.250000000002 ms
16,3167.600000000002 ms
16,3192.1500000000024 ms
16,3203.600000000002 ms
16,3205.600000000002 ms
16,3206.9000000000024 ms
16,3209.550000000002 ms
16,3218.9000000000024 ms
16,3247.0000000000027 ms
16,3257.800000000002 ms
16,3278.050000000002 ms
16,3278.9000000000024 ms
16,3283.100000000002 ms
16,3288.250000000002 ms
16,3309.7000000000025 ms
16,3314.500000000002 ms
16,3314.600000000002 ms
16,3334.800000000002 ms
16,3352.750000000002 ms
16,3364.4500000000016 ms
16,3366.300000000002 ms
16,3381.750000000001 ms
16,3384.4500000000016 ms
16,3388.8500000000013 ms
16,3392.2000000000016 ms
16,3405.300000000001 ms
16,3412.1000000000013 ms
16,3424.7000000000016 ms
16,3428.050000000001 ms
16,3438.6500000000015 ms
16,3453.000000000001 ms
16,3464.1500000000005 ms
16,3471.9500000000016 ms
16,3496.6500000000005 ms
16,3505.050000000001 ms
16,3514.1500000000015 ms
16,3516.4500000000007 ms
16,3518.9000000000015 ms
16,3525.4500000000007 ms
16,3528.000000000002 ms
16,3537.800000000001 ms
16,3539.250000000002 ms
16,3542.1000000000013 ms
16,3559.7000000000016 ms
16,3567.6000000000013 ms
16,3570.300000000001 ms
16,3577.1500000000015 ms
16,3578.050000000001 ms
16,3612.3500000000013 ms
16,3622.4000000000015 ms
16,3624.7000000000016 ms
16,3630.4500000000016 ms
16,3659.9500000000016 ms
16,3667.750000000002 ms
16,3676.750000000002 ms
16,3687.6500000000015 ms
16,3689.550000000002 ms
16,3697.800000000002 ms
16,3708.800000000002 ms
16,3713.500000000002 ms
16,3724.600000000002 ms
16,3744.350000000002 ms
16,3745.550000000001 ms
16,3764.800000000001 ms
16,3793.000000000002 ms
16,3799.300000000001 ms
16,3803.7000000000016 ms
16,3804.1000000000013 ms
16,3809.6000000000013 ms
16,3839.750000000002 ms
16,3842.750000000002 ms
16,3853.300000000002 ms
16,3878.800000000002 ms
16,3883.500000000002 ms
16,3892.9000000000015 ms
16,3893.250000000002 ms
16,3907.300000000002 ms
16,3907.500000000002 ms
16,3908.850000000002 ms
16,3919.100000000002 ms
16,3945.000000000002 ms
16,3946.2000000000016 ms
16,3953.6000000000013 ms
16,3956.250000000002 ms
16,3972.9000000000015 ms
16,3976.750000000002 ms
16,3985.600000000002 ms
17,18.900000000000002 ms
17,20.000000000000004 ms
17,20.250000000000004 ms
17,51.75 ms
17,63.400000000000006 ms
17,91.35 ms
17,108.35 ms
17,135.5 ms
17,140.45 ms
17,158.14999999999998 ms
17,168.84999999999997 ms
17,208.7 ms
17,211.99999999999994 ms
17,226.14999999999998 ms
17,243.75 ms
17,244.39999999999998 ms
17,255.95 ms
17,265.09999999999997 ms
17,273.0499999999999 ms
17,290.1999999999999 ms
17,301.1499999999999 ms
17,304.3999999999999 ms
17,305.7 ms
17,329.6999999999999 ms
17,334.3999999999999 ms
17,353.6499999999999 ms
17,359.24999999999994 ms
17,359.9499999999999 ms
17,379.74999999999994 ms
17,380.74999999999994 ms
17,406.34999999999997 ms
17,415.59999999999997 ms
17,424.15000000000003 ms
17,425.05 ms
17,427.15000000000003 ms
17,427.3 ms
17,435.49999999999994 ms
17,443.6499999999999 ms
17,462.34999999999985 ms
17,466.9499999999999 ms
17,476.3999999999999 ms
17,509.24999999999994 ms
17,527.1999999999998 ms
17,532.6500000000001 ms
17,536.8499999999999 ms
17,548.2 ms
17,549.45 ms
17,555.5 ms
17,565.0 ms
17,569.3499999999999 ms
17,583.0999999999999 ms
17,590.45 ms
17,597.1000000000001 ms
17,604.75 ms
17,610.8 ms
17,613.75 ms
17,619.25 ms
17,631.45 ms
17,649.55 ms
17,655.8500000000001 ms
17,663.5 ms
17,668.8499999999999 ms
17,687.0500000000002 ms
17,729.1500000000001 ms
17,738.3000000000002 ms
17,750.0500000000002 ms
17,771.5 ms
17,775.6000000000001 ms
17,786.6000000000001 ms
17,786.7 ms
17,787.45 ms
17,800.95 ms
17,802.3000000000002 ms
17,804.9000000000001 ms
17,815.0000000000002 ms
17,855.1000000000001 ms
17,859.1500000000003 ms
17,894.95 ms
17,896.8000000000002 ms
17,898.6000000000001 ms
17,900.8000000000002 ms
17,917.8500000000001 ms
17,946.5500000000002 ms
17,957.4500000000003 ms
17,967.8000000000002 ms
17,969.6000000000001 ms
17,985.2500000000002 ms
17,992.8 ms
17,997.6500000000001 ms
17,1001.3000000000002 ms
17,1016.7 ms
17,1039.7499999999998 ms
17,1045.2 ms
17,1053.8500000000001 ms
17,1058.5000000000002 ms
17,1089.8500000000001 ms
17,1105.1000000000001 ms
17,1117.2500000000002 ms
17,1117.6500000000003 ms
17,1135.0000000000002 ms
17,1140.2500000000002 ms
17,1166.4000000000003 ms
17,1173.95 ms
17,1176.0000000000002 ms
17,1182.6000000000001 ms
17,1214.3000000000004 ms
17,1217.4000000000003 ms
17,1282.6499999999999 ms
17,1312.6000000000001 ms
17,1360.7500000000002 ms
17,1369.7000000000005 ms
17,1375.0000000000002 ms
17,1375.5000000000002 ms
17,1377.7000000000005 ms
17,1378.4000000000003 ms
17,1381.8000000000004 ms
17,1396.0500000000004 ms
17,1410.9000000000003 ms
17,1413.5000000000002 ms
17,1441.1500000000003 ms
17,1453.8000000000004 ms
17,1478.0000000000007 ms
17,1483.5000000000002 ms
17,1503.2500000000007 ms
17,1505.4000000000008 ms
17,1522.4000000000003 ms
17,1526.5000000000002 ms
17,1529.0500000000004 ms
17,1533.5000000000007 ms
17,1546.9500000000005 ms
17,1579.9000000000008 ms
17,1601.7500000000007 ms
17,1608.3500000000006 ms
17,1612.1500000000003 ms
17,1636.8500000000006 ms
17,1657.5000000000007 ms
17,1665.8000000000004 ms
17,1669.9500000000005 ms
17,1673.2500000000002 ms
17,1685.9500000000005 ms
17,1689.9500000000005 ms
17,1738.0500000000004 ms
17,1741.4000000000003 ms
17,1747.1000000000006 ms
17,1757.2500000000007 ms
17,1769.0500000000004 ms
17,1772.5500000000004 ms
17,1778.3500000000001 ms
17,1802.2500000000002 ms
17,1833.4000000000003 ms
17,1842.4500000000005 ms
17,1847.9500000000005 ms
17,1868.6000000000006 ms
17,1897.7000000000005 ms
17,1916.8000000000004 ms
17,1922.6000000000001 ms
17,1934.3500000000006 ms
17,1957.8500000000001 ms
17,1973.0000000000002 ms
17,1973.3000000000004 ms
17,1986.7000000000005 ms
17,2011.8500000000006 ms
17,2012.5500000000009 ms
17,2013.8000000000004 ms
17,2021.3500000000006 ms
17,2022.4500000000005 ms
17,2038.2000000000005 ms
17,2040.7500000000002 ms
17,2055.4500000000007 ms
17,2059.3 ms
17,2075.1500000000005 ms
17,2088.25 ms
17,2093.0 ms
17,2099.05 ms
17,2128.25 ms
17,2129.8500000000004 ms
17,2143.7 ms
17,2167.55 ms
17,2169.3999999999996 ms
17,2174.3999999999996 ms
17,2183.5499999999993 ms
17,2194.1000000000004 ms
17,2198.95 ms
17,2208.3499999999995 ms
17,2211.9000000000005 ms
17,2222.6500000000005 ms
17,2253.6500000000005 ms
17,2258.45 ms
17,2264.55 ms
17,2278.0 ms
17,2307.6499999999996 ms
17,2335.8999999999996 ms
17,2349.5 ms
17,2355.6000000000004 ms
17,2370.5 ms
17,2381.3500000000004 ms
17,2382.2 ms
17,2418.2 ms
17,2450.55 ms
17,2461.5999999999995 ms
17,2466.3499999999995 ms
17,2514.2 ms
17,2514.8499999999995 ms
17,2526.25 ms
17,2538.75 ms
17,2540.55 ms
17,2545.9000000000005 ms
17,2549.8 ms
17,2561.6500000000005 ms
17,2562.0999999999995 ms
17,2570.1500000000005 ms
17,2616.5999999999995 ms
17,2628.05 ms
17,2632.6499999999996 ms
17,2635.8499999999995 ms
17,2636.7999999999993 ms
17,2647.449999999999 ms
17,2660.0999999999995 ms
17,2661.7999999999993 ms
17,2668.699999999999 ms
17,2687.1499999999996 ms
17,2693.1499999999996 ms
17,2707.7999999999993 ms
17,2711.749999999999 ms
17,2723.2999999999993 ms
17,2734.0499999999993 ms
17,2744.0499999999993 ms
17,2745.8999999999996 ms
17,2751.949999999999 ms
17,2767.8499999999995 ms
17,2792.3499999999995 ms
17,2821.45 ms
17,2842.0499999999993 ms
17,2853.199999999999 ms
17,2881.75 ms
17,2884.0999999999995 ms
17,2891.6499999999996 ms
17,2896.7999999999993 ms
17,2899.2 ms
17,2899.6499999999996 ms
17,2902.1499999999996 ms
17,2907.5999999999995 ms
17,2924.0999999999995 ms
17,2943.45 ms
17,2965.0499999999993 ms
17,2971.7999999999993 ms
17,2980.8999999999996 ms
17,3022.499999999999 ms
17,3038.249999999999 ms
17,3068.499999999999 ms
17,3070.7999999999993 ms
17,3076.7999999999993 ms
17,3086.249999999999 ms
17,3087.199999999999 ms
17,3097.3499999999985 ms
17,3114.699999999999 ms
17,3126.749999999999 ms
17,3149.0499999999993 ms
17,3152.3999999999996 ms
17,3152.749999999999 ms
17,3159.949999999999 ms
17,3166.0999999999985 ms
17,3174.249999999999 ms
17,3188.8499999999995 ms
17,3191.949999999999 ms
17,3203.699999999999 ms
17,3224.3499999999985 ms
17,3229.3499999999985 ms
17,3236.499999999999 ms
17,3240.949999999999 ms
17,3260.199999999999 ms
17,3260.949999999999 ms
17,3276.0499999999993 ms
17,3292.5999999999985 ms
17,3293.3999999999996 ms
17,3302.249999999999 ms
17,3302.999999999999 ms
17,3319.199999999999 ms
17,3321.2999999999993 ms
17,3336.8499999999985 ms
17,3383.8499999999985 ms
17,3389.499999999999 ms
17,3389.8499999999995 ms
17,3430.2999999999984 ms
17,3434.3499999999995 ms
17,3453.249999999999 ms
17,3494.249999999999 ms
17,3525.0999999999995 ms
17,3528.0999999999995 ms
17,3540.7999999999984 ms
17,3545.2999999999984 ms
17,3561.749999999999 ms
17,3569.499999999999 ms
17,3579.699999999998 ms
17,3589.2999999999984 ms
17,3610.999999999998 ms
17,3611.399999999998 ms
17,3612.649999999998 ms
17,3622.5499999999984 ms
17,3629.199999999998 ms
17,3660.999999999999 ms
17,3661.8999999999987 ms
17,3663.449999999999 ms
17,3714.1499999999987 ms
17,3727.3499999999985 ms
17,3730.949999999999 ms
17,3771.999999999998 ms
17,3781.699999999999 ms
17,3785.5999999999985 ms
17,3787.8999999999987 ms
17,3793.8499999999985 ms
17,3796.199999999999 ms
17,3799.249999999998 ms
17,3803.199999999999 ms
17,3816.249999999998 ms
17,3830.0999999999985 ms
17,3834.3499999999985 ms
17,3837.3999999999987 ms
17,3837.499999999999 ms
17,3848.0999999999985 ms
17,3853.449999999999 ms
17,3876.449999999999 ms
17,3897.3499999999985 ms
17,3898.999999999998 ms
17,3899.8999999999987 ms
17,3908.249999999999 ms
17,3917.5499999999984 ms
17,3927.3499999999995 ms
17,3932.199999999999 ms
17,3940.5999999999985 ms
17,3942.7999999999993 ms
17,3944.749999999998 ms
17,3950.199999999999 ms
17,3991.5999999999985 ms
17,3994.3999999999987 ms
18,26.35 ms
18,29.0 ms
18,42.849999999999994 ms
18,44.45 ms
18,53.05 ms
18,66.65 ms
18,80.35 ms
18,82.30000000000001 ms
18,90.25 ms
18,92.15000000000003 ms
18,93.30000000000001 ms
18,96.05000000000001 ms
18,105.90000000000003 ms
18,110.90000000000003 ms
18,119.60000000000002 ms
18,119.90000000000003 ms
18,129.00000000000003 ms
18,142.55000000000004 ms
18,147.45000000000007 ms
18,154.65000000000006 ms
18,187.65 ms
18,193.45000000000002 ms
18,221.35000000000005 ms
18,221.90000000000006 ms
18,228.20000000000007 ms
18,228.55000000000004 ms
18,231.45000000000007 ms
18,240.45000000000007 ms
18,242.70000000000007 ms
18,246.6000000000001 ms
18,287.30000000000007 ms
18,288.1 ms
18,296.85 ms
18,298.0000000000001 ms
18,326.4 ms
18,332.65 ms
18,352.35 ms
18,363.4 ms
18,370.9 ms
18,374.65 ms
18,379.70000000000005 ms
18,382.1500000000001 ms
18,437.4000000000001 ms
18,477.45000000000005 ms
18,495.1500000000001 ms
18,512.45 ms
18,533.4000000000001 ms
18,534.6000000000001 ms
18,544.4000000000001 ms
18,580.3000000000002 ms
18,582.5999999999999 ms
18,584.9000000000001 ms
18,594.75 ms
18,608.6500000000001 ms
18,620.3499999999999 ms
18,628.8000000000002 ms
18,651.3499999999999 ms
18,659.5 ms
18,679.55 ms
18,693.8 ms
18,694.8 ms
18,699.1499999999999 ms
18,708.3999999999999 ms
18,710.8 ms
18,723.05 ms
18,759.3 ms
18,768.8499999999999 ms
18,769.6999999999998 ms
18,807.3 ms
18,878.95 ms
18,922.3499999999999 ms
18,942.8999999999999 ms
18,954.6499999999999 ms
18,961.6499999999999 ms
18,966.1499999999999 ms
18,971.3999999999999 ms
18,993.4999999999998 ms
18,1006.5999999999999 ms
18,1022.6499999999999 ms
18,1023.5999999999999 ms
18,1029.35 ms
18,1036.35 ms
18,1041.15 ms
18,1079.65 ms
18,1103.7499999999995 ms
18,1104.1 ms
18,1107.4999999999995 ms
18,1127.7999999999997 ms
18,1141.4999999999995 ms
18,1149.9 ms
18,1165.5499999999997 ms
18,1179.2000000000003 ms
18,1188.35 ms
18,1193.85 ms
18,1198.3000000000002 ms
18,1206.0500000000002 ms
18,1209.25 ms
18,1214.0 ms
18,1215.3000000000002 ms
18,1228.9 ms
18,1236.8000000000002 ms
18,1265.4 ms
18,1273.15 ms
18,1281.85 ms
18,1284.0000000000005 ms
18,1289.35 ms
18,1294.4 ms
18,1296.1 ms
18,1300.65 ms
18,1302.7000000000003 ms
18,1303.65 ms
18,1306.9 ms
18,1308.9500000000003 ms
18,1312.4500000000003 ms
18,1312.7999999999997 ms
18,1315.5 ms
18,1320.3000000000002 ms
18,1357.8999999999996 ms
18,1393.6499999999996 ms
18,1408.3000000000002 ms
18,1409.3999999999996 ms
18,1419.4499999999998 ms
18,1428.6499999999996 ms
18,1459.5 ms
18,1482.5 ms
18,1499.6999999999998 ms
18,1502.3999999999996 ms
18,1508.1 ms
18,1520.1999999999998 ms
18,1522.0499999999997 ms
18,1528.1999999999998 ms
18,1530.2999999999997 ms
18,1534.35 ms
18,1559.9999999999995 ms
18,1563.4999999999995 ms
18,1584.4 ms
18,1595.9999999999995 ms
18,1631.15 ms
18,1632.15 ms
18,1649.1999999999998 ms
18,1651.1999999999998 ms
18,1660.0 ms
18,1693.75 ms
18,1702.8999999999996 ms
18,1719.0 ms
18,1750.6499999999996 ms
18,1770.75 ms
18,1773.5999999999995 ms
18,1782.5 ms
18,1783.0499999999997 ms
18,1786.1999999999998 ms
18,1804.6999999999998 ms
18,1829.75 ms
18,1834.25 ms
18,1837.7999999999997 ms
18,1870.6499999999996 ms
18,1880.7499999999995 ms
18,1883.6499999999996 ms
18,1925.7499999999995 ms
18,1927.6499999999996 ms
18,1932.1999999999998 ms
18,1953.1499999999996 ms
18,2011.7999999999997 ms
18,2015.4499999999998 ms
18,2015.6 ms
18,2023.15 ms
18,2100.4500000000003 ms
18,2104.85 ms
18,2107.2500000000005 ms
18,2114.7499999999995 ms
18,2117.5000000000005 ms
18,2151.15 ms
18,2164.8000000000006 ms
18,2184.9500000000003 ms
18,2213.600000000001 ms
18,2218.7500000000005 ms
18,2219.35 ms
18,2237.100000000001 ms
18,2250.400000000001 ms
18,2258.200000000001 ms
18,2261.5500000000006 ms
18,2307.100000000001 ms
18,2313.600000000001 ms
18,2340.850000000001 ms
18,2365.2000000000003 ms
18,2369.450000000001 ms
18,2395.9500000000003 ms
18,2397.7500000000005 ms
18,2407.850000000001 ms
18,2409.4500000000003 ms
18,2423.0500000000006 ms
18,2424.100000000001 ms
18,2431.900000000001 ms
18,2439.2500000000005 ms
18,2445.150000000001 ms
18,2447.0000000000005 ms
18,2478.4500000000003 ms
18,2511.7500000000005 ms
18,2548.350000000001 ms
18,2557.8000000000006 ms
18,2561.350000000001 ms
18,2615.4500000000003 ms
18,2636.5500000000006 ms
18,2692.4 ms
18,2706.150000000001 ms
18,2706.450000000001 ms
18,2706.600000000001 ms
18,2717.350000000001 ms
18,2721.0000000000014 ms
18,2742.200000000001 ms
18,2748.7000000000003 ms
18,2764.65 ms
18,2775.650000000001 ms
18,2784.100000000001 ms
18,2787.4500000000003 ms
18,2796.4500000000003 ms
18,2808.7000000000003 ms
18,2812.7999999999997 ms
18,2825.9500000000003 ms
18,2835.9 ms
18,2844.8000000000006 ms
18,2876.9500000000003 ms
18,2901.4500000000003 ms
18,2903.5000000000005 ms
18,2908.2500000000005 ms
18,2922.650000000001 ms
18,2936.950000000001 ms
18,2939.3000000000006 ms
18,2988.5500000000006 ms
18,2990.8000000000006 ms
18,2995.600000000001 ms
18,3016.650000000001 ms
18,3033.0500000000015 ms
18,3053.3000000000006 ms
18,3061.2500000000005 ms
18,3096.4500000000003 ms
18,3119.350000000001 ms
18,3122.150000000001 ms
18,3128.850000000001 ms
18,3132.350000000001 ms
18,3137.0500000000006 ms
18,3140.65 ms
18,3141.150000000001 ms
18,3154.0000000000005 ms
18,3161.7000000000003 ms
18,3175.600000000001 ms
18,3182.8000000000006 ms
18,3187.2999999999997 ms
18,3190.2499999999995 ms
18,3210.9499999999994 ms
18,3232.899999999999 ms
18,3256.599999999999 ms
18,3259.7499999999995 ms
18,3281.7999999999997 ms
18,3287.2000000000003 ms
18,3293.85 ms
18,3345.85 ms
18,3351.4499999999994 ms
18,3406.7499999999995 ms
18,3409.1999999999994 ms
18,3419.149999999999 ms
18,3428.599999999999 ms
18,3434.049999999999 ms
18,3434.2999999999997 ms
18,3444.799999999999 ms
18,3488.4999999999986 ms
18,3490.099999999999 ms
18,3517.9999999999995 ms
18,3542.4499999999994 ms
18,3543.599999999999 ms
18,3552.849999999999 ms
18,3559.599999999999 ms
18,3562.7499999999995 ms
18,3580.5499999999997 ms
18,3610.85 ms
18,3639.7999999999997 ms
18,3642.6999999999994 ms
18,3650.1 ms
18,3655.9 ms
18,3666.149999999999 ms
18,3685.65 ms
18,3730.9500000000003 ms
18,3767.35 ms
18,3783.0000000000005 ms
18,3789.9 ms
18,3792.7000000000003 ms
18,3818.7500000000005 ms
18,3819.0500000000006 ms
18,3825.2500000000005 ms
18,3855.650000000001 ms
18,3873.5000000000005 ms
18,3880.400000000001 ms
18,3887.600000000001 ms
18,3888.150000000001 ms
18,3908.65 ms
18,3920.5000000000005 ms
18,3931.0500000000006 ms
18,3931.450000000001 ms
18,3935.650000000001 ms
18,3938.600000000001 ms
18,3958.7500000000005 ms
18,3978.4500000000003 ms
18,3991.0000000000005 ms
18,3996.0500000000006 ms
19,3.95 ms
19,22.7 ms
19,56.25 ms
19,75.35 ms
19,86.54999999999998 ms
19,87.20000000000002 ms
19,98.0 ms
19,110.1 ms
19,114.9 ms
19,121.44999999999999 ms
19,131.2 ms
19,139.75 ms
19,146.25 ms
19,155.55 ms
19,163.95 ms
19,181.50000000000006 ms
19,189.60000000000002 ms
19,197.70000000000005 ms
19,238.40000000000003 ms
19,266.40000000000003 ms
19,268.4500000000001 ms
19,289.1000000000001 ms
19,294.4500000000001 ms
19,300.50000000000006 ms
19,316.65000000000003 ms
19,322.65000000000003 ms
19,328.3 ms
19,335.3500000000001 ms
19,377.00000000000006 ms
19,379.15000000000003 ms
19,403.2 ms
19,417.50000000000006 ms
19,433.2 ms
19,440.3999999999999 ms
19,441.40000000000003 ms
19,448.1499999999999 ms
19,450.2999999999999 ms
19,456.55 ms
19,461.45 ms
19,505.1999999999999 ms
19,513.3499999999999 ms
19,519.4499999999998 ms
19,529.4000000000001 ms
19,537.0 ms
19,540.5999999999999 ms
19,556.2 ms
19,557.7 ms
19,594.5 ms
19,603.45 ms
19,606.95 ms
19,635.8500000000001 ms
19,658.1000000000001 ms
19,670.1000000000001 ms
19,671.05 ms
19,704.1500000000001 ms
19,704.5500000000002 ms
19,708.0500000000002 ms
19,719.95 ms
19,757.1500000000001 ms
19,776.6500000000001 ms
19,777.75 ms
19,784.5500000000002 ms
19,789.3499999999999 ms
19,789.8000000000002 ms
19,815.3000000000002 ms
19,844.5 ms
19,852.3000000000002 ms
19,857.25 ms
19,862.0500000000002 ms
19,864.5500000000002 ms
19,885.2 ms
19,925.5 ms
19,932.0 ms
19,950.8 ms
19,979.6499999999999 ms
19,983.3999999999999 ms
19,1035.5 ms
19,1056.25 ms
19,1063.6999999999998 ms
19,1067.8000000000002 ms
19,1091.3000000000002 ms
19,1104.6 ms
19,1118.4 ms
19,1119.65 ms
19,1137.9999999999995 ms
19,1161.6999999999998 ms
19,1165.1 ms
19,1169.85 ms
19,1172.9499999999998 ms
19,1177.35 ms
19,1184.9499999999998 ms
19,1192.1 ms
19,1198.6 ms
19,1199.4499999999998 ms
19,1212.35 ms
19,1214.0 ms
19,1222.9 ms
19,1226.4 ms
19,1236.2000000000003 ms
19,1279.2999999999997 ms
19,1283.1 ms
19,1286.6 ms
19,1290.5 ms
19,1305.5 ms
19,1319.9499999999998 ms
19,1335.0500000000002 ms
19,1338.3999999999996 ms
19,1355.0500000000002 ms
19,1363.5500000000002 ms
19,1387.6 ms
19,1398.65 ms
19,1411.4 ms
19,1436.15 ms
19,1447.1 ms
19,1455.1 ms
19,1472.0499999999997 ms
19,1473.35 ms
19,1474.35 ms
19,1475.5 ms
19,1476.1999999999998 ms
19,1503.75 ms
19,1504.1999999999998 ms
19,1516.3000000000002 ms
19,1521.85 ms
19,1545.1999999999998 ms
19,1585.1999999999998 ms
19,1587.25 ms
19,1590.5499999999997 ms
19,1600.4999999999995 ms
19,1628.1 ms
19,1665.2999999999997 ms
19,1697.6999999999998 ms
19,1713.5 ms
19,1725.5499999999997 ms
19,1730.85 ms
19,1773.0499999999997 ms
19,1788.9999999999995 ms
19,1795.5499999999997 ms
19,1805.85 ms
19,1810.6 ms
19,1842.4499999999994 ms
19,1850.7499999999995 ms
19,1860.9999999999995 ms
19,1875.2499999999995 ms
19,1880.2499999999995 ms
19,1896.9999999999995 ms
19,1920.1499999999996 ms
19,1926.0999999999995 ms
19,1926.7999999999997 ms
19,1947.6499999999996 ms
19,1978.3999999999996 ms
19,1980.8499999999995 ms
19,1991.5 ms
19,2022.0499999999997 ms
19,2029.4499999999998 ms
19,2042.4499999999998 ms
19,2050.7999999999997 ms
19,2051.7499999999995 ms
19,2058.4 ms
19,2073.9999999999995 ms
19,2084.7999999999997 ms
19,2092.149999999999 ms
19,2102.599999999999 ms
19,2113.149999999999 ms
19,2119.0499999999997 ms
19,2127.35 ms
19,2137.6999999999994 ms
19,2148.2999999999997 ms
19,2163.399999999999 ms
19,2199.599999999999 ms
19,2200.4499999999994 ms
19,2200.7499999999995 ms
19,2219.849999999999 ms
19,2223.399999999999 ms
19,2230.349999999999 ms
19,2265.649999999999 ms
19,2267.9499999999994 ms
19,2301.35 ms
19,2315.0000000000005 ms
19,2315.9 ms
19,2339.2000000000003 ms
19,2339.600000000001 ms
19,2345.900000000001 ms
19,2356.3000000000006 ms
19,2358.950000000001 ms
19,2374.4500000000003 ms
19,2385.350000000001 ms
19,2392.350000000001 ms
19,2395.7500000000014 ms
19,2398.700000000001 ms
19,2428.400000000001 ms
19,2440.4 ms
19,2455.35 ms
19,2456.600000000001 ms
19,2477.650000000001 ms
19,2480.2500000000005 ms
19,2488.650000000001 ms
19,2499.2500000000005 ms
19,2524.400000000001 ms
19,2531.600000000001 ms
19,2535.7000000000003 ms
19,2545.350000000001 ms
19,2563.6 ms
19,2574.350000000001 ms
19,2578.6 ms
19,2589.9 ms
19,2610.2000000000003 ms
19,2610.5500000000006 ms
19,2615.200000000001 ms
19,2625.7500000000014 ms
19,2632.900000000001 ms
19,2639.150000000001 ms
19,2643.5000000000005 ms
19,2644.400000000001 ms
19,2667.700000000001 ms
19,2686.450000000001 ms
19,2710.8500000000017 ms
19,2714.8000000000015 ms
19,2773.2500000000014 ms
19,2787.150000000001 ms
19,2790.5000000000005 ms
19,2791.600000000001 ms
19,2796.650000000001 ms
19,2804.5000000000005 ms
19,2805.600000000001 ms
19,2816.9500000000003 ms
19,2822.450000000001 ms
19,2828.600000000001 ms
19,2915.900000000001 ms
19,2931.150000000001 ms
19,2938.0000000000005 ms
19,2958.8000000000006 ms
19,2962.850000000001 ms
19,2988.8500000000017 ms
19,3018.850000000001 ms
19,3027.700000000001 ms
19,3027.8500000000017 ms
19,3032.350000000001 ms
19,3050.150000000001 ms
19,3061.400000000002 ms
19,3063.6000000000017 ms
19,3103.600000000001 ms
19,3123.450000000001 ms
19,3136.200000000001 ms
19,3142.8000000000006 ms
19,3155.650000000001 ms
19,3184.3000000000015 ms
19,3192.5000000000014 ms
19,3202.900000000001 ms
19,3203.850000000001 ms
19,3227.9500000000003 ms
19,3228.700000000001 ms
19,3234.150000000001 ms
19,3234.4 ms
19,3245.150000000001 ms
19,3252.850000000001 ms
19,3264.2000000000003 ms
19,3268.7500000000005 ms
19,3284.150000000001 ms
19,3320.9 ms
19,3339.9500000000003 ms
19,3347.8000000000006 ms
19,3348.0500000000006 ms
19,3368.100000000001 ms
19,3368.7500000000014 ms
19,3388.7500000000005 ms
19,3390.150000000001 ms
19,3440.100000000001 ms
19,3453.0500000000006 ms
19,3455.3000000000006 ms
19,3474.8000000000006 ms
19,3488.4 ms
19,3497.400000000001 ms
19,3502.8000000000006 ms
19,3521.450000000001 ms
19,3533.850000000001 ms
19,3536.900000000001 ms
19,3546.0500000000015 ms
19,3569.200000000001 ms
19,3575.7500000000014 ms
19,3621.700000000001 ms
19,3626.650000000001 ms
19,3642.3000000000015 ms
19,3654.7500000000014 ms
19,3663.2500000000005 ms
19,3695.100000000001 ms
19,3774.9500000000003 ms
19,3789.450000000001 ms
19,3789.8000000000006 ms
19,3813.65 ms
19,3825.5000000000005 ms
19,3835.8000000000006 ms
19,3853.450000000001 ms
19,3881.7500000000014 ms
19,3891.350000000001 ms
19,3908.100000000001 ms
19,3925.150000000001 ms
19,3941.700000000001 ms
19,3976.6000000000017 ms
19,3985.350000000001 ms
19,3996.8500000000017 ms
20,30.85 ms
20,40.800000000000004 ms
20,43.85 ms
20,69.45000000000002 ms
20,69.95000000000002 ms
20,88.6 ms
20,95.80000000000001 ms
20,99.25 ms
20,108.80000000000001 ms
20,138.95000000000002 ms
20,149.95000000000002 ms
20,154.45000000000002 ms
20,157.75000000000003 ms
20,163.95000000000002 ms
20,167.29999999999998 ms
20,170.80000000000004 ms
20,197.20000000000002 ms
20,210.9 ms
20,216.74999999999997 ms
20,219.15 ms
20,261.20000000000005 ms
20,276.20000000000005 ms
20,291.3499999999999 ms
20,378.04999999999995 ms
20,386.4 ms
20,396.65 ms
20,450.29999999999995 ms
20,450.94999999999993 ms
20,460.69999999999993 ms
20,461.4 ms
20,477.2499999999999 ms
20,502.4 ms
20,508.79999999999984 ms
20,513.3 ms
20,516.95 ms
20,534.7499999999998 ms
20,554.0999999999999 ms
20,565.1999999999998 ms
20,595.8499999999999 ms
20,612.25 ms
20,643.1999999999998 ms
20,652.1500000000001 ms
20,652.6999999999998 ms
20,672.8499999999999 ms
20,678.9499999999998 ms
20,700.25 ms
20,707.0999999999999 ms
20,711.6999999999998 ms
20,731.9499999999998 ms
20,741.8 ms
20,743.55 ms
20,743.8 ms
20,746.8 ms
20,763.55 ms
20,763.7 ms
20,780.4999999999998 ms
20,802.4999999999998 ms
20,807.3499999999999 ms
20,810.3499999999999 ms
20,810.8 ms
20,829.5 ms
20,867.75 ms
20,884.45 ms
20,903.75 ms
20,933.95 ms
20,940.7 ms
20,944.45 ms
20,963.1500000000001 ms
20,968.3500000000001 ms
20,986.4000000000001 ms
20,1003.0500000000002 ms
20,1006.5500000000002 ms
20,1019.7 ms
20,1026.45 ms
20,1040.1500000000003 ms
20,1040.3999999999999 ms
20,1054.45 ms
20,1074.45 ms
20,1074.9999999999998 ms
20,1082.3 ms
20,1087.8499999999997 ms
20,1094.2499999999998 ms
20,1095.5999999999997 ms
20,1099.7499999999998 ms
20,1128.95 ms
20,1161.3500000000001 ms
20,1164.0000000000002 ms
20,1168.3 ms
20,1177.6499999999999 ms
20,1194.2499999999998 ms
20,1229.3 ms
20,1252.2500000000002 ms
20,1273.2499999999998 ms
20,1284.05 ms
20,1284.55 ms
20,1310.0999999999997 ms
20,1313.6499999999999 ms
20,1322.8999999999999 ms
20,1338.8999999999999 ms
20,1361.2499999999998 ms
20,1364.7999999999995 ms
20,1389.8 ms
20,1392.45 ms
20,1409.3999999999999 ms
20,1426.55 ms
20,1427.5000000000002 ms
20,1432.4000000000003 ms
20,1452.8999999999999 ms
20,1474.05 ms
20,1485.6000000000001 ms
20,1502.5000000000002 ms
20,1504.55 ms
20,1510.1000000000001 ms
20,1546.0000000000002 ms
20,1549.55 ms
20,1555.7500000000002 ms
20,1558.0000000000002 ms
20,1567.8 ms
20,1576.8000000000004 ms
20,1577.4000000000003 ms
20,1595.8500000000001 ms
20,1605.6499999999999 ms
20,1612.6500000000003 ms
20,1613.1499999999999 ms
20,1620.9999999999998 ms
20,1621.0999999999997 ms
20,1621.4499999999996 ms
20,1637.3999999999999 ms
20,1647.1499999999999 ms
20,1648.6000000000001 ms
20,1649.55 ms
20,1653.8 ms
20,1654.6499999999999 ms
20,1740.05 ms
20,1743.1499999999999 ms
20,1746.55 ms
20,1755.2500000000002 ms
20,1759.45 ms
20,1760.8500000000001 ms
20,1776.0000000000002 ms
20,1787.3 ms
20,1787.8999999999999 ms
20,1796.3500000000001 ms
20,1807.8999999999999 ms
20,1818.2 ms
20,1832.2499999999998 ms
20,1846.95 ms
20,1869.4999999999998 ms
20,1878.95 ms
20,1880.6500000000003 ms
20,1894.1499999999999 ms
20,1894.55 ms
20,1900.1000000000001 ms
20,1913.3999999999999 ms
20,1915.1500000000003 ms
20,1920.0000000000002 ms
20,1942.8 ms
20,1943.0999999999997 ms
20,1943.8 ms
20,1957.7 ms
20,1964.3500000000001 ms
20,1975.0000000000002 ms
20,1976.9000000000003 ms
20,1981.1500000000003 ms
20,1990.95 ms
20,1994.7000000000005 ms
20,2021.4000000000003 ms
20,2028.4000000000003 ms
20,2029.2 ms
20,2049.500000000001 ms
20,2050.8 ms
20,2059.250000000001 ms
20,2060.7 ms
20,2065.3 ms
20,2076.1500000000005 ms
20,2115.45 ms
20,2118.05 ms
20,2138.6500000000005 ms
20,2145.0999999999995 ms
20,2183.4000000000005 ms
20,2194.5 ms
20,2229.3 ms
20,2232.05 ms
20,2233.6500000000005 ms
20,2257.8 ms
20,2271.3500000000004 ms
20,2272.9000000000005 ms
20,2277.9000000000005 ms
20,2279.4000000000005 ms
20,2304.3 ms
20,2322.4500000000007 ms
20,2334.6000000000004 ms
20,2337.6000000000004 ms
20,2337.8500000000004 ms
20,2339.2000000000007 ms
20,2339.4500000000007 ms
20,2352.4500000000007 ms
20,2354.7000000000007 ms
20,2364.7000000000007 ms
20,2371.7000000000007 ms
20,2396.1500000000005 ms
20,2406.55 ms
20,2410.4500000000007 ms
20,2416.4000000000005 ms
20,2425.7000000000007 ms
20,2431.1000000000004 ms
20,2439.250000000001 ms
20,2454.4500000000007 ms
20,2463.1500000000005 ms
20,2477.3500000000004 ms
20,2481.0 ms
20,2481.4000000000005 ms
20,2487.250000000001 ms
20,2492.2 ms
20,2516.55 ms
20,2516.8500000000004 ms
20,2548.3500000000004 ms
20,2570.9000000000005 ms
20,2588.250000000001 ms
20,2607.55 ms
20,2608.05 ms
20,2614.9500000000007 ms
20,2622.000000000001 ms
20,2638.4000000000005 ms
20,2665.8500000000013 ms
20,2676.7000000000007 ms
20,2700.500000000001 ms
20,2703.300000000001 ms
20,2712.550000000001 ms
20,2715.800000000001 ms
20,2728.1000000000013 ms
20,2747.4000000000015 ms
20,2748.550000000001 ms
20,2774.600000000002 ms
20,2777.300000000001 ms
20,2791.9000000000015 ms
20,2798.9000000000015 ms
20,2806.750000000002 ms
20,2810.250000000002 ms
20,2817.7000000000007 ms
20,2819.000000000002 ms
20,2824.4000000000015 ms
20,2831.500000000002 ms
20,2859.8500000000013 ms
20,2860.750000000001 ms
20,2867.550000000002 ms
20,2881.050000000002 ms
20,2929.9500000000016 ms
20,2935.4500000000016 ms
20,2947.2000000000016 ms
20,2975.4000000000015 ms
20,2988.9000000000015 ms
20,2995.9500000000016 ms
20,3009.4000000000015 ms
20,3012.050000000001 ms
20,3054.9000000000015 ms
20,3075.9500000000016 ms
20,3076.9500000000016 ms
20,3080.050000000002 ms
20,3087.8500000000013 ms
20,3094.8500000000013 ms
20,3112.2000000000016 ms
20,3167.550000000002 ms
20,3186.4000000000015 ms
20,3216.9500000000016 ms
20,3218.550000000002 ms
20,3232.500000000001 ms
20,3240.9500000000016 ms
20,3243.550000000001 ms
20,3245.4000000000015 ms
20,3257.6000000000004 ms
20,3267.550000000001 ms
20,3270.800000000001 ms
20,3302.050000000001 ms
20,3307.2000000000007 ms
20,3311.750000000001 ms
20,3319.250000000001 ms
20,3336.800000000001 ms
20,3339.1500000000015 ms
20,3363.000000000001 ms
20,3376.7000000000007 ms
20,3384.6500000000005 ms
20,3391.750000000001 ms
20,3401.6000000000004 ms
20,3402.2000000000007 ms
20,3403.2000000000007 ms
20,3404.55 ms
20,3427.6500000000005 ms
20,3430.5 ms
20,3444.3999999999996 ms
20,3467.05 ms
20,3478.2 ms
20,3492.1500000000005 ms
20,3521.75 ms
20,3545.3999999999996 ms
20,3549.8 ms
20,3551.45 ms
20,3562.2 ms
20,3563.8500000000004 ms
20,3568.6000000000004 ms
20,3570.4500000000007 ms
20,3575.8999999999996 ms
20,3586.25 ms
20,3587.3999999999996 ms
20,3610.4500000000007 ms
20,3671.55 ms
20,3674.55 ms
20,3678.7 ms
20,3694.9000000000005 ms
20,3731.5 ms
20,3732.1499999999996 ms
20,3740.7000000000007 ms
20,3753.2000000000007 ms
20,3784.1499999999996 ms
20,3799.5 ms
20,3814.1499999999996 ms
20,3823.3 ms
20,3838.4000000000005 ms
20,3870.5 ms
20,3886.8 ms
20,3887.05 ms
20,3891.55 ms
20,3920.1000000000004 ms
20,3925.3 ms
20,3936.05 ms
20,3942.5 ms
20,3949.6499999999996 ms
20,3951.4500000000007 ms
20,3969.4500000000007 ms
20,3985.3500000000004 ms
21,8.85 ms
21,23.549999999999997 ms
21,35.6 ms
21,106.65 ms
21,124.65 ms
21,158.49999999999997 ms
21,164.15 ms
21,173.95000000000002 ms
21,179.50000000000003 ms
21,193.35 ms
21,204.60000000000005 ms
21,248.85 ms
21,277.5 ms
21,301.45000000000005 ms
21,303.65 ms
21,309.5 ms
21,324.29999999999995 ms
21,337.25 ms
21,340.65 ms
21,341.04999999999995 ms
21,377.3499999999999 ms
21,408.79999999999995 ms
21,412.79999999999995 ms
21,424.65 ms
21,428.85 ms
21,430.79999999999995 ms
21,431.44999999999993 ms
21,432.79999999999995 ms
21,436.25 ms
21,443.8499999999999 ms
21,447.04999999999995 ms
21,490.0999999999999 ms
21,492.70000000000005 ms
21,513.1 ms
21,568.3000000000001 ms
21,594.7500000000001 ms
21,599.3500000000003 ms
21,600.4500000000002 ms
21,609.0000000000001 ms
21,625.1000000000003 ms
21,632.85 ms
21,634.9 ms
21,640.3000000000001 ms
21,655.9000000000002 ms
21,657.15 ms
21,666.8000000000001 ms
21,701.4000000000002 ms
21,715.3000000000001 ms
21,719.0000000000001 ms
21,752.0500000000001 ms
21,755.2500000000001 ms
21,757.8500000000003 ms
21,764.1 ms
21,774.65 ms
21,775.9000000000002 ms
21,776.1000000000003 ms
21,777.9500000000002 ms
21,780.3000000000003 ms
21,787.5000000000003 ms
21,803.4500000000004 ms
21,812.8000000000003 ms
21,847.7500000000003 ms
21,853.9000000000002 ms
21,856.5500000000003 ms
21,858.8000000000003 ms
21,866.5000000000003 ms
21,877.6500000000002 ms
21,915.4000000000004 ms
21,924.1500000000002 ms
21,945.8500000000003 ms
21,961.0000000000003 ms
21,979.7500000000003 ms
21,998.6000000000005 ms
21,999.9500000000004 ms
21,1007.6000000000003 ms
21,1015.4500000000004 ms
21,1029.8000000000006 ms
21,1039.1000000000004 ms
21,1065.3000000000002 ms
21,1072.2500000000005 ms
21,1080.5500000000006 ms
21,1089.2000000000003 ms
21,1105.6500000000005 ms
21,1119.1000000000004 ms
21,1119.9000000000005 ms
21,1125.8000000000006 ms
21,1135.5500000000006 ms
21,1146.9000000000005 ms
21,1153.6500000000005 ms
21,1153.8000000000006 ms
21,1159.2000000000007 ms
21,1172.250000000001 ms
21,1197.3500000000004 ms
21,1202.1000000000004 ms
21,1211.9500000000007 ms
21,1256.3500000000004 ms
21,1257.9000000000005 ms
21,1258.6500000000005 ms
21,1268.3000000000006 ms
21,1287.6000000000008 ms
21,1319.1500000000005 ms
21,1325.9000000000005 ms
21,1338.8000000000006 ms
21,1340.5500000000006 ms
21,1365.7500000000005 ms
21,1368.3500000000008 ms
21,1396.1500000000005 ms
21,1417.6000000000004 ms
21,1430.6500000000005 ms
21,1455.5500000000006 ms
21,1463.1000000000008 ms
21,1479.2000000000003 ms
21,1482.6500000000005 ms
21,1487.6500000000005 ms
21,1492.2500000000005 ms
21,1492.9500000000003 ms
21,1498.7000000000003 ms
21,1502.0500000000006 ms
21,1508.3000000000006 ms
21,1529.7500000000005 ms
21,1545.4000000000005 ms
21,1545.8500000000004 ms
21,1564.8000000000006 ms
21,1591.7000000000007 ms
21,1608.6500000000005 ms
21,1631.050000000001 ms
21,1636.800000000001 ms
21,1641.2000000000007 ms
21,1656.8500000000013 ms
21,1662.6000000000013 ms
21,1674.9500000000007 ms
21,1677.3500000000013 ms
21,1694.300000000001 ms
21,1700.300000000001 ms
21,1722.050000000001 ms
21,1725.6000000000013 ms
21,1747.6000000000013 ms
21,1752.1000000000013 ms
21,1752.8500000000013 ms
21,1754.050000000001 ms
21,1771.2000000000012 ms
21,1777.4500000000012 ms
21,1789.300000000001 ms
21,1799.6000000000013 ms
21,1816.6000000000013 ms
21,1825.150000000001 ms
21,1842.1000000000008 ms
21,1846.7500000000014 ms
21,1853.5000000000014 ms
21,1866.6000000000008 ms
21,1887.9500000000012 ms
21,1893.9500000000012 ms
21,1898.4500000000012 ms
21,1917.750000000001 ms
21,1942.500000000001 ms
21,1951.650000000001 ms
21,1955.000000000001 ms
21,1964.250000000001 ms
21,1997.8500000000008 ms
21,2031.8000000000006 ms
21,2034.5500000000006 ms
21,2038.400000000001 ms
21,2045.0000000000005 ms
21,2074.5000000000014 ms
21,2079.600000000001 ms
21,2087.7500000000014 ms
21,2096.200000000001 ms
21,2117.400000000001 ms
21,2213.600000000001 ms
21,2247.85 ms
21,2259.5499999999997 ms
21,2288.7499999999995 ms
21,2324.35 ms
21,2334.15 ms
21,2337.0500000000006 ms
21,2341.4 ms
21,2342.4500000000003 ms
21,2342.850000000001 ms
21,2345.400000000001 ms
21,2349.3000000000006 ms
21,2378.0000000000005 ms
21,2380.4500000000003 ms
21,2400.850000000001 ms
21,2435.650000000001 ms
21,2437.850000000001 ms
21,2451.400000000001 ms
21,2472.850000000001 ms
21,2503.6 ms
21,2540.9500000000003 ms
21,2549.100000000001 ms
21,2554.35 ms
21,2559.4500000000003 ms
21,2582.0499999999997 ms
21,2587.7000000000003 ms
21,2590.100000000001 ms
21,2592.0000000000005 ms
21,2616.1 ms
21,2619.7999999999997 ms
21,2620.35 ms
21,2638.2000000000003 ms
21,2640.2000000000003 ms
21,2650.100000000001 ms
21,2703.5000000000005 ms
21,2705.4500000000003 ms
21,2706.65 ms
21,2751.1 ms
21,2755.15 ms
21,2761.6 ms
21,2787.9499999999994 ms
21,2798.2499999999995 ms
21,2840.4499999999994 ms
21,2863.85 ms
21,2868.0499999999997 ms
21,2871.0499999999997 ms
21,2876.4999999999995 ms
21,2885.2999999999997 ms
21,2889.7000000000003 ms
21,2894.5499999999997 ms
21,2906.2499999999995 ms
21,2907.2499999999995 ms
21,2916.9499999999994 ms
21,2922.9999999999995 ms
21,2923.9499999999994 ms
21,2948.149999999999 ms
21,2954.149999999999 ms
21,2957.2499999999986 ms
21,2964.399999999999 ms
21,2978.149999999999 ms
21,2978.599999999999 ms
21,3049.649999999999 ms
21,3051.9499999999994 ms
21,3053.399999999999 ms
21,3054.149999999999 ms
21,3067.849999999999 ms
21,3078.349999999999 ms
21,3082.899999999999 ms
21,3109.7999999999997 ms
21,3111.049999999999 ms
21,3134.7999999999997 ms
21,3183.399999999999 ms
21,3183.849999999999 ms
21,3204.4499999999985 ms
21,3219.1999999999994 ms
21,3238.649999999999 ms
21,3270.6999999999994 ms
21,3293.349999999999 ms
21,3321.6999999999985 ms
21,3333.9999999999986 ms
21,3361.4999999999995 ms
21,3371.7499999999986 ms
21,3372.7499999999995 ms
21,3376.4999999999986 ms
21,3382.549999999999 ms
21,3382.7999999999997 ms
21,3437.1999999999994 ms
21,3478.9999999999995 ms
21,3508.599999999999 ms
21,3526.399999999999 ms
21,3535.65 ms
21,3552.649999999999 ms
21,3565.1999999999994 ms
21,3579.5499999999997 ms
21,3580.1 ms
21,3592.7500000000005 ms
21,3599.4 ms
21,3635.7499999999995 ms
21,3642.85 ms
21,3643.7999999999997 ms
21,3645.35 ms
21,3661.5000000000005 ms
21,3662.4 ms
21,3669.2000000000003 ms
21,3696.7999999999997 ms
21,3701.65 ms
21,3723.6 ms
21,3732.65 ms
21,3752.35 ms
21,3819.2999999999997 ms
21,3834.7000000000003 ms
21,3835.15 ms
21,3852.5499999999997 ms
21,3865.1 ms
21,3866.4 ms
21,3867.0500000000006 ms
21,3871.4500000000003 ms
21,3917.2000000000003 ms
21,3955.15 ms
21,3957.35 ms
21,3959.6 ms
21,3977.7999999999997 ms
21,3979.5499999999997 ms
21,3981.85 ms
21,3989.0499999999997 ms
22,12.450000000000001 ms
22,14.500000000000002 ms
22,20.650000000000006 ms
22,25.050000000000004 ms
22,38.60000000000001 ms
22,63.30000000000001 ms
22,65.55000000000001 ms
22,107.25 ms
22,108.5 ms
22,118.75 ms
22,119.65000000000003 ms
22,127.90000000000003 ms
22,129.85000000000002 ms
22,136.40000000000003 ms
22,139.70000000000005 ms
22,144.70000000000005 ms
22,145.70000000000005 ms
22,169.20000000000005 ms
22,209.10000000000002 ms
22,250.55000000000007 ms
22,250.85000000000008 ms
22,254.6500000000001 ms
22,261.20000000000005 ms
22,273.0000000000001 ms
22,279.0000000000001 ms
22,285.7500000000001 ms
22,310.10000000000014 ms
22,316.45000000000016 ms
22,323.8000000000002 ms
22,330.6500000000002 ms
22,337.95000000000016 ms
22,347.45000000000016 ms
22,354.5000000000002 ms
22,356.7500000000002 ms
22,360.9500000000003 ms
22,372.8000000000002 ms
22,375.1500000000003 ms
22,376.9000000000003 ms
22,382.4500000000003 ms
22,393.3000000000003 ms
22,395.85000000000025 ms
22,411.8000000000003 ms
22,417.00000000000034 ms
22,422.9000000000002 ms
22,448.8000000000003 ms
22,459.0500000000003 ms
22,461.8000000000003 ms
22,466.20000000000016 ms
22,490.70000000000016 ms
22,492.0500000000003 ms
22,498.20000000000016 ms
22,527.8000000000003 ms
22,547.9000000000002 ms
22,548.4000000000002 ms
22,571.4500000000002 ms
22,589.35 ms
22,599.0000000000001 ms
22,604.5500000000001 ms
22,608.3000000000001 ms
22,610.4000000000002 ms
22,617.1000000000003 ms
22,660.0000000000001 ms
22,667.0500000000001 ms
22,668.1999999999999 ms
22,672.9999999999999 ms
22,696.65 ms
22,697.35 ms
22,724.3000000000001 ms
22,754.0000000000001 ms
22,760.9 ms
22,769.1500000000002 ms
22,800.1000000000003 ms
22,817.5000000000001 ms
22,828.2500000000001 ms
22,852.0500000000001 ms
22,882.3000000000001 ms
22,948.6 ms
22,962.3000000000001 ms
22,963.9499999999999 ms
22,976.5500000000001 ms
22,993.3000000000001 ms
22,1011.85 ms
22,1030.9500000000003 ms
22,1032.9500000000003 ms
22,1041.9 ms
22,1068.8000000000002 ms
22,1079.8500000000004 ms
22,1089.3500000000004 ms
22,1098.75 ms
22,1103.8500000000004 ms
22,1124.1999999999998 ms
22,1136.0 ms
22,1141.9499999999998 ms
22,1145.75 ms
22,1163.3000000000002 ms
22,1169.75 ms
22,1195.4 ms
22,1213.9 ms
22,1214.3000000000002 ms
22,1226.7000000000003 ms
22,1271.5000000000005 ms
22,1280.5000000000005 ms
22,1284.65 ms
22,1289.5500000000006 ms
22,1289.65 ms
22,1330.9 ms
22,1370.5000000000005 ms
22,1374.5500000000002 ms
22,1386.5500000000002 ms
22,1389.5500000000002 ms
22,1394.0500000000002 ms
22,1411.7000000000003 ms
22,1415.3000000000002 ms
22,1430.2000000000003 ms
22,1436.1000000000004 ms
22,1439.6500000000005 ms
22,1446.3500000000004 ms
22,1467.1000000000004 ms
22,1474.5000000000005 ms
22,1478.8500000000004 ms
22,1489.5000000000005 ms
22,1511.1000000000004 ms
22,1514.1500000000005 ms
22,1518.8000000000002 ms
22,1551.6000000000004 ms
22,1559.7000000000003 ms
22,1588.0000000000005 ms
22,1598.35 ms
22,1599.85 ms
22,1649.15 ms
22,1682.9500000000003 ms
22,1722.75 ms
22,1730.0500000000002 ms
22,1746.25 ms
22,1753.3000000000002 ms
22,1755.3000000000002 ms
22,1762.1499999999996 ms
22,1763.4499999999998 ms
22,1770.35 ms
22,1792.7999999999997 ms
22,1799.35 ms
22,1799.5 ms
22,1811.35 ms
22,1828.0 ms
22,1836.4499999999998 ms
22,1846.65 ms
22,1849.0500000000002 ms
22,1859.3500000000004 ms
22,1872.75 ms
22,1892.3500000000004 ms
22,1919.9499999999998 ms
22,1926.5 ms
22,1974.25 ms
22,1987.9 ms
22,2024.25 ms
22,2031.1999999999998 ms
22,2044.4 ms
22,2044.85 ms
22,2048.6000000000004 ms
22,2079.3500000000004 ms
22,2084.5 ms
22,2084.6500000000005 ms
22,2100.250000000001 ms
22,2105.3 ms
22,2106.250000000001 ms
22,2106.45 ms
22,2110.05 ms
22,2110.45 ms
22,2111.3 ms
22,2121.9000000000005 ms
22,2134.8499999999995 ms
22,2137.8 ms
22,2148.5999999999995 ms
22,2152.6500000000005 ms
22,2162.5 ms
22,2175.05 ms
22,2191.7 ms
22,2208.9000000000005 ms
22,2235.05 ms
22,2249.1000000000004 ms
22,2259.8 ms
22,2261.25 ms
22,2262.1000000000004 ms
22,2283.1000000000004 ms
22,2285.1000000000004 ms
22,2293.75 ms
22,2316.45 ms
22,2323.8999999999996 ms
22,2342.0499999999993 ms
22,2379.25 ms
22,2381.7999999999993 ms
22,2389.8500000000004 ms
22,2395.7999999999993 ms
22,2400.95 ms
22,2408.75 ms
22,2418.55 ms
22,2423.05 ms
22,2433.1000000000004 ms
22,2436.7000000000007 ms
22,2479.1499999999996 ms
22,2481.8 ms
22,2497.75 ms
22,2513.05 ms
22,2562.25 ms
22,2575.3500000000004 ms
22,2595.2 ms
22,2605.25 ms
22,2612.1499999999996 ms
22,2644.2000000000007 ms
22,2679.5 ms
22,2711.0 ms
22,2713.1000000000004 ms
22,2719.4500000000007 ms
22,2736.3999999999996 ms
22,2746.1499999999996 ms
22,2762.6000000000004 ms
22,2776.2 ms
22,2810.3 ms
22,2814.8499999999995 ms
22,2832.25 ms
22,2840.5 ms
22,2875.1000000000004 ms
22,2876.7999999999993 ms
22,2932.2999999999993 ms
22,2948.45 ms
22,2958.1499999999996 ms
22,2974.7 ms
22,2976.8 ms
22,2978.749999999999 ms
22,2982.5999999999995 ms
22,2987.0999999999995 ms
22,2992.7999999999993 ms
22,3015.3499999999995 ms
22,3026.749999999999 ms
22,3045.3999999999996 ms
22,3049.8999999999996 ms
22,3051.8999999999996 ms
22,3054.2 ms
22,3055.8 ms
22,3071.1499999999996 ms
22,3074.3499999999995 ms
22,3096.1499999999996 ms
22,3097.5 ms
22,3112.2999999999993 ms
22,3122.2 ms
22,3151.55 ms
22,3160.95 ms
22,3174.95 ms
22,3177.95 ms
22,3188.8999999999996 ms
22,3206.25 ms
22,3207.0999999999995 ms
22,3209.3999999999996 ms
22,3223.5999999999995 ms
22,3226.5499999999993 ms
22,3231.949999999999 ms
22,3249.6499999999996 ms
22,3260.199999999999 ms
22,3278.3999999999996 ms
22,3299.1499999999996 ms
22,3301.6499999999996 ms
22,3306.0999999999985 ms
22,3320.6499999999996 ms
22,3354.5999999999985 ms
22,3375.8999999999996 ms
22,3379.3499999999985 ms
22,3400.699999999999 ms
22,3401.8999999999987 ms
22,3423.5999999999985 ms
22,3429.1499999999987 ms
22,3435.499999999999 ms
22,3437.999999999999 ms
22,3438.1499999999987 ms
22,3464.499999999999 ms
22,3467.5499999999984 ms
22,3473.5999999999995 ms
22,3480.1499999999987 ms
22,3505.8499999999995 ms
22,3507.3999999999987 ms
22,3518.2 ms
22,3519.3499999999995 ms
22,3534.1499999999996 ms
22,3536.2 ms
22,3581.6499999999996 ms
22,3583.7999999999993 ms
22,3597.6000000000004 ms
22,3611.1499999999996 ms
22,3614.3999999999996 ms
22,3615.0 ms
22,3621.0 ms
22,3624.8999999999996 ms
22,3627.6000000000004 ms
22,3635.8500000000004 ms
22,3636.1499999999996 ms
22,3646.4500000000007 ms
22,3649.3 ms
22,3655.4000000000005 ms
22,3657.8499999999995 ms
22,3658.95 ms
22,3659.45 ms
22,3662.0999999999995 ms
22,3675.25 ms
22,3699.5 ms
22,3705.1000000000004 ms
22,3717.5 ms
22,3731.1499999999996 ms
22,3733.25 ms
22,3739.3999999999996 ms
22,3752.4500000000007 ms
22,3813.3500000000004 ms
22,3814.1500000000005 ms
22,3840.500000000001 ms
22,3853.55 ms
22,3884.2000000000007 ms
22,3896.3500000000004 ms
22,3902.250000000001 ms
22,3923.8500000000013 ms
22,3932.05 ms
22,3933.250000000001 ms
22,3955.9000000000005 ms
22,3969.05 ms
23,4.15 ms
23,37.75 ms
23,38.5 ms
23,54.55 ms
23,63.0 ms
23,68.0 ms
23,71.55000000000001 ms
23,77.25 ms
23,79.0 ms
23,88.69999999999999 ms
23,132.7 ms
23,166.64999999999998 ms
23,176.5 ms
23,187.14999999999998 ms
23,212.14999999999998 ms
23,217.0 ms
23,234.14999999999998 ms
23,268.9 ms
23,270.65 ms
23,283.29999999999995 ms
23,287.8499999999999 ms
23,289.20000000000005 ms
23,297.5 ms
23,303.5 ms
23,310.0 ms
23,312.25 ms
23,313.1 ms
23,330.75 ms
23,335.1 ms
23,360.85 ms
23,368.30000000000007 ms
23,369.19999999999993 ms
23,374.15 ms
23,387.29999999999995 ms
23,417.19999999999993 ms
23,424.44999999999993 ms
23,428.44999999999993 ms
23,432.44999999999993 ms
23,443.15 ms
23,452.79999999999984 ms
23,478.44999999999993 ms
23,509.29999999999984 ms
23,519.6999999999999 ms
23,520.4 ms
23,531.9499999999999 ms
23,536.5500000000001 ms
23,544.15 ms
23,546.2500000000001 ms
23,575.7000000000002 ms
23,582.5000000000001 ms
23,618.2000000000002 ms
23,638.7500000000001 ms
23,642.7499999999999 ms
23,667.7500000000001 ms
23,670.3000000000001 ms
23,675.4499999999999 ms
23,685.4 ms
23,689.7999999999998 ms
23,691.5500000000001 ms
23,695.1 ms
23,709.1999999999999 ms
23,716.4999999999999 ms
23,727.1499999999997 ms
23,727.6999999999997 ms
23,727.8499999999998 ms
23,734.1999999999999 ms
23,749.65 ms
23,754.6499999999997 ms
23,764.2499999999999 ms
23,766.4499999999999 ms
23,766.65 ms
23,778.0000000000001 ms
23,790.9999999999999 ms
23,801.1999999999999 ms
23,803.85 ms
23,820.4500000000002 ms
23,829.7500000000001 ms
23,842.6 ms
23,865.85 ms
23,885.2000000000002 ms
23,904.9000000000002 ms
23,913.8000000000001 ms
23,938.0500000000001 ms
23,938.5000000000001 ms
23,970.7500000000001 ms
23,1014.8500000000003 ms
23,1026.5500000000002 ms
23,1055.1000000000004 ms
23,1086.8500000000004 ms
23,1096.5 ms
23,1108.1000000000004 ms
23,1111.4 ms
23,1130.35 ms
23,1160.5000000000005 ms
23,1160.9500000000003 ms
23,1178.0500000000002 ms
23,1178.4500000000003 ms
23,1184.0000000000005 ms
23,1184.9500000000003 ms
23,1186.65 ms
23,1241.3000000000006 ms
23,1254.4 ms
23,1254.8500000000004 ms
23,1296.5500000000002 ms
23,1321.8500000000004 ms
23,1328.0500000000002 ms
23,1341.3000000000002 ms
23,1354.9500000000007 ms
23,1378.7500000000005 ms
23,1385.6500000000005 ms
23,1396.7500000000005 ms
23,1399.3000000000006 ms
23,1405.3000000000006 ms
23,1432.65 ms
23,1439.0000000000005 ms
23,1440.1 ms
23,1443.85 ms
23,1470.65 ms
23,1475.5500000000002 ms
23,1480.1000000000004 ms
23,1491.9499999999998 ms
23,1538.0 ms
23,1565.0500000000002 ms
23,1570.8000000000002 ms
23,1571.8000000000002 ms
23,1578.4499999999998 ms
23,1589.6999999999998 ms
23,1592.6999999999998 ms
23,1607.1999999999998 ms
23,1623.6999999999998 ms
23,1631.0 ms
23,1639.6 ms
23,1649.5 ms
23,1677.6999999999998 ms
23,1708.0 ms
23,1713.15 ms
23,1721.5500000000002 ms
23,1771.2000000000003 ms
23,1778.2500000000005 ms
23,1778.4 ms
23,1779.0000000000005 ms
23,1790.5500000000002 ms
23,1802.9500000000003 ms
23,1815.15 ms
23,1829.65 ms
23,1842.4500000000003 ms
23,1847.9500000000003 ms
23,1849.8500000000004 ms
23,1913.2000000000003 ms
23,1922.9500000000003 ms
23,1928.15 ms
23,1942.6000000000004 ms
23,1945.5500000000002 ms
23,1953.5000000000005 ms
23,1982.0000000000005 ms
23,1995.5000000000005 ms
23,2012.4500000000003 ms
23,2023.6500000000005 ms
23,2026.8000000000006 ms
23,2071.5000000000005 ms
23,2073.0000000000005 ms
23,2079.150000000001 ms
23,2087.5500000000006 ms
23,2103.4 ms
23,2104.400000000001 ms
23,2128.3000000000006 ms
23,2133.950000000001 ms
23,2143.7000000000003 ms
23,2160.850000000001 ms
23,2170.2000000000003 ms
23,2179.3000000000006 ms
23,2193.15 ms
23,2197.0500000000006 ms
23,2209.7500000000005 ms
23,2230.1 ms
23,2243.2500000000005 ms
23,2256.6 ms
23,2261.7999999999997 ms
23,2282.4 ms
23,2299.5500000000006 ms
23,2299.7999999999997 ms
23,2302.8000000000006 ms
23,2316.15 ms
23,2319.4500000000003 ms
23,2324.5499999999997 ms
23,2331.65 ms
23,2362.65 ms
23,2370.3000000000006 ms
23,2385.5499999999997 ms
23,2402.15 ms
23,2405.5500000000006 ms
23,2406.850000000001 ms
23,2424.7500000000005 ms
23,2443.6 ms
23,2458.4500000000003 ms
23,2460.2500000000005 ms
23,2461.2500000000005 ms
23,2462.2500000000005 ms
23,2463.150000000001 ms
23,2472.15 ms
23,2503.400000000001 ms
23,2547.2500000000005 ms
23,2551.150000000001 ms
23,2554.9 ms
23,2592.0500000000006 ms
23,2622.600000000001 ms
23,2627.4500000000003 ms
23,2628.4 ms
23,2654.5500000000006 ms
23,2678.0000000000005 ms
23,2685.9500000000003 ms
23,2687.5000000000005 ms
23,2689.5000000000005 ms
23,2691.5000000000005 ms
23,2697.8000000000006 ms
23,2698.15 ms
23,2710.9500000000003 ms
23,2723.350000000001 ms
23,2740.5000000000014 ms
23,2751.950000000001 ms
23,2761.9500000000003 ms
23,2778.4 ms
23,2784.3000000000006 ms
23,2809.3000000000006 ms
23,2811.5000000000005 ms
23,2816.2000000000003 ms
23,2840.2500000000005 ms
23,2843.150000000001 ms
23,2863.600000000001 ms
23,2875.150000000001 ms
23,2887.600000000001 ms
23,2888.150000000001 ms
23,2898.200000000001 ms
23,2900.2500000000014 ms
23,2900.600000000001 ms
23,2900.900000000001 ms
23,2916.7500000000005 ms
23,2924.100000000001 ms
23,2933.0500000000006 ms
23,2936.15 ms
23,2951.9500000000003 ms
23,2988.9 ms
23,2993.0000000000005 ms
23,2993.3000000000006 ms
23,3000.9 ms
23,3001.900000000001 ms
23,3011.65 ms
23,3026.9500000000003 ms
23,3031.3000000000006 ms
23,3062.950000000001 ms
23,3076.850000000001 ms
23,3111.5000000000014 ms
23,3113.7500000000005 ms
23,3120.900000000001 ms
23,3124.950000000001 ms
23,3141.900000000001 ms
23,3147.900000000001 ms
23,3154.150000000001 ms
23,3155.700000000001 ms
23,3180.5500000000006 ms
23,3182.850000000001 ms
23,3194.6000000000017 ms
23,3196.600000000001 ms
23,3199.7500000000014 ms
23,3205.0000000000014 ms
23,3222.450000000001 ms
23,3223.650000000001 ms
23,3226.100000000001 ms
23,3234.650000000001 ms
23,3235.400000000001 ms
23,3270.0500000000015 ms
23,3288.5500000000006 ms
23,3296.0000000000005 ms
23,3297.400000000001 ms
23,3305.600000000001 ms
23,3328.7000000000003 ms
23,3332.0500000000006 ms
23,3357.5500000000006 ms
23,3381.0000000000005 ms
23,3398.6 ms
23,3399.100000000001 ms
23,3410.3000000000006 ms
23,3432.4500000000003 ms
23,3433.9500000000003 ms
23,3451.100000000001 ms
23,3453.5000000000005 ms
23,3465.2000000000003 ms
23,3506.600000000001 ms
23,3516.5500000000006 ms
23,3591.5499999999997 ms
23,3594.0500000000006 ms
23,3594.600000000001 ms
23,3604.900000000001 ms
23,3609.350000000001 ms
23,3609.900000000001 ms
23,3654.15 ms
23,3672.150000000001 ms
23,3675.3000000000006 ms
23,3686.200000000001 ms
23,3691.2500000000014 ms
23,3705.150000000001 ms
23,3710.3000000000015 ms
23,3712.700000000001 ms
23,3720.400000000001 ms
23,3739.850000000001 ms
23,3772.350000000001 ms
23,3785.600000000001 ms
23,3800.0500000000006 ms
23,3820.100000000001 ms
23,3831.400000000001 ms
23,3848.5500000000015 ms
23,3849.0500000000006 ms
23,3851.950000000001 ms
23,3858.6000000000017 ms
23,3902.2500000000014 ms
23,3907.200000000001 ms
23,3911.400000000001 ms
23,3930.0500000000015 ms
23,3949.950000000001 ms
23,3962.200000000001 ms
23,3966.2500000000014 ms
23,3981.200000000001 ms
23,3987.0500000000006 ms
23,3998.700000000001 ms
24,29.650000000000002 ms
24,33.099999999999994 ms
24,35.150000000000006 ms
24,36.75 ms
24,42.150000000000006 ms
24,46.099999999999994 ms
24,54.75 ms
24,62.45 ms
24,62.60000000000001 ms
24,73.34999999999998 ms
24,106.94999999999997 ms
24,110.49999999999999 ms
24,112.34999999999998 ms
24,113.64999999999996 ms
24,121.29999999999997 ms
24,122.09999999999998 ms
24,127.3 ms
24,128.99999999999994 ms
24,129.59999999999997 ms
24,141.99999999999994 ms
24,144.59999999999997 ms
24,153.34999999999997 ms
24,154.45 ms
24,161.79999999999995 ms
24,165.94999999999993 ms
24,169.79999999999995 ms
24,171.89999999999998 ms
24,173.04999999999995 ms
24,183.14999999999998 ms
24,199.94999999999993 ms
24,236.79999999999995 ms
24,244.64999999999998 ms
24,276.1 ms
24,308.15 ms
24,330.79999999999995 ms
24,349.04999999999995 ms
24,373.54999999999995 ms
24,382.5999999999999 ms
24,408.9 ms
24,413.19999999999993 ms
24,429.75 ms
24,455.70000000000005 ms
24,456.29999999999995 ms
24,467.6500000000001 ms
24,472.0 ms
24,474.10000000000014 ms
24,493.9000000000001 ms
24,501.45000000000005 ms
24,515.7500000000001 ms
24,541.7000000000002 ms
24,548.2500000000001 ms
24,557.0500000000001 ms
24,564.9000000000002 ms
24,573.2500000000001 ms
24,586.15 ms
24,601.5000000000001 ms
24,611.9 ms
24,621.0500000000001 ms
24,649.5000000000001 ms
24,653.5500000000001 ms
24,655.5000000000001 ms
24,666.0000000000001 ms
24,676.3500000000003 ms
24,682.9000000000002 ms
24,688.7000000000002 ms
24,689.8000000000001 ms
24,694.5500000000001 ms
24,707.8000000000001 ms
24,714.5000000000001 ms
24,724.6000000000003 ms
24,747.1 ms
24,776.3000000000001 ms
24,778.2000000000002 ms
24,778.5500000000003 ms
24,779.6500000000002 ms
24,801.3500000000003 ms
24,855.4000000000002 ms
24,859.5500000000001 ms
24,864.0500000000003 ms
24,890.5000000000003 ms
24,903.0500000000003 ms
24,919.2000000000002 ms
24,938.7000000000002 ms
24,955.1 ms
24,956.9500000000002 ms
24,975.7500000000001 ms
24,979.7500000000001 ms
24,989.2000000000002 ms
24,991.5000000000001 ms
24,1005.5000000000001 ms
24,1006.15 ms
24,1027.9 ms
24,1051.85 ms
24,1072.2500000000005 ms
24,1093.5500000000002 ms
24,1096.25 ms
24,1097.6000000000004 ms
24,1109.25 ms
24,1115.5500000000002 ms
24,1118.3000000000002 ms
24,1125.75 ms
24,1136.6500000000005 ms
24,1149.75 ms
24,1153.3000000000002 ms
24,1154.9 ms
24,1167.25 ms
24,1169.85 ms
24,1179.2999999999997 ms
24,1180.5 ms
24,1183.8000000000002 ms
24,1184.4499999999998 ms
24,1203.8500000000004 ms
24,1207.25 ms
24,1209.9000000000005 ms
24,1221.7000000000003 ms
24,1236.4500000000003 ms
24,1297.6000000000004 ms
24,1301.2000000000003 ms
24,1310.4500000000003 ms
24,1311.0000000000005 ms
24,1319.0000000000005 ms
24,1323.9500000000003 ms
24,1331.2000000000003 ms
24,1334.4500000000003 ms
24,1350.9500000000003 ms
24,1351.9500000000003 ms
24,1355.7000000000003 ms
24,1369.5000000000005 ms
24,1369.7000000000003 ms
24,1377.5000000000005 ms
24,1383.85 ms
24,1404.4500000000003 ms
24,1410.7999999999997 ms
24,1412.65 ms
24,1417.9 ms
24,1458.6999999999998 ms
24,1467.85 ms
24,1470.75 ms
24,1472.75 ms
24,1473.4499999999998 ms
24,1497.8000000000002 ms
24,1520.6499999999996 ms
24,1522.35 ms
24,1563.1 ms
24,1568.6 ms
24,1569.0499999999997 ms
24,1570.85 ms
24,1587.35 ms
24,1588.5 ms
24,1590.4 ms
24,1614.6 ms
24,1626.7000000000003 ms
24,1627.65 ms
24,1634.0500000000002 ms
24,1637.25 ms
24,1663.5 ms
24,1664.1000000000004 ms
24,1669.8000000000002 ms
24,1678.4 ms
24,1683.65 ms
24,1684.2000000000003 ms
24,1684.5499999999997 ms
24,1690.5499999999997 ms
24,1698.0499999999997 ms
24,1708.0 ms
24,1755.4499999999998 ms
24,1767.6999999999998 ms
24,1771.8500000000004 ms
24,1781.5500000000002 ms
24,1804.75 ms
24,1822.75 ms
24,1845.4000000000005 ms
24,1846.1500000000005 ms
24,1846.5 ms
24,1864.2000000000003 ms
24,1866.3000000000002 ms
24,1870.9 ms
24,1885.8000000000002 ms
24,1894.3500000000004 ms
24,1914.1000000000004 ms
24,1931.3500000000004 ms
24,1951.3000000000002 ms
24,1966.9500000000003 ms
24,1969.9 ms
24,1973.0000000000005 ms
24,1975.9 ms
24,1979.8000000000006 ms
24,2017.8500000000004 ms
24,2020.2500000000005 ms
24,2023.3000000000006 ms
24,2036.0000000000005 ms
24,2045.3500000000004 ms
24,2060.0 ms
24,2078.0 ms
24,2085.9000000000005 ms
24,2087.2000000000007 ms
24,2138.500000000001 ms
24,2149.6000000000013 ms
24,2157.9500000000007 ms
24,2202.3500000000004 ms
24,2205.000000000001 ms
24,2206.550000000001 ms
24,2214.750000000001 ms
24,2221.3500000000013 ms
24,2227.8 ms
24,2253.500000000001 ms
24,2264.500000000001 ms
24,2296.05 ms
24,2300.9500000000007 ms
24,2313.250000000001 ms
24,2316.9000000000005 ms
24,2365.1500000000005 ms
24,2388.9000000000005 ms
24,2389.000000000001 ms
24,2398.9500000000007 ms
24,2399.8500000000004 ms
24,2408.550000000001 ms
24,2413.1000000000004 ms
24,2425.500000000001 ms
24,2437.6000000000013 ms
24,2442.000000000001 ms
24,2450.1000000000013 ms
24,2456.4500000000007 ms
24,2461.4500000000007 ms
24,2481.750000000001 ms
24,2486.750000000001 ms
24,2486.9500000000007 ms
24,2492.4500000000007 ms
24,2494.6000000000004 ms
24,2508.2000000000007 ms
24,2509.9500000000007 ms
24,2525.8500000000004 ms
24,2528.050000000001 ms
24,2528.9500000000007 ms
24,2560.8500000000004 ms
24,2571.1000000000004 ms
24,2571.7000000000007 ms
24,2593.9500000000007 ms
24,2644.1000000000004 ms
24,2665.800000000001 ms
24,2666.4500000000007 ms
24,2670.6000000000004 ms
24,2680.250000000001 ms
24,2701.9500000000007 ms
24,2709.000000000001 ms
24,2710.2000000000007 ms
24,2713.4500000000007 ms
24,2736.000000000001 ms
24,2761.1500000000005 ms
24,2792.1500000000005 ms
24,2805.6500000000005 ms
24,2819.1000000000013 ms
24,2828.6500000000005 ms
24,2840.3500000000013 ms
24,2868.4000000000005 ms
24,2869.1500000000005 ms
24,2890.8500000000013 ms
24,2896.2000000000007 ms
24,2901.550000000001 ms
24,2906.550000000001 ms
24,2920.9000000000005 ms
24,2925.7000000000007 ms
24,2926.750000000001 ms
24,2929.050000000001 ms
24,2936.6500000000015 ms
24,2937.9000000000015 ms
24,2941.8500000000004 ms
24,2953.9000000000015 ms
24,2954.4500000000007 ms
24,2956.500000000002 ms
24,2961.250000000002 ms
24,2964.050000000001 ms
24,2965.300000000001 ms
24,2975.9500000000016 ms
24,2994.9500000000016 ms
24,2997.500000000002 ms
24,3006.1500000000015 ms
24,3019.2000000000025 ms
24,3034.750000000002 ms
24,3052.4000000000024 ms
24,3054.7000000000025 ms
24,3064.550000000003 ms
24,3087.050000000003 ms
24,3104.800000000003 ms
24,3110.9500000000025 ms
24,3114.4500000000025 ms
24,3128.4500000000025 ms
24,3141.2000000000025 ms
24,3142.4000000000024 ms
24,3169.600000000002 ms
24,3173.800000000002 ms
24,3189.800000000002 ms
24,3207.1500000000024 ms
24,3214.800000000002 ms
24,3245.500000000002 ms
24,3261.9500000000016 ms
24,3262.9000000000015 ms
24,3264.6500000000015 ms
24,3279.800000000001 ms
24,3281.000000000002 ms
24,3300.1000000000013 ms
24,3301.1500000000015 ms
24,3305.2000000000016 ms
24,3319.3500000000013 ms
24,3334.3500000000013 ms
24,3345.4500000000016 ms
24,3374.500000000002 ms
24,3376.100000000002 ms
24,3400.050000000001 ms
24,3406.9500000000016 ms
24,3407.6500000000015 ms
24,3429.6000000000013 ms
24,3437.000000000001 ms
24,3439.250000000001 ms
24,3458.1500000000015 ms
24,3459.3500000000013 ms
24,3479.800000000001 ms
24,3492.8500000000013 ms
24,3523.6000000000013 ms
24,3538.7000000000016 ms
24,3571.050000000001 ms
24,3588.500000000001 ms
24,3597.9500000000007 ms
24,3631.300000000001 ms
24,3669.9500000000007 ms
24,3674.9000000000005 ms
24,3694.2000000000007 ms
24,3722.050000000001 ms
24,3726.75 ms
24,3735.2000000000007 ms
24,3739.55 ms
24,3754.6500000000005 ms
24,3769.1500000000005 ms
24,3787.9000000000005 ms
24,3812.6500000000005 ms
24,3824.4000000000005 ms
24,3846.0999999999995 ms
24,3873.95 ms
24,3887.8499999999995 ms
24,3891.8 ms
24,3896.8999999999996 ms
24,3897.3999999999996 ms
24,3941.2999999999993 ms
24,3982.0499999999993 ms
24,3986.6000000000004 ms
24,3995.8500000000004 ms
25,18.35 ms
25,27.25 ms
25,33.45 ms
25,36.35000000000001 ms
25,38.60000000000001 ms
25,43.5 ms
25,52.5 ms
25,87.9 ms
25,90.15 ms
25,93.6 ms
25,100.15 ms
25,107.0 ms
25,112.1 ms
25,119.6 ms
25,138.6 ms
25,148.44999999999996 ms
25,200.70000000000002 ms
25,241.94999999999996 ms
25,249.39999999999995 ms
25,255.54999999999998 ms
25,260.0 ms
25,275.20000000000005 ms
25,296.0 ms
25,296.6 ms
25,309.65 ms
25,343.9 ms
25,346.4 ms
25,361.05000000000007 ms
25,373.5 ms
25,374.95000000000005 ms
25,384.3499999999999 ms
25,390.54999999999995 ms
25,411.5 ms
25,415.64999999999986 ms
25,420.0 ms
25,459.44999999999993 ms
25,479.4 ms
25,484.65 ms
25,494.04999999999984 ms
25,501.29999999999984 ms
25,501.44999999999993 ms
25,502.69999999999993 ms
25,508.9999999999999 ms
25,512.9499999999999 ms
25,518.7499999999999 ms
25,522.1999999999999 ms
25,543.2499999999999 ms
25,547.2999999999998 ms
25,548.7999999999998 ms
25,584.2999999999998 ms
25,591.0499999999998 ms
25,612.0499999999998 ms
25,619.6999999999997 ms
25,666.7999999999998 ms
25,686.9999999999999 ms
25,723.8999999999997 ms
25,741.9499999999997 ms
25,742.8499999999998 ms
25,775.1999999999999 ms
25,779.5999999999998 ms
25,801.1499999999997 ms
25,808.7499999999999 ms
25,816.6999999999999 ms
25,831.2499999999999 ms
25,832.9999999999997 ms
25,843.0499999999996 ms
25,851.2499999999997 ms
25,874.4999999999999 ms
25,875.1499999999997 ms
25,877.3999999999997 ms
25,882.2999999999996 ms
25,888.3499999999996 ms
25,894.2999999999996 ms
25,903.7999999999998 ms
25,915.5999999999998 ms
25,926.5999999999996 ms
25,952.2499999999997 ms
25,955.5499999999996 ms
25,962.6499999999997 ms
25,977.4999999999997 ms
25,981.3999999999995 ms
25,984.6499999999997 ms
25,1009.9499999999997 ms
25,1011.4999999999997 ms
25,1018.4499999999997 ms
25,1027.7499999999995 ms
25,1055.2999999999997 ms
25,1058.1999999999994 ms
25,1084.4999999999995 ms
25,1103.1999999999994 ms
25,1103.6499999999996 ms
25,1126.3999999999996 ms
25,1138.1999999999998 ms
25,1155.8999999999996 ms
25,1174.6499999999996 ms
25,1175.7999999999997 ms
25,1188.1999999999998 ms
25,1215.5 ms
25,1221.5499999999997 ms
25,1234.7499999999995 ms
25,1236.5499999999997 ms
25,1250.6499999999996 ms
25,1273.2999999999997 ms
25,1289.1499999999996 ms
25,1308.5499999999997 ms
25,1319.35 ms
25,1333.1999999999994 ms
25,1335.6499999999996 ms
25,1343.6499999999996 ms
25,1372.3999999999996 ms
25,1419.8499999999995 ms
25,1436.0999999999995 ms
25,1438.8499999999995 ms
25,1447.3999999999996 ms
25,1448.9499999999998 ms
25,1456.3499999999995 ms
25,1460.7999999999997 ms
25,1461.0499999999997 ms
25,1464.6 ms
25,1471.8999999999996 ms
25,1478.0999999999995 ms
25,1502.6999999999998 ms
25,1512.2999999999993 ms
25,1513.1499999999996 ms
25,1524.6999999999994 ms
25,1528.7499999999995 ms
25,1545.1499999999992 ms
25,1550.9499999999994 ms
25,1567.3999999999992 ms
25,1572.2499999999995 ms
25,1589.1499999999992 ms
25,1589.3499999999995 ms
25,1620.0499999999993 ms
25,1635.0999999999995 ms
25,1644.4499999999994 ms
25,1721.3499999999995 ms
25,1724.2499999999995 ms
25,1748.1999999999994 ms
25,1749.6499999999996 ms
25,1752.9999999999995 ms
25,1768.1999999999994 ms
25,1807.9999999999995 ms
25,1832.0999999999995 ms
25,1842.3499999999995 ms
25,1870.7999999999993 ms
25,1872.0999999999995 ms
25,1879.5999999999995 ms
25,1893.2499999999995 ms
25,1894.4999999999995 ms
25,1945.7999999999997 ms
25,1950.4999999999995 ms
25,1951.7999999999997 ms
25,1957.7999999999997 ms
25,1967.8999999999992 ms
25,1978.3499999999995 ms
25,1982.6999999999994 ms
25,2013.7499999999995 ms
25,2030.9999999999995 ms
25,2040.349999999999 ms
25,2041.7499999999995 ms
25,2047.4999999999995 ms
25,2049.4999999999986 ms
25,2051.9999999999995 ms
25,2066.7499999999986 ms
25,2085.849999999999 ms
25,2087.049999999999 ms
25,2104.6999999999994 ms
25,2109.599999999999 ms
25,2111.4999999999995 ms
25,2127.349999999999 ms
25,2135.1999999999985 ms
25,2137.4499999999994 ms
25,2150.549999999999 ms
25,2158.049999999999 ms
25,2182.6999999999994 ms
25,2191.9499999999985 ms
25,2215.2499999999986 ms
25,2244.899999999999 ms
25,2298.399999999999 ms
25,2304.7499999999986 ms
25,2306.899999999999 ms
25,2307.2499999999986 ms
25,2308.799999999999 ms
25,2324.149999999999 ms
25,2333.399999999999 ms
25,2345.6999999999994 ms
25,2357.299999999999 ms
25,2367.7999999999997 ms
25,2376.6 ms
25,2377.4499999999994 ms
25,2382.9999999999995 ms
25,2388.65 ms
25,2401.399999999999 ms
25,2402.0499999999997 ms
25,2410.5499999999997 ms
25,2421.2000000000003 ms
25,2424.5499999999997 ms
25,2424.7499999999995 ms
25,2445.2999999999997 ms
25,2448.899999999999 ms
25,2451.9999999999995 ms
25,2473.9499999999994 ms
25,2478.6 ms
25,2484.599999999999 ms
25,2493.2499999999995 ms
25,2504.349999999999 ms
25,2512.549999999999 ms
25,2514.9499999999994 ms
25,2524.35 ms
25,2529.849999999999 ms
25,2541.299999999999 ms
25,2542.349999999999 ms
25,2550.299999999999 ms
25,2563.899999999999 ms
25,2633.849999999999 ms
25,2664.4999999999995 ms
25,2667.4499999999994 ms
25,2679.049999999999 ms
25,2693.049999999999 ms
25,2695.599999999999 ms
25,2703.349999999999 ms
25,2742.799999999999 ms
25,2765.049999999999 ms
25,2768.349999999999 ms
25,2784.1999999999985 ms
25,2784.299999999999 ms
25,2786.8999999999983 ms
25,2798.2499999999986 ms
25,2800.049999999999 ms
25,2807.1499999999983 ms
25,2810.899999999999 ms
25,2811.599999999999 ms
25,2815.399999999999 ms
25,2817.6999999999994 ms
25,2851.1999999999985 ms
25,2878.1499999999983 ms
25,2878.9999999999986 ms
25,2911.299999999999 ms
25,2917.6999999999994 ms
25,2947.9999999999995 ms
25,2965.7999999999997 ms
25,2983.649999999999 ms
25,2988.7499999999986 ms
25,2996.899999999999 ms
25,2996.9999999999986 ms
25,3014.099999999999 ms
25,3029.9499999999985 ms
25,3066.349999999999 ms
25,3071.149999999999 ms
25,3099.4999999999986 ms
25,3110.799999999999 ms
25,3133.6999999999994 ms
25,3206.899999999999 ms
25,3215.7499999999986 ms
25,3224.299999999999 ms
25,3228.849999999999 ms
25,3257.4499999999994 ms
25,3258.299999999999 ms
25,3268.149999999999 ms
25,3271.149999999999 ms
25,3272.9999999999986 ms
25,3289.049999999999 ms
25,3299.899999999999 ms
25,3300.7499999999986 ms
25,3301.4999999999995 ms
25,3305.1999999999994 ms
25,3307.849999999999 ms
25,3318.099999999999 ms
25,3345.049999999999 ms
25,3366.4999999999986 ms
25,3371.1999999999985 ms
25,3385.299999999998 ms
25,3393.8999999999983 ms
25,3397.599999999998 ms
25,3397.6999999999975 ms
25,3404.9499999999985 ms
25,3419.049999999998 ms
25,3440.299999999998 ms
25,3443.799999999998 ms
25,3459.3999999999974 ms
25,3464.6499999999983 ms
25,3486.299999999998 ms
25,3492.299999999998 ms
25,3503.4999999999977 ms
25,3504.799999999998 ms
25,3521.6999999999985 ms
25,3546.1999999999975 ms
25,3581.1999999999985 ms
25,3589.049999999998 ms
25,3617.9499999999985 ms
25,3639.349999999998 ms
25,3645.3999999999983 ms
25,3664.8999999999983 ms
25,3667.549999999999 ms
25,3677.1999999999985 ms
25,3689.4999999999986 ms
25,3693.549999999999 ms
25,3699.4999999999986 ms
25,3709.6999999999985 ms
25,3763.549999999998 ms
25,3794.9999999999977 ms
25,3796.349999999998 ms
25,3799.799999999998 ms
25,3806.599999999998 ms
25,3825.349999999998 ms
25,3831.049999999998 ms
25,3832.849999999998 ms
25,3839.6999999999975 ms
25,3845.2499999999977 ms
25,3849.799999999998 ms
25,3855.849999999998 ms
25,3860.799999999998 ms
25,3881.6999999999985 ms
25,3886.599999999999 ms
25,3905.149999999999 ms
25,3916.7499999999986 ms
25,3925.1999999999985 ms
25,3947.7499999999986 ms
25,3963.399999999999 ms
25,3964.349999999999 ms
25,3976.7499999999986 ms
25,3983.1999999999985 ms
26,7.45 ms
26,10.25 ms
26,13.649999999999999 ms
26,70.35 ms
26,76.15 ms
26,87.05000000000001 ms
26,99.35000000000002 ms
26,129.95000000000002 ms
26,171.54999999999998 ms
26,177.65 ms
26,183.65 ms
26,184.65 ms
26,187.65 ms
26,188.80000000000004 ms
26,196.50000000000003 ms
26,204.6 ms
26,207.04999999999998 ms
26,208.74999999999997 ms
26,232.09999999999994 ms
26,251.89999999999995 ms
26,254.19999999999996 ms
26,265.20000000000005 ms
26,298.70000000000005 ms
26,301.95000000000005 ms
26,317.54999999999995 ms
26,322.1 ms
26,343.05000000000007 ms
26,346.9 ms
26,358.7500000000001 ms
26,394.35 ms
26,406.2500000000001 ms
26,421.65 ms
26,433.55000000000007 ms
26,474.1 ms
26,482.80000000000007 ms
26,483.6 ms
26,513.4 ms
26,518.15 ms
26,521.15 ms
26,530.1 ms
26,549.5500000000001 ms
26,575.0000000000001 ms
26,606.5500000000001 ms
26,637.0500000000001 ms
26,637.7500000000001 ms
26,654.1000000000003 ms
26,678.0000000000001 ms
26,688.4500000000002 ms
26,710.4000000000002 ms
26,720.5000000000003 ms
26,727.0000000000001 ms
26,735.4000000000002 ms
26,759.8500000000003 ms
26,760.6500000000002 ms
26,771.5500000000001 ms
26,784.85 ms
26,789.0000000000001 ms
26,789.8500000000003 ms
26,791.85 ms
26,803.5500000000001 ms
26,824.9000000000002 ms
26,852.2500000000003 ms
26,855.6500000000002 ms
26,864.4000000000002 ms
26,878.4500000000002 ms
26,888.85 ms
26,898.15 ms
26,920.1500000000002 ms
26,929.8000000000001 ms
26,935.1 ms
26,938.1 ms
26,946.7000000000002 ms
26,954.9000000000002 ms
26,973.9 ms
26,978.0500000000001 ms
26,1005.6500000000002 ms
26,1024.9 ms
26,1031.8000000000002 ms
26,1038.5500000000002 ms
26,1045.2000000000003 ms
26,1048.7000000000003 ms
26,1059.9 ms
26,1070.2500000000005 ms
26,1082.1 ms
26,1093.3000000000002 ms
26,1110.8500000000004 ms
26,1114.6000000000004 ms
26,1134.3500000000004 ms
26,1134.9 ms
26,1165.2000000000003 ms
26,1175.75 ms
26,1180.35 ms
26,1233.9 ms
26,1254.1999999999998 ms
26,1258.75 ms
26,1280.6999999999998 ms
26,1282.5 ms
26,1289.1499999999996 ms
26,1295.1999999999998 ms
26,1296.35 ms
26,1307.35 ms
26,1312.7999999999997 ms
26,1327.5 ms
26,1333.0500000000002 ms
26,1347.5500000000002 ms
26,1388.0500000000002 ms
26,1395.85 ms
26,1399.9 ms
26,1403.5499999999997 ms
26,1434.1 ms
26,1438.9499999999998 ms
26,1439.1999999999998 ms
26,1470.85 ms
26,1489.6 ms
26,1514.1999999999998 ms
26,1517.25 ms
26,1543.25 ms
26,1549.9499999999998 ms
26,1568.9499999999998 ms
26,1579.1499999999996 ms
26,1612.35 ms
26,1637.75 ms
26,1638.0 ms
26,1651.8000000000002 ms
26,1658.5500000000002 ms
26,1663.3000000000002 ms
26,1673.25 ms
26,1702.85 ms
26,1703.5499999999997 ms
26,1712.25 ms
26,1723.0 ms
26,1733.4 ms
26,1741.1 ms
26,1770.9500000000003 ms
26,1777.2000000000003 ms
26,1777.65 ms
26,1794.65 ms
26,1801.1 ms
26,1802.2000000000003 ms
26,1823.0499999999997 ms
26,1824.9500000000003 ms
26,1826.9500000000003 ms
26,1850.35 ms
26,1879.1 ms
26,1928.9 ms
26,1937.9500000000003 ms
26,1963.5 ms
26,1982.85 ms
26,1983.25 ms
26,2013.3000000000002 ms
26,2026.6499999999996 ms
26,2030.6 ms
26,2031.15 ms
26,2033.7999999999997 ms
26,2049.05 ms
26,2050.5 ms
26,2056.5 ms
26,2057.5 ms
26,2062.45 ms
26,2071.5 ms
26,2082.7 ms
26,2100.7 ms
26,2124.5 ms
26,2137.55 ms
26,2141.1000000000004 ms
26,2176.6000000000004 ms
26,2182.05 ms
26,2183.1000000000004 ms
26,2186.8500000000004 ms
26,2222.1500000000005 ms
26,2224.000000000001 ms
26,2251.1000000000004 ms
26,2252.4500000000007 ms
26,2269.25 ms
26,2293.9500000000007 ms
26,2296.4500000000007 ms
26,2301.5 ms
26,2322.300000000001 ms
26,2322.4500000000007 ms
26,2334.1500000000005 ms
26,2335.4500000000007 ms
26,2338.3500000000004 ms
26,2366.4000000000015 ms
26,2370.050000000001 ms
26,2385.9000000000015 ms
26,2388.800000000001 ms
26,2401.1500000000015 ms
26,2415.750000000001 ms
26,2423.3500000000013 ms
26,2428.3 ms
26,2438.2000000000007 ms
26,2438.300000000001 ms
26,2457.050000000001 ms
26,2477.7000000000007 ms
26,2498.8500000000004 ms
26,2520.3500000000004 ms
26,2523.050000000001 ms
26,2527.0 ms
26,2534.3500000000004 ms
26,2559.6000000000004 ms
26,2560.4500000000007 ms
26,2575.3500000000004 ms
26,2608.0 ms
26,2614.0 ms
26,2615.9000000000005 ms
26,2629.4500000000007 ms
26,2644.1500000000005 ms
26,2650.4500000000007 ms
26,2670.8500000000004 ms
26,2674.250000000001 ms
26,2692.7000000000007 ms
26,2695.3500000000004 ms
26,2702.300000000001 ms
26,2711.4000000000005 ms
26,2753.4500000000007 ms
26,2777.1000000000004 ms
26,2785.300000000001 ms
26,2796.5 ms
26,2798.75 ms
26,2799.6000000000004 ms
26,2800.8 ms
26,2838.95 ms
26,2839.3500000000004 ms
26,2840.1500000000005 ms
26,2850.1500000000005 ms
26,2855.3500000000004 ms
26,2866.2000000000007 ms
26,2874.1499999999996 ms
26,2890.9500000000007 ms
26,2895.1499999999996 ms
26,2896.3 ms
26,2911.75 ms
26,2918.75 ms
26,2932.2 ms
26,2957.2 ms
26,2963.25 ms
26,2971.95 ms
26,2972.5 ms
26,2973.1000000000004 ms
26,2974.7 ms
26,2979.0 ms
26,2998.3500000000004 ms
26,3008.1499999999996 ms
26,3008.55 ms
26,3015.9000000000005 ms
26,3021.8 ms
26,3035.3500000000004 ms
26,3036.7000000000007 ms
26,3058.9500000000007 ms
26,3059.3500000000004 ms
26,3063.7000000000007 ms
26,3073.1000000000004 ms
26,3082.6000000000004 ms
26,3104.3 ms
26,3120.6000000000004 ms
26,3124.6000000000004 ms
26,3131.3 ms
26,3163.45 ms
26,3166.500000000001 ms
26,3169.95 ms
26,3180.6500000000005 ms
26,3187.6500000000005 ms
26,3188.75 ms
26,3193.1499999999996 ms
26,3202.25 ms
26,3225.5 ms
26,3259.45 ms
26,3269.95 ms
26,3309.8499999999995 ms
26,3327.55 ms
26,3329.3499999999995 ms
26,3348.5 ms
26,3370.75 ms
26,3375.1000000000004 ms
26,3381.1000000000004 ms
26,3385.5499999999993 ms
26,3391.6000000000004 ms
26,3395.3500000000004 ms
26,3448.75 ms
26,3450.5 ms
26,3460.95 ms
26,3469.5999999999995 ms
26,3474.7 ms
26,3482.6499999999996 ms
26,3490.0499999999993 ms
26,3510.25 ms
26,3511.199999999999 ms
26,3515.5 ms
26,3523.3999999999996 ms
26,3531.0 ms
26,3546.8999999999996 ms
26,3551.3499999999995 ms
26,3553.0999999999995 ms
26,3554.7999999999993 ms
26,3565.1499999999996 ms
26,3629.3999999999996 ms
26,3631.8999999999996 ms
26,3643.0499999999993 ms
26,3646.449999999999 ms
26,3668.7999999999993 ms
26,3670.3999999999996 ms
26,3674.6499999999996 ms
26,3679.3999999999996 ms
26,3734.0999999999985 ms
26,3743.199999999999 ms
26,3766.449999999999 ms
26,3767.499999999999 ms
26,3788.8499999999995 ms
26,3845.0499999999984 ms
26,3848.1499999999987 ms
26,3860.1499999999987 ms
26,3869.0499999999984 ms
26,3869.999999999999 ms
26,3879.2999999999984 ms
26,3908.6499999999987 ms
26,3934.749999999999 ms
26,3951.3499999999985 ms
26,3962.0499999999984 ms
26,3967.3499999999985 ms
26,3971.249999999998 ms
26,3977.499999999998 ms
26,3979.3499999999985 ms
26,3984.8499999999985 ms
26,3990.749999999998 ms
26,3992.199999999999 ms
27,5.25 ms
27,6.550000000000001 ms
27,41.55 ms
27,47.349999999999994 ms
27,53.849999999999994 ms
27,61.0 ms
27,70.5 ms
27,90.69999999999999 ms
27,90.94999999999999 ms
27,95.5 ms
27,101.05000000000001 ms
27,109.85 ms
27,115.5 ms
27,123.19999999999999 ms
27,128.5 ms
27,143.39999999999998 ms
27,170.89999999999998 ms
27,179.8 ms
27,182.90000000000003 ms
27,183.40000000000003 ms
27,187.65000000000003 ms
27,193.84999999999997 ms
27,257.95 ms
27,264.55 ms
27,296.8 ms
27,299.74999999999994 ms
27,328.00000000000006 ms
27,359.2 ms
27,378.50000000000006 ms
27,400.45 ms
27,403.09999999999997 ms
27,410.49999999999994 ms
27,431.6999999999999 ms
27,439.7999999999999 ms
27,451.49999999999994 ms
27,451.6999999999999 ms
27,452.09999999999985 ms
27,455.6499999999999 ms
27,480.2999999999999 ms
27,482.49999999999983 ms
27,495.24999999999994 ms
27,495.99999999999983 ms
27,515.8499999999999 ms
27,530.1999999999998 ms
27,544.55 ms
27,558.3 ms
27,563.25 ms
27,595.4000000000001 ms
27,602.6500000000001 ms
27,620.1500000000001 ms
27,623.05 ms
27,633.0 ms
27,638.3 ms
27,640.5 ms
27,641.5999999999999 ms
27,648.1500000000001 ms
27,651.8499999999999 ms
27,671.25 ms
27,692.45 ms
27,708.25 ms
27,717.95 ms
27,722.2 ms
27,728.55 ms
27,733.7 ms
27,778.2 ms
27,779.1000000000001 ms
27,779.3500000000001 ms
27,815.8500000000001 ms
27,816.8500000000001 ms
27,847.95 ms
27,862.25 ms
27,877.3 ms
27,883.3999999999999 ms
27,889.75 ms
27,897.45 ms
27,918.1500000000001 ms
27,961.9000000000001 ms
27,971.3000000000002 ms
27,978.0999999999999 ms
27,981.7 ms
27,1041.8500000000001 ms
27,1077.6499999999999 ms
27,1097.2499999999998 ms
27,1107.0999999999997 ms
27,1111.3999999999999 ms
27,1115.3500000000001 ms
27,1116.8 ms
27,1129.0999999999997 ms
27,1152.4499999999996 ms
27,1153.8499999999997 ms
27,1154.3 ms
27,1170.1499999999999 ms
27,1172.4499999999996 ms
27,1182.8999999999999 ms
27,1204.4999999999998 ms
27,1207.6499999999999 ms
27,1209.05 ms
27,1209.1499999999999 ms
27,1234.1999999999996 ms
27,1253.2499999999998 ms
27,1305.45 ms
27,1319.4499999999996 ms
27,1322.3499999999997 ms
27,1326.8500000000001 ms
27,1342.7 ms
27,1362.8999999999999 ms
27,1363.1000000000001 ms
27,1369.2 ms
27,1376.3 ms
27,1380.45 ms
27,1384.3500000000001 ms
27,1404.7500000000002 ms
27,1411.45 ms
27,1414.6000000000001 ms
27,1418.8999999999999 ms
27,1424.6500000000003 ms
27,1470.8000000000004 ms
27,1475.8 ms
27,1518.3999999999999 ms
27,1553.1500000000003 ms
27,1562.5000000000002 ms
27,1571.6500000000003 ms
27,1576.1000000000001 ms
27,1580.6000000000001 ms
27,1583.2500000000002 ms
27,1583.9500000000005 ms
27,1595.3000000000004 ms
27,1615.05 ms
27,1634.95 ms
27,1642.4500000000005 ms
27,1652.5500000000004 ms
27,1655.6000000000001 ms
27,1670.8000000000004 ms
27,1690.8500000000001 ms
27,1697.8500000000001 ms
27,1703.45 ms
27,1709.6000000000001 ms
27,1731.7500000000002 ms
27,1733.2000000000005 ms
27,1738.3500000000006 ms
27,1745.5500000000004 ms
27,1752.3500000000001 ms
27,1759.8000000000004 ms
27,1777.2000000000005 ms
27,1778.3000000000004 ms
27,1781.4500000000005 ms
27,1781.5500000000004 ms
27,1791.5500000000004 ms
27,1810.6000000000001 ms
27,1829.2 ms
27,1831.5000000000002 ms
27,1850.9500000000005 ms
27,1858.1000000000006 ms
27,1867.1000000000001 ms
27,1889.7 ms
27,1907.05 ms
27,1938.7500000000002 ms
27,1939.6500000000003 ms
27,1956.4000000000003 ms
27,1970.2 ms
27,1970.3 ms
27,1980.3000000000004 ms
27,1983.7500000000002 ms
27,1984.6500000000003 ms
27,1990.1000000000006 ms
27,1996.1000000000001 ms
27,2009.1000000000006 ms
27,2012.0000000000007 ms
27,2049.55 ms
27,2051.750000000001 ms
27,2078.55 ms
27,2117.4000000000005 ms
27,2149.8 ms
27,2161.2000000000007 ms
27,2161.550000000001 ms
27,2167.2000000000007 ms
27,2178.6000000000004 ms
27,2179.1500000000015 ms
27,2242.6000000000004 ms
27,2249.1000000000004 ms
27,2255.2000000000007 ms
27,2256.6000000000004 ms
27,2259.800000000001 ms
27,2274.1000000000004 ms
27,2292.3500000000004 ms
27,2295.1500000000015 ms
27,2298.2000000000007 ms
27,2310.1000000000013 ms
27,2315.000000000001 ms
27,2348.000000000001 ms
27,2359.4500000000016 ms
27,2437.3500000000013 ms
27,2447.2000000000016 ms
27,2449.9000000000005 ms
27,2459.4000000000005 ms
27,2493.1000000000013 ms
27,2501.9000000000005 ms
27,2512.2000000000016 ms
27,2514.800000000001 ms
27,2543.000000000001 ms
27,2557.6000000000013 ms
27,2600.250000000001 ms
27,2603.9000000000005 ms
27,2611.050000000001 ms
27,2654.500000000001 ms
27,2667.050000000001 ms
27,2693.2000000000007 ms
27,2700.9000000000015 ms
27,2703.550000000001 ms
27,2718.2000000000007 ms
27,2731.1000000000013 ms
27,2733.000000000001 ms
27,2739.6000000000013 ms
27,2739.7000000000016 ms
27,2740.1000000000013 ms
27,2740.800000000001 ms
27,2765.250000000001 ms
27,2773.9500000000007 ms
27,2778.800000000001 ms
27,2782.9000000000005 ms
27,2786.4500000000007 ms
27,2796.3500000000004 ms
27,2826.2000000000007 ms
27,2828.300000000001 ms
27,2844.2000000000007 ms
27,2865.4000000000005 ms
27,2868.000000000001 ms
27,2868.1000000000004 ms
27,2878.25 ms
27,2920.75 ms
27,2922.2000000000007 ms
27,2972.3500000000004 ms
27,2972.9500000000007 ms
27,2977.6000000000004 ms
27,2980.9000000000005 ms
27,2991.6500000000005 ms
27,2996.7000000000007 ms
27,3003.050000000001 ms
27,3015.8500000000004 ms
27,3033.1000000000004 ms
27,3036.6000000000004 ms
27,3041.500000000001 ms
27,3062.800000000001 ms
27,3108.1000000000013 ms
27,3120.1000000000013 ms
27,3121.800000000001 ms
27,3128.750000000001 ms
27,3147.500000000001 ms
27,3188.7000000000007 ms
27,3200.800000000001 ms
27,3227.9500000000007 ms
27,3241.250000000001 ms
27,3253.7000000000007 ms
27,3271.6500000000005 ms
27,3302.4000000000005 ms
27,3309.55 ms
27,3310.6000000000013 ms
27,3332.9000000000005 ms
27,3340.800000000001 ms
27,3353.000000000001 ms
27,3361.4500000000007 ms
27,3400.2000000000007 ms
27,3403.750000000001 ms
27,3419.6500000000005 ms
27,3430.1000000000013 ms
27,3437.7000000000007 ms
27,3440.300000000001 ms
27,3444.800000000001 ms
27,3450.8500000000004 ms
27,3457.4000000000015 ms
27,3458.500000000001 ms
27,3465.9000000000005 ms
27,3484.000000000001 ms
27,3485.550000000001 ms
27,3494.250000000001 ms
27,3497.7000000000007 ms
27,3539.550000000001 ms
27,3542.9500000000007 ms
27,3556.4000000000005 ms
27,3586.8 ms
27,3588.9000000000005 ms
27,3589.500000000001 ms
27,3594.750000000001 ms
27,3599.8 ms
27,3606.7000000000007 ms
27,3617.3500000000004 ms
27,3627.250000000001 ms
27,3631.250000000001 ms
27,3645.2000000000007 ms
27,3656.800000000001 ms
27,3658.75 ms
27,3661.4000000000005 ms
27,3673.750000000001 ms
27,3680.9000000000005 ms
27,3685.1000000000004 ms
27,3686.55 ms
27,3689.7 ms
27,3690.6500000000005 ms
27,3719.45 ms
27,3725.05 ms
27,3726.25 ms
27,3741.1499999999996 ms
27,3749.1499999999996 ms
27,3751.8500000000004 ms
27,3752.95 ms
27,3755.5 ms
27,3762.3500000000004 ms
27,3769.2999999999993 ms
27,3769.8500000000004 ms
27,3783.3500000000004 ms
27,3800.1499999999996 ms
27,3803.2000000000007 ms
27,3810.25 ms
27,3840.7000000000007 ms
27,3859.5 ms
27,3864.9500000000007 ms
27,3871.2000000000007 ms
27,3873.3999999999996 ms
27,3879.3 ms
27,3884.0 ms
27,3929.45 ms
27,3951.3 ms
27,3957.6499999999996 ms
27,3970.95 ms
27,3981.2 ms
28,7.550000000000001 ms
28,19.8 ms
28,53.25 ms
28,54.349999999999994 ms
28,74.30000000000001 ms
28,77.70000000000002 ms
28,86.60000000000002 ms
28,86.90000000000003 ms
28,87.95000000000002 ms
28,110.95000000000002 ms
28,116.65 ms
28,124.00000000000003 ms
28,134.24999999999997 ms
28,144.1 ms
28,156.35 ms
28,162.00000000000003 ms
28,163.1 ms
28,164.15 ms
28,178.05000000000004 ms
28,192.35000000000005 ms
28,204.35 ms
28,269.79999999999995 ms
28,271.79999999999995 ms
28,272.35 ms
28,280.4 ms
28,299.95000000000005 ms
28,317.6 ms
28,321.20000000000005 ms
28,332.4000000000001 ms
28,345.25 ms
28,356.6500000000001 ms
28,364.0 ms
28,375.1500000000001 ms
28,376.29999999999995 ms
28,381.0 ms
28,384.0 ms
28,401.65 ms
28,410.35 ms
28,413.44999999999993 ms
28,418.05000000000007 ms
28,419.85 ms
28,440.1 ms
28,440.35 ms
28,446.9 ms
28,451.9 ms
28,526.35 ms
28,528.2499999999999 ms
28,548.2500000000001 ms
28,558.3000000000001 ms
28,568.6999999999999 ms
28,571.7499999999999 ms
28,573.85 ms
28,577.1999999999999 ms
28,588.2499999999999 ms
28,605.4999999999999 ms
28,617.85 ms
28,623.4 ms
28,632.2999999999998 ms
28,641.4999999999999 ms
28,656.9999999999999 ms
28,677.1999999999999 ms
28,683.4999999999999 ms
28,703.85 ms
28,708.0999999999998 ms
28,724.6499999999997 ms
28,740.6999999999997 ms
28,747.7999999999998 ms
28,752.0499999999998 ms
28,755.15 ms
28,764.5499999999998 ms
28,786.4499999999997 ms
28,796.9499999999999 ms
28,805.5499999999998 ms
28,806.6999999999997 ms
28,806.8999999999997 ms
28,809.2499999999999 ms
28,812.7499999999999 ms
28,826.3999999999997 ms
28,833.3499999999998 ms
28,833.85 ms
28,834.6999999999999 ms
28,839.7499999999999 ms
28,850.3999999999997 ms
28,861.15 ms
28,865.9499999999999 ms
28,866.2499999999999 ms
28,871.7499999999997 ms
28,872.4499999999997 ms
28,874.4999999999997 ms
28,884.7499999999999 ms
28,889.4999999999997 ms
28,902.4999999999999 ms
28,933.8999999999997 ms
28,942.2499999999999 ms
28,944.4499999999999 ms
28,951.8499999999998 ms
28,955.6999999999999 ms
28,962.4999999999999 ms
28,965.4999999999997 ms
28,970.6999999999997 ms
28,980.5999999999998 ms
28,984.5999999999998 ms
28,1006.4999999999997 ms
28,1021.2499999999999 ms
28,1021.6499999999997 ms
28,1052.8999999999996 ms
28,1056.7999999999997 ms
28,1061.35 ms
28,1065.85 ms
28,1069.6 ms
28,1107.7999999999997 ms
28,1110.5499999999997 ms
28,1112.4499999999998 ms
28,1115.6999999999998 ms
28,1121.7999999999997 ms
28,1137.2499999999995 ms
28,1149.2999999999997 ms
28,1154.1 ms
28,1188.7499999999995 ms
28,1198.7499999999995 ms
28,1202.9 ms
28,1208.2999999999997 ms
28,1211.5499999999997 ms
28,1217.7999999999997 ms
28,1238.85 ms
28,1297.1 ms
28,1326.6999999999998 ms
28,1354.75 ms
28,1355.5499999999997 ms
28,1367.4499999999998 ms
28,1370.1 ms
28,1388.6999999999998 ms
28,1388.7999999999997 ms
28,1412.6499999999996 ms
28,1417.5499999999997 ms
28,1421.5499999999997 ms
28,1427.3999999999996 ms
28,1442.1999999999998 ms
28,1478.3999999999996 ms
28,1478.5499999999997 ms
28,1480.35 ms
28,1483.3999999999996 ms
28,1515.0999999999995 ms
28,1518.1999999999998 ms
28,1527.5999999999995 ms
28,1541.3999999999996 ms
28,1546.7499999999995 ms
28,1551.7499999999995 ms
28,1555.9499999999994 ms
28,1569.6999999999994 ms
28,1573.6999999999994 ms
28,1580.1999999999994 ms
28,1592.1 ms
28,1611.6999999999994 ms
28,1638.9999999999995 ms
28,1666.4499999999994 ms
28,1673.2999999999997 ms
28,1680.0999999999995 ms
28,1680.9499999999994 ms
28,1687.6499999999992 ms
28,1687.7499999999995 ms
28,1698.0499999999993 ms
28,1701.1499999999992 ms
28,1708.999999999999 ms
28,1711.6499999999992 ms
28,1723.5499999999993 ms
28,1759.3499999999995 ms
28,1760.499999999999 ms
28,1765.1999999999994 ms
28,1780.6499999999992 ms
28,1790.7999999999997 ms
28,1794.5499999999997 ms
28,1795.1999999999994 ms
28,1803.1999999999994 ms
28,1808.7999999999997 ms
28,1812.7999999999997 ms
28,1830.0999999999995 ms
28,1832.4499999999994 ms
28,1853.8999999999992 ms
28,1858.4499999999994 ms
28,1860.1999999999994 ms
28,1861.3499999999995 ms
28,1886.6499999999996 ms
28,1906.249999999999 ms
28,1934.1999999999994 ms
28,1934.7499999999995 ms
28,1938.099999999999 ms
28,1948.599999999999 ms
28,1958.9999999999995 ms
28,1961.8999999999992 ms
28,1975.7499999999995 ms
28,1980.099999999999 ms
28,1984.1999999999994 ms
28,1997.249999999999 ms
28,1999.999999999999 ms
28,2005.499999999999 ms
28,2018.5499999999993 ms
28,2024.449999999999 ms
28,2038.8999999999992 ms
28,2041.6499999999992 ms
28,2049.749999999999 ms
28,2051.8999999999987 ms
28,2070.249999999999 ms
28,2080.699999999999 ms
28,2090.5999999999985 ms
28,2108.499999999999 ms
28,2133.5999999999995 ms
28,2224.5999999999995 ms
28,2242.449999999999 ms
28,2250.199999999999 ms
28,2335.3999999999987 ms
28,2335.999999999999 ms
28,2336.5999999999985 ms
28,2361.7999999999984 ms
28,2367.999999999998 ms
28,2373.999999999998 ms
28,2374.0999999999985 ms
28,2379.399999999998 ms
28,2419.7999999999984 ms
28,2440.2999999999984 ms
28,2465.449999999998 ms
28,2473.5999999999985 ms
28,2491.6499999999987 ms
28,2492.949999999999 ms
28,2503.3999999999987 ms
28,2521.8999999999987 ms
28,2524.0499999999984 ms
28,2536.499999999999 ms
28,2559.6499999999987 ms
28,2576.3999999999987 ms
28,2577.5499999999984 ms
28,2581.2999999999984 ms
28,2597.0499999999984 ms
28,2603.2999999999984 ms
28,2610.2999999999984 ms
28,2655.3999999999987 ms
28,2669.8499999999985 ms
28,2691.749999999998 ms
28,2695.6499999999987 ms
28,2707.5999999999985 ms
28,2719.5499999999984 ms
28,2726.3999999999987 ms
28,2728.7999999999984 ms
28,2736.8999999999987 ms
28,2739.5999999999976 ms
28,2740.0499999999984 ms
28,2740.5499999999984 ms
28,2743.0499999999984 ms
28,2752.449999999998 ms
28,2765.0999999999976 ms
28,2786.8999999999987 ms
28,2803.2999999999984 ms
28,2810.0499999999984 ms
28,2817.499999999998 ms
28,2826.0499999999984 ms
28,2841.999999999998 ms
28,2849.5499999999984 ms
28,2863.3499999999985 ms
28,2889.7999999999984 ms
28,2898.8499999999985 ms
28,2908.3999999999987 ms
28,2912.999999999999 ms
28,2913.749999999999 ms
28,2915.999999999999 ms
28,2920.0999999999985 ms
28,2938.7999999999984 ms
28,2961.2999999999984 ms
28,2965.8499999999985 ms
28,2973.999999999998 ms
28,2976.949999999999 ms
28,2984.949999999999 ms
28,3020.899999999998 ms
28,3034.149999999998 ms
28,3082.149999999998 ms
28,3097.949999999999 ms
28,3112.699999999999 ms
28,3122.399999999998 ms
28,3138.0499999999984 ms
28,3179.749999999998 ms
28,3184.499999999998 ms
28,3199.999999999998 ms
28,3207.249999999998 ms
28,3214.149999999998 ms
28,3215.0499999999984 ms
28,3240.999999999998 ms
28,3242.5499999999984 ms
28,3246.499999999998 ms
28,3248.449999999998 ms
28,3253.199999999998 ms
28,3261.3499999999976 ms
28,3277.3999999999987 ms
28,3294.1499999999987 ms
28,3297.5999999999976 ms
28,3300.699999999998 ms
28,3301.449999999998 ms
28,3308.499999999998 ms
28,3311.899999999998 ms
28,3337.5999999999985 ms
28,3344.899999999998 ms
28,3356.2999999999984 ms
28,3357.8499999999985 ms
28,3357.999999999998 ms
28,3376.5999999999985 ms
28,3384.0499999999984 ms
28,3387.0499999999984 ms
28,3434.449999999998 ms
28,3449.7999999999984 ms
28,3467.249999999998 ms
28,3487.749999999998 ms
28,3508.5499999999984 ms
28,3546.199999999998 ms
28,3551.0999999999985 ms
28,3553.5499999999984 ms
28,3575.949999999998 ms
28,3576.5999999999985 ms
28,3587.0999999999985 ms
28,3591.949999999999 ms
28,3598.0499999999984 ms
28,3608.499999999998 ms
28,3613.3499999999985 ms
28,3616.449999999998 ms
28,3618.949999999998 ms
28,3624.0999999999976 ms
28,3627.3999999999987 ms
28,3632.999999999998 ms
28,3648.0999999999985 ms
28,3658.199999999998 ms
28,3685.8499999999976 ms
28,3689.0999999999976 ms
28,3698.1499999999987 ms
28,3705.8999999999987 ms
28,3709.699999999998 ms
28,3729.5999999999985 ms
28,3745.8499999999985 ms
28,3758.5999999999985 ms
28,3763.199999999999 ms
28,3773.149999999998 ms
28,3793.449999999999 ms
28,3816.249999999998 ms
28,3826.8499999999985 ms
28,3832.3999999999987 ms
28,3858.5999999999985 ms
28,3871.8499999999985 ms
28,3882.449999999999 ms
28,3887.5999999999985 ms
28,3901.449999999999 ms
28,3901.749999999998 ms
28,3934.3999999999987 ms
28,3936.0499999999984 ms
28,3978.8499999999995 ms
28,3999.8999999999987 ms
29,18.85 ms
29,24.85 ms
29,32.400000000000006 ms
29,37.7 ms
29,56.75 ms
29,58.400000000000006 ms
29,65.1 ms
29,130.14999999999998 ms
29,131.14999999999998 ms
29,166.95 ms
29,179.95 ms
29,199.84999999999997 ms
29,201.55 ms
29,202.34999999999997 ms
29,210.09999999999997 ms
29,212.5 ms
29,223.14999999999998 ms
29,227.75 ms
29,256.85 ms
29,257.05000000000007 ms
29,277.44999999999993 ms
29,278.15 ms
29,294.94999999999993 ms
29,333.4 ms
29,348.29999999999995 ms
29,354.25 ms
29,358.79999999999995 ms
29,362.25 ms
29,378.8499999999999 ms
29,392.75 ms
29,416.79999999999995 ms
29,427.69999999999993 ms
29,438.65 ms
29,450.44999999999993 ms
29,458.3499999999999 ms
29,486.29999999999995 ms
29,505.1999999999998 ms
29,514.8999999999999 ms
29,516.7499999999998 ms
29,517.3 ms
29,520.3999999999999 ms
29,522.6999999999998 ms
29,551.8499999999999 ms
29,553.8999999999996 ms
29,587.8499999999999 ms
29,606.3499999999999 ms
29,625.6999999999998 ms
29,633.7499999999998 ms
29,635.4999999999998 ms
29,637.2499999999998 ms
29,645.5499999999997 ms
29,648.5499999999997 ms
29,667.0999999999997 ms
29,679.3499999999997 ms
29,681.4499999999996 ms
29,701.3999999999999 ms
29,702.7999999999997 ms
29,750.8499999999997 ms
29,757.1499999999996 ms
29,772.7499999999995 ms
29,774.9499999999998 ms
29,781.5499999999997 ms
29,790.9999999999998 ms
29,796.3499999999997 ms
29,812.2499999999998 ms
29,820.7499999999998 ms
29,821.2999999999997 ms
29,836.2999999999997 ms
29,848.6499999999996 ms
29,858.3499999999999 ms
29,862.2999999999997 ms
29,891.5999999999999 ms
29,939.6499999999996 ms
29,940.7499999999998 ms
29,944.2499999999998 ms
29,946.0999999999997 ms
29,972.4499999999998 ms
29,972.9499999999998 ms
29,984.0499999999997 ms
29,994.3499999999999 ms
29,995.8999999999996 ms
29,1014.1999999999998 ms
29,1027.9999999999998 ms
29,1036.4999999999998 ms
29,1038.6499999999999 ms
29,1049.9999999999998 ms
29,1053.3499999999997 ms
29,1058.5999999999997 ms
29,1063.5999999999997 ms
29,1076.9999999999998 ms
29,1078.95 ms
29,1079.3999999999999 ms
29,1095.2499999999998 ms
29,1113.0999999999997 ms
29,1117.5999999999997 ms
29,1166.3 ms
29,1171.0499999999995 ms
29,1172.3999999999994 ms
29,1173.0499999999995 ms
29,1179.8999999999994 ms
29,1180.4999999999993 ms
29,1221.5999999999992 ms
29,1222.0499999999995 ms
29,1227.8499999999992 ms
29,1244.5999999999997 ms
29,1247.5499999999995 ms
29,1263.3999999999994 ms
29,1278.2499999999993 ms
29,1289.6999999999996 ms
29,1292.7999999999995 ms
29,1299.1999999999996 ms
29,1300.7999999999995 ms
29,1317.5999999999992 ms
29,1324.4999999999993 ms
29,1331.7499999999993 ms
29,1363.6999999999996 ms
29,1367.7499999999993 ms
29,1377.1499999999994 ms
29,1380.2499999999993 ms
29,1393.3999999999994 ms
29,1416.8999999999994 ms
29,1422.9499999999991 ms
29,1427.5999999999992 ms
29,1450.6999999999991 ms
29,1458.549999999999 ms
29,1482.1999999999991 ms
29,1501.3999999999994 ms
29,1508.7499999999993 ms
29,1512.549999999999 ms
29,1514.5999999999992 ms
29,1515.2499999999993 ms
29,1531.9499999999996 ms
29,1532.0499999999995 ms
29,1597.049999999999 ms
29,1603.0999999999992 ms
29,1649.1999999999991 ms
29,1661.9999999999989 ms
29,1671.2499999999993 ms
29,1688.4499999999991 ms
29,1700.1499999999994 ms
29,1744.4499999999991 ms
29,1748.6999999999991 ms
29,1757.8499999999992 ms
29,1794.2499999999993 ms
29,1803.5999999999992 ms
29,1804.399999999999 ms
29,1808.8499999999992 ms
29,1816.3499999999992 ms
29,1852.1999999999991 ms
29,1861.2499999999989 ms
29,1868.299999999999 ms
29,1887.9499999999991 ms
29,1928.8999999999994 ms
29,1931.399999999999 ms
29,1938.1999999999991 ms
29,1941.5999999999992 ms
29,1944.5999999999992 ms
29,1992.9999999999993 ms
29,2002.1499999999994 ms
29,2018.1499999999994 ms
29,2022.9499999999991 ms
29,2027.799999999999 ms
29,2028.5499999999995 ms
29,2035.549999999999 ms
29,2041.5499999999995 ms
29,2048.8999999999996 ms
29,2053.0499999999993 ms
29,2060.1499999999996 ms
29,2073.1499999999996 ms
29,2075.449999999999 ms
29,2089.199999999999 ms
29,2107.7999999999993 ms
29,2111.2999999999993 ms
29,2136.6499999999996 ms
29,2138.449999999999 ms
29,2144.3499999999995 ms
29,2157.499999999999 ms
29,2162.05 ms
29,2165.3499999999995 ms
29,2175.05 ms
29,2182.499999999999 ms
29,2193.3 ms
29,2242.45 ms
29,2245.25 ms
29,2252.1499999999996 ms
29,2265.0 ms
29,2269.8500000000004 ms
29,2280.0499999999993 ms
29,2284.25 ms
29,2293.199999999999 ms
29,2327.2999999999993 ms
29,2350.8499999999995 ms
29,2354.3999999999996 ms
29,2361.3999999999996 ms
29,2369.3499999999995 ms
29,2379.5499999999993 ms
29,2389.949999999999 ms
29,2396.0999999999995 ms
29,2401.7999999999993 ms
29,2410.499999999999 ms
29,2431.3999999999987 ms
29,2432.749999999999 ms
29,2504.0999999999995 ms
29,2525.0499999999984 ms
29,2566.7999999999984 ms
29,2572.999999999999 ms
29,2578.1499999999987 ms
29,2581.499999999999 ms
29,2606.1499999999987 ms
29,2635.749999999999 ms
29,2673.449999999998 ms
29,2697.0999999999985 ms
29,2712.499999999998 ms
29,2724.8499999999985 ms
29,2725.7999999999984 ms
29,2727.699999999998 ms
29,2743.8999999999987 ms
29,2761.8999999999987 ms
29,2799.999999999998 ms
29,2817.499999999998 ms
29,2824.949999999998 ms
29,2866.199999999998 ms
29,2870.0499999999984 ms
29,2886.649999999998 ms
29,2893.5999999999976 ms
29,2896.149999999998 ms
29,2907.949999999998 ms
29,2921.649999999998 ms
29,2938.649999999998 ms
29,2946.249999999998 ms
29,2977.899999999998 ms
29,2980.449999999998 ms
29,2995.5499999999984 ms
29,3011.399999999998 ms
29,3012.499999999998 ms
29,3058.449999999997 ms
29,3082.649999999998 ms
29,3098.5999999999967 ms
29,3102.199999999997 ms
29,3165.149999999997 ms
29,3173.149999999997 ms
29,3178.199999999997 ms
29,3179.7499999999973 ms
29,3180.0499999999975 ms
29,3187.4999999999973 ms
29,3195.7999999999975 ms
29,3205.699999999997 ms
29,3227.7999999999975 ms
29,3228.5999999999976 ms
29,3231.3499999999976 ms
29,3232.9999999999973 ms
29,3237.7499999999973 ms
29,3252.9999999999973 ms
29,3275.0499999999984 ms
29,3305.3499999999976 ms
29,3315.8999999999987 ms
29,3318.6499999999987 ms
29,3321.699999999998 ms
29,3327.2999999999984 ms
29,3329.949999999998 ms
29,3336.699999999998 ms
29,3339.749999999999 ms
29,3341.949999999998 ms
29,3345.999999999999 ms
29,3376.7999999999984 ms
29,3411.8499999999995 ms
29,3424.699999999999 ms
29,3428.2999999999993 ms
29,3433.249999999998 ms
29,3435.699999999999 ms
29,3452.199999999999 ms
29,3459.699999999999 ms
29,3504.399999999998 ms
29,3527.0499999999984 ms
29,3529.7999999999984 ms
29,3541.8999999999987 ms
29,3545.6499999999987 ms
29,3551.499999999998 ms
29,3574.649999999998 ms
29,3598.899999999998 ms
29,3613.899999999998 ms
29,3616.999999999998 ms
29,3633.5499999999984 ms
29,3635.699999999998 ms
29,3657.949999999998 ms
29,3682.0499999999984 ms
29,3724.6499999999987 ms
29,3777.449999999998 ms
29,3778.449999999998 ms
29,3779.449999999998 ms
29,3783.449999999998 ms
29,3796.499999999999 ms
29,3811.0499999999984 ms
29,3821.3499999999995 ms
29,3835.499999999999 ms
29,3842.949999999999 ms
29,3849.999999999999 ms
29,3870.7999999999993 ms
29,3881.8999999999996 ms
29,3904.449999999999 ms
29,3906.6499999999996 ms
29,3945.949999999999 ms
29,3958.3999999999996 ms
29,3985.6499999999996 ms
29,3986.3999999999996 ms
29,3987.499999999999 ms
30,38.1 ms
30,41.300000000000004 ms
30,46.00000000000001 ms
30,47.70000000000001 ms
30,62.95000000000001 ms
30,88.45000000000002 ms
30,89.4 ms
30,119.9 ms
30,126.35000000000002 ms
30,176.85000000000002 ms
30,206.15000000000003 ms
30,229.20000000000005 ms
30,237.95000000000005 ms
30,260.90000000000003 ms
30,273.50000000000006 ms
30,283.75000000000006 ms
30,290.6000000000001 ms
30,339.4500000000001 ms
30,344.25000000000017 ms
30,376.7000000000001 ms
30,395.65000000000003 ms
30,412.8 ms
30,441.0500000000001 ms
30,466.7000000000001 ms
30,470.65000000000003 ms
30,477.05 ms
30,520.6500000000001 ms
30,600.0 ms
30,624.75 ms
30,630.3 ms
30,630.8499999999999 ms
30,633.1499999999999 ms
30,638.1499999999999 ms
30,643.1499999999999 ms
30,651.3 ms
30,674.8999999999999 ms
30,694.6999999999998 ms
30,731.5499999999997 ms
30,767.6499999999999 ms
30,777.3999999999999 ms
30,777.9499999999998 ms
30,786.2999999999997 ms
30,795.9499999999998 ms
30,804.5499999999997 ms
30,807.25 ms
30,832.7999999999997 ms
30,846.8499999999999 ms
30,881.2499999999998 ms
30,908.9499999999998 ms
30,932.8999999999999 ms
30,948.6999999999998 ms
30,965.3499999999999 ms
30,974.1499999999996 ms
30,979.0999999999999 ms
30,980.5499999999997 ms
30,981.75 ms
30,1015.75 ms
30,1025.5 ms
30,1042.65 ms
30,1043.9 ms
30,1051.3000000000002 ms
30,1064.65 ms
30,1078.15 ms
30,1085.4500000000003 ms
30,1088.35 ms
30,1105.9 ms
30,1109.65 ms
30,1114.6 ms
30,1117.0000000000005 ms
30,1136.4 ms
30,1138.7500000000005 ms
30,1144.7000000000003 ms
30,1155.4 ms
30,1159.7500000000005 ms
30,1174.0000000000005 ms
30,1175.9 ms
30,1178.8000000000006 ms
30,1185.15 ms
30,1195.15 ms
30,1207.7000000000003 ms
30,1224.0500000000002 ms
30,1254.0 ms
30,1280.6000000000004 ms
30,1289.3000000000002 ms
30,1341.9500000000003 ms
30,1356.3000000000002 ms
30,1370.2000000000003 ms
30,1390.5000000000005 ms
30,1391.85 ms
30,1412.1 ms
30,1413.65 ms
30,1432.65 ms
30,1437.9500000000003 ms
30,1467.4 ms
30,1479.4500000000003 ms
30,1482.4 ms
30,1492.2000000000003 ms
30,1496.85 ms
30,1504.15 ms
30,1548.5500000000002 ms
30,1571.2000000000003 ms
30,1581.7500000000005 ms
30,1590.7500000000005 ms
30,1601.4 ms
30,1620.5500000000006 ms
30,1624.2000000000003 ms
30,1634.4000000000005 ms
30,1638.6000000000004 ms
30,1658.3500000000004 ms
30,1671.8000000000006 ms
30,1689.0500000000006 ms
30,1691.0000000000005 ms
30,1702.0500000000006 ms
30,1715.8500000000008 ms
30,1717.6000000000008 ms
30,1718.9000000000005 ms
30,1727.2000000000007 ms
30,1734.0500000000002 ms
30,1743.3500000000004 ms
30,1754.8000000000002 ms
30,1757.5000000000005 ms
30,1768.6500000000005 ms
30,1779.2500000000005 ms
30,1785.4500000000003 ms
30,1796.3500000000008 ms
30,1801.0000000000005 ms
30,1826.150000000001 ms
30,1873.0000000000005 ms
30,1879.2000000000007 ms
30,1880.2000000000007 ms
30,1880.9000000000005 ms
30,1897.6000000000008 ms
30,1914.0500000000006 ms
30,1920.750000000001 ms
30,1936.7000000000007 ms
30,1950.400000000001 ms
30,1956.900000000001 ms
30,1966.000000000001 ms
30,1986.650000000001 ms
30,2001.1000000000008 ms
30,2010.2000000000012 ms
30,2018.0500000000006 ms
30,2046.150000000001 ms
30,2070.65 ms
30,2083.2000000000003 ms
30,2087.3000000000006 ms
30,2091.700000000001 ms
30,2112.5000000000014 ms
30,2139.200000000001 ms
30,2153.4500000000003 ms
30,2161.350000000001 ms
30,2183.3000000000006 ms
30,2199.9 ms
30,2224.5000000000005 ms
30,2241.0500000000006 ms
30,2253.950000000001 ms
30,2284.650000000001 ms
30,2285.700000000001 ms
30,2286.2500000000014 ms
30,2319.8000000000015 ms
30,2322.650000000001 ms
30,2351.950000000001 ms
30,2360.1000000000017 ms
30,2375.0000000000014 ms
30,2421.600000000001 ms
30,2423.0500000000006 ms
30,2425.2500000000005 ms
30,2434.2500000000014 ms
30,2457.5000000000005 ms
30,2460.7500000000014 ms
30,2470.650000000001 ms
30,2485.200000000001 ms
30,2504.8500000000017 ms
30,2513.2500000000014 ms
30,2526.2500000000014 ms
30,2532.700000000001 ms
30,2535.650000000001 ms
30,2540.0500000000015 ms
30,2544.450000000001 ms
30,2558.3000000000006 ms
30,2561.400000000001 ms
30,2562.350000000001 ms
30,2612.4500000000003 ms
30,2618.8000000000006 ms
30,2627.5000000000005 ms
30,2631.85 ms
30,2645.4500000000003 ms
30,2648.7000000000003 ms
30,2649.2000000000003 ms
30,2659.0000000000005 ms
30,2670.6 ms
30,2679.7999999999997 ms
30,2683.35 ms
30,2685.0000000000005 ms
30,2686.2000000000003 ms
30,2702.5000000000005 ms
30,2703.150000000001 ms
30,2706.5500000000006 ms
30,2709.850000000001 ms
30,2724.850000000001 ms
30,2731.400000000001 ms
30,2743.2500000000005 ms
30,2772.400000000001 ms
30,2782.7500000000005 ms
30,2789.150000000001 ms
30,2791.200000000001 ms
30,2801.0000000000014 ms
30,2819.0500000000015 ms
30,2826.950000000002 ms
30,2831.650000000002 ms
30,2832.2500000000014 ms
30,2873.600000000001 ms
30,2881.950000000001 ms
30,2915.5500000000006 ms
30,2919.0500000000015 ms
30,2926.0000000000014 ms
30,2944.0500000000015 ms
30,2956.200000000001 ms
30,2957.450000000001 ms
30,2960.5500000000006 ms
30,2972.8000000000015 ms
30,2973.7500000000014 ms
30,2981.600000000001 ms
30,2985.2500000000014 ms
30,2986.400000000001 ms
30,3053.700000000001 ms
30,3073.0000000000014 ms
30,3088.850000000001 ms
30,3122.2500000000014 ms
30,3131.200000000001 ms
30,3135.2500000000014 ms
30,3142.950000000001 ms
30,3148.1000000000017 ms
30,3164.650000000002 ms
30,3175.150000000001 ms
30,3197.950000000001 ms
30,3208.900000000001 ms
30,3242.0000000000014 ms
30,3243.3000000000015 ms
30,3265.0500000000015 ms
30,3279.650000000001 ms
30,3292.7500000000014 ms
30,3293.2500000000014 ms
30,3304.350000000001 ms
30,3323.0000000000014 ms
30,3345.850000000001 ms
30,3353.1000000000017 ms
30,3367.350000000001 ms
30,3371.450000000001 ms
30,3375.6000000000017 ms
30,3393.600000000001 ms
30,3394.650000000001 ms
30,3395.5500000000015 ms
30,3402.0500000000015 ms
30,3403.950000000002 ms
30,3411.1000000000017 ms
30,3414.200000000001 ms
30,3424.1000000000017 ms
30,3454.6000000000017 ms
30,3465.3500000000017 ms
30,3471.200000000001 ms
30,3506.8500000000017 ms
30,3510.0500000000015 ms
30,3523.450000000002 ms
30,3537.8000000000015 ms
30,3538.1000000000017 ms
30,3544.150000000002 ms
30,3546.2500000000014 ms
30,3549.5000000000023 ms
30,3557.8000000000025 ms
30,3570.950000000002 ms
30,3574.8000000000015 ms
30,3585.0500000000025 ms
30,3610.1000000000026 ms
30,3622.400000000003 ms
30,3629.700000000003 ms
30,3644.8000000000025 ms
30,3654.5000000000023 ms
30,3670.650000000003 ms
30,3692.7500000000023 ms
30,3693.900000000003 ms
30,3698.3500000000026 ms
30,3702.450000000002 ms
30,3729.200000000002 ms
30,3736.3000000000015 ms
30,3737.0500000000025 ms
30,3744.3500000000026 ms
30,3753.8500000000017 ms
30,3761.6000000000026 ms
30,3775.650000000003 ms
30,3786.5500000000025 ms
30,3802.3500000000026 ms
30,3815.000000000003 ms
30,3817.950000000003 ms
30,3822.500000000003 ms
30,3883.2500000000023 ms
30,3894.5500000000025 ms
30,3907.5000000000023 ms
30,3909.3000000000025 ms
30,3912.5000000000023 ms
30,3912.650000000003 ms
30,3918.950000000003 ms
30,3928.6000000000035 ms
30,3956.750000000003 ms
30,3971.9000000000037 ms
30,3977.900000000003 ms
31,15.450000000000001 ms
31,40.150000000000006 ms
31,47.80000000000001 ms
31,50.55000000000001 ms
31,61.45 ms
31,64.55 ms
31,70.09999999999998 ms
31,88.69999999999997 ms
31,99.59999999999998 ms
31,135.7 ms
31,145.0 ms
31,159.75 ms
31,166.2 ms
31,168.05 ms
31,172.74999999999994 ms
31,180.89999999999998 ms
31,182.14999999999998 ms
31,183.04999999999995 ms
31,186.89999999999998 ms
31,202.0 ms
31,204.69999999999993 ms
31,211.09999999999997 ms
31,221.29999999999995 ms
31,226.69999999999993 ms
31,228.09999999999997 ms
31,230.09999999999997 ms
31,237.34999999999997 ms
31,238.79999999999995 ms
31,248.04999999999995 ms
31,293.3499999999999 ms
31,293.5 ms
31,320.04999999999995 ms
31,321.0999999999999 ms
31,340.29999999999995 ms
31,359.5 ms
31,366.54999999999995 ms
31,378.44999999999993 ms
31,385.0999999999999 ms
31,395.64999999999986 ms
31,407.5 ms
31,415.94999999999993 ms
31,421.3499999999999 ms
31,428.79999999999995 ms
31,432.39999999999986 ms
31,457.39999999999986 ms
31,479.64999999999986 ms
31,503.39999999999986 ms
31,520.3 ms
31,528.5 ms
31,540.8 ms
31,561.55 ms
31,574.8499999999999 ms
31,589.5 ms
31,591.6499999999999 ms
31,592.5999999999999 ms
31,613.5999999999999 ms
31,632.75 ms
31,672.3499999999999 ms
31,684.3499999999999 ms
31,718.6999999999998 ms
31,732.0999999999999 ms
31,755.0 ms
31,760.6999999999998 ms
31,788.3499999999999 ms
31,793.5999999999999 ms
31,804.4499999999998 ms
31,808.9499999999998 ms
31,822.55 ms
31,830.75 ms
31,839.8 ms
31,846.8499999999999 ms
31,868.8499999999999 ms
31,880.6999999999998 ms
31,891.6999999999998 ms
31,901.1500000000001 ms
31,904.75 ms
31,912.75 ms
31,914.05 ms
31,930.0999999999999 ms
31,936.4499999999998 ms
31,960.75 ms
31,978.5499999999997 ms
31,986.75 ms
31,1009.3999999999999 ms
31,1017.8 ms
31,1018.05 ms
31,1030.95 ms
31,1031.8500000000001 ms
31,1034.2 ms
31,1046.3 ms
31,1077.95 ms
31,1101.55 ms
31,1124.1499999999999 ms
31,1143.9999999999998 ms
31,1152.7999999999995 ms
31,1152.9499999999996 ms
31,1178.2499999999993 ms
31,1179.5999999999992 ms
31,1195.5999999999997 ms
31,1196.7999999999995 ms
31,1199.9499999999996 ms
31,1219.1499999999999 ms
31,1225.8999999999994 ms
31,1245.0999999999997 ms
31,1285.55 ms
31,1288.1499999999999 ms
31,1291.8499999999997 ms
31,1295.2499999999998 ms
31,1327.95 ms
31,1332.3 ms
31,1345.2499999999998 ms
31,1351.7 ms
31,1352.3 ms
31,1352.4999999999998 ms
31,1360.3999999999999 ms
31,1402.4499999999996 ms
31,1416.2999999999995 ms
31,1431.1999999999996 ms
31,1433.2499999999998 ms
31,1440.5999999999997 ms
31,1461.9999999999998 ms
31,1468.0999999999997 ms
31,1468.2499999999998 ms
31,1468.4999999999998 ms
31,1486.2999999999995 ms
31,1497.05 ms
31,1500.2 ms
31,1519.8500000000001 ms
31,1528.45 ms
31,1540.1000000000001 ms
31,1543.7500000000002 ms
31,1552.4999999999998 ms
31,1553.8499999999997 ms
31,1557.6499999999999 ms
31,1570.3500000000001 ms
31,1574.7500000000002 ms
31,1607.4999999999998 ms
31,1609.05 ms
31,1612.7 ms
31,1624.8500000000001 ms
31,1630.5000000000002 ms
31,1674.6000000000001 ms
31,1701.5500000000004 ms
31,1716.6000000000001 ms
31,1724.5500000000004 ms
31,1725.2000000000005 ms
31,1761.3000000000004 ms
31,1774.1000000000001 ms
31,1782.8500000000001 ms
31,1784.0000000000002 ms
31,1799.5000000000002 ms
31,1840.2000000000005 ms
31,1847.9000000000003 ms
31,1857.8500000000006 ms
31,1859.7000000000005 ms
31,1860.3500000000006 ms
31,1861.4000000000003 ms
31,1867.45 ms
31,1876.7500000000002 ms
31,1880.8 ms
31,1882.45 ms
31,1887.1000000000001 ms
31,1888.6500000000003 ms
31,1892.5500000000004 ms
31,1893.6000000000001 ms
31,1903.5000000000002 ms
31,1911.1000000000001 ms
31,1914.4000000000003 ms
31,1919.3000000000004 ms
31,1921.5000000000007 ms
31,1923.3500000000006 ms
31,1927.7000000000005 ms
31,1953.6000000000006 ms
31,1959.4000000000003 ms
31,1971.1000000000006 ms
31,1974.2500000000007 ms
31,1989.0000000000002 ms
31,1993.8000000000004 ms
31,2005.9000000000003 ms
31,2014.3000000000004 ms
31,2027.0000000000007 ms
31,2041.7000000000005 ms
31,2060.1500000000005 ms
31,2067.6000000000004 ms
31,2082.4000000000005 ms
31,2101.000000000001 ms
31,2122.55 ms
31,2127.4000000000005 ms
31,2127.6500000000005 ms
31,2138.8 ms
31,2163.000000000001 ms
31,2198.45 ms
31,2233.7 ms
31,2263.3500000000004 ms
31,2267.3500000000004 ms
31,2289.3 ms
31,2313.9000000000005 ms
31,2330.2 ms
31,2374.3 ms
31,2395.95 ms
31,2419.1500000000005 ms
31,2466.2 ms
31,2489.6000000000004 ms
31,2498.6500000000005 ms
31,2513.4000000000005 ms
31,2516.05 ms
31,2519.250000000001 ms
31,2536.45 ms
31,2547.6000000000004 ms
31,2553.1000000000004 ms
31,2554.4500000000007 ms
31,2563.3 ms
31,2580.45 ms
31,2625.500000000001 ms
31,2635.55 ms
31,2637.8500000000013 ms
31,2640.3500000000013 ms
31,2659.750000000001 ms
31,2672.7000000000007 ms
31,2673.6000000000004 ms
31,2734.4500000000007 ms
31,2747.1000000000004 ms
31,2779.8500000000004 ms
31,2783.2000000000007 ms
31,2794.1000000000004 ms
31,2802.000000000001 ms
31,2805.550000000001 ms
31,2807.7000000000007 ms
31,2814.750000000002 ms
31,2886.6000000000013 ms
31,2898.4000000000015 ms
31,2915.6000000000013 ms
31,2919.050000000001 ms
31,2927.8500000000013 ms
31,2932.050000000001 ms
31,2938.300000000001 ms
31,2942.9000000000015 ms
31,2945.6500000000015 ms
31,2949.4500000000007 ms
31,2954.9000000000015 ms
31,2962.550000000001 ms
31,2966.550000000001 ms
31,2970.3500000000013 ms
31,2973.050000000001 ms
31,2980.4000000000015 ms
31,2993.050000000001 ms
31,3000.9500000000007 ms
31,3017.1000000000013 ms
31,3045.2000000000016 ms
31,3048.9500000000016 ms
31,3066.500000000001 ms
31,3072.750000000001 ms
31,3102.000000000001 ms
31,3104.6000000000013 ms
31,3118.800000000001 ms
31,3130.750000000001 ms
31,3137.7000000000007 ms
31,3146.7000000000007 ms
31,3147.4500000000007 ms
31,3196.7000000000007 ms
31,3209.000000000001 ms
31,3213.4500000000007 ms
31,3217.1000000000004 ms
31,3239.2000000000007 ms
31,3279.1500000000005 ms
31,3289.6500000000005 ms
31,3305.8500000000004 ms
31,3312.9000000000005 ms
31,3333.3 ms
31,3334.1000000000013 ms
31,3342.2000000000007 ms
31,3362.8500000000004 ms
31,3374.4000000000015 ms
31,3376.800000000001 ms
31,3380.750000000001 ms
31,3389.300000000001 ms
31,3394.1000000000013 ms
31,3404.000000000001 ms
31,3404.750000000001 ms
31,3404.9500000000016 ms
31,3408.2000000000016 ms
31,3423.4500000000016 ms
31,3427.4500000000016 ms
31,3431.800000000001 ms
31,3436.750000000001 ms
31,3460.6500000000005 ms
31,3461.1500000000005 ms
31,3462.250000000001 ms
31,3493.1000000000013 ms
31,3526.3 ms
31,3529.05 ms
31,3541.3500000000013 ms
31,3548.8500000000013 ms
31,3560.55 ms
31,3571.05 ms
31,3594.55 ms
31,3598.4500000000007 ms
31,3608.000000000001 ms
31,3632.4000000000005 ms
31,3668.2000000000016 ms
31,3672.550000000001 ms
31,3710.250000000001 ms
31,3716.1000000000013 ms
31,3725.05 ms
31,3727.750000000001 ms
31,3739.4000000000005 ms
31,3741.9000000000005 ms
31,3743.4000000000005 ms
31,3748.8 ms
31,3757.4000000000005 ms
31,3757.8500000000004 ms
31,3760.05 ms
31,3764.25 ms
31,3782.3999999999996 ms
31,3791.4500000000007 ms
31,3791.9500000000007 ms
31,3794.0 ms
31,3794.300000000001 ms
31,3795.4500000000007 ms
31,3812.6000000000004 ms
31,3823.6500000000015 ms
31,3848.9000000000015 ms
31,3860.9000000000015 ms
31,3870.8500000000004 ms
31,3876.7000000000007 ms
31,3883.550000000001 ms
31,3885.550000000001 ms
31,3886.2000000000007 ms
31,3890.4000000000005 ms
31,3898.250000000001 ms
31,3903.4000000000005 ms
31,3905.250000000001 ms
31,3905.8 ms
31,3921.05 ms
31,3930.3 ms
31,3936.3500000000013 ms
31,3938.8 ms
31,3944.8 ms
31,3949.6000000000013 ms
31,3960.2000000000007 ms
31,3964.7000000000007 ms
31,3973.9000000000005 ms
31,3977.55 ms
31,3985.4000000000005 ms
31,3995.000000000001 ms
32,6.1000000000000005 ms
32,37.65 ms
32,45.85 ms
32,53.6 ms
32,57.9 ms
32,71.79999999999998 ms
32,74.4 ms
32,102.19999999999999 ms
32,109.44999999999999 ms
32,145.39999999999998 ms
32,150.29999999999995 ms
32,161.35000000000002 ms
32,185.64999999999998 ms
32,189.75 ms
32,212.25 ms
32,226.2 ms
32,226.89999999999998 ms
32,245.14999999999998 ms
32,297.29999999999995 ms
32,322.69999999999993 ms
32,326.15 ms
32,330.69999999999993 ms
32,333.19999999999993 ms
32,333.54999999999995 ms
32,337.0999999999999 ms
32,355.3499999999999 ms
32,361.5999999999999 ms
32,409.15 ms
32,460.44999999999993 ms
32,464.94999999999993 ms
32,482.0 ms
32,485.6 ms
32,486.30000000000007 ms
32,491.35 ms
32,503.45000000000005 ms
32,511.75 ms
32,514.0500000000002 ms
32,523.25 ms
32,536.5500000000002 ms
32,548.75 ms
32,560.8500000000001 ms
32,582.8000000000002 ms
32,587.6500000000001 ms
32,611.3500000000004 ms
32,618.8000000000002 ms
32,645.7000000000003 ms
32,654.1000000000004 ms
32,664.7500000000002 ms
32,676.7000000000003 ms
32,702.5000000000002 ms
32,709.9000000000003 ms
32,730.45 ms
32,744.1000000000001 ms
32,754.2500000000002 ms
32,761.55 ms
32,764.8 ms
32,781.7500000000002 ms
32,785.2 ms
32,805.95 ms
32,806.6500000000003 ms
32,806.9000000000003 ms
32,819.0500000000002 ms
32,842.5500000000002 ms
32,857.3000000000002 ms
32,876.7000000000003 ms
32,899.25 ms
32,904.5500000000002 ms
32,910.2 ms
32,916.4000000000001 ms
32,924.5500000000002 ms
32,935.5500000000002 ms
32,968.0 ms
32,991.6500000000001 ms
32,1014.3500000000001 ms
32,1015.0500000000002 ms
32,1088.5 ms
32,1106.2000000000003 ms
32,1118.7500000000005 ms
32,1121.7500000000005 ms
32,1141.8000000000002 ms
32,1152.0500000000002 ms
32,1153.5500000000002 ms
32,1174.3000000000002 ms
32,1190.65 ms
32,1191.3000000000002 ms
32,1208.7000000000003 ms
32,1254.4 ms
32,1272.5500000000006 ms
32,1278.3000000000006 ms
32,1280.9500000000003 ms
32,1303.6000000000008 ms
32,1325.4500000000003 ms
32,1353.8000000000006 ms
32,1368.8500000000004 ms
32,1381.8500000000004 ms
32,1395.0500000000002 ms
32,1425.1000000000004 ms
32,1425.5000000000005 ms
32,1437.5500000000006 ms
32,1440.2500000000005 ms
32,1442.3000000000006 ms
32,1454.0000000000005 ms
32,1477.1500000000005 ms
32,1508.7500000000005 ms
32,1525.6000000000004 ms
32,1528.6500000000005 ms
32,1537.5 ms
32,1539.0500000000002 ms
32,1550.9500000000003 ms
32,1561.15 ms
32,1565.4500000000003 ms
32,1605.0500000000002 ms
32,1605.9 ms
32,1623.0500000000002 ms
32,1623.5 ms
32,1643.0 ms
32,1710.9500000000003 ms
32,1714.4 ms
32,1724.5500000000006 ms
32,1726.5500000000006 ms
32,1759.0500000000006 ms
32,1767.3000000000006 ms
32,1790.15 ms
32,1791.5500000000006 ms
32,1792.8500000000004 ms
32,1794.5000000000005 ms
32,1819.4500000000003 ms
32,1840.6500000000005 ms
32,1856.7500000000005 ms
32,1872.7000000000003 ms
32,1891.1000000000008 ms
32,1905.9000000000005 ms
32,1928.5000000000005 ms
32,1928.7000000000003 ms
32,1930.5000000000005 ms
32,1936.6500000000005 ms
32,1956.4000000000005 ms
32,1960.6000000000004 ms
32,1965.4000000000005 ms
32,1966.2500000000005 ms
32,1990.9000000000005 ms
32,2019.0000000000005 ms
32,2029.1500000000005 ms
32,2035.6000000000004 ms
32,2046.4500000000007 ms
32,2061.4000000000005 ms
32,2088.250000000001 ms
32,2090.8 ms
32,2103.250000000001 ms
32,2116.7 ms
32,2119.1000000000004 ms
32,2124.05 ms
32,2148.75 ms
32,2151.2 ms
32,2155.2 ms
32,2199.7 ms
32,2206.8499999999995 ms
32,2222.4000000000005 ms
32,2254.5999999999995 ms
32,2263.55 ms
32,2280.249999999999 ms
32,2294.0999999999995 ms
32,2301.0999999999995 ms
32,2327.5999999999995 ms
32,2329.0499999999993 ms
32,2351.1499999999996 ms
32,2377.3499999999985 ms
32,2380.1499999999996 ms
32,2380.249999999999 ms
32,2407.6499999999987 ms
32,2412.45 ms
32,2414.45 ms
32,2414.95 ms
32,2415.5499999999993 ms
32,2419.7999999999993 ms
32,2431.449999999999 ms
32,2437.7999999999993 ms
32,2499.699999999999 ms
32,2508.2999999999993 ms
32,2531.0999999999995 ms
32,2536.999999999999 ms
32,2538.3 ms
32,2566.8499999999995 ms
32,2576.9000000000005 ms
32,2587.8 ms
32,2605.8 ms
32,2615.9000000000005 ms
32,2658.8 ms
32,2668.75 ms
32,2699.3 ms
32,2731.95 ms
32,2743.000000000001 ms
32,2752.3 ms
32,2762.250000000001 ms
32,2763.55 ms
32,2768.55 ms
32,2787.1500000000005 ms
32,2805.1500000000005 ms
32,2815.4500000000007 ms
32,2843.050000000001 ms
32,2862.0 ms
32,2866.0 ms
32,2888.7000000000007 ms
32,2892.1499999999996 ms
32,2896.55 ms
32,2897.25 ms
32,2913.05 ms
32,2927.8 ms
32,2933.6000000000004 ms
32,2941.75 ms
32,2947.5 ms
32,2955.800000000001 ms
32,2961.1500000000005 ms
32,2970.4500000000007 ms
32,2979.9000000000005 ms
32,2984.05 ms
32,2986.6500000000005 ms
32,2995.000000000001 ms
32,3016.05 ms
32,3057.3500000000013 ms
32,3081.500000000001 ms
32,3093.000000000001 ms
32,3100.9500000000007 ms
32,3122.2000000000007 ms
32,3126.4500000000007 ms
32,3135.3500000000004 ms
32,3173.550000000001 ms
32,3174.1000000000004 ms
32,3231.6500000000015 ms
32,3237.800000000001 ms
32,3260.300000000001 ms
32,3269.4000000000015 ms
32,3273.800000000001 ms
32,3282.9500000000007 ms
32,3284.8500000000013 ms
32,3295.4000000000015 ms
32,3298.1000000000013 ms
32,3298.9000000000015 ms
32,3319.8500000000013 ms
32,3329.6000000000013 ms
32,3369.000000000001 ms
32,3406.4000000000015 ms
32,3434.300000000001 ms
32,3454.850000000002 ms
32,3479.1500000000015 ms
32,3482.250000000002 ms
32,3495.600000000002 ms
32,3497.050000000001 ms
32,3498.300000000001 ms
32,3532.000000000002 ms
32,3533.050000000001 ms
32,3558.6500000000015 ms
32,3565.2000000000016 ms
32,3582.250000000002 ms
32,3599.850000000002 ms
32,3602.050000000001 ms
32,3607.050000000001 ms
32,3620.550000000001 ms
32,3621.4000000000015 ms
32,3630.1500000000015 ms
32,3637.2000000000016 ms
32,3638.6000000000013 ms
32,3646.6500000000024 ms
32,3647.7000000000016 ms
32,3687.7000000000016 ms
32,3693.100000000002 ms
32,3699.800000000002 ms
32,3705.050000000002 ms
32,3706.9000000000024 ms
32,3720.7000000000016 ms
32,3730.050000000002 ms
32,3739.9500000000016 ms
32,3752.6500000000024 ms
32,3758.9000000000024 ms
32,3771.8500000000013 ms
32,3773.750000000002 ms
32,3788.6500000000015 ms
32,3798.050000000002 ms
32,3825.750000000002 ms
32,3861.4500000000016 ms
32,3882.050000000002 ms
32,3910.300000000002 ms
32,3930.4500000000016 ms
32,3950.2000000000016 ms
32,3953.2000000000016 ms
32,3976.250000000002 ms
32,3985.550000000002 ms
32,3996.7000000000016 ms
33,6.4 ms
33,22.0 ms
33,28.35 ms
33,49.300000000000004 ms
33,64.85 ms
33,75.85 ms
33,110.15 ms
33,117.70000000000002 ms
33,139.65 ms
33,139.99999999999997 ms
33,146.6 ms
33,147.4 ms
33,148.15 ms
33,168.35 ms
33,168.54999999999998 ms
33,202.1 ms
33,226.70000000000002 ms
33,239.4 ms
33,247.15 ms
33,250.4 ms
33,291.9 ms
33,326.79999999999995 ms
33,332.54999999999995 ms
33,358.65 ms
33,367.4 ms
33,381.85 ms
33,405.2499999999999 ms
33,409.19999999999993 ms
33,410.15 ms
33,412.4999999999999 ms
33,415.65 ms
33,422.9999999999999 ms
33,443.79999999999995 ms
33,476.3499999999999 ms
33,485.5999999999999 ms
33,494.5999999999999 ms
33,496.75 ms
33,498.5999999999999 ms
33,499.95000000000005 ms
33,506.4 ms
33,516.0 ms
33,524.45 ms
33,534.25 ms
33,546.2 ms
33,546.9000000000001 ms
33,547.8500000000001 ms
33,565.95 ms
33,575.3500000000001 ms
33,589.8000000000002 ms
33,609.5500000000002 ms
33,635.6500000000001 ms
33,653.3500000000004 ms
33,655.4500000000003 ms
33,660.1500000000003 ms
33,709.8000000000004 ms
33,729.9000000000003 ms
33,733.2000000000003 ms
33,742.1000000000004 ms
33,743.3500000000004 ms
33,746.7000000000003 ms
33,752.6000000000004 ms
33,754.6000000000004 ms
33,761.9500000000003 ms
33,765.1000000000004 ms
33,769.2000000000003 ms
33,784.5500000000002 ms
33,790.2000000000003 ms
33,792.0000000000002 ms
33,795.8000000000002 ms
33,802.6500000000001 ms
33,815.4500000000003 ms
33,824.25 ms
33,825.0 ms
33,850.2000000000003 ms
33,856.9500000000003 ms
33,874.6000000000001 ms
33,910.4000000000001 ms
33,931.3500000000001 ms
33,938.8000000000002 ms
33,955.7500000000002 ms
33,962.7000000000003 ms
33,978.7000000000003 ms
33,1003.0500000000002 ms
33,1016.2500000000005 ms
33,1020.8000000000002 ms
33,1039.3500000000004 ms
33,1050.2500000000005 ms
33,1052.8000000000006 ms
33,1057.6000000000004 ms
33,1057.8500000000004 ms
33,1082.9500000000003 ms
33,1091.2500000000005 ms
33,1116.2500000000005 ms
33,1121.9500000000003 ms
33,1132.7500000000005 ms
33,1142.85 ms
33,1162.7500000000005 ms
33,1165.2000000000003 ms
33,1185.0000000000005 ms
33,1185.85 ms
33,1200.0000000000005 ms
33,1229.3000000000002 ms
33,1263.9 ms
33,1271.9500000000003 ms
33,1272.4 ms
33,1274.25 ms
33,1290.25 ms
33,1294.75 ms
33,1294.9 ms
33,1295.5500000000002 ms
33,1305.0 ms
33,1314.0500000000002 ms
33,1318.15 ms
33,1322.85 ms
33,1334.15 ms
33,1341.25 ms
33,1367.9499999999998 ms
33,1368.4 ms
33,1390.15 ms
33,1423.5 ms
33,1435.6999999999998 ms
33,1440.5500000000002 ms
33,1442.1999999999998 ms
33,1442.75 ms
33,1447.0 ms
33,1485.6999999999998 ms
33,1499.9499999999998 ms
33,1514.4499999999998 ms
33,1515.75 ms
33,1517.6 ms
33,1521.4499999999998 ms
33,1533.5 ms
33,1535.5999999999995 ms
33,1542.0 ms
33,1544.5499999999997 ms
33,1548.9499999999998 ms
33,1556.6999999999998 ms
33,1561.1 ms
33,1580.15 ms
33,1594.7999999999997 ms
33,1598.5499999999997 ms
33,1621.0499999999997 ms
33,1627.85 ms
33,1634.2999999999997 ms
33,1634.5499999999997 ms
33,1645.65 ms
33,1658.1 ms
33,1669.1999999999998 ms
33,1672.4499999999998 ms
33,1678.6499999999996 ms
33,1686.5 ms
33,1687.5999999999995 ms
33,1689.3999999999996 ms
33,1689.9999999999995 ms
33,1721.7999999999997 ms
33,1724.1999999999994 ms
33,1732.0499999999997 ms
33,1735.7499999999995 ms
33,1744.4499999999994 ms
33,1750.0499999999997 ms
33,1755.5499999999997 ms
33,1756.5499999999997 ms
33,1774.6999999999994 ms
33,1788.7499999999995 ms
33,1812.5499999999997 ms
33,1822.1999999999994 ms
33,1831.4499999999994 ms
33,1833.1499999999996 ms
33,1836.1999999999998 ms
33,1852.7999999999993 ms
33,1853.5999999999995 ms
33,1862.3499999999995 ms
33,1882.4999999999995 ms
33,1910.6499999999996 ms
33,1921.8999999999996 ms
33,1922.1499999999996 ms
33,1930.6499999999996 ms
33,1942.5499999999997 ms
33,1961.85 ms
33,1963.4999999999995 ms
33,1971.6999999999998 ms
33,1986.35 ms
33,2002.6 ms
33,2003.9499999999998 ms
33,2004.8999999999996 ms
33,2007.0 ms
33,2028.1499999999996 ms
33,2028.6999999999998 ms
33,2033.2999999999997 ms
33,2040.5499999999997 ms
33,2041.4999999999995 ms
33,2046.7499999999995 ms
33,2053.1999999999994 ms
33,2086.7999999999997 ms
33,2145.2000000000003 ms
33,2149.1999999999994 ms
33,2163.9999999999995 ms
33,2164.85 ms
33,2165.9499999999994 ms
33,2186.649999999999 ms
33,2197.599999999999 ms
33,2203.1999999999994 ms
33,2210.1999999999994 ms
33,2210.6999999999994 ms
33,2246.649999999999 ms
33,2248.5499999999997 ms
33,2269.6 ms
33,2281.6999999999994 ms
33,2300.549999999999 ms
33,2305.149999999999 ms
33,2305.649999999999 ms
33,2306.649999999999 ms
33,2307.149999999999 ms
33,2319.349999999999 ms
33,2340.1999999999985 ms
33,2352.099999999999 ms
33,2367.1999999999985 ms
33,2367.9499999999994 ms
33,2369.7499999999995 ms
33,2410.849999999999 ms
33,2419.4999999999995 ms
33,2429.2499999999986 ms
33,2433.6999999999985 ms
33,2439.299999999999 ms
33,2442.549999999999 ms
33,2484.4499999999994 ms
33,2511.4499999999985 ms
33,2512.599999999999 ms
33,2526.2499999999995 ms
33,2533.399999999999 ms
33,2542.9999999999986 ms
33,2545.9999999999995 ms
33,2549.0499999999997 ms
33,2549.9999999999995 ms
33,2593.9999999999986 ms
33,2627.649999999999 ms
33,2652.5499999999997 ms
33,2665.1999999999994 ms
33,2668.549999999999 ms
33,2672.349999999999 ms
33,2696.049999999999 ms
33,2702.899999999999 ms
33,2703.849999999999 ms
33,2709.549999999999 ms
33,2713.599999999999 ms
33,2723.4999999999995 ms
33,2737.9499999999994 ms
33,2741.149999999999 ms
33,2757.1999999999994 ms
33,2815.9499999999985 ms
33,2825.9999999999986 ms
33,2833.399999999999 ms
33,2837.599999999999 ms
33,2843.4499999999985 ms
33,2853.349999999999 ms
33,2858.4499999999985 ms
33,2872.1499999999983 ms
33,2884.4999999999986 ms
33,2890.399999999999 ms
33,2895.349999999999 ms
33,2916.849999999998 ms
33,2923.849999999999 ms
33,2936.149999999999 ms
33,2938.4999999999986 ms
33,2941.799999999999 ms
33,2942.3999999999983 ms
33,2967.349999999998 ms
33,2969.049999999998 ms
33,2990.9499999999985 ms
33,3021.299999999998 ms
33,3024.849999999998 ms
33,3052.349999999999 ms
33,3075.099999999998 ms
33,3100.6499999999983 ms
33,3108.9999999999986 ms
33,3113.649999999999 ms
33,3142.6999999999994 ms
33,3174.849999999999 ms
33,3176.599999999999 ms
33,3178.599999999999 ms
33,3193.6999999999985 ms
33,3203.6499999999983 ms
33,3206.099999999998 ms
33,3215.349999999999 ms
33,3215.649999999999 ms
33,3224.549999999999 ms
33,3232.099999999999 ms
33,3234.849999999999 ms
33,3239.2499999999995 ms
33,3244.2499999999986 ms
33,3277.1999999999985 ms
33,3279.799999999999 ms
33,3294.799999999999 ms
33,3298.549999999999 ms
33,3345.099999999999 ms
33,3348.4999999999995 ms
33,3354.399999999999 ms
33,3386.7499999999986 ms
33,3392.549999999999 ms
33,3395.349999999999 ms
33,3417.1999999999994 ms
33,3420.1999999999994 ms
33,3430.049999999999 ms
33,3436.849999999999 ms
33,3453.1999999999994 ms
33,3472.9499999999994 ms
33,3473.9999999999995 ms
33,3491.0499999999997 ms
33,3503.149999999999 ms
33,3504.15 ms
33,3506.0499999999997 ms
33,3508.7000000000003 ms
33,3510.85 ms
33,3513.7999999999997 ms
33,3519.2999999999997 ms
33,3521.7499999999995 ms
33,3525.7499999999995 ms
33,3528.9999999999995 ms
33,3533.9 ms
33,3535.85 ms
33,3543.849999999999 ms
33,3549.9999999999995 ms
33,3557.1999999999994 ms
33,3563.1 ms
33,3564.0499999999997 ms
33,3575.149999999999 ms
33,3583.099999999999 ms
33,3583.799999999999 ms
33,3595.299999999999 ms
33,3623.6999999999994 ms
33,3636.799999999999 ms
33,3649.6999999999994 ms
33,3666.2499999999995 ms
33,3688.0499999999997 ms
33,3694.549999999999 ms
33,3706.0499999999997 ms
33,3711.049999999999 ms
33,3714.5499999999997 ms
33,3722.149999999999 ms
33,3737.1999999999994 ms
33,3754.049999999999 ms
33,3771.5499999999997 ms
33,3781.649999999999 ms
33,3816.4999999999986 ms
33,3829.1999999999985 ms
33,3829.6999999999994 ms
33,3843.849999999999 ms
33,3866.4499999999985 ms
33,3873.6999999999994 ms
33,3888.1999999999985 ms
33,3906.299999999999 ms
33,3923.349999999999 ms
33,3930.7499999999995 ms
33,3946.349999999999 ms
33,3969.2499999999995 ms
33,3974.4999999999986 ms
33,3975.799999999999 ms
33,3980.6999999999994 ms
33,3983.7499999999995 ms
33,3985.7999999999997 ms
34,16.75 ms
34,48.55 ms
34,50.599999999999994 ms
34,52.14999999999999 ms
34,58.8 ms
34,72.95 ms
34,73.64999999999999 ms
34,100.35000000000001 ms
34,101.14999999999999 ms
34,105.55 ms
34,129.0 ms
34,138.60000000000002 ms
34,140.35000000000002 ms
34,147.25 ms
34,154.85000000000002 ms
34,157.95 ms
34,158.7 ms
34,171.3 ms
34,171.95 ms
34,175.3 ms
34,187.89999999999998 ms
34,214.89999999999998 ms
34,219.95 ms
34,223.2 ms
34,234.05 ms
34,239.3 ms
34,255.39999999999998 ms
34,258.44999999999993 ms
34,275.75 ms
34,320.85 ms
34,327.80000000000007 ms
34,330.0 ms
34,335.95000000000005 ms
34,350.70000000000005 ms
34,355.75 ms
34,360.65 ms
34,366.15 ms
34,389.0 ms
34,397.1 ms
34,419.70000000000005 ms
34,429.4000000000001 ms
34,430.35 ms
34,433.20000000000005 ms
34,463.80000000000007 ms
34,482.5000000000001 ms
34,490.4 ms
34,499.9 ms
34,502.30000000000007 ms
34,522.2999999999998 ms
34,550.4999999999999 ms
34,552.2500000000001 ms
34,563.7000000000002 ms
34,576.0500000000001 ms
34,584.1 ms
34,600.2499999999999 ms
34,600.9499999999999 ms
34,611.4500000000002 ms
34,622.3000000000001 ms
34,624.0000000000001 ms
34,625.5500000000001 ms
34,629.5500000000001 ms
34,639.8000000000001 ms
34,646.35 ms
34,650.35 ms
34,653.2000000000002 ms
34,666.0000000000001 ms
34,668.85 ms
34,676.15 ms
34,697.9499999999999 ms
34,708.0999999999998 ms
34,714.35 ms
34,736.15 ms
34,742.85 ms
34,763.5500000000001 ms
34,780.1 ms
34,801.5999999999998 ms
34,819.7499999999999 ms
34,830.4499999999999 ms
34,842.8499999999998 ms
34,843.1499999999997 ms
34,848.15 ms
34,855.6499999999997 ms
34,862.3499999999998 ms
34,889.1999999999999 ms
34,891.6999999999999 ms
34,915.8499999999998 ms
34,924.9999999999999 ms
34,932.6 ms
34,937.7499999999999 ms
34,941.7499999999999 ms
34,974.2999999999998 ms
34,975.5999999999998 ms
34,987.3499999999998 ms
34,988.1499999999997 ms
34,1021.0499999999996 ms
34,1021.9499999999997 ms
34,1048.7999999999997 ms
34,1065.4499999999998 ms
34,1110.0499999999997 ms
34,1117.4999999999995 ms
34,1143.35 ms
34,1145.2499999999995 ms
34,1159.1 ms
34,1164.6999999999994 ms
34,1165.4999999999995 ms
34,1182.7999999999997 ms
34,1204.4499999999994 ms
34,1206.2999999999997 ms
34,1227.4999999999995 ms
34,1241.2999999999997 ms
34,1252.0499999999997 ms
34,1255.9499999999994 ms
34,1257.8999999999996 ms
34,1262.5499999999997 ms
34,1273.2499999999995 ms
34,1303.7499999999995 ms
34,1313.65 ms
34,1322.9999999999995 ms
34,1326.5499999999997 ms
34,1339.9999999999995 ms
34,1348.4999999999995 ms
34,1372.7999999999997 ms
34,1373.6499999999996 ms
34,1377.7499999999995 ms
34,1390.3499999999995 ms
34,1401.9999999999995 ms
34,1408.8499999999995 ms
34,1419.1999999999994 ms
34,1421.0499999999993 ms
34,1435.999999999999 ms
34,1441.5499999999993 ms
34,1459.2999999999993 ms
34,1491.5499999999993 ms
34,1508.499999999999 ms
34,1524.0499999999993 ms
34,1533.8999999999992 ms
34,1542.4499999999994 ms
34,1551.349999999999 ms
34,1552.2499999999995 ms
34,1561.6999999999994 ms
34,1623.9999999999995 ms
34,1627.9499999999994 ms
34,1642.2999999999993 ms
34,1644.4499999999994 ms
34,1645.5999999999995 ms
34,1655.8499999999995 ms
34,1656.2499999999995 ms
34,1664.8499999999995 ms
34,1670.5999999999995 ms
34,1678.6999999999994 ms
34,1679.9999999999995 ms
34,1709.9499999999994 ms
34,1725.1999999999994 ms
34,1734.4499999999994 ms
34,1736.3999999999992 ms
34,1758.3999999999992 ms
34,1766.2499999999995 ms
34,1797.349999999999 ms
34,1804.099999999999 ms
34,1855.9499999999994 ms
34,1856.9499999999994 ms
34,1865.4499999999994 ms
34,1867.9499999999994 ms
34,1920.6499999999992 ms
34,1933.599999999999 ms
34,1952.2999999999993 ms
34,1953.6499999999992 ms
34,1962.1999999999994 ms
34,1975.0499999999988 ms
34,1977.5499999999988 ms
34,2013.9499999999994 ms
34,2033.3999999999992 ms
34,2039.3999999999992 ms
34,2060.899999999999 ms
34,2061.649999999999 ms
34,2071.9999999999986 ms
34,2110.1999999999985 ms
34,2114.799999999999 ms
34,2123.2499999999986 ms
34,2132.649999999999 ms
34,2145.549999999999 ms
34,2145.7499999999986 ms
34,2183.399999999999 ms
34,2194.9499999999994 ms
34,2204.4999999999995 ms
34,2209.849999999999 ms
34,2217.049999999999 ms
34,2222.1499999999983 ms
34,2242.299999999999 ms
34,2246.4499999999994 ms
34,2263.9499999999985 ms
34,2266.3999999999983 ms
34,2269.4499999999985 ms
34,2277.8999999999983 ms
34,2296.4999999999986 ms
34,2304.849999999998 ms
34,2310.1999999999985 ms
34,2310.4499999999985 ms
34,2327.9499999999985 ms
34,2349.1999999999985 ms
34,2367.1499999999983 ms
34,2368.1499999999983 ms
34,2374.6999999999985 ms
34,2385.2499999999986 ms
34,2395.349999999998 ms
34,2395.9999999999986 ms
34,2396.2499999999986 ms
34,2420.4999999999986 ms
34,2421.4999999999986 ms
34,2428.299999999999 ms
34,2452.299999999999 ms
34,2467.1499999999983 ms
34,2470.049999999999 ms
34,2491.6999999999994 ms
34,2509.849999999999 ms
34,2527.4999999999995 ms
34,2533.1999999999994 ms
34,2549.4499999999985 ms
34,2570.6999999999994 ms
34,2578.9999999999995 ms
34,2594.4999999999986 ms
34,2595.2499999999995 ms
34,2599.4999999999986 ms
34,2639.299999999999 ms
34,2643.9999999999986 ms
34,2656.7499999999995 ms
34,2666.6999999999994 ms
34,2676.099999999999 ms
34,2689.599999999999 ms
34,2693.9499999999985 ms
34,2705.9999999999986 ms
34,2730.099999999999 ms
34,2775.9499999999985 ms
34,2778.849999999999 ms
34,2788.6999999999985 ms
34,2814.9999999999986 ms
34,2840.049999999999 ms
34,2843.4499999999994 ms
34,2885.2499999999995 ms
34,2900.7499999999995 ms
34,2905.849999999999 ms
34,2942.299999999999 ms
34,2956.349999999999 ms
34,2973.149999999999 ms
34,2992.099999999999 ms
34,3019.1 ms
34,3022.2999999999997 ms
34,3036.6 ms
34,3061.9 ms
34,3117.399999999999 ms
34,3118.0499999999997 ms
34,3162.399999999999 ms
34,3205.2499999999995 ms
34,3210.2999999999997 ms
34,3212.2499999999995 ms
34,3218.9 ms
34,3223.6 ms
34,3231.599999999999 ms
34,3247.2499999999995 ms
34,3248.5499999999997 ms
34,3248.9500000000003 ms
34,3273.0000000000005 ms
34,3285.1 ms
34,3293.85 ms
34,3325.1 ms
34,3326.85 ms
34,3369.9 ms
34,3379.8000000000006 ms
34,3392.4 ms
34,3412.4 ms
34,3430.4999999999995 ms
34,3445.1999999999994 ms
34,3463.899999999999 ms
34,3464.2499999999995 ms
34,3476.9999999999995 ms
34,3492.7999999999997 ms
34,3521.9500000000003 ms
34,3528.65 ms
34,3564.4500000000003 ms
34,3570.7999999999997 ms
34,3583.35 ms
34,3589.0499999999997 ms
34,3610.7999999999997 ms
34,3612.2499999999995 ms
34,3640.4999999999995 ms
34,3645.0499999999997 ms
34,3662.7000000000003 ms
34,3668.0499999999997 ms
34,3714.2499999999995 ms
34,3724.2499999999995 ms
34,3739.4999999999995 ms
34,3761.9 ms
34,3762.7000000000003 ms
34,3777.4 ms
34,3777.7499999999995 ms
34,3791.349999999999 ms
34,3829.2499999999995 ms
34,3842.9 ms
34,3846.7000000000003 ms
34,3847.7999999999997 ms
34,3872.399999999999 ms
34,3880.0499999999997 ms
34,3883.35 ms
34,3897.35 ms
34,3908.7500000000005 ms
34,3916.35 ms
34,3927.5000000000005 ms
34,3943.7000000000003 ms
34,3949.7999999999997 ms
34,3962.899999999999 ms
34,3977.1999999999994 ms
34,3983.9999999999995 ms
35,5.6000000000000005 ms
35,34.2 ms
35,48.7 ms
35,64.85000000000001 ms
35,87.55000000000003 ms
35,89.15000000000002 ms
35,89.80000000000003 ms
35,98.85000000000001 ms
35,101.45 ms
35,118.10000000000001 ms
35,119.00000000000001 ms
35,144.45000000000005 ms
35,150.20000000000005 ms
35,153.14999999999998 ms
35,163.39999999999998 ms
35,167.10000000000002 ms
35,168.14999999999998 ms
35,170.85000000000002 ms
35,176.5 ms
35,177.89999999999998 ms
35,180.60000000000002 ms
35,191.35000000000002 ms
35,220.75 ms
35,240.2 ms
35,263.09999999999997 ms
35,270.7 ms
35,274.59999999999997 ms
35,277.0499999999999 ms
35,282.3 ms
35,283.15000000000003 ms
35,308.6499999999999 ms
35,311.49999999999994 ms
35,317.09999999999997 ms
35,331.6000000000001 ms
35,398.34999999999997 ms
35,410.90000000000003 ms
35,411.59999999999997 ms
35,421.65000000000003 ms
35,422.50000000000006 ms
35,424.1000000000001 ms
35,434.55 ms
35,435.50000000000006 ms
35,463.90000000000003 ms
35,490.2000000000001 ms
35,501.50000000000006 ms
35,527.1000000000001 ms
35,554.6499999999999 ms
35,561.3999999999999 ms
35,562.1499999999999 ms
35,564.6000000000001 ms
35,622.6499999999999 ms
35,623.25 ms
35,636.1500000000001 ms
35,696.4000000000001 ms
35,736.4000000000001 ms
35,737.3 ms
35,749.5 ms
35,760.0 ms
35,778.05 ms
35,789.8 ms
35,794.1499999999999 ms
35,816.6000000000001 ms
35,862.45 ms
35,863.2 ms
35,872.4000000000001 ms
35,874.0500000000002 ms
35,885.6500000000001 ms
35,886.8500000000001 ms
35,890.5500000000002 ms
35,898.0500000000002 ms
35,902.4500000000003 ms
35,906.6500000000001 ms
35,917.5500000000002 ms
35,921.2500000000002 ms
35,923.8000000000002 ms
35,928.6000000000001 ms
35,935.7500000000002 ms
35,957.2 ms
35,957.5500000000002 ms
35,962.8500000000001 ms
35,963.7 ms
35,968.95 ms
35,990.5500000000002 ms
35,992.1000000000001 ms
35,995.7 ms
35,1011.7 ms
35,1023.9000000000003 ms
35,1038.3000000000004 ms
35,1040.6000000000001 ms
35,1071.6000000000001 ms
35,1084.95 ms
35,1085.1000000000001 ms
35,1091.5000000000002 ms
35,1108.55 ms
35,1127.8500000000001 ms
35,1141.45 ms
35,1143.4999999999998 ms
35,1143.7500000000002 ms
35,1160.1000000000001 ms
35,1164.0999999999997 ms
35,1186.3999999999999 ms
35,1203.4499999999996 ms
35,1218.45 ms
35,1244.8999999999999 ms
35,1253.8 ms
35,1262.2500000000002 ms
35,1263.6000000000001 ms
35,1269.3 ms
35,1293.95 ms
35,1329.7 ms
35,1341.05 ms
35,1342.6499999999999 ms
35,1360.7499999999998 ms
35,1369.4999999999998 ms
35,1385.2499999999998 ms
35,1388.4999999999998 ms
35,1397.2499999999998 ms
35,1405.5499999999995 ms
35,1407.9499999999996 ms
35,1436.6499999999999 ms
35,1451.8999999999999 ms
35,1453.55 ms
35,1461.45 ms
35,1531.9000000000003 ms
35,1533.6000000000001 ms
35,1548.2 ms
35,1570.3 ms
35,1573.05 ms
35,1575.45 ms
35,1581.05 ms
35,1589.3499999999997 ms
35,1599.55 ms
35,1602.8999999999999 ms
35,1617.1999999999996 ms
35,1620.3999999999999 ms
35,1624.6000000000001 ms
35,1638.8999999999999 ms
35,1643.6499999999999 ms
35,1649.1000000000001 ms
35,1655.05 ms
35,1666.8 ms
35,1690.2 ms
35,1692.7499999999998 ms
35,1700.95 ms
35,1712.6000000000001 ms
35,1753.8999999999999 ms
35,1756.3 ms
35,1757.8999999999999 ms
35,1761.7499999999998 ms
35,1785.95 ms
35,1792.7499999999998 ms
35,1818.8999999999999 ms
35,1820.6500000000003 ms
35,1825.1000000000001 ms
35,1850.0500000000004 ms
35,1855.6500000000003 ms
35,1864.7 ms
35,1871.3 ms
35,1881.05 ms
35,1890.5999999999997 ms
35,1900.7499999999998 ms
35,1908.7500000000002 ms
35,1922.1500000000003 ms
35,1922.95 ms
35,1931.2499999999998 ms
35,1932.8499999999997 ms
35,1933.6000000000001 ms
35,1935.3499999999997 ms
35,1938.6999999999996 ms
35,1966.1499999999999 ms
35,1982.3 ms
35,1988.05 ms
35,1990.3999999999999 ms
35,1990.6000000000001 ms
35,1996.2 ms
35,2007.8500000000001 ms
35,2011.2500000000002 ms
35,2032.1500000000003 ms
35,2040.6499999999999 ms
35,2041.55 ms
35,2044.6499999999999 ms
35,2049.9000000000005 ms
35,2051.9000000000005 ms
35,2058.0999999999995 ms
35,2066.0 ms
35,2067.25 ms
35,2078.6000000000004 ms
35,2082.8500000000004 ms
35,2087.8999999999996 ms
35,2088.8999999999996 ms
35,2098.3500000000004 ms
35,2100.6499999999996 ms
35,2102.8 ms
35,2111.45 ms
35,2111.95 ms
35,2114.9000000000005 ms
35,2124.5999999999995 ms
35,2125.6500000000005 ms
35,2143.75 ms
35,2148.7 ms
35,2150.6499999999996 ms
35,2166.5999999999995 ms
35,2172.7 ms
35,2175.0499999999993 ms
35,2180.0999999999995 ms
35,2185.95 ms
35,2191.2 ms
35,2197.249999999999 ms
35,2212.8499999999995 ms
35,2231.1499999999996 ms
35,2232.3499999999995 ms
35,2264.2999999999993 ms
35,2265.8999999999996 ms
35,2270.6499999999996 ms
35,2272.199999999999 ms
35,2288.0999999999995 ms
35,2288.3499999999995 ms
35,2291.45 ms
35,2291.7999999999993 ms
35,2291.8999999999996 ms
35,2292.199999999999 ms
35,2294.0 ms
35,2295.5 ms
35,2313.8999999999996 ms
35,2349.0499999999993 ms
35,2360.0 ms
35,2368.699999999999 ms
35,2374.8999999999996 ms
35,2378.5999999999985 ms
35,2383.5499999999993 ms
35,2406.3999999999987 ms
35,2408.999999999999 ms
35,2447.5999999999985 ms
35,2455.2999999999984 ms
35,2460.199999999998 ms
35,2469.5999999999985 ms
35,2473.949999999999 ms
35,2479.8499999999985 ms
35,2514.199999999999 ms
35,2519.399999999998 ms
35,2538.899999999998 ms
35,2541.8499999999985 ms
35,2555.399999999998 ms
35,2578.2999999999984 ms
35,2596.0999999999985 ms
35,2603.199999999999 ms
35,2603.449999999999 ms
35,2615.249999999998 ms
35,2654.5499999999993 ms
35,2683.949999999999 ms
35,2692.5999999999985 ms
35,2700.8499999999985 ms
35,2718.3499999999985 ms
35,2719.8499999999985 ms
35,2729.2999999999993 ms
35,2736.3999999999987 ms
35,2739.999999999999 ms
35,2765.5999999999985 ms
35,2770.8999999999987 ms
35,2804.2999999999984 ms
35,2807.8499999999995 ms
35,2810.0499999999984 ms
35,2820.8499999999995 ms
35,2823.249999999999 ms
35,2828.499999999999 ms
35,2830.699999999999 ms
35,2831.3999999999987 ms
35,2834.3999999999987 ms
35,2849.249999999999 ms
35,2853.699999999998 ms
35,2860.949999999998 ms
35,2869.8999999999987 ms
35,2890.8999999999987 ms
35,2917.449999999998 ms
35,2922.3999999999987 ms
35,2939.2999999999984 ms
35,2948.999999999998 ms
35,2951.749999999998 ms
35,2962.5499999999984 ms
35,2963.699999999998 ms
35,2991.3999999999987 ms
35,2999.8999999999987 ms
35,2999.999999999998 ms
35,3005.8499999999985 ms
35,3023.7999999999975 ms
35,3033.0999999999985 ms
35,3049.5999999999985 ms
35,3111.399999999998 ms
35,3115.2999999999984 ms
35,3122.3499999999985 ms
35,3122.949999999999 ms
35,3133.5499999999984 ms
35,3136.8499999999985 ms
35,3148.0499999999984 ms
35,3160.5499999999984 ms
35,3170.3999999999987 ms
35,3194.5999999999976 ms
35,3206.449999999998 ms
35,3207.749999999998 ms
35,3217.149999999998 ms
35,3218.399999999998 ms
35,3220.399999999998 ms
35,3271.699999999999 ms
35,3322.499999999998 ms
35,3351.3499999999985 ms
35,3355.8499999999985 ms
35,3357.1499999999987 ms
35,3386.3999999999987 ms
35,3408.2999999999984 ms
35,3410.449999999999 ms
35,3411.449999999999 ms
35,3435.199999999999 ms
35,3440.1499999999987 ms
35,3445.5499999999984 ms
35,3455.8999999999987 ms
35,3488.6499999999987 ms
35,3492.5499999999984 ms
35,3519.999999999999 ms
35,3547.5499999999984 ms
35,3569.499999999999 ms
35,3579.699999999998 ms
35,3599.5499999999984 ms
35,3608.8999999999987 ms
35,3611.999999999998 ms
35,3612.3499999999985 ms
35,3620.3499999999985 ms
35,3639.0499999999975 ms
35,3639.249999999998 ms
35,3682.0499999999975 ms
35,3690.149999999998 ms
35,3690.449999999998 ms
35,3698.0499999999984 ms
35,3718.3499999999976 ms
35,3725.999999999998 ms
35,3742.999999999998 ms
35,3752.2999999999984 ms
35,3760.8499999999985 ms
35,3769.749999999998 ms
35,3771.7999999999993 ms
35,3785.749999999998 ms
35,3790.999999999998 ms
35,3791.2999999999993 ms
35,3793.5999999999985 ms
35,3794.499999999999 ms
35,3820.1499999999987 ms
35,3821.249999999999 ms
35,3839.5499999999993 ms
35,3858.6499999999996 ms
35,3859.8999999999996 ms
35,3871.249999999999 ms
35,3889.699999999999 ms
35,3946.1499999999987 ms
35,3965.449999999999 ms
35,3991.499999999999 ms
35,3993.499999999999 ms
35,3993.7999999999993 ms
35,3995.2999999999993 ms
36,17.1 ms
36,59.300000000000004 ms
36,88.6 ms
36,90.05000000000001 ms
36,92.55000000000001 ms
36,99.4 ms
36,103.55000000000001 ms
36,119.0 ms
36,124.30000000000001 ms
36,138.40000000000003 ms
36,141.7 ms
36,146.8 ms
36,148.75 ms
36,158.14999999999998 ms
36,168.25 ms
36,175.5 ms
36,184.39999999999998 ms
36,193.64999999999998 ms
36,194.45000000000005 ms
36,206.89999999999998 ms
36,219.20000000000005 ms
36,220.70000000000005 ms
36,222.05 ms
36,236.3 ms
36,245.60000000000002 ms
36,257.8 ms
36,259.55 ms
36,282.05 ms
36,299.49999999999994 ms
36,300.25000000000006 ms
36,300.74999999999994 ms
36,304.1499999999999 ms
36,309.90000000000003 ms
36,316.45 ms
36,361.55 ms
36,361.8500000000001 ms
36,362.7000000000001 ms
36,362.90000000000003 ms
36,367.9500000000001 ms
36,370.95 ms
36,391.7000000000001 ms
36,407.65000000000003 ms
36,418.84999999999997 ms
36,427.2 ms
36,440.84999999999997 ms
36,463.15000000000003 ms
36,473.65000000000003 ms
36,496.05 ms
36,523.45 ms
36,540.1500000000001 ms
36,550.5 ms
36,556.9000000000001 ms
36,584.9000000000001 ms
36,592.1000000000001 ms
36,592.5000000000002 ms
36,592.6500000000001 ms
36,600.9000000000001 ms
36,602.1500000000001 ms
36,603.5500000000002 ms
36,614.2 ms
36,637.55 ms
36,640.95 ms
36,659.6000000000001 ms
36,674.0 ms
36,676.5999999999999 ms
36,715.8000000000002 ms
36,716.25 ms
36,717.7000000000003 ms
36,721.3000000000002 ms
36,728.9000000000001 ms
36,754.9000000000001 ms
36,789.5000000000002 ms
36,797.5500000000002 ms
36,813.4500000000003 ms
36,823.0500000000002 ms
36,840.5500000000002 ms
36,849.1500000000001 ms
36,853.0000000000002 ms
36,867.8000000000002 ms
36,905.9500000000003 ms
36,908.6500000000001 ms
36,920.4500000000003 ms
36,940.75 ms
36,941.1500000000001 ms
36,942.9000000000001 ms
36,952.25 ms
36,968.6000000000001 ms
36,969.0500000000002 ms
36,969.2000000000003 ms
36,983.6000000000001 ms
36,1011.0500000000002 ms
36,1025.8500000000001 ms
36,1045.0000000000002 ms
36,1052.7000000000005 ms
36,1084.45 ms
36,1089.9000000000003 ms
36,1116.95 ms
36,1143.8500000000001 ms
36,1151.7 ms
36,1158.1000000000001 ms
36,1159.4000000000003 ms
36,1160.45 ms
36,1165.8 ms
36,1175.0500000000004 ms
36,1205.7500000000002 ms
36,1261.4000000000003 ms
36,1263.4000000000003 ms
36,1265.2500000000002 ms
36,1272.55 ms
36,1294.8000000000004 ms
36,1304.8 ms
36,1314.3999999999999 ms
36,1344.6500000000003 ms
36,1348.6000000000001 ms
36,1350.6499999999999 ms
36,1360.6500000000003 ms
36,1361.7500000000002 ms
36,1362.6500000000003 ms
36,1371.0000000000002 ms
36,1375.9999999999998 ms
36,1390.0000000000002 ms
36,1394.05 ms
36,1403.7500000000002 ms
36,1415.7499999999998 ms
36,1418.2500000000002 ms
36,1428.3500000000001 ms
36,1434.2 ms
36,1453.7499999999998 ms
36,1455.3499999999997 ms
36,1465.05 ms
36,1473.5499999999995 ms
36,1488.55 ms
36,1492.0499999999995 ms
36,1499.0999999999997 ms
36,1501.7499999999998 ms
36,1513.2499999999998 ms
36,1535.4999999999998 ms
36,1540.6499999999999 ms
36,1542.1999999999996 ms
36,1588.7999999999995 ms
36,1593.9499999999996 ms
36,1613.3999999999999 ms
36,1621.3500000000001 ms
36,1639.2 ms
36,1650.8 ms
36,1652.45 ms
36,1657.9999999999998 ms
36,1696.45 ms
36,1697.1999999999996 ms
36,1701.7999999999995 ms
36,1705.0999999999997 ms
36,1724.3999999999994 ms
36,1726.9499999999996 ms
36,1743.8999999999999 ms
36,1747.1499999999994 ms
36,1767.6499999999999 ms
36,1769.9999999999998 ms
36,1786.0499999999995 ms
36,1790.8999999999994 ms
36,1791.0499999999995 ms
36,1818.3499999999992 ms
36,1835.1499999999994 ms
36,1836.0999999999997 ms
36,1848.3499999999992 ms
36,1851.8999999999994 ms
36,1853.3499999999997 ms
36,1860.1999999999996 ms
36,1864.8499999999997 ms
36,1875.7499999999998 ms
36,1878.9999999999993 ms
36,1890.1999999999996 ms
36,1905.2499999999993 ms
36,1909.5999999999992 ms
36,1913.9499999999991 ms
36,1926.2499999999993 ms
36,1960.7499999999993 ms
36,1968.7499999999993 ms
36,1972.3499999999992 ms
36,1974.5999999999992 ms
36,1976.6999999999991 ms
36,1987.0999999999992 ms
36,2007.9999999999993 ms
36,2021.799999999999 ms
36,2034.1999999999991 ms
36,2047.8499999999992 ms
36,2070.3499999999995 ms
36,2073.8499999999995 ms
36,2093.8999999999996 ms
36,2111.8499999999995 ms
36,2113.6499999999996 ms
36,2127.75 ms
36,2142.1499999999996 ms
36,2143.1499999999996 ms
36,2146.5999999999995 ms
36,2159.0499999999993 ms
36,2168.999999999999 ms
36,2191.3499999999995 ms
36,2196.249999999999 ms
36,2199.0999999999995 ms
36,2213.249999999999 ms
36,2232.749999999999 ms
36,2243.1499999999987 ms
36,2246.499999999999 ms
36,2306.1499999999987 ms
36,2308.0999999999995 ms
36,2313.249999999999 ms
36,2315.249999999999 ms
36,2324.199999999999 ms
36,2326.8499999999985 ms
36,2347.749999999999 ms
36,2365.249999999999 ms
36,2399.1499999999987 ms
36,2404.999999999999 ms
36,2416.5499999999993 ms
36,2423.3999999999996 ms
36,2440.749999999999 ms
36,2444.7999999999993 ms
36,2487.749999999999 ms
36,2498.2999999999993 ms
36,2501.499999999999 ms
36,2532.7999999999993 ms
36,2556.749999999999 ms
36,2575.7999999999993 ms
36,2626.999999999999 ms
36,2637.8499999999995 ms
36,2647.8999999999987 ms
36,2682.2999999999993 ms
36,2682.6499999999996 ms
36,2711.749999999999 ms
36,2737.7999999999993 ms
36,2738.999999999999 ms
36,2740.8999999999987 ms
36,2752.3999999999987 ms
36,2761.0499999999993 ms
36,2773.199999999999 ms
36,2778.8499999999995 ms
36,2782.999999999999 ms
36,2786.8499999999995 ms
36,2803.7999999999993 ms
36,2816.0999999999995 ms
36,2819.749999999999 ms
36,2824.8 ms
36,2835.7 ms
36,2855.0 ms
36,2867.8 ms
36,2885.0 ms
36,2895.8500000000004 ms
36,2908.5499999999993 ms
36,2937.2 ms
36,2953.0 ms
36,2967.8 ms
36,2984.45 ms
36,2988.55 ms
36,2999.8500000000004 ms
36,3000.2000000000007 ms
36,3055.9500000000007 ms
36,3064.55 ms
36,3088.0 ms
36,3088.25 ms
36,3094.1000000000004 ms
36,3123.8999999999996 ms
36,3127.2000000000007 ms
36,3129.1000000000004 ms
36,3154.8500000000004 ms
36,3157.6000000000004 ms
36,3166.5 ms
36,3166.800000000001 ms
36,3187.7000000000007 ms
36,3195.4000000000005 ms
36,3205.500000000001 ms
36,3208.4000000000005 ms
36,3215.3 ms
36,3231.4000000000005 ms
36,3243.55 ms
36,3257.750000000001 ms
36,3293.9000000000005 ms
36,3303.3 ms
36,3308.4000000000005 ms
36,3312.6000000000004 ms
36,3313.4500000000007 ms
36,3318.25 ms
36,3341.3500000000004 ms
36,3361.9500000000007 ms
36,3369.6499999999996 ms
36,3408.1499999999996 ms
36,3423.25 ms
36,3430.6000000000004 ms
36,3449.0 ms
36,3455.75 ms
36,3479.75 ms
36,3492.6499999999996 ms
36,3498.8 ms
36,3504.6500000000005 ms
36,3536.4000000000005 ms
36,3543.7 ms
36,3557.8500000000004 ms
36,3559.1500000000005 ms
36,3607.2000000000007 ms
36,3621.9000000000005 ms
36,3635.3 ms
36,3642.4000000000005 ms
36,3645.3 ms
36,3651.000000000001 ms
36,3660.1500000000005 ms
36,3667.3 ms
36,3684.9500000000007 ms
36,3719.000000000001 ms
36,3725.4500000000007 ms
36,3743.8500000000004 ms
36,3788.6000000000004 ms
36,3794.1500000000015 ms
36,3817.550000000001 ms
36,3833.9000000000015 ms
36,3836.050000000001 ms
36,3842.1500000000015 ms
36,3856.9000000000015 ms
36,3862.1500000000015 ms
36,3862.6500000000015 ms
36,3868.250000000001 ms
36,3875.1500000000005 ms
36,3880.6500000000005 ms
36,3890.9500000000016 ms
36,3911.4000000000005 ms
36,3923.000000000001 ms
36,3927.3500000000013 ms
36,3944.3 ms
36,3947.750000000001 ms
36,3951.4000000000005 ms
36,3961.500000000001 ms
36,3990.1500000000005 ms
37,5.25 ms
37,29.900000000000006 ms
37,45.599999999999994 ms
37,56.349999999999994 ms
37,58.150000000000006 ms
37,80.25 ms
37,83.75 ms
37,114.30000000000001 ms
37,120.69999999999999 ms
37,128.05 ms
37,144.2 ms
37,145.10000000000002 ms
37,157.75 ms
37,167.05000000000007 ms
37,185.55000000000007 ms
37,189.05000000000007 ms
37,216.30000000000007 ms
37,226.65000000000003 ms
37,227.10000000000002 ms
37,252.65000000000003 ms
37,262.65000000000003 ms
37,265.7000000000001 ms
37,290.90000000000003 ms
37,306.65000000000003 ms
37,310.75000000000006 ms
37,314.5500000000001 ms
37,332.7000000000001 ms
37,343.00000000000006 ms
37,351.65000000000003 ms
37,387.7000000000001 ms
37,403.2 ms
37,411.7000000000001 ms
37,440.3500000000001 ms
37,450.75000000000006 ms
37,469.90000000000003 ms
37,486.7 ms
37,509.8999999999999 ms
37,543.6000000000001 ms
37,582.95 ms
37,589.4000000000001 ms
37,603.1000000000001 ms
37,612.8000000000002 ms
37,641.1000000000001 ms
37,650.2 ms
37,664.1000000000001 ms
37,669.8000000000002 ms
37,690.5000000000002 ms
37,713.5000000000002 ms
37,717.4500000000003 ms
37,742.1000000000004 ms
37,753.0500000000002 ms
37,769.8500000000004 ms
37,777.5500000000002 ms
37,781.7500000000005 ms
37,786.3500000000004 ms
37,800.7000000000003 ms
37,811.7500000000005 ms
37,817.1500000000003 ms
37,822.6000000000004 ms
37,831.0500000000004 ms
37,838.0500000000004 ms
37,844.4000000000003 ms
37,853.9500000000005 ms
37,857.0000000000002 ms
37,862.2000000000005 ms
37,880.9000000000003 ms
37,900.9500000000005 ms
37,917.2000000000005 ms
37,927.3000000000004 ms
37,935.7000000000005 ms
37,960.4500000000005 ms
37,981.5000000000002 ms
37,982.0500000000004 ms
37,986.1000000000001 ms
37,994.0000000000002 ms
37,1011.8500000000001 ms
37,1014.7500000000002 ms
37,1015.8500000000001 ms
37,1031.4500000000003 ms
37,1046.3500000000004 ms
37,1056.0500000000002 ms
37,1058.4000000000005 ms
37,1061.1500000000005 ms
37,1070.6000000000004 ms
37,1077.4000000000005 ms
37,1083.6500000000005 ms
37,1092.3500000000004 ms
37,1093.3500000000004 ms
37,1100.7500000000005 ms
37,1110.3000000000006 ms
37,1114.2000000000003 ms
37,1118.2000000000003 ms
37,1136.8500000000008 ms
37,1148.4000000000005 ms
37,1162.3500000000004 ms
37,1195.5500000000006 ms
37,1213.1000000000008 ms
37,1224.4000000000005 ms
37,1227.2500000000005 ms
37,1232.4000000000005 ms
37,1253.6000000000004 ms
37,1280.8500000000004 ms
37,1297.4000000000005 ms
37,1301.8500000000004 ms
37,1303.3500000000004 ms
37,1318.1500000000005 ms
37,1336.2000000000007 ms
37,1338.3500000000004 ms
37,1358.3500000000004 ms
37,1374.3500000000004 ms
37,1413.250000000001 ms
37,1469.9500000000007 ms
37,1521.9000000000005 ms
37,1530.3500000000008 ms
37,1605.7000000000007 ms
37,1606.000000000001 ms
37,1609.7000000000007 ms
37,1618.6500000000005 ms
37,1631.800000000001 ms
37,1649.9500000000007 ms
37,1663.250000000001 ms
37,1707.900000000001 ms
37,1710.400000000001 ms
37,1716.000000000001 ms
37,1729.4500000000007 ms
37,1737.050000000001 ms
37,1737.800000000001 ms
37,1762.750000000001 ms
37,1775.8500000000008 ms
37,1805.900000000001 ms
37,1822.900000000001 ms
37,1834.5500000000006 ms
37,1853.750000000001 ms
37,1862.550000000001 ms
37,1894.800000000001 ms
37,1895.1000000000008 ms
37,1899.400000000001 ms
37,1916.9500000000007 ms
37,1921.6000000000008 ms
37,1946.1000000000008 ms
37,1959.250000000001 ms
37,1970.150000000001 ms
37,2006.9500000000012 ms
37,2008.5500000000006 ms
37,2013.2000000000012 ms
37,2046.2000000000012 ms
37,2052.350000000001 ms
37,2078.150000000001 ms
37,2082.650000000001 ms
37,2088.700000000001 ms
37,2103.5000000000014 ms
37,2165.650000000002 ms
37,2175.6000000000017 ms
37,2184.0000000000014 ms
37,2205.850000000001 ms
37,2222.2500000000014 ms
37,2231.150000000002 ms
37,2231.700000000002 ms
37,2248.3500000000017 ms
37,2256.450000000001 ms
37,2269.950000000002 ms
37,2311.1000000000017 ms
37,2315.900000000002 ms
37,2319.3000000000025 ms
37,2338.400000000002 ms
37,2355.5500000000025 ms
37,2362.0000000000023 ms
37,2375.650000000002 ms
37,2381.950000000002 ms
37,2386.3000000000015 ms
37,2389.1000000000017 ms
37,2396.0500000000015 ms
37,2401.700000000002 ms
37,2408.200000000002 ms
37,2408.8500000000026 ms
37,2418.450000000002 ms
37,2423.950000000002 ms
37,2435.450000000002 ms
37,2442.450000000002 ms
37,2455.0000000000023 ms
37,2491.3000000000025 ms
37,2499.3500000000026 ms
37,2562.500000000003 ms
37,2600.7500000000023 ms
37,2608.450000000002 ms
37,2612.7500000000023 ms
37,2612.900000000003 ms
37,2615.150000000003 ms
37,2616.8000000000034 ms
37,2619.3000000000025 ms
37,2623.3000000000034 ms
37,2628.6000000000035 ms
37,2632.6000000000026 ms
37,2657.400000000003 ms
37,2666.3000000000034 ms
37,2690.8500000000035 ms
37,2698.000000000004 ms
37,2710.0500000000043 ms
37,2710.500000000004 ms
37,2714.000000000003 ms
37,2719.0500000000034 ms
37,2741.5500000000043 ms
37,2752.000000000004 ms
37,2753.200000000004 ms
37,2757.8500000000035 ms
37,2766.0500000000034 ms
37,2790.500000000003 ms
37,2806.950000000003 ms
37,2815.8500000000035 ms
37,2816.3000000000034 ms
37,2844.6000000000035 ms
37,2853.3500000000026 ms
37,2859.150000000003 ms
37,2875.200000000003 ms
37,2881.400000000003 ms
37,2919.200000000003 ms
37,2929.750000000003 ms
37,2966.6500000000037 ms
37,2969.6000000000035 ms
37,2989.8000000000034 ms
37,2990.450000000004 ms
37,3000.700000000003 ms
37,3014.8000000000034 ms
37,3042.1000000000035 ms
37,3052.8000000000034 ms
37,3057.450000000004 ms
37,3065.450000000003 ms
37,3068.500000000003 ms
37,3080.8000000000034 ms
37,3081.700000000004 ms
37,3088.9000000000037 ms
37,3107.500000000003 ms
37,3107.8000000000034 ms
37,3135.200000000004 ms
37,3173.8000000000034 ms
37,3192.3500000000035 ms
37,3195.5500000000034 ms
37,3202.200000000004 ms
37,3204.6000000000045 ms
37,3214.5500000000043 ms
37,3227.4000000000037 ms
37,3262.6500000000037 ms
37,3263.700000000004 ms
37,3269.000000000004 ms
37,3285.3500000000035 ms
37,3292.1500000000037 ms
37,3293.5500000000043 ms
37,3304.0500000000043 ms
37,3308.8000000000043 ms
37,3309.8500000000045 ms
37,3311.750000000005 ms
37,3319.700000000005 ms
37,3326.1500000000046 ms
37,3326.6000000000045 ms
37,3345.1500000000046 ms
37,3346.000000000004 ms
37,3356.200000000004 ms
37,3364.1500000000037 ms
37,3376.3500000000035 ms
37,3376.6000000000035 ms
37,3386.000000000004 ms
37,3390.1500000000037 ms
37,3391.8000000000043 ms
37,3393.3000000000034 ms
37,3394.700000000004 ms
37,3420.3500000000045 ms
37,3437.950000000004 ms
37,3442.450000000004 ms
37,3444.4000000000037 ms
37,3475.700000000004 ms
37,3494.250000000004 ms
37,3506.6500000000046 ms
37,3512.6500000000037 ms
37,3534.200000000004 ms
37,3558.8000000000043 ms
37,3579.1000000000045 ms
37,3580.6000000000045 ms
37,3581.3000000000043 ms
37,3584.8500000000045 ms
37,3613.700000000004 ms
37,3617.450000000005 ms
37,3617.5500000000043 ms
37,3624.750000000004 ms
37,3652.8000000000043 ms
37,3657.200000000005 ms
37,3669.250000000005 ms
37,3711.800000000005 ms
37,3719.0500000000043 ms
37,3725.500000000004 ms
37,3737.6500000000046 ms
37,3739.050000000005 ms
37,3749.8000000000043 ms
37,3788.6500000000046 ms
37,3794.8500000000045 ms
37,3798.3000000000043 ms
37,3810.700000000005 ms
37,3822.250000000005 ms
37,3823.500000000004 ms
37,3827.700000000004 ms
37,3838.450000000005 ms
37,3856.1000000000045 ms
37,3860.750000000005 ms
37,3875.1500000000046 ms
37,3880.6500000000046 ms
37,3901.3500000000045 ms
37,3932.450000000004 ms
37,3946.5500000000043 ms
37,3949.0500000000043 ms
37,3974.750000000004 ms
37,3975.6500000000046 ms
37,3976.700000000005 ms
37,3979.8000000000043 ms
37,3996.1500000000037 ms
38,15.200000000000001 ms
38,17.1 ms
38,31.550000000000004 ms
38,40.050000000000004 ms
38,46.949999999999996 ms
38,50.550000000000004 ms
38,66.55000000000001 ms
38,73.60000000000002 ms
38,88.10000000000002 ms
38,107.05000000000001 ms
38,127.30000000000001 ms
38,128.10000000000002 ms
38,133.45000000000005 ms
38,163.3 ms
38,183.35000000000002 ms
38,206.85000000000002 ms
38,209.60000000000002 ms
38,220.0 ms
38,221.20000000000005 ms
38,239.45000000000005 ms
38,242.75 ms
38,275.6 ms
38,286.1 ms
38,293.25 ms
38,299.25 ms
38,326.04999999999995 ms
38,328.6 ms
38,346.6 ms
38,347.75 ms
38,353.95000000000005 ms
38,359.75 ms
38,409.85 ms
38,434.9 ms
38,435.35 ms
38,437.70000000000005 ms
38,439.6 ms
38,456.20000000000005 ms
38,468.9000000000001 ms
38,471.29999999999995 ms
38,475.6500000000001 ms
38,482.6 ms
38,487.25 ms
38,490.6 ms
38,546.4 ms
38,553.4499999999999 ms
38,555.0500000000001 ms
38,570.5499999999998 ms
38,577.5500000000001 ms
38,586.6999999999999 ms
38,590.4499999999999 ms
38,596.65 ms
38,599.9 ms
38,606.1999999999999 ms
38,607.9499999999999 ms
38,609.9499999999999 ms
38,611.4499999999999 ms
38,648.9 ms
38,655.7500000000001 ms
38,656.15 ms
38,660.4499999999999 ms
38,667.4999999999999 ms
38,683.8999999999997 ms
38,709.7499999999999 ms
38,717.6999999999999 ms
38,740.5999999999998 ms
38,756.4999999999999 ms
38,768.8999999999997 ms
38,770.1999999999997 ms
38,771.2999999999998 ms
38,777.9999999999999 ms
38,778.4499999999999 ms
38,779.0999999999998 ms
38,809.6499999999997 ms
38,817.4999999999999 ms
38,820.5499999999998 ms
38,830.2499999999999 ms
38,832.4999999999999 ms
38,863.6999999999999 ms
38,864.1999999999999 ms
38,864.4499999999999 ms
38,909.1999999999999 ms
38,915.8499999999998 ms
38,916.85 ms
38,928.8499999999998 ms
38,974.9499999999999 ms
38,978.9 ms
38,984.5499999999998 ms
38,990.3499999999998 ms
38,992.0499999999998 ms
38,1000.65 ms
38,1010.5000000000001 ms
38,1026.25 ms
38,1042.25 ms
38,1042.5500000000002 ms
38,1074.1499999999996 ms
38,1081.85 ms
38,1094.4 ms
38,1095.4999999999995 ms
38,1096.9999999999995 ms
38,1104.5499999999997 ms
38,1139.2499999999995 ms
38,1143.85 ms
38,1154.4999999999995 ms
38,1156.35 ms
38,1161.6499999999996 ms
38,1163.2999999999997 ms
38,1167.7999999999997 ms
38,1196.85 ms
38,1253.7499999999995 ms
38,1269.9 ms
38,1272.5499999999997 ms
38,1287.0 ms
38,1298.9499999999998 ms
38,1313.9 ms
38,1319.2000000000003 ms
38,1322.9 ms
38,1335.5 ms
38,1338.5 ms
38,1348.3000000000002 ms
38,1354.8000000000002 ms
38,1406.8999999999996 ms
38,1424.1999999999998 ms
38,1432.4499999999998 ms
38,1448.4499999999998 ms
38,1449.1 ms
38,1453.1 ms
38,1463.85 ms
38,1490.85 ms
38,1493.5499999999997 ms
38,1504.9 ms
38,1507.85 ms
38,1510.9499999999998 ms
38,1511.1999999999998 ms
38,1526.0 ms
38,1563.5499999999997 ms
38,1581.0499999999997 ms
38,1590.9499999999998 ms
38,1595.6499999999996 ms
38,1652.6499999999996 ms
38,1662.1999999999998 ms
38,1663.4499999999998 ms
38,1682.0499999999997 ms
38,1703.6999999999998 ms
38,1733.85 ms
38,1734.6 ms
38,1739.1999999999998 ms
38,1740.4499999999998 ms
38,1747.75 ms
38,1759.1999999999998 ms
38,1770.0 ms
38,1796.3499999999995 ms
38,1820.0 ms
38,1824.8999999999996 ms
38,1827.4499999999998 ms
38,1829.6499999999996 ms
38,1872.6499999999996 ms
38,1878.4499999999998 ms
38,1897.1999999999998 ms
38,1900.1999999999998 ms
38,1904.3999999999996 ms
38,1912.1999999999998 ms
38,1919.85 ms
38,1923.15 ms
38,1945.9499999999998 ms
38,1954.0 ms
38,1958.2999999999997 ms
38,1975.7499999999995 ms
38,2002.9999999999995 ms
38,2004.4499999999998 ms
38,2025.6499999999996 ms
38,2039.6 ms
38,2039.85 ms
38,2054.6 ms
38,2061.9 ms
38,2070.4500000000003 ms
38,2106.100000000001 ms
38,2115.8000000000006 ms
38,2117.65 ms
38,2119.4500000000003 ms
38,2143.4500000000003 ms
38,2143.7000000000003 ms
38,2146.2500000000005 ms
38,2174.3000000000006 ms
38,2192.350000000001 ms
38,2195.0500000000006 ms
38,2221.700000000001 ms
38,2228.150000000001 ms
38,2239.8000000000006 ms
38,2243.100000000001 ms
38,2266.650000000001 ms
38,2290.3000000000015 ms
38,2295.950000000001 ms
38,2299.900000000001 ms
38,2303.150000000001 ms
38,2314.650000000001 ms
38,2315.850000000001 ms
38,2318.2000000000003 ms
38,2321.350000000001 ms
38,2357.0500000000006 ms
38,2360.350000000001 ms
38,2380.3000000000006 ms
38,2380.65 ms
38,2401.7500000000005 ms
38,2407.1 ms
38,2426.0000000000005 ms
38,2435.0000000000005 ms
38,2445.5000000000005 ms
38,2457.5000000000005 ms
38,2459.4500000000003 ms
38,2464.2000000000003 ms
38,2472.5000000000005 ms
38,2476.5500000000006 ms
38,2479.3000000000006 ms
38,2481.0500000000006 ms
38,2491.7500000000005 ms
38,2495.400000000001 ms
38,2495.600000000001 ms
38,2514.3000000000006 ms
38,2544.65 ms
38,2548.7499999999995 ms
38,2554.2999999999997 ms
38,2567.85 ms
38,2573.100000000001 ms
38,2578.3000000000006 ms
38,2583.2500000000005 ms
38,2599.15 ms
38,2612.4500000000003 ms
38,2613.7999999999997 ms
38,2625.4999999999995 ms
38,2630.15 ms
38,2630.35 ms
38,2695.6999999999994 ms
38,2697.35 ms
38,2709.1999999999994 ms
38,2716.85 ms
38,2730.5499999999997 ms
38,2772.2499999999995 ms
38,2784.9499999999994 ms
38,2807.7499999999995 ms
38,2813.4 ms
38,2824.4999999999995 ms
38,2835.4999999999995 ms
38,2849.5499999999997 ms
38,2856.5499999999997 ms
38,2867.9999999999995 ms
38,2869.6999999999994 ms
38,2876.6999999999994 ms
38,2879.399999999999 ms
38,2884.7499999999986 ms
38,2895.099999999999 ms
38,2911.2499999999995 ms
38,2925.7499999999986 ms
38,2926.049999999999 ms
38,2963.9999999999986 ms
38,2969.7499999999995 ms
38,2971.5499999999997 ms
38,2984.7499999999995 ms
38,2988.2499999999986 ms
38,2988.549999999999 ms
38,3009.649999999999 ms
38,3038.149999999999 ms
38,3038.2499999999986 ms
38,3038.849999999999 ms
38,3062.4499999999985 ms
38,3110.4999999999986 ms
38,3151.4499999999985 ms
38,3161.799999999999 ms
38,3176.549999999999 ms
38,3214.1999999999994 ms
38,3218.7499999999995 ms
38,3232.7499999999986 ms
38,3241.4499999999985 ms
38,3244.1499999999983 ms
38,3251.9499999999985 ms
38,3286.7499999999986 ms
38,3308.799999999999 ms
38,3309.0499999999997 ms
38,3320.1999999999994 ms
38,3335.299999999999 ms
38,3342.2499999999986 ms
38,3347.6999999999985 ms
38,3355.099999999999 ms
38,3380.549999999999 ms
38,3383.2499999999986 ms
38,3389.9499999999985 ms
38,3397.4499999999985 ms
38,3404.9999999999986 ms
38,3428.7499999999986 ms
38,3454.799999999999 ms
38,3478.9999999999986 ms
38,3492.1999999999985 ms
38,3541.9499999999985 ms
38,3544.299999999998 ms
38,3544.6999999999985 ms
38,3551.049999999998 ms
38,3560.7499999999977 ms
38,3575.1499999999983 ms
38,3580.299999999999 ms
38,3624.3999999999983 ms
38,3636.349999999998 ms
38,3649.3999999999983 ms
38,3662.9999999999977 ms
38,3678.4999999999986 ms
38,3685.549999999999 ms
38,3695.299999999998 ms
38,3698.099999999998 ms
38,3701.9999999999986 ms
38,3709.299999999999 ms
38,3710.4499999999994 ms
38,3713.799999999999 ms
38,3720.1499999999983 ms
38,3723.799999999999 ms
38,3741.849999999999 ms
38,3756.049999999999 ms
38,3759.799999999999 ms
38,3777.6999999999994 ms
38,3789.349999999999 ms
38,3791.899999999999 ms
38,3823.4499999999994 ms
38,3860.799999999999 ms
38,3881.599999999999 ms
38,3899.799999999999 ms
38,3903.099999999999 ms
38,3909.2499999999995 ms
38,3919.5499999999997 ms
38,3937.5499999999997 ms
38,3937.7999999999997 ms
38,3947.7999999999997 ms
38,3955.9999999999995 ms
38,3960.65 ms
38,3961.4999999999995 ms
38,3980.15 ms
38,3986.35 ms
38,3999.9499999999994 ms
39,17.45 ms
39,20.95 ms
39,24.500000000000004 ms
39,35.10000000000001 ms
39,45.85000000000001 ms
39,56.45 ms
39,56.900000000000006 ms
39,59.35000000000001 ms
39,91.39999999999999 ms
39,92.49999999999999 ms
39,118.25000000000001 ms
39,122.35000000000001 ms
39,145.09999999999997 ms
39,149.15000000000003 ms
39,150.84999999999997 ms
39,161.25 ms
39,163.05 ms
39,178.8 ms
39,194.8 ms
39,197.35000000000002 ms
39,203.3 ms
39,228.85000000000002 ms
39,246.55 ms
39,250.85000000000002 ms
39,270.4 ms
39,273.6 ms
39,292.45000000000005 ms
39,294.4000000000001 ms
39,300.4000000000001 ms
39,304.04999999999995 ms
39,331.35 ms
39,332.20000000000005 ms
39,353.55000000000007 ms
39,361.7500000000001 ms
39,367.7500000000001 ms
39,388.20000000000005 ms
39,389.1500000000001 ms
39,393.1 ms
39,393.6 ms
39,396.95000000000005 ms
39,428.95000000000005 ms
39,429.20000000000005 ms
39,445.25 ms
39,446.10000000000014 ms
39,453.20000000000005 ms
39,453.8000000000002 ms
39,456.7500000000001 ms
39,459.80000000000007 ms
39,475.1500000000002 ms
39,483.85000000000014 ms
39,485.10000000000014 ms
39,533.1000000000001 ms
39,538.3500000000001 ms
39,550.0500000000002 ms
39,624.5500000000002 ms
39,639.3500000000001 ms
39,645.5500000000002 ms
39,671.5500000000002 ms
39,673.9500000000003 ms
39,686.0 ms
39,686.4500000000003 ms
39,698.75 ms
39,705.4000000000001 ms
39,705.75 ms
39,710.0 ms
39,713.7000000000003 ms
39,741.1000000000001 ms
39,745.0500000000002 ms
39,789.6500000000001 ms
39,796.4000000000001 ms
39,811.8500000000004 ms
39,823.3500000000004 ms
39,841.4000000000001 ms
39,842.5500000000002 ms
39,844.2000000000003 ms
39,856.8000000000002 ms
39,904.6000000000001 ms
39,911.3500000000001 ms
39,923.45 ms
39,928.95 ms
39,929.1000000000001 ms
39,938.1500000000001 ms
39,952.6500000000001 ms
39,972.2 ms
39,1003.5 ms
39,1047.0 ms
39,1050.75 ms
39,1063.4499999999998 ms
39,1065.25 ms
39,1075.9 ms
39,1093.2000000000003 ms
39,1093.85 ms
39,1094.9 ms
39,1097.1 ms
39,1101.9500000000003 ms
39,1160.2000000000003 ms
39,1167.7999999999997 ms
39,1180.85 ms
39,1184.4499999999998 ms
39,1188.25 ms
39,1190.1499999999996 ms
39,1192.4499999999998 ms
39,1213.6 ms
39,1239.1999999999998 ms
39,1247.1 ms
39,1252.25 ms
39,1264.1999999999998 ms
39,1272.8500000000004 ms
39,1286.9499999999998 ms
39,1289.1000000000004 ms
39,1300.3000000000002 ms
39,1325.2000000000003 ms
39,1353.4 ms
39,1364.5000000000005 ms
39,1365.7500000000005 ms
39,1369.0500000000002 ms
39,1372.0 ms
39,1376.25 ms
39,1413.7000000000003 ms
39,1453.7500000000005 ms
39,1455.6 ms
39,1471.0000000000005 ms
39,1476.0000000000005 ms
39,1486.35 ms
39,1497.0500000000002 ms
39,1542.5 ms
39,1545.3000000000002 ms
39,1576.0 ms
39,1579.9500000000003 ms
39,1583.8500000000004 ms
39,1586.5500000000002 ms
39,1588.0000000000005 ms
39,1598.3000000000006 ms
39,1624.0000000000005 ms
39,1625.8000000000006 ms
39,1654.5500000000006 ms
39,1655.9 ms
39,1659.9500000000003 ms
39,1684.7000000000003 ms
39,1729.9500000000003 ms
39,1731.5000000000005 ms
39,1739.15 ms
39,1745.7500000000005 ms
39,1770.8000000000002 ms
39,1774.5 ms
39,1799.4000000000005 ms
39,1810.25 ms
39,1821.9500000000003 ms
39,1825.9 ms
39,1855.9500000000003 ms
39,1871.0500000000002 ms
39,1871.2000000000003 ms
39,1892.7500000000005 ms
39,1893.7500000000005 ms
39,1906.3000000000002 ms
39,1915.65 ms
39,1932.4 ms
39,1939.85 ms
39,1951.0500000000002 ms
39,1954.25 ms
39,1958.6500000000005 ms
39,2014.0 ms
39,2028.6500000000005 ms
39,2043.75 ms
39,2044.1500000000005 ms
39,2094.500000000001 ms
39,2109.9000000000005 ms
39,2117.750000000001 ms
39,2149.8500000000004 ms
39,2164.3 ms
39,2177.8500000000004 ms
39,2181.3 ms
39,2206.8 ms
39,2214.3 ms
39,2244.4000000000005 ms
39,2251.2 ms
39,2266.6000000000004 ms
39,2267.1500000000005 ms
39,2276.000000000001 ms
39,2278.250000000001 ms
39,2321.8500000000004 ms
39,2369.5 ms
39,2372.050000000001 ms
39,2374.1500000000005 ms
39,2381.6500000000005 ms
39,2403.6000000000004 ms
39,2409.05 ms
39,2412.8500000000004 ms
39,2414.4000000000005 ms
39,2417.9500000000007 ms
39,2419.9000000000005 ms
39,2438.05 ms
39,2443.500000000001 ms
39,2448.6500000000005 ms
39,2477.9500000000007 ms
39,2482.4000000000005 ms
39,2497.000000000001 ms
39,2497.2 ms
39,2504.1500000000005 ms
39,2566.45 ms
39,2613.250000000001 ms
39,2613.3500000000004 ms
39,2615.4500000000007 ms
39,2617.3 ms
39,2623.3500000000004 ms
39,2624.4000000000005 ms
39,2707.000000000001 ms
39,2716.3 ms
39,2726.1500000000005 ms
39,2734.7000000000007 ms
39,2767.1500000000005 ms
39,2785.3 ms
39,2801.000000000001 ms
39,2812.750000000001 ms
39,2818.000000000001 ms
39,2826.05 ms
39,2840.8 ms
39,2852.1500000000005 ms
39,2854.4500000000007 ms
39,2875.7000000000007 ms
39,2912.000000000001 ms
39,2916.1500000000005 ms
39,2936.6500000000005 ms
39,2944.000000000001 ms
39,2947.000000000001 ms
39,2951.6500000000005 ms
39,2952.7000000000016 ms
39,2973.550000000001 ms
39,2985.9500000000007 ms
39,2993.1000000000013 ms
39,3021.800000000001 ms
39,3032.050000000001 ms
39,3046.7000000000007 ms
39,3063.6500000000015 ms
39,3092.6500000000015 ms
39,3101.1500000000015 ms
39,3101.500000000001 ms
39,3119.500000000001 ms
39,3131.750000000001 ms
39,3142.300000000001 ms
39,3151.050000000001 ms
39,3154.250000000001 ms
39,3168.050000000001 ms
39,3176.4500000000007 ms
39,3200.4000000000015 ms
39,3201.500000000001 ms
39,3206.4000000000005 ms
39,3210.9500000000016 ms
39,3233.4500000000016 ms
39,3261.6000000000013 ms
39,3266.2000000000016 ms
39,3268.4000000000005 ms
39,3290.7000000000016 ms
39,3327.4500000000016 ms
39,3341.250000000001 ms
39,3348.750000000001 ms
39,3356.300000000002 ms
39,3362.9000000000015 ms
39,3422.550000000001 ms
39,3463.800000000001 ms
39,3473.550000000001 ms
39,3483.050000000001 ms
39,3487.750000000002 ms
39,3492.3500000000013 ms
39,3505.250000000001 ms
39,3515.1500000000015 ms
39,3545.7000000000016 ms
39,3549.4500000000016 ms
39,3553.300000000002 ms
39,3575.750000000001 ms
39,3576.4000000000015 ms
39,3584.300000000001 ms
39,3585.350000000002 ms
39,3590.4500000000016 ms
39,3592.9000000000015 ms
39,3603.4500000000016 ms
39,3635.6000000000013 ms
39,3653.4000000000024 ms
39,3671.7000000000016 ms
39,3677.7500000000027 ms
39,3681.9000000000024 ms
39,3696.4500000000025 ms
39,3707.300000000003 ms
39,3715.250000000002 ms
39,3722.000000000002 ms
39,3725.050000000003 ms
39,3732.750000000002 ms
39,3746.300000000003 ms
39,3751.4500000000025 ms
39,3760.600000000002 ms
39,3766.1500000000033 ms
39,3769.9000000000033 ms
39,3779.7000000000025 ms
39,3780.9500000000025 ms
39,3786.9500000000025 ms
39,3794.800000000003 ms
39,3797.350000000003 ms
39,3808.800000000003 ms
39,3846.6500000000033 ms
39,3851.7000000000025 ms
39,3883.350000000003 ms
39,3889.5000000000027 ms
39,3896.1500000000033 ms
39,3899.850000000003 ms
39,3911.9000000000033 ms
39,3934.0000000000036 ms
39,3962.2000000000025 ms
39,3977.4000000000033 ms
39,3994.4000000000033 ms
40,6.25 ms
40,17.3 ms
40,21.650000000000002 ms
40,41.900000000000006 ms
40,53.55000000000001 ms
40,73.65 ms
40,75.20000000000002 ms
40,77.65 ms
40,86.25 ms
40,86.5 ms
40,92.19999999999999 ms
40,100.80000000000001 ms
40,141.85 ms
40,157.04999999999998 ms
40,181.54999999999998 ms
40,182.99999999999997 ms
40,188.44999999999996 ms
40,190.35 ms
40,201.84999999999994 ms
40,211.24999999999997 ms
40,269.44999999999993 ms
40,283.19999999999993 ms
40,284.25 ms
40,294.9 ms
40,313.9 ms
40,327.29999999999995 ms
40,333.25 ms
40,342.5999999999999 ms
40,409.20000000000005 ms
40,424.29999999999995 ms
40,436.1500000000001 ms
40,437.70000000000005 ms
40,455.6500000000001 ms
40,456.6 ms
40,472.20000000000005 ms
40,501.25 ms
40,514.9000000000001 ms
40,537.9000000000001 ms
40,541.3500000000001 ms
40,541.95 ms
40,542.95 ms
40,572.1500000000003 ms
40,583.5000000000002 ms
40,602.7000000000003 ms
40,609.5500000000002 ms
40,618.0500000000002 ms
40,627.6500000000003 ms
40,630.5500000000004 ms
40,637.8000000000004 ms
40,648.6000000000001 ms
40,663.7500000000002 ms
40,665.5500000000002 ms
40,669.2500000000002 ms
40,690.2500000000002 ms
40,724.7500000000002 ms
40,751.5500000000002 ms
40,753.2000000000003 ms
40,760.3500000000001 ms
40,784.4000000000001 ms
40,815.9000000000001 ms
40,826.2 ms
40,832.2 ms
40,836.5 ms
40,837.5999999999999 ms
40,844.1500000000001 ms
40,844.5 ms
40,850.7 ms
40,862.05 ms
40,894.6000000000001 ms
40,911.3 ms
40,923.95 ms
40,929.8 ms
40,931.6500000000001 ms
40,939.5500000000002 ms
40,950.1500000000001 ms
40,971.4000000000001 ms
40,972.3500000000001 ms
40,978.6000000000001 ms
40,979.6000000000001 ms
40,997.0000000000002 ms
40,1002.2500000000002 ms
40,1008.2500000000002 ms
40,1016.1000000000001 ms
40,1025.95 ms
40,1067.55 ms
40,1080.0999999999997 ms
40,1115.6000000000001 ms
40,1144.45 ms
40,1145.2499999999998 ms
40,1150.2999999999995 ms
40,1157.55 ms
40,1162.0499999999995 ms
40,1164.2499999999998 ms
40,1168.8999999999999 ms
40,1169.55 ms
40,1176.8 ms
40,1194.2500000000002 ms
40,1212.8500000000001 ms
40,1229.5000000000002 ms
40,1263.3500000000001 ms
40,1266.2 ms
40,1274.8999999999999 ms
40,1275.8 ms
40,1276.7500000000002 ms
40,1281.55 ms
40,1301.45 ms
40,1306.7499999999998 ms
40,1309.8999999999999 ms
40,1321.7499999999998 ms
40,1327.8 ms
40,1334.05 ms
40,1346.5999999999997 ms
40,1364.3500000000001 ms
40,1396.8 ms
40,1399.7500000000002 ms
40,1430.4999999999998 ms
40,1452.55 ms
40,1454.05 ms
40,1466.0000000000002 ms
40,1481.9999999999998 ms
40,1500.1499999999999 ms
40,1510.1500000000003 ms
40,1517.95 ms
40,1529.7 ms
40,1543.05 ms
40,1568.8999999999999 ms
40,1575.6000000000001 ms
40,1579.7500000000002 ms
40,1599.4000000000003 ms
40,1604.8000000000004 ms
40,1612.4500000000005 ms
40,1625.3500000000006 ms
40,1626.0500000000004 ms
40,1631.5000000000007 ms
40,1634.9000000000008 ms
40,1641.4500000000005 ms
40,1668.8500000000006 ms
40,1671.0000000000007 ms
40,1691.2500000000007 ms
40,1700.200000000001 ms
40,1705.8000000000009 ms
40,1709.7500000000007 ms
40,1719.700000000001 ms
40,1734.2000000000005 ms
40,1735.5500000000004 ms
40,1740.3500000000006 ms
40,1748.8000000000009 ms
40,1749.1500000000008 ms
40,1751.7000000000005 ms
40,1765.9500000000005 ms
40,1767.9500000000005 ms
40,1771.6000000000006 ms
40,1788.2000000000005 ms
40,1804.0000000000002 ms
40,1805.2500000000007 ms
40,1839.9500000000005 ms
40,1841.7500000000002 ms
40,1863.5500000000004 ms
40,1866.7000000000005 ms
40,1868.2500000000002 ms
40,1879.9500000000005 ms
40,1899.4500000000005 ms
40,1913.9000000000008 ms
40,1929.4000000000003 ms
40,1951.4500000000005 ms
40,1954.3000000000004 ms
40,1966.2000000000005 ms
40,1966.5000000000002 ms
40,2000.4000000000003 ms
40,2003.9000000000008 ms
40,2012.9500000000005 ms
40,2070.1500000000005 ms
40,2105.500000000001 ms
40,2109.000000000001 ms
40,2137.500000000001 ms
40,2141.7 ms
40,2144.7 ms
40,2150.6000000000004 ms
40,2156.3500000000004 ms
40,2172.1000000000004 ms
40,2179.0 ms
40,2229.9500000000007 ms
40,2259.3 ms
40,2278.55 ms
40,2345.05 ms
40,2348.3500000000004 ms
40,2365.8500000000004 ms
40,2376.2000000000007 ms
40,2382.1000000000004 ms
40,2383.9000000000005 ms
40,2393.9000000000005 ms
40,2401.3500000000004 ms
40,2420.6000000000004 ms
40,2424.5 ms
40,2435.5 ms
40,2444.2000000000007 ms
40,2458.3 ms
40,2467.6000000000004 ms
40,2467.8500000000004 ms
40,2487.6500000000005 ms
40,2488.3500000000004 ms
40,2505.05 ms
40,2505.55 ms
40,2525.3 ms
40,2534.55 ms
40,2534.95 ms
40,2546.45 ms
40,2557.95 ms
40,2563.250000000001 ms
40,2583.2 ms
40,2590.250000000001 ms
40,2600.6500000000005 ms
40,2607.9000000000005 ms
40,2631.4500000000007 ms
40,2632.750000000001 ms
40,2642.9500000000007 ms
40,2667.7000000000007 ms
40,2675.8500000000004 ms
40,2688.6500000000015 ms
40,2693.9000000000015 ms
40,2698.9000000000015 ms
40,2702.3500000000004 ms
40,2709.300000000001 ms
40,2713.4000000000005 ms
40,2741.3 ms
40,2753.2000000000007 ms
40,2766.750000000001 ms
40,2773.6000000000013 ms
40,2785.4000000000005 ms
40,2789.750000000001 ms
40,2818.6500000000005 ms
40,2833.800000000001 ms
40,2854.6000000000013 ms
40,2854.9500000000016 ms
40,2858.750000000001 ms
40,2875.1500000000015 ms
40,2880.550000000001 ms
40,2884.300000000001 ms
40,2899.9500000000016 ms
40,2904.9000000000015 ms
40,2915.1500000000015 ms
40,2922.3500000000013 ms
40,2926.7000000000016 ms
40,2933.1000000000013 ms
40,2951.3500000000013 ms
40,2968.800000000001 ms
40,2975.000000000001 ms
40,2977.1000000000013 ms
40,2980.8500000000013 ms
40,2984.9000000000005 ms
40,3008.300000000001 ms
40,3032.300000000001 ms
40,3035.3500000000013 ms
40,3049.000000000001 ms
40,3054.800000000002 ms
40,3067.550000000002 ms
40,3074.9500000000016 ms
40,3099.000000000002 ms
40,3121.750000000002 ms
40,3132.1500000000015 ms
40,3145.750000000002 ms
40,3163.600000000002 ms
40,3165.4500000000016 ms
40,3172.6000000000013 ms
40,3178.3500000000013 ms
40,3179.8500000000013 ms
40,3180.9500000000016 ms
40,3183.9500000000016 ms
40,3184.9000000000015 ms
40,3200.800000000001 ms
40,3207.750000000002 ms
40,3209.000000000002 ms
40,3213.800000000001 ms
40,3227.4500000000016 ms
40,3235.3500000000013 ms
40,3285.550000000002 ms
40,3297.000000000001 ms
40,3304.500000000001 ms
40,3315.8500000000013 ms
40,3325.8500000000013 ms
40,3336.750000000001 ms
40,3345.000000000001 ms
40,3348.250000000001 ms
40,3350.2000000000016 ms
40,3365.3500000000013 ms
40,3380.7000000000016 ms
40,3388.8500000000013 ms
40,3421.3500000000013 ms
40,3423.1000000000013 ms
40,3425.8500000000013 ms
40,3427.6500000000015 ms
40,3431.4500000000016 ms
40,3459.6000000000013 ms
40,3467.800000000002 ms
40,3485.9000000000015 ms
40,3488.3500000000013 ms
40,3489.8500000000013 ms
40,3491.1500000000015 ms
40,3529.000000000002 ms
40,3530.4000000000015 ms
40,3543.550000000001 ms
40,3552.9500000000016 ms
40,3582.6500000000015 ms
40,3587.1000000000013 ms
40,3600.9500000000016 ms
40,3630.800000000001 ms
40,3634.000000000001 ms
40,3684.300000000001 ms
40,3718.300000000001 ms
40,3721.7000000000007 ms
40,3729.9500000000007 ms
40,3735.3500000000013 ms
40,3751.9000000000015 ms
40,3771.050000000001 ms
40,3785.250000000002 ms
40,3801.9500000000007 ms
40,3803.7000000000007 ms
40,3810.9500000000007 ms
40,3818.550000000001 ms
40,3819.750000000001 ms
40,3826.1000000000013 ms
40,3832.1000000000013 ms
40,3849.250000000001 ms
40,3881.6500000000005 ms
40,3897.1000000000013 ms
40,3898.3500000000013 ms
40,3910.1000000000013 ms
40,3958.6500000000005 ms
40,3991.500000000001 ms
40,3995.7000000000007 ms
41,1.1500000000000001 ms
41,9.4 ms
41,28.1 ms
41,32.4 ms
41,35.4 ms
41,55.54999999999999 ms
41,55.699999999999996 ms
41,58.59999999999999 ms
41,99.0 ms
41,100.80000000000001 ms
41,123.15 ms
41,132.15 ms
41,133.1 ms
41,139.79999999999998 ms
41,140.24999999999997 ms
41,156.65 ms
41,159.14999999999995 ms
41,177.74999999999997 ms
41,183.15 ms
41,184.45000000000002 ms
41,188.6 ms
41,192.69999999999996 ms
41,200.39999999999995 ms
41,202.84999999999994 ms
41,218.39999999999995 ms
41,224.79999999999998 ms
41,249.1 ms
41,252.15 ms
41,271.25 ms
41,287.04999999999995 ms
41,290.54999999999995 ms
41,294.9000000000001 ms
41,307.4000000000001 ms
41,308.04999999999995 ms
41,309.4000000000001 ms
41,312.1500000000001 ms
41,321.6500000000001 ms
41,323.6 ms
41,327.9 ms
41,336.5000000000001 ms
41,337.85 ms
41,350.20000000000016 ms
41,357.45000000000016 ms
41,361.85 ms
41,368.70000000000016 ms
41,373.80000000000007 ms
41,375.2500000000001 ms
41,378.35000000000014 ms
41,392.35000000000014 ms
41,403.0000000000001 ms
41,425.70000000000016 ms
41,426.2500000000001 ms
41,428.7500000000001 ms
41,436.10000000000014 ms
41,437.3000000000002 ms
41,438.4000000000001 ms
41,446.4000000000001 ms
41,470.4000000000001 ms
41,470.60000000000014 ms
41,490.4000000000001 ms
41,494.2500000000002 ms
41,534.4000000000003 ms
41,545.6500000000003 ms
41,555.6500000000003 ms
41,563.8000000000002 ms
41,571.6000000000001 ms
41,575.2500000000002 ms
41,610.3500000000001 ms
41,623.8000000000002 ms
41,628.9500000000003 ms
41,633.25 ms
41,633.9000000000001 ms
41,647.8500000000001 ms
41,669.1500000000001 ms
41,670.75 ms
41,673.3000000000002 ms
41,677.2 ms
41,681.45 ms
41,691.3500000000001 ms
41,704.3999999999999 ms
41,705.45 ms
41,709.3499999999999 ms
41,729.8999999999999 ms
41,732.3499999999999 ms
41,732.8499999999999 ms
41,749.0 ms
41,750.2999999999997 ms
41,751.1499999999999 ms
41,789.8 ms
41,819.7499999999998 ms
41,829.5999999999999 ms
41,831.25 ms
41,836.1499999999999 ms
41,838.8 ms
41,840.2499999999998 ms
41,861.2499999999998 ms
41,875.3999999999999 ms
41,896.5999999999999 ms
41,933.4499999999998 ms
41,940.9499999999998 ms
41,950.9000000000001 ms
41,1005.4000000000001 ms
41,1008.9499999999998 ms
41,1037.35 ms
41,1041.75 ms
41,1044.65 ms
41,1068.65 ms
41,1094.6 ms
41,1097.2000000000003 ms
41,1101.7000000000003 ms
41,1110.7000000000003 ms
41,1115.1 ms
41,1127.65 ms
41,1127.85 ms
41,1133.3000000000002 ms
41,1180.25 ms
41,1186.4500000000003 ms
41,1197.8000000000002 ms
41,1199.9500000000003 ms
41,1204.3000000000002 ms
41,1233.5500000000002 ms
41,1237.0 ms
41,1257.6000000000004 ms
41,1260.8500000000004 ms
41,1276.15 ms
41,1278.75 ms
41,1279.1 ms
41,1291.35 ms
41,1303.9499999999998 ms
41,1307.2999999999997 ms
41,1314.5499999999997 ms
41,1335.35 ms
41,1337.6999999999994 ms
41,1347.1999999999994 ms
41,1377.8999999999996 ms
41,1404.5999999999995 ms
41,1438.3999999999996 ms
41,1438.7999999999997 ms
41,1444.3999999999996 ms
41,1486.2999999999997 ms
41,1504.4999999999995 ms
41,1520.2999999999997 ms
41,1560.7999999999997 ms
41,1577.3999999999996 ms
41,1602.9499999999998 ms
41,1614.6999999999998 ms
41,1615.1999999999998 ms
41,1632.2499999999995 ms
41,1637.6499999999996 ms
41,1656.5999999999995 ms
41,1659.7999999999997 ms
41,1677.35 ms
41,1700.6 ms
41,1702.1499999999996 ms
41,1711.9499999999998 ms
41,1723.8999999999996 ms
41,1743.5499999999997 ms
41,1744.6 ms
41,1746.35 ms
41,1746.6999999999994 ms
41,1752.6 ms
41,1768.7499999999995 ms
41,1779.9 ms
41,1810.2999999999997 ms
41,1810.5499999999997 ms
41,1813.5 ms
41,1832.1 ms
41,1875.65 ms
41,1884.1 ms
41,1892.6999999999998 ms
41,1898.0499999999997 ms
41,1899.2499999999995 ms
41,1931.4499999999998 ms
41,1938.0 ms
41,1942.5 ms
41,1973.2999999999997 ms
41,1980.9499999999998 ms
41,2028.75 ms
41,2041.5499999999997 ms
41,2057.9999999999995 ms
41,2065.5499999999997 ms
41,2070.2499999999995 ms
41,2102.9 ms
41,2108.4999999999995 ms
41,2144.2499999999995 ms
41,2158.849999999999 ms
41,2179.6 ms
41,2183.099999999999 ms
41,2185.899999999999 ms
41,2192.5499999999997 ms
41,2220.2499999999995 ms
41,2224.4 ms
41,2237.2499999999995 ms
41,2249.9999999999995 ms
41,2270.0499999999997 ms
41,2303.649999999999 ms
41,2310.4499999999994 ms
41,2314.7499999999995 ms
41,2319.2999999999997 ms
41,2325.85 ms
41,2327.850000000001 ms
41,2330.4500000000003 ms
41,2351.850000000001 ms
41,2354.2000000000003 ms
41,2370.350000000001 ms
41,2377.150000000001 ms
41,2399.7500000000005 ms
41,2418.6 ms
41,2446.9 ms
41,2478.4500000000003 ms
41,2491.5000000000005 ms
41,2529.0500000000006 ms
41,2536.400000000001 ms
41,2548.150000000001 ms
41,2552.450000000001 ms
41,2591.0500000000006 ms
41,2633.3000000000015 ms
41,2664.7500000000014 ms
41,2666.400000000001 ms
41,2677.450000000001 ms
41,2684.5000000000014 ms
41,2693.3000000000015 ms
41,2700.5000000000014 ms
41,2703.8000000000015 ms
41,2709.3000000000015 ms
41,2720.150000000001 ms
41,2752.900000000002 ms
41,2754.200000000002 ms
41,2766.400000000002 ms
41,2774.0000000000014 ms
41,2782.850000000001 ms
41,2785.3000000000006 ms
41,2796.0000000000005 ms
41,2799.5000000000014 ms
41,2808.950000000001 ms
41,2860.150000000001 ms
41,2868.0000000000005 ms
41,2876.1 ms
41,2902.5499999999997 ms
41,2915.65 ms
41,2936.7499999999995 ms
41,2954.6999999999994 ms
41,2988.149999999999 ms
41,3000.4 ms
41,3008.149999999999 ms
41,3010.0499999999997 ms
41,3017.9999999999995 ms
41,3023.099999999999 ms
41,3024.899999999999 ms
41,3029.0499999999997 ms
41,3040.1 ms
41,3044.4 ms
41,3081.4500000000003 ms
41,3093.15 ms
41,3100.4999999999995 ms
41,3104.65 ms
41,3116.7000000000003 ms
41,3125.7999999999997 ms
41,3132.9 ms
41,3156.4999999999995 ms
41,3161.5000000000005 ms
41,3167.9500000000003 ms
41,3183.0000000000005 ms
41,3189.8000000000006 ms
41,3209.65 ms
41,3248.7000000000003 ms
41,3264.350000000001 ms
41,3273.0500000000006 ms
41,3299.65 ms
41,3354.2499999999995 ms
41,3386.15 ms
41,3392.3000000000006 ms
41,3397.9 ms
41,3411.1 ms
41,3412.4499999999994 ms
41,3418.2499999999995 ms
41,3423.5000000000005 ms
41,3455.35 ms
41,3472.1999999999994 ms
41,3476.899999999999 ms
41,3489.9999999999995 ms
41,3509.0499999999997 ms
41,3509.7000000000003 ms
41,3515.5000000000005 ms
41,3532.15 ms
41,3535.7000000000003 ms
41,3540.7999999999997 ms
41,3547.15 ms
41,3605.8000000000006 ms
41,3610.2999999999997 ms
41,3612.35 ms
41,3640.2999999999997 ms
41,3641.7000000000003 ms
41,3657.100000000001 ms
41,3684.5500000000006 ms
41,3707.9500000000003 ms
41,3714.600000000001 ms
41,3715.900000000001 ms
41,3761.200000000001 ms
41,3764.600000000001 ms
41,3776.2500000000014 ms
41,3787.600000000001 ms
41,3800.8000000000006 ms
41,3809.850000000001 ms
41,3814.650000000001 ms
41,3827.0000000000005 ms
41,3861.0500000000006 ms
41,3869.350000000001 ms
41,3874.3000000000006 ms
41,3889.900000000001 ms
41,3899.5000000000005 ms
41,3907.850000000001 ms
41,3932.350000000001 ms
41,3940.7500000000014 ms
41,3958.450000000001 ms
41,3980.600000000001 ms
41,3986.3000000000006 ms
42,14.200000000000001 ms
42,31.050000000000004 ms
42,45.25000000000001 ms
42,48.65 ms
42,60.15000000000001 ms
42,70.60000000000002 ms
42,86.9 ms
42,87.9 ms
42,92.15 ms
42,95.20000000000002 ms
42,119.80000000000001 ms
42,139.2 ms
42,157.95 ms
42,164.35000000000002 ms
42,178.65000000000003 ms
42,194.95000000000005 ms
42,195.55000000000007 ms
42,213.0 ms
42,217.40000000000003 ms
42,239.90000000000003 ms
42,248.3 ms
42,261.65000000000003 ms
42,268.40000000000003 ms
42,282.84999999999997 ms
42,323.6000000000001 ms
42,330.65000000000003 ms
42,342.90000000000003 ms
42,352.00000000000006 ms
42,352.6000000000001 ms
42,357.25000000000006 ms
42,401.95 ms
42,408.09999999999997 ms
42,423.65000000000003 ms
42,460.50000000000006 ms
42,476.5500000000001 ms
42,477.8500000000001 ms
42,484.3500000000001 ms
42,527.8 ms
42,540.05 ms
42,549.7 ms
42,558.6500000000001 ms
42,560.1500000000001 ms
42,571.8000000000002 ms
42,577.4000000000001 ms
42,578.3500000000001 ms
42,599.7500000000002 ms
42,607.8 ms
42,632.3 ms
42,637.3500000000001 ms
42,645.1000000000001 ms
42,673.3 ms
42,683.8500000000001 ms
42,686.8999999999999 ms
42,692.3999999999999 ms
42,720.6000000000001 ms
42,738.75 ms
42,739.05 ms
42,743.8 ms
42,751.45 ms
42,755.2499999999998 ms
42,774.2 ms
42,779.3999999999999 ms
42,819.8500000000001 ms
42,834.2 ms
42,852.6000000000001 ms
42,853.8500000000001 ms
42,868.75 ms
42,893.1500000000001 ms
42,898.9000000000001 ms
42,901.8499999999999 ms
42,911.0 ms
42,912.4000000000001 ms
42,925.1999999999998 ms
42,963.1500000000001 ms
42,1000.5 ms
42,1022.75 ms
42,1023.25 ms
42,1028.0 ms
42,1032.85 ms
42,1054.25 ms
42,1055.6 ms
42,1074.6999999999998 ms
42,1078.6 ms
42,1092.9499999999998 ms
42,1139.2999999999997 ms
42,1145.4999999999995 ms
42,1149.5499999999997 ms
42,1150.6 ms
42,1152.2499999999995 ms
42,1155.7999999999997 ms
42,1158.4999999999995 ms
42,1161.1 ms
42,1167.1 ms
42,1168.8999999999996 ms
42,1184.2499999999995 ms
42,1202.5499999999997 ms
42,1221.9999999999995 ms
42,1222.7499999999995 ms
42,1235.6499999999996 ms
42,1256.0999999999995 ms
42,1261.75 ms
42,1271.9499999999998 ms
42,1275.35 ms
42,1302.9 ms
42,1313.1999999999998 ms
42,1313.3999999999996 ms
42,1321.35 ms
42,1326.7999999999997 ms
42,1326.9500000000003 ms
42,1328.4500000000003 ms
42,1344.9 ms
42,1345.8000000000002 ms
42,1347.65 ms
42,1351.7000000000003 ms
42,1354.7000000000003 ms
42,1380.0499999999997 ms
42,1404.0499999999997 ms
42,1449.6 ms
42,1453.7999999999997 ms
42,1454.75 ms
42,1461.8000000000002 ms
42,1465.6499999999996 ms
42,1476.1999999999998 ms
42,1478.1 ms
42,1517.2999999999997 ms
42,1532.0499999999997 ms
42,1551.9500000000003 ms
42,1555.5499999999997 ms
42,1559.75 ms
42,1574.0500000000002 ms
42,1592.3000000000002 ms
42,1618.5500000000002 ms
42,1629.1 ms
42,1629.6 ms
42,1650.25 ms
42,1653.1999999999998 ms
42,1671.6999999999998 ms
42,1675.65 ms
42,1679.7000000000003 ms
42,1691.35 ms
42,1696.8000000000002 ms
42,1729.7000000000003 ms
42,1739.0500000000002 ms
42,1741.9500000000003 ms
42,1750.9500000000003 ms
42,1755.65 ms
42,1767.3500000000004 ms
42,1767.6500000000005 ms
42,1791.0 ms
42,1796.7000000000003 ms
42,1797.2000000000003 ms
42,1808.1000000000004 ms
42,1821.3500000000004 ms
42,1826.1000000000004 ms
42,1862.1500000000005 ms
42,1864.5 ms
42,1882.9500000000003 ms
42,1884.4 ms
42,1888.3000000000006 ms
42,1888.4 ms
42,1897.8500000000004 ms
42,1976.6500000000005 ms
42,1980.8000000000002 ms
42,1985.0000000000005 ms
42,1995.1000000000004 ms
42,2045.7000000000003 ms
42,2047.4 ms
42,2059.4500000000003 ms
42,2067.65 ms
42,2073.7000000000003 ms
42,2097.7999999999997 ms
42,2117.4500000000003 ms
42,2130.4500000000003 ms
42,2131.2000000000003 ms
42,2180.4 ms
42,2181.6 ms
42,2184.5000000000005 ms
42,2188.4 ms
42,2207.4999999999995 ms
42,2228.7500000000005 ms
42,2249.4999999999995 ms
42,2321.7999999999997 ms
42,2326.9 ms
42,2334.65 ms
42,2335.5500000000006 ms
42,2338.2500000000005 ms
42,2345.6 ms
42,2371.85 ms
42,2374.1999999999994 ms
42,2376.2999999999997 ms
42,2391.85 ms
42,2395.0499999999997 ms
42,2405.9500000000003 ms
42,2410.9 ms
42,2422.6 ms
42,2431.7999999999997 ms
42,2435.649999999999 ms
42,2439.2999999999997 ms
42,2510.6999999999994 ms
42,2518.049999999999 ms
42,2522.2499999999986 ms
42,2548.049999999999 ms
42,2549.4999999999986 ms
42,2550.649999999999 ms
42,2575.7499999999986 ms
42,2579.2499999999995 ms
42,2590.5499999999997 ms
42,2603.1999999999994 ms
42,2604.4999999999995 ms
42,2609.4499999999994 ms
42,2614.149999999999 ms
42,2646.7499999999986 ms
42,2676.9499999999985 ms
42,2679.9499999999994 ms
42,2692.9999999999995 ms
42,2732.4499999999994 ms
42,2746.6999999999985 ms
42,2753.1499999999983 ms
42,2767.9999999999986 ms
42,2773.549999999999 ms
42,2782.1499999999983 ms
42,2789.149999999999 ms
42,2798.3999999999983 ms
42,2806.2499999999986 ms
42,2809.349999999998 ms
42,2843.9999999999986 ms
42,2849.9499999999985 ms
42,2876.1499999999983 ms
42,2876.4999999999977 ms
42,2897.849999999998 ms
42,2924.2499999999986 ms
42,2938.7499999999977 ms
42,2949.9499999999975 ms
42,2990.9499999999985 ms
42,3001.4999999999986 ms
42,3004.799999999999 ms
42,3013.549999999998 ms
42,3016.8999999999983 ms
42,3047.6999999999985 ms
42,3056.6999999999985 ms
42,3063.1499999999983 ms
42,3070.4499999999985 ms
42,3077.3999999999983 ms
42,3152.3999999999983 ms
42,3157.3999999999983 ms
42,3163.7499999999977 ms
42,3175.1499999999983 ms
42,3178.349999999998 ms
42,3186.049999999998 ms
42,3215.849999999998 ms
42,3242.849999999998 ms
42,3277.3999999999983 ms
42,3296.599999999998 ms
42,3330.099999999998 ms
42,3338.8999999999983 ms
42,3384.599999999998 ms
42,3404.7499999999986 ms
42,3412.9499999999985 ms
42,3423.9499999999975 ms
42,3448.599999999998 ms
42,3482.1999999999975 ms
42,3490.2499999999977 ms
42,3490.799999999998 ms
42,3494.799999999999 ms
42,3519.549999999998 ms
42,3543.9499999999985 ms
42,3561.8999999999983 ms
42,3569.7499999999977 ms
42,3573.9499999999975 ms
42,3577.349999999998 ms
42,3594.9999999999986 ms
42,3601.6999999999985 ms
42,3616.9499999999975 ms
42,3627.599999999998 ms
42,3628.049999999998 ms
42,3651.9499999999985 ms
42,3673.599999999998 ms
42,3690.049999999998 ms
42,3730.7499999999977 ms
42,3732.7499999999977 ms
42,3747.1499999999983 ms
42,3785.599999999998 ms
42,3796.2499999999977 ms
42,3806.4999999999977 ms
42,3811.9999999999977 ms
42,3847.6499999999983 ms
42,3857.4499999999985 ms
42,3858.099999999998 ms
42,3869.7499999999986 ms
42,3882.549999999999 ms
42,3893.6499999999983 ms
42,3895.349999999998 ms
42,3934.9499999999975 ms
42,3942.4499999999985 ms
42,3949.1499999999983 ms
42,3974.6999999999985 ms
42,3981.4999999999986 ms
42,3982.799999999999 ms
42,3986.1999999999985 ms
42,3992.349999999999 ms
43,7.15 ms
43,28.6 ms
43,41.20000000000001 ms
43,48.00000000000001 ms
43,48.550000000000004 ms
43,64.5 ms
43,73.69999999999999 ms
43,77.5 ms
43,78.65 ms
43,83.15 ms
43,91.6 ms
43,97.1 ms
43,109.55000000000001 ms
43,122.5 ms
43,133.25 ms
43,156.45 ms
43,171.64999999999998 ms
43,196.95 ms
43,207.64999999999998 ms
43,226.39999999999998 ms
43,246.0 ms
43,253.94999999999993 ms
43,256.59999999999997 ms
43,256.99999999999994 ms
43,259.3 ms
43,266.95 ms
43,269.4499999999999 ms
43,281.0499999999999 ms
43,311.8 ms
43,335.24999999999994 ms
43,335.74999999999994 ms
43,335.84999999999997 ms
43,338.84999999999997 ms
43,345.34999999999997 ms
43,361.7999999999999 ms
43,369.34999999999997 ms
43,370.84999999999997 ms
43,377.74999999999994 ms
43,417.8999999999999 ms
43,420.65000000000003 ms
43,423.45 ms
43,426.55 ms
43,442.2 ms
43,465.8 ms
43,468.7 ms
43,481.1499999999999 ms
43,503.65000000000003 ms
43,532.75 ms
43,569.95 ms
43,570.95 ms
43,587.05 ms
43,587.8 ms
43,589.05 ms
43,612.05 ms
43,625.6000000000001 ms
43,631.6499999999999 ms
43,632.8 ms
43,642.2 ms
43,647.0999999999999 ms
43,648.0999999999999 ms
43,660.75 ms
43,675.4499999999998 ms
43,693.9499999999998 ms
43,696.8 ms
43,711.25 ms
43,718.8499999999999 ms
43,723.0999999999999 ms
43,738.45 ms
43,738.9000000000001 ms
43,750.8000000000002 ms
43,758.8499999999999 ms
43,779.0999999999999 ms
43,793.8499999999999 ms
43,804.5 ms
43,831.6500000000001 ms
43,843.75 ms
43,875.1500000000001 ms
43,877.5999999999999 ms
43,879.5 ms
43,893.5999999999999 ms
43,907.7 ms
43,913.0 ms
43,919.05 ms
43,926.8 ms
43,934.3499999999999 ms
43,939.25 ms
43,945.5 ms
43,957.1499999999999 ms
43,964.1499999999999 ms
43,972.4999999999998 ms
43,975.3999999999999 ms
43,995.8 ms
43,997.6999999999998 ms
43,1005.3499999999999 ms
43,1015.7999999999997 ms
43,1017.4499999999998 ms
43,1019.7499999999998 ms
43,1042.45 ms
43,1048.3 ms
43,1050.7999999999995 ms
43,1094.8999999999994 ms
43,1097.5499999999995 ms
43,1113.5999999999997 ms
43,1121.7499999999998 ms
43,1139.2 ms
43,1142.4499999999996 ms
43,1167.8999999999999 ms
43,1190.4999999999998 ms
43,1200.8499999999997 ms
43,1224.4999999999998 ms
43,1257.0999999999997 ms
43,1262.9499999999996 ms
43,1264.5499999999995 ms
43,1264.9999999999998 ms
43,1285.1499999999999 ms
43,1297.2499999999998 ms
43,1335.2499999999993 ms
43,1348.8999999999994 ms
43,1382.5499999999995 ms
43,1385.1999999999996 ms
43,1389.45 ms
43,1400.8500000000001 ms
43,1420.8499999999997 ms
43,1425.3999999999999 ms
43,1428.1999999999996 ms
43,1432.5999999999997 ms
43,1436.4999999999998 ms
43,1451.5999999999997 ms
43,1469.6499999999999 ms
43,1477.1000000000001 ms
43,1480.8999999999999 ms
43,1490.3999999999999 ms
43,1491.2499999999998 ms
43,1505.2999999999995 ms
43,1508.5999999999997 ms
43,1537.9499999999996 ms
43,1557.6499999999999 ms
43,1569.2499999999998 ms
43,1587.5999999999997 ms
43,1600.1499999999994 ms
43,1605.7999999999995 ms
43,1615.6999999999996 ms
43,1616.2499999999993 ms
43,1622.2999999999995 ms
43,1623.2999999999995 ms
43,1627.0499999999995 ms
43,1634.6999999999996 ms
43,1645.9999999999993 ms
43,1677.2999999999995 ms
43,1701.1999999999996 ms
43,1706.1499999999999 ms
43,1735.55 ms
43,1749.0999999999997 ms
43,1755.6499999999994 ms
43,1757.1999999999996 ms
43,1814.7499999999993 ms
43,1835.6999999999996 ms
43,1839.5999999999997 ms
43,1841.7499999999998 ms
43,1850.1499999999999 ms
43,1865.4499999999996 ms
43,1868.2999999999995 ms
43,1871.1499999999994 ms
43,1889.7999999999995 ms
43,1908.1999999999996 ms
43,1922.3999999999999 ms
43,1927.8500000000001 ms
43,1944.3499999999997 ms
43,1945.9999999999998 ms
43,1965.55 ms
43,1987.8 ms
43,1990.2500000000002 ms
43,1996.4999999999998 ms
43,2002.7 ms
43,2011.55 ms
43,2015.2500000000002 ms
43,2019.7499999999998 ms
43,2037.0999999999997 ms
43,2061.3 ms
43,2074.3499999999995 ms
43,2078.95 ms
43,2079.3 ms
43,2089.749999999999 ms
43,2093.999999999999 ms
43,2100.8499999999995 ms
43,2105.45 ms
43,2121.2 ms
43,2127.749999999999 ms
43,2128.7 ms
43,2143.0499999999993 ms
43,2150.2999999999993 ms
43,2158.3999999999996 ms
43,2167.3999999999996 ms
43,2174.3499999999985 ms
43,2180.0999999999985 ms
43,2181.999999999999 ms
43,2187.249999999999 ms
43,2206.5499999999993 ms
43,2220.449999999999 ms
43,2220.5499999999993 ms
43,2261.249999999999 ms
43,2277.2999999999993 ms
43,2279.7999999999993 ms
43,2284.749999999999 ms
43,2301.3499999999995 ms
43,2312.449999999999 ms
43,2323.8999999999987 ms
43,2327.5999999999985 ms
43,2328.8999999999987 ms
43,2338.999999999999 ms
43,2388.2999999999984 ms
43,2404.699999999999 ms
43,2426.3999999999987 ms
43,2427.8999999999987 ms
43,2436.249999999999 ms
43,2440.449999999998 ms
43,2459.5999999999985 ms
43,2489.499999999998 ms
43,2496.1499999999987 ms
43,2516.6499999999987 ms
43,2524.699999999999 ms
43,2525.5499999999993 ms
43,2535.5999999999985 ms
43,2541.949999999999 ms
43,2543.499999999999 ms
43,2544.0999999999995 ms
43,2547.5999999999995 ms
43,2589.749999999999 ms
43,2593.249999999999 ms
43,2601.749999999999 ms
43,2614.749999999999 ms
43,2616.749999999999 ms
43,2634.3999999999987 ms
43,2648.2 ms
43,2651.8499999999995 ms
43,2653.1499999999996 ms
43,2657.5 ms
43,2662.0 ms
43,2690.5999999999995 ms
43,2697.45 ms
43,2720.3999999999987 ms
43,2727.499999999999 ms
43,2750.8499999999995 ms
43,2752.2999999999984 ms
43,2790.2999999999984 ms
43,2820.3499999999995 ms
43,2846.8999999999987 ms
43,2850.499999999999 ms
43,2865.8499999999995 ms
43,2881.0999999999995 ms
43,2896.1499999999987 ms
43,2915.499999999999 ms
43,2920.449999999999 ms
43,2924.199999999999 ms
43,2992.2999999999993 ms
43,3028.0999999999985 ms
43,3030.2999999999993 ms
43,3034.699999999999 ms
43,3046.449999999999 ms
43,3050.499999999999 ms
43,3060.0999999999995 ms
43,3085.199999999999 ms
43,3096.6499999999987 ms
43,3098.2999999999984 ms
43,3134.8999999999987 ms
43,3137.499999999999 ms
43,3153.449999999998 ms
43,3154.699999999998 ms
43,3154.949999999998 ms
43,3197.2999999999984 ms
43,3209.249999999998 ms
43,3210.649999999998 ms
43,3214.249999999998 ms
43,3232.499999999998 ms
43,3238.0999999999985 ms
43,3241.249999999998 ms
43,3249.8499999999985 ms
43,3253.749999999998 ms
43,3254.899999999998 ms
43,3263.149999999998 ms
43,3275.249999999998 ms
43,3285.3499999999985 ms
43,3285.649999999998 ms
43,3296.5499999999984 ms
43,3299.3999999999987 ms
43,3309.3499999999976 ms
43,3317.0999999999976 ms
43,3347.3499999999976 ms
43,3351.6499999999987 ms
43,3365.249999999998 ms
43,3371.8499999999985 ms
43,3376.7999999999975 ms
43,3383.699999999998 ms
43,3389.0499999999984 ms
43,3395.8499999999976 ms
43,3400.2999999999984 ms
43,3401.7499999999973 ms
43,3410.9999999999973 ms
43,3429.699999999998 ms
43,3430.8499999999976 ms
43,3438.9999999999973 ms
43,3439.7999999999984 ms
43,3449.949999999998 ms
43,3459.149999999998 ms
43,3461.5999999999976 ms
43,3489.399999999998 ms
43,3510.949999999998 ms
43,3512.5999999999976 ms
43,3541.949999999998 ms
43,3590.5499999999984 ms
43,3607.449999999998 ms
43,3609.449999999998 ms
43,3626.3499999999976 ms
43,3632.499999999998 ms
43,3653.699999999998 ms
43,3670.0999999999976 ms
43,3695.999999999998 ms
43,3704.5499999999984 ms
43,3718.3499999999985 ms
43,3726.749999999998 ms
43,3754.999999999998 ms
43,3802.2999999999993 ms
43,3807.999999999998 ms
43,3821.8999999999987 ms
43,3830.0999999999985 ms
43,3856.0499999999984 ms
43,3859.5999999999985 ms
43,3862.499999999998 ms
43,3886.449999999999 ms
43,3933.0999999999985 ms
43,3942.2999999999984 ms
43,3947.249999999998 ms
43,3957.699999999998 ms
43,3975.749999999998 ms
43,3975.999999999998 ms
43,3983.0499999999984 ms
44,18.95 ms
44,33.55 ms
44,50.849999999999994 ms
44,65.85 ms
44,74.04999999999998 ms
44,120.79999999999998 ms
44,123.65 ms
44,157.85 ms
44,176.79999999999998 ms
44,187.14999999999995 ms
44,196.59999999999994 ms
44,200.74999999999997 ms
44,204.24999999999997 ms
44,218.44999999999996 ms
44,220.94999999999996 ms
44,250.24999999999997 ms
44,262.4 ms
44,267.1 ms
44,280.04999999999995 ms
44,284.04999999999995 ms
44,307.94999999999993 ms
44,327.0999999999999 ms
44,329.69999999999993 ms
44,343.9999999999999 ms
44,348.6 ms
44,353.69999999999993 ms
44,399.69999999999993 ms
44,409.6 ms
44,411.04999999999995 ms
44,413.94999999999993 ms
44,442.54999999999995 ms
44,446.29999999999995 ms
44,450.29999999999995 ms
44,465.79999999999995 ms
44,469.75 ms
44,473.0999999999999 ms
44,486.15 ms
44,502.69999999999993 ms
44,529.35 ms
44,537.4999999999999 ms
44,549.6 ms
44,585.15 ms
44,585.7500000000001 ms
44,587.85 ms
44,607.9999999999999 ms
44,639.4499999999999 ms
44,642.4500000000002 ms
44,653.1999999999999 ms
44,678.85 ms
44,736.9500000000002 ms
44,755.0000000000001 ms
44,770.35 ms
44,801.1 ms
44,821.7000000000002 ms
44,822.6 ms
44,824.4 ms
44,826.1 ms
44,828.3000000000001 ms
44,835.7500000000001 ms
44,846.6000000000003 ms
44,878.8000000000003 ms
44,911.8500000000003 ms
44,913.5500000000003 ms
44,923.9500000000002 ms
44,924.8000000000003 ms
44,934.2000000000002 ms
44,937.8000000000003 ms
44,955.5000000000003 ms
44,967.2500000000001 ms
44,979.5000000000003 ms
44,1011.5500000000003 ms
44,1013.1500000000002 ms
44,1026.3500000000004 ms
44,1043.1999999999998 ms
44,1044.5 ms
44,1045.5500000000002 ms
44,1048.75 ms
44,1065.4499999999998 ms
44,1084.8500000000004 ms
44,1086.4 ms
44,1094.0 ms
44,1096.85 ms
44,1108.0499999999997 ms
44,1109.1 ms
44,1134.35 ms
44,1145.25 ms
44,1146.65 ms
44,1168.65 ms
44,1177.8000000000002 ms
44,1183.6000000000004 ms
44,1199.0500000000002 ms
44,1215.0 ms
44,1216.3500000000004 ms
44,1237.8000000000002 ms
44,1247.25 ms
44,1248.75 ms
44,1260.3500000000004 ms
44,1288.25 ms
44,1298.6500000000005 ms
44,1315.1500000000005 ms
44,1317.75 ms
44,1331.75 ms
44,1334.0 ms
44,1340.0500000000002 ms
44,1347.4500000000003 ms
44,1369.0500000000002 ms
44,1379.75 ms
44,1390.5500000000002 ms
44,1392.5500000000002 ms
44,1394.7000000000003 ms
44,1426.9500000000003 ms
44,1431.2000000000003 ms
44,1438.5500000000002 ms
44,1442.15 ms
44,1447.0500000000002 ms
44,1460.15 ms
44,1471.85 ms
44,1482.15 ms
44,1486.25 ms
44,1488.0 ms
44,1499.75 ms
44,1505.5 ms
44,1514.4499999999998 ms
44,1520.1999999999998 ms
44,1526.4 ms
44,1527.9500000000003 ms
44,1543.7000000000003 ms
44,1559.4 ms
44,1573.25 ms
44,1623.25 ms
44,1625.6 ms
44,1639.5 ms
44,1655.5 ms
44,1678.85 ms
44,1683.1999999999998 ms
44,1688.5 ms
44,1728.1499999999996 ms
44,1751.5500000000002 ms
44,1757.1999999999998 ms
44,1762.9499999999998 ms
44,1793.8500000000004 ms
44,1795.5 ms
44,1800.4000000000005 ms
44,1802.9000000000005 ms
44,1803.1500000000005 ms
44,1804.9500000000003 ms
44,1831.4 ms
44,1855.15 ms
44,1870.3500000000004 ms
44,1893.7000000000003 ms
44,1894.5000000000005 ms
44,1907.7500000000005 ms
44,1932.6 ms
44,1941.3000000000002 ms
44,1969.2000000000003 ms
44,1970.0500000000002 ms
44,1982.8500000000004 ms
44,1991.65 ms
44,2000.1 ms
44,2024.5000000000005 ms
44,2073.9999999999995 ms
44,2086.6 ms
44,2090.65 ms
44,2115.7000000000003 ms
44,2150.9 ms
44,2162.2000000000003 ms
44,2172.100000000001 ms
44,2200.0000000000005 ms
44,2200.6 ms
44,2204.9500000000003 ms
44,2214.5499999999997 ms
44,2221.3000000000006 ms
44,2221.5000000000005 ms
44,2227.0500000000006 ms
44,2256.15 ms
44,2257.6 ms
44,2293.0000000000005 ms
44,2316.7499999999995 ms
44,2319.1 ms
44,2328.7500000000005 ms
44,2332.5500000000006 ms
44,2354.7000000000003 ms
44,2355.65 ms
44,2362.7000000000003 ms
44,2373.9500000000003 ms
44,2377.0499999999997 ms
44,2399.2000000000003 ms
44,2420.9500000000003 ms
44,2487.7000000000003 ms
44,2490.100000000001 ms
44,2491.400000000001 ms
44,2501.450000000001 ms
44,2528.150000000001 ms
44,2530.7500000000005 ms
44,2546.650000000001 ms
44,2553.350000000001 ms
44,2553.5000000000005 ms
44,2556.85 ms
44,2571.5000000000005 ms
44,2603.7500000000005 ms
44,2638.5000000000005 ms
44,2646.8000000000006 ms
44,2675.4 ms
44,2691.150000000001 ms
44,2699.100000000001 ms
44,2707.650000000001 ms
44,2711.4 ms
44,2733.0000000000005 ms
44,2734.4500000000003 ms
44,2740.7500000000005 ms
44,2798.8000000000006 ms
44,2810.15 ms
44,2819.7000000000003 ms
44,2834.65 ms
44,2855.2500000000005 ms
44,2872.2500000000005 ms
44,2901.7000000000003 ms
44,2955.2999999999997 ms
44,2977.7000000000003 ms
44,2984.9500000000003 ms
44,2985.7500000000005 ms
44,2995.7000000000003 ms
44,3043.4500000000003 ms
44,3084.4500000000003 ms
44,3085.0499999999997 ms
44,3104.4999999999995 ms
44,3111.65 ms
44,3132.35 ms
44,3160.6999999999994 ms
44,3160.9500000000003 ms
44,3163.0499999999997 ms
44,3170.899999999999 ms
44,3174.65 ms
44,3193.9999999999995 ms
44,3209.599999999999 ms
44,3219.799999999999 ms
44,3229.149999999999 ms
44,3233.6999999999994 ms
44,3238.149999999999 ms
44,3247.149999999999 ms
44,3254.1999999999994 ms
44,3270.649999999999 ms
44,3270.9999999999986 ms
44,3279.149999999999 ms
44,3287.599999999999 ms
44,3291.9499999999985 ms
44,3292.9999999999986 ms
44,3328.6999999999985 ms
44,3332.049999999999 ms
44,3340.3999999999983 ms
44,3352.4499999999985 ms
44,3353.4499999999994 ms
44,3356.9499999999985 ms
44,3360.4999999999986 ms
44,3375.149999999999 ms
44,3405.849999999999 ms
44,3406.799999999999 ms
44,3426.4999999999986 ms
44,3435.599999999998 ms
44,3436.9499999999985 ms
44,3449.799999999998 ms
44,3477.2499999999977 ms
44,3484.4999999999986 ms
44,3499.6499999999983 ms
44,3513.3999999999983 ms
44,3516.2499999999977 ms
44,3530.599999999998 ms
44,3541.099999999998 ms
44,3544.6999999999975 ms
44,3575.049999999998 ms
44,3605.2499999999977 ms
44,3614.2499999999977 ms
44,3642.549999999998 ms
44,3672.1499999999974 ms
44,3679.4499999999975 ms
44,3680.8999999999974 ms
44,3708.4999999999977 ms
44,3717.6499999999983 ms
44,3723.1499999999974 ms
44,3724.2499999999977 ms
44,3724.9999999999977 ms
44,3733.9999999999977 ms
44,3758.2499999999977 ms
44,3759.4999999999977 ms
44,3762.9499999999975 ms
44,3776.9499999999975 ms
44,3797.4999999999977 ms
44,3798.349999999997 ms
44,3816.849999999998 ms
44,3838.6499999999983 ms
44,3860.1999999999985 ms
44,3882.299999999998 ms
44,3889.2499999999977 ms
44,3892.8999999999983 ms
44,3900.549999999998 ms
44,3911.7499999999977 ms
44,3937.099999999997 ms
44,3938.2499999999977 ms
44,3970.3999999999983 ms
44,3971.349999999998 ms
44,3978.8999999999983 ms
44,3988.099999999998 ms
45,26.450000000000003 ms
45,34.800000000000004 ms
45,55.6 ms
45,87.50000000000003 ms
45,88.70000000000002 ms
45,90.10000000000002 ms
45,96.55000000000001 ms
45,106.25000000000003 ms
45,129.20000000000005 ms
45,136.70000000000005 ms
45,151.80000000000007 ms
45,157.25 ms
45,162.80000000000007 ms
45,170.30000000000007 ms
45,182.95000000000005 ms
45,183.85000000000002 ms
45,188.60000000000002 ms
45,192.75000000000006 ms
45,211.85000000000008 ms
45,213.90000000000003 ms
45,215.35000000000008 ms
45,235.10000000000008 ms
45,245.00000000000006 ms
45,248.75000000000006 ms
45,273.7 ms
45,275.25000000000006 ms
45,291.8500000000001 ms
45,326.50000000000006 ms
45,358.3500000000001 ms
45,367.6000000000001 ms
45,368.90000000000015 ms
45,384.7000000000001 ms
45,393.7000000000001 ms
45,398.25000000000017 ms
45,409.3000000000001 ms
45,412.00000000000006 ms
45,420.9500000000001 ms
45,425.7000000000001 ms
45,449.3500000000001 ms
45,451.6000000000001 ms
45,466.3 ms
45,467.65000000000003 ms
45,516.6000000000001 ms
45,517.6500000000001 ms
45,527.4000000000001 ms
45,542.5 ms
45,554.4500000000003 ms
45,557.4000000000001 ms
45,565.2500000000002 ms
45,583.2500000000002 ms
45,600.5500000000002 ms
45,601.5500000000002 ms
45,628.8000000000002 ms
45,642.8000000000002 ms
45,669.3500000000001 ms
45,681.0000000000002 ms
45,765.1000000000001 ms
45,800.3500000000001 ms
45,810.1000000000001 ms
45,837.7500000000002 ms
45,859.6000000000001 ms
45,872.5500000000002 ms
45,873.0000000000002 ms
45,898.2000000000003 ms
45,901.5500000000002 ms
45,902.2500000000005 ms
45,904.7000000000003 ms
45,912.7000000000003 ms
45,917.8000000000004 ms
45,927.9500000000005 ms
45,952.3500000000004 ms
45,963.8500000000004 ms
45,964.0500000000004 ms
45,1011.5500000000004 ms
45,1012.3500000000004 ms
45,1012.5000000000005 ms
45,1016.0500000000002 ms
45,1018.1500000000003 ms
45,1039.1500000000003 ms
45,1087.1500000000003 ms
45,1088.2500000000002 ms
45,1104.8 ms
45,1109.3000000000004 ms
45,1164.05 ms
45,1171.5500000000004 ms
45,1175.3500000000001 ms
45,1186.1000000000001 ms
45,1188.3500000000001 ms
45,1194.8500000000001 ms
45,1196.1000000000001 ms
45,1199.2 ms
45,1207.7499999999998 ms
45,1215.1499999999999 ms
45,1224.4000000000003 ms
45,1243.6000000000001 ms
45,1254.1000000000001 ms
45,1269.1000000000001 ms
45,1281.8500000000001 ms
45,1304.2500000000002 ms
45,1308.7500000000002 ms
45,1310.3500000000001 ms
45,1317.3999999999999 ms
45,1362.55 ms
45,1369.3000000000004 ms
45,1394.3 ms
45,1396.3500000000001 ms
45,1397.0500000000004 ms
45,1409.4000000000003 ms
45,1410.7500000000002 ms
45,1446.6000000000001 ms
45,1492.95 ms
45,1498.4999999999998 ms
45,1509.7499999999998 ms
45,1523.9999999999998 ms
45,1536.2499999999998 ms
45,1540.8999999999999 ms
45,1548.4499999999996 ms
45,1559.95 ms
45,1573.3999999999999 ms
45,1577.1999999999996 ms
45,1580.45 ms
45,1581.1000000000001 ms
45,1607.0000000000002 ms
45,1610.3500000000001 ms
45,1612.05 ms
45,1624.2500000000002 ms
45,1735.6000000000001 ms
45,1743.55 ms
45,1758.1499999999999 ms
45,1760.55 ms
45,1787.0999999999997 ms
45,1807.3500000000001 ms
45,1819.5999999999997 ms
45,1822.4999999999998 ms
45,1830.5999999999997 ms
45,1834.4999999999998 ms
45,1837.2 ms
45,1854.3 ms
45,1865.3999999999999 ms
45,1890.3999999999999 ms
45,1903.6000000000001 ms
45,1904.3 ms
45,1928.2 ms
45,1941.9999999999998 ms
45,1947.45 ms
45,1958.7 ms
45,1961.8500000000001 ms
45,1993.45 ms
45,1996.1000000000001 ms
45,1996.8000000000004 ms
45,2028.7000000000005 ms
45,2042.1500000000003 ms
45,2048.95 ms
45,2070.55 ms
45,2078.5 ms
45,2090.3999999999996 ms
45,2102.8999999999996 ms
45,2117.1499999999996 ms
45,2169.55 ms
45,2171.3 ms
45,2193.95 ms
45,2211.95 ms
45,2213.7 ms
45,2222.2 ms
45,2234.7 ms
45,2241.1000000000004 ms
45,2258.3 ms
45,2267.95 ms
45,2293.7 ms
45,2295.4000000000005 ms
45,2295.55 ms
45,2295.95 ms
45,2301.1500000000005 ms
45,2302.55 ms
45,2309.25 ms
45,2313.05 ms
45,2316.3 ms
45,2317.3 ms
45,2322.1000000000004 ms
45,2329.6000000000004 ms
45,2335.6500000000005 ms
45,2356.55 ms
45,2408.3500000000013 ms
45,2423.1000000000013 ms
45,2424.4500000000007 ms
45,2430.250000000001 ms
45,2441.500000000001 ms
45,2460.4500000000007 ms
45,2463.6500000000005 ms
45,2468.8 ms
45,2474.4500000000007 ms
45,2482.6500000000005 ms
45,2483.000000000001 ms
45,2485.8500000000004 ms
45,2489.55 ms
45,2513.75 ms
45,2518.3 ms
45,2532.6000000000004 ms
45,2551.75 ms
45,2582.050000000001 ms
45,2585.0 ms
45,2585.4500000000007 ms
45,2605.8500000000004 ms
45,2610.9500000000007 ms
45,2611.7000000000007 ms
45,2612.3500000000004 ms
45,2621.0 ms
45,2623.7000000000007 ms
45,2626.25 ms
45,2639.4000000000005 ms
45,2651.55 ms
45,2659.55 ms
45,2683.4000000000005 ms
45,2687.3500000000004 ms
45,2688.6500000000005 ms
45,2699.9500000000007 ms
45,2700.1500000000005 ms
45,2700.8500000000004 ms
45,2707.4000000000005 ms
45,2732.8500000000004 ms
45,2739.4500000000007 ms
45,2761.0 ms
45,2796.3500000000004 ms
45,2801.8500000000004 ms
45,2816.4500000000007 ms
45,2818.6000000000004 ms
45,2832.6500000000005 ms
45,2836.4000000000005 ms
45,2844.8500000000004 ms
45,2878.4500000000007 ms
45,2903.55 ms
45,2915.5 ms
45,2919.25 ms
45,2921.3500000000004 ms
45,2926.45 ms
45,2984.55 ms
45,2996.55 ms
45,2996.7 ms
45,3025.3 ms
45,3039.45 ms
45,3041.25 ms
45,3093.1000000000004 ms
45,3107.6000000000004 ms
45,3120.1499999999996 ms
45,3128.8999999999996 ms
45,3146.1499999999996 ms
45,3157.55 ms
45,3192.3500000000004 ms
45,3199.05 ms
45,3254.6500000000005 ms
45,3276.25 ms
45,3279.75 ms
45,3280.8500000000004 ms
45,3310.25 ms
45,3355.05 ms
45,3356.95 ms
45,3365.6000000000004 ms
45,3377.1500000000005 ms
45,3380.9500000000007 ms
45,3407.4000000000005 ms
45,3423.9500000000007 ms
45,3457.550000000001 ms
45,3490.1000000000004 ms
45,3523.800000000001 ms
45,3528.75 ms
45,3559.300000000001 ms
45,3562.7000000000007 ms
45,3568.4500000000007 ms
45,3584.300000000001 ms
45,3605.050000000001 ms
45,3607.6000000000004 ms
45,3610.7000000000007 ms
45,3627.2000000000007 ms
45,3638.4500000000007 ms
45,3641.9500000000007 ms
45,3645.050000000001 ms
45,3655.4500000000007 ms
45,3660.550000000001 ms
45,3692.300000000001 ms
45,3704.75 ms
45,3714.4500000000007 ms
45,3722.55 ms
45,3740.6000000000004 ms
45,3785.1500000000005 ms
45,3795.8500000000004 ms
45,3809.6500000000005 ms
45,3812.05 ms
45,3822.750000000001 ms
45,3833.4000000000005 ms
45,3837.8500000000004 ms
45,3855.1500000000005 ms
45,3868.05 ms
45,3876.2000000000007 ms
45,3881.2000000000007 ms
45,3893.9500000000007 ms
45,3909.3500000000004 ms
45,3924.250000000001 ms
45,3933.250000000001 ms
45,3933.3500000000013 ms
45,3973.05 ms
45,3984.500000000001 ms
46,1.2000000000000002 ms
46,4.7 ms
46,28.7 ms
46,49.75 ms
46,62.849999999999994 ms
46,76.70000000000002 ms
46,82.45000000000002 ms
46,96.05000000000001 ms
46,104.95000000000002 ms
46,112.60000000000002 ms
46,126.55000000000001 ms
46,159.75000000000006 ms
46,164.75000000000006 ms
46,174.10000000000002 ms
46,196.95000000000005 ms
46,202.85000000000002 ms
46,203.0 ms
46,218.5 ms
46,226.05000000000007 ms
46,228.05000000000007 ms
46,240.80000000000007 ms
46,255.5 ms
46,265.9000000000001 ms
46,277.20000000000005 ms
46,294.25 ms
46,303.70000000000005 ms
46,310.1500000000001 ms
46,311.5 ms
46,314.20000000000005 ms
46,336.05000000000007 ms
46,364.85 ms
46,369.5000000000001 ms
46,396.0000000000001 ms
46,413.30000000000007 ms
46,415.20000000000005 ms
46,425.25 ms
46,428.75 ms
46,442.9000000000001 ms
46,447.35 ms
46,457.55000000000007 ms
46,461.19999999999993 ms
46,521.6 ms
46,529.9999999999999 ms
46,538.1999999999999 ms
46,570.35 ms
46,571.7499999999999 ms
46,572.0499999999998 ms
46,575.2499999999999 ms
46,577.7500000000001 ms
46,584.1 ms
46,609.6 ms
46,613.8000000000001 ms
46,626.1 ms
46,683.85 ms
46,685.7000000000002 ms
46,690.6 ms
46,690.85 ms
46,698.2000000000002 ms
46,721.8000000000001 ms
46,729.4000000000002 ms
46,739.8000000000001 ms
46,756.1999999999999 ms
46,759.85 ms
46,767.9999999999999 ms
46,781.4499999999999 ms
46,791.6 ms
46,792.5500000000001 ms
46,795.1 ms
46,797.7499999999999 ms
46,814.1999999999999 ms
46,837.3000000000001 ms
46,849.8000000000001 ms
46,904.35 ms
46,906.2000000000002 ms
46,929.6999999999999 ms
46,945.15 ms
46,957.0000000000001 ms
46,987.0500000000001 ms
46,991.9499999999999 ms
46,993.35 ms
46,999.3000000000001 ms
46,1002.4499999999999 ms
46,1060.4 ms
46,1064.0500000000002 ms
46,1070.1000000000004 ms
46,1084.3000000000002 ms
46,1112.7000000000003 ms
46,1117.2500000000005 ms
46,1122.0500000000002 ms
46,1137.25 ms
46,1149.3000000000002 ms
46,1153.15 ms
46,1169.5 ms
46,1195.5500000000002 ms
46,1204.25 ms
46,1212.5500000000002 ms
46,1223.3999999999996 ms
46,1237.1 ms
46,1244.65 ms
46,1253.6999999999998 ms
46,1270.0499999999997 ms
46,1272.2499999999995 ms
46,1284.9 ms
46,1285.2999999999997 ms
46,1307.5499999999997 ms
46,1308.75 ms
46,1315.0 ms
46,1336.35 ms
46,1338.6999999999998 ms
46,1351.1999999999998 ms
46,1354.35 ms
46,1357.2999999999997 ms
46,1369.0499999999997 ms
46,1385.5499999999997 ms
46,1388.7000000000003 ms
46,1390.75 ms
46,1392.8000000000002 ms
46,1393.8000000000002 ms
46,1398.1999999999998 ms
46,1403.9499999999998 ms
46,1410.9 ms
46,1424.75 ms
46,1430.65 ms
46,1432.35 ms
46,1439.5000000000005 ms
46,1453.6 ms
46,1469.35 ms
46,1503.1 ms
46,1512.0000000000005 ms
46,1513.7000000000003 ms
46,1525.8000000000002 ms
46,1532.75 ms
46,1546.6500000000005 ms
46,1594.9000000000005 ms
46,1605.6000000000004 ms
46,1615.4000000000005 ms
46,1639.6500000000005 ms
46,1653.7000000000003 ms
46,1697.3000000000002 ms
46,1702.0500000000002 ms
46,1707.2000000000003 ms
46,1731.2500000000005 ms
46,1738.9500000000003 ms
46,1752.2000000000003 ms
46,1754.4500000000003 ms
46,1761.9500000000003 ms
46,1768.4 ms
46,1775.0500000000006 ms
46,1801.4 ms
46,1806.6000000000004 ms
46,1814.0000000000005 ms
46,1840.0500000000006 ms
46,1864.15 ms
46,1866.7500000000005 ms
46,1876.3000000000002 ms
46,1877.3500000000004 ms
46,1895.6000000000004 ms
46,1895.8500000000004 ms
46,1896.75 ms
46,1906.4500000000003 ms
46,1910.3000000000002 ms
46,1914.15 ms
46,1924.4500000000003 ms
46,1936.9500000000003 ms
46,1943.7999999999997 ms
46,1966.85 ms
46,1967.1999999999998 ms
46,1982.35 ms
46,1987.4 ms
46,1988.15 ms
46,2035.0499999999997 ms
46,2053.8 ms
46,2057.55 ms
46,2063.55 ms
46,2064.45 ms
46,2081.7 ms
46,2084.500000000001 ms
46,2093.45 ms
46,2098.7 ms
46,2104.000000000001 ms
46,2139.750000000001 ms
46,2143.45 ms
46,2146.05 ms
46,2158.45 ms
46,2171.6000000000004 ms
46,2176.9000000000005 ms
46,2181.4500000000007 ms
46,2190.800000000001 ms
46,2209.75 ms
46,2218.4000000000005 ms
46,2243.500000000001 ms
46,2253.9000000000005 ms
46,2255.250000000001 ms
46,2304.6000000000004 ms
46,2325.4500000000007 ms
46,2332.75 ms
46,2338.7000000000007 ms
46,2349.55 ms
46,2366.75 ms
46,2368.3999999999996 ms
46,2413.1499999999996 ms
46,2418.2000000000007 ms
46,2424.1000000000004 ms
46,2442.6000000000004 ms
46,2448.55 ms
46,2456.3 ms
46,2471.3500000000004 ms
46,2490.3 ms
46,2508.45 ms
46,2508.9000000000005 ms
46,2516.7 ms
46,2530.3500000000004 ms
46,2531.8500000000004 ms
46,2541.4500000000007 ms
46,2548.1499999999996 ms
46,2561.7000000000007 ms
46,2586.8 ms
46,2595.1500000000005 ms
46,2601.25 ms
46,2621.45 ms
46,2629.75 ms
46,2631.95 ms
46,2632.55 ms
46,2640.2 ms
46,2647.45 ms
46,2658.7 ms
46,2663.95 ms
46,2681.25 ms
46,2681.75 ms
46,2690.6000000000004 ms
46,2696.75 ms
46,2716.6499999999996 ms
46,2734.1499999999996 ms
46,2740.4500000000007 ms
46,2741.25 ms
46,2741.800000000001 ms
46,2761.5 ms
46,2762.75 ms
46,2766.800000000001 ms
46,2777.4000000000005 ms
46,2778.8500000000004 ms
46,2779.1000000000004 ms
46,2784.55 ms
46,2789.2 ms
46,2799.3 ms
46,2816.8500000000004 ms
46,2817.6000000000004 ms
46,2819.4500000000007 ms
46,2839.2000000000007 ms
46,2850.6000000000004 ms
46,2854.0 ms
46,2864.300000000001 ms
46,2868.4500000000007 ms
46,2882.500000000001 ms
46,2886.1500000000005 ms
46,2901.800000000001 ms
46,2934.7000000000007 ms
46,2944.9500000000007 ms
46,2981.500000000002 ms
46,2996.550000000001 ms
46,3011.2000000000016 ms
46,3030.500000000002 ms
46,3043.4500000000016 ms
46,3047.1000000000013 ms
46,3055.3500000000013 ms
46,3057.750000000002 ms
46,3062.800000000002 ms
46,3067.600000000002 ms
46,3079.750000000002 ms
46,3080.750000000002 ms
46,3100.000000000002 ms
46,3103.050000000003 ms
46,3197.7000000000025 ms
46,3207.550000000003 ms
46,3209.350000000002 ms
46,3230.4500000000025 ms
46,3237.1500000000024 ms
46,3260.050000000002 ms
46,3263.2000000000025 ms
46,3268.0000000000027 ms
46,3302.1500000000024 ms
46,3308.550000000003 ms
46,3319.9500000000025 ms
46,3346.600000000003 ms
46,3352.2500000000027 ms
46,3360.2500000000027 ms
46,3373.6500000000033 ms
46,3383.050000000003 ms
46,3384.350000000004 ms
46,3388.9500000000035 ms
46,3393.7000000000035 ms
46,3432.2500000000036 ms
46,3439.100000000004 ms
46,3460.6500000000033 ms
46,3513.1500000000033 ms
46,3515.850000000004 ms
46,3517.2500000000036 ms
46,3562.050000000004 ms
46,3566.800000000004 ms
46,3580.900000000004 ms
46,3593.4500000000035 ms
46,3601.150000000004 ms
46,3630.550000000004 ms
46,3660.0000000000036 ms
46,3661.9000000000033 ms
46,3678.4000000000033 ms
46,3685.2000000000044 ms
46,3697.800000000004 ms
46,3699.4500000000035 ms
46,3713.2500000000045 ms
46,3713.350000000004 ms
46,3734.600000000004 ms
46,3771.300000000004 ms
46,3781.150000000004 ms
46,3803.100000000003 ms
46,3816.800000000004 ms
46,3818.100000000003 ms
46,3838.7000000000035 ms
46,3840.550000000004 ms
46,3840.850000000003 ms
46,3840.9500000000035 ms
46,3854.600000000003 ms
46,3856.050000000004 ms
46,3866.2000000000035 ms
46,3896.5000000000036 ms
46,3898.850000000004 ms
46,3919.9500000000035 ms
46,3923.2000000000035 ms
46,3933.2000000000035 ms
46,3940.300000000004 ms
46,3948.6500000000033 ms
46,3955.100000000003 ms
46,3957.9500000000035 ms
46,3968.600000000003 ms
46,3984.2000000000035 ms
46,3985.7000000000035 ms
46,3986.4500000000035 ms
46,3987.6500000000024 ms
46,3993.2000000000035 ms
46,3993.9000000000024 ms
46,3997.1500000000024 ms
47,15.4 ms
47,15.85 ms
47,24.299999999999997 ms
47,27.5 ms
47,28.9 ms
47,33.0 ms
47,36.55 ms
47,39.75 ms
47,39.900000000000006 ms
47,60.099999999999994 ms
47,61.0 ms
47,88.0 ms
47,89.65 ms
47,114.80000000000001 ms
47,120.55000000000001 ms
47,146.8 ms
47,150.10000000000002 ms
47,151.25 ms
47,168.20000000000005 ms
47,172.75 ms
47,189.05000000000007 ms
47,213.10000000000002 ms
47,228.25000000000006 ms
47,232.25000000000006 ms
47,242.45000000000005 ms
47,245.00000000000006 ms
47,292.65000000000003 ms
47,315.4500000000001 ms
47,329.40000000000003 ms
47,339.6000000000001 ms
47,343.7000000000001 ms
47,387.2000000000001 ms
47,398.3500000000001 ms
47,404.9500000000001 ms
47,408.90000000000003 ms
47,413.3500000000001 ms
47,425.4500000000001 ms
47,431.9500000000001 ms
47,439.5500000000001 ms
47,457.50000000000006 ms
47,461.1000000000001 ms
47,471.25000000000006 ms
47,480.90000000000003 ms
47,505.9500000000001 ms
47,509.90000000000003 ms
47,514.8 ms
47,534.4000000000001 ms
47,540.5 ms
47,551.3500000000001 ms
47,591.45 ms
47,600.7 ms
47,637.45 ms
47,644.1000000000001 ms
47,674.2 ms
47,689.1500000000003 ms
47,693.8500000000001 ms
47,717.0000000000002 ms
47,718.0000000000002 ms
47,739.5500000000002 ms
47,742.1500000000001 ms
47,746.9000000000001 ms
47,750.5500000000002 ms
47,756.5500000000002 ms
47,765.6000000000001 ms
47,774.3500000000001 ms
47,824.6000000000001 ms
47,829.6500000000001 ms
47,872.4000000000001 ms
47,879.2 ms
47,886.1500000000001 ms
47,889.95 ms
47,907.1500000000001 ms
47,909.1000000000001 ms
47,914.0000000000002 ms
47,925.1500000000001 ms
47,928.75 ms
47,942.3500000000001 ms
47,946.7 ms
47,959.2500000000002 ms
47,961.2 ms
47,973.6500000000003 ms
47,979.5500000000002 ms
47,986.8000000000002 ms
47,992.2500000000002 ms
47,1004.0000000000002 ms
47,1020.2500000000002 ms
47,1040.8500000000001 ms
47,1055.6000000000001 ms
47,1082.2500000000002 ms
47,1097.9000000000003 ms
47,1111.7500000000002 ms
47,1133.7500000000002 ms
47,1134.9500000000005 ms
47,1136.4000000000003 ms
47,1145.2500000000002 ms
47,1148.7000000000005 ms
47,1149.5000000000002 ms
47,1151.1000000000001 ms
47,1164.6000000000001 ms
47,1168.1499999999999 ms
47,1168.9999999999998 ms
47,1192.7 ms
47,1207.2499999999998 ms
47,1219.3499999999997 ms
47,1220.1499999999999 ms
47,1255.8999999999999 ms
47,1299.7499999999998 ms
47,1303.45 ms
47,1309.3500000000001 ms
47,1310.45 ms
47,1331.6499999999999 ms
47,1338.4499999999996 ms
47,1354.0999999999997 ms
47,1370.1999999999996 ms
47,1381.5999999999997 ms
47,1382.3 ms
47,1383.3 ms
47,1402.2500000000002 ms
47,1418.2 ms
47,1423.3 ms
47,1430.2500000000002 ms
47,1466.4000000000003 ms
47,1473.45 ms
47,1473.9999999999998 ms
47,1480.3999999999999 ms
47,1505.2 ms
47,1506.2 ms
47,1517.45 ms
47,1598.05 ms
47,1615.55 ms
47,1637.0999999999997 ms
47,1637.1999999999996 ms
47,1661.3499999999997 ms
47,1669.6000000000001 ms
47,1707.7500000000002 ms
47,1709.7 ms
47,1725.4000000000003 ms
47,1726.6499999999999 ms
47,1753.7499999999998 ms
47,1758.0000000000002 ms
47,1770.9000000000003 ms
47,1771.3999999999999 ms
47,1782.6000000000001 ms
47,1788.0500000000004 ms
47,1793.3500000000001 ms
47,1795.45 ms
47,1819.6000000000001 ms
47,1822.6000000000001 ms
47,1828.45 ms
47,1851.8 ms
47,1876.0000000000002 ms
47,1886.9999999999998 ms
47,1895.3999999999999 ms
47,1897.1000000000001 ms
47,1913.45 ms
47,1916.9000000000003 ms
47,1918.0500000000004 ms
47,1923.2000000000005 ms
47,1925.4000000000003 ms
47,1951.9000000000003 ms
47,1972.45 ms
47,1972.7500000000002 ms
47,1973.5000000000002 ms
47,1987.8500000000001 ms
47,1989.7500000000002 ms
47,1990.9500000000005 ms
47,2034.1000000000006 ms
47,2048.2000000000007 ms
47,2055.5 ms
47,2061.9000000000005 ms
47,2068.7000000000007 ms
47,2081.1000000000004 ms
47,2098.1500000000015 ms
47,2098.300000000001 ms
47,2108.750000000001 ms
47,2160.3500000000013 ms
47,2162.3 ms
47,2165.000000000001 ms
47,2186.4000000000005 ms
47,2250.8 ms
47,2266.55 ms
47,2272.250000000001 ms
47,2280.3500000000004 ms
47,2285.8500000000004 ms
47,2291.0 ms
47,2295.2000000000007 ms
47,2302.1499999999996 ms
47,2307.3 ms
47,2314.3500000000004 ms
47,2337.75 ms
47,2345.0 ms
47,2363.9000000000005 ms
47,2373.500000000001 ms
47,2390.8 ms
47,2392.05 ms
47,2396.05 ms
47,2408.8500000000013 ms
47,2415.4000000000005 ms
47,2419.500000000001 ms
47,2433.9500000000007 ms
47,2438.7000000000007 ms
47,2440.8500000000004 ms
47,2446.4500000000007 ms
47,2450.1500000000005 ms
47,2454.8500000000004 ms
47,2456.5 ms
47,2458.2000000000007 ms
47,2472.9500000000007 ms
47,2507.8500000000004 ms
47,2512.9000000000005 ms
47,2516.8500000000004 ms
47,2523.2000000000007 ms
47,2557.25 ms
47,2564.1000000000004 ms
47,2565.3500000000004 ms
47,2573.1000000000004 ms
47,2596.55 ms
47,2621.6500000000005 ms
47,2633.3499999999995 ms
47,2638.5999999999995 ms
47,2639.25 ms
47,2646.3 ms
47,2651.3500000000004 ms
47,2658.5 ms
47,2662.9500000000007 ms
47,2686.5 ms
47,2687.3500000000004 ms
47,2689.4500000000007 ms
47,2695.3 ms
47,2703.3 ms
47,2710.1000000000004 ms
47,2768.9500000000007 ms
47,2782.4500000000007 ms
47,2800.0 ms
47,2801.7000000000007 ms
47,2813.1000000000004 ms
47,2832.5 ms
47,2839.2000000000007 ms
47,2851.8500000000004 ms
47,2868.0 ms
47,2890.4500000000007 ms
47,2920.5 ms
47,2922.4000000000005 ms
47,2923.4000000000005 ms
47,2926.05 ms
47,2963.6500000000005 ms
47,2973.1000000000004 ms
47,2993.5 ms
47,3001.6000000000004 ms
47,3001.8500000000004 ms
47,3006.1500000000005 ms
47,3024.6500000000005 ms
47,3038.750000000001 ms
47,3054.45 ms
47,3064.1500000000005 ms
47,3064.7 ms
47,3086.45 ms
47,3089.750000000001 ms
47,3092.8 ms
47,3101.000000000001 ms
47,3101.250000000001 ms
47,3104.3 ms
47,3183.4500000000007 ms
47,3188.250000000001 ms
47,3188.500000000001 ms
47,3204.6000000000013 ms
47,3206.8 ms
47,3233.1500000000005 ms
47,3240.1000000000004 ms
47,3269.75 ms
47,3279.4000000000005 ms
47,3280.250000000001 ms
47,3285.6000000000004 ms
47,3285.9500000000007 ms
47,3292.8 ms
47,3310.5 ms
47,3315.0 ms
47,3323.8999999999996 ms
47,3338.8500000000004 ms
47,3351.2999999999993 ms
47,3352.7999999999993 ms
47,3357.3999999999996 ms
47,3394.5 ms
47,3397.1499999999996 ms
47,3398.5999999999995 ms
47,3419.1499999999996 ms
47,3423.75 ms
47,3443.7999999999993 ms
47,3447.0 ms
47,3457.0 ms
47,3463.199999999999 ms
47,3478.0499999999993 ms
47,3502.199999999999 ms
47,3504.2999999999993 ms
47,3504.8499999999995 ms
47,3507.7 ms
47,3568.7999999999993 ms
47,3571.8499999999995 ms
47,3572.249999999999 ms
47,3575.3499999999995 ms
47,3578.2 ms
47,3579.5499999999993 ms
47,3597.1499999999996 ms
47,3621.449999999999 ms
47,3635.2999999999993 ms
47,3636.8999999999996 ms
47,3662.499999999999 ms
47,3668.499999999999 ms
47,3672.0499999999993 ms
47,3696.3499999999995 ms
47,3701.499999999999 ms
47,3711.999999999999 ms
47,3714.5999999999995 ms
47,3740.5999999999995 ms
47,3752.0999999999995 ms
47,3753.3999999999996 ms
47,3760.45 ms
47,3767.3 ms
47,3775.2 ms
47,3785.75 ms
47,3786.6000000000004 ms
47,3791.25 ms
47,3798.6499999999996 ms
47,3857.05 ms
47,3857.7 ms
47,3886.3500000000004 ms
47,3893.2000000000007 ms
47,3895.8500000000004 ms
47,3911.25 ms
47,3917.7000000000007 ms
47,3923.1000000000004 ms
47,3928.7000000000007 ms
47,3949.5 ms
47,3954.050000000001 ms
47,3954.4000000000005 ms
47,3954.9500000000007 ms
47,3976.8500000000004 ms
47,3981.500000000001 ms
47,3986.4000000000005 ms
48,0.55 ms
48,26.950000000000003 ms
48,32.050000000000004 ms
48,54.15000000000001 ms
48,58.800000000000004 ms
48,77.65 ms
48,99.9 ms
48,119.20000000000002 ms
48,120.35 ms
48,131.5 ms
48,137.60000000000002 ms
48,142.7 ms
48,144.25 ms
48,152.7 ms
48,153.34999999999997 ms
48,155.75 ms
48,188.0 ms
48,201.8 ms
48,203.65000000000003 ms
48,229.60000000000002 ms
48,242.8 ms
48,250.5 ms
48,261.70000000000005 ms
48,314.70000000000005 ms
48,328.20000000000005 ms
48,341.70000000000005 ms
48,350.29999999999995 ms
48,351.85 ms
48,398.80000000000007 ms
48,407.30000000000007 ms
48,438.5 ms
48,448.95000000000005 ms
48,454.3499999999999 ms
48,457.45000000000005 ms
48,465.65 ms
48,492.79999999999995 ms
48,493.0 ms
48,528.0999999999999 ms
48,529.6499999999999 ms
48,538.55 ms
48,545.2499999999998 ms
48,565.55 ms
48,566.0999999999997 ms
48,567.1999999999998 ms
48,572.4999999999998 ms
48,588.6999999999998 ms
48,600.3999999999999 ms
48,601.3999999999999 ms
48,603.4499999999998 ms
48,606.9999999999998 ms
48,617.3999999999999 ms
48,619.3999999999999 ms
48,639.9499999999996 ms
48,686.4499999999996 ms
48,689.9499999999996 ms
48,700.1499999999999 ms
48,732.4499999999996 ms
48,735.6999999999996 ms
48,755.1499999999999 ms
48,758.4499999999996 ms
48,771.1499999999999 ms
48,804.1999999999996 ms
48,819.6499999999999 ms
48,861.3499999999997 ms
48,866.3999999999999 ms
48,872.9999999999998 ms
48,890.2499999999998 ms
48,892.4499999999998 ms
48,892.7999999999997 ms
48,896.5 ms
48,915.8999999999999 ms
48,927.2499999999998 ms
48,937.45 ms
48,938.6499999999999 ms
48,947.8500000000001 ms
48,952.3500000000001 ms
48,954.3500000000001 ms
48,960.95 ms
48,965.45 ms
48,977.1000000000001 ms
48,980.25 ms
48,983.3499999999999 ms
48,1001.3499999999999 ms
48,1009.0500000000002 ms
48,1034.8000000000002 ms
48,1043.0 ms
48,1056.0500000000002 ms
48,1090.5500000000002 ms
48,1115.6000000000004 ms
48,1132.0 ms
48,1140.9000000000005 ms
48,1155.0 ms
48,1165.3000000000002 ms
48,1179.9500000000003 ms
48,1187.65 ms
48,1199.2500000000005 ms
48,1200.8000000000002 ms
48,1205.6000000000004 ms
48,1207.0500000000002 ms
48,1220.25 ms
48,1231.4000000000005 ms
48,1262.1500000000005 ms
48,1274.4500000000003 ms
48,1274.7000000000003 ms
48,1286.3500000000004 ms
48,1288.2000000000003 ms
48,1300.9 ms
48,1309.65 ms
48,1309.8500000000004 ms
48,1321.1500000000005 ms
48,1337.8500000000004 ms
48,1341.5000000000005 ms
48,1343.1500000000005 ms
48,1348.1500000000005 ms
48,1355.7000000000007 ms
48,1362.8500000000004 ms
48,1363.5500000000006 ms
48,1387.9000000000005 ms
48,1391.7500000000005 ms
48,1397.5000000000005 ms
48,1404.7500000000005 ms
48,1409.6500000000005 ms
48,1410.8000000000006 ms
48,1416.5500000000006 ms
48,1419.2000000000007 ms
48,1426.8500000000008 ms
48,1446.3500000000008 ms
48,1455.9500000000007 ms
48,1459.6000000000008 ms
48,1460.0500000000006 ms
48,1491.5500000000006 ms
48,1491.9500000000012 ms
48,1499.1000000000008 ms
48,1523.6000000000008 ms
48,1536.300000000001 ms
48,1553.2000000000012 ms
48,1563.8500000000013 ms
48,1577.1000000000013 ms
48,1596.5000000000014 ms
48,1621.7000000000012 ms
48,1636.2500000000014 ms
48,1636.6000000000013 ms
48,1643.3500000000013 ms
48,1656.050000000001 ms
48,1717.8500000000013 ms
48,1743.7500000000014 ms
48,1747.6000000000013 ms
48,1752.9500000000012 ms
48,1757.2500000000014 ms
48,1792.550000000001 ms
48,1803.4500000000012 ms
48,1810.9500000000012 ms
48,1811.1000000000013 ms
48,1821.2000000000012 ms
48,1822.7000000000012 ms
48,1844.3500000000013 ms
48,1845.300000000001 ms
48,1851.550000000001 ms
48,1857.5000000000014 ms
48,1859.2000000000012 ms
48,1861.0000000000014 ms
48,1877.4500000000012 ms
48,1880.7500000000014 ms
48,1925.3000000000015 ms
48,1932.400000000001 ms
48,1935.900000000001 ms
48,1938.0500000000015 ms
48,1974.7500000000014 ms
48,1982.1500000000015 ms
48,1984.1000000000013 ms
48,1998.7500000000018 ms
48,2027.7000000000016 ms
48,2035.5500000000015 ms
48,2041.9500000000016 ms
48,2048.6000000000017 ms
48,2049.650000000002 ms
48,2061.1000000000017 ms
48,2074.950000000001 ms
48,2079.1000000000017 ms
48,2107.450000000001 ms
48,2108.450000000002 ms
48,2126.900000000002 ms
48,2160.5000000000014 ms
48,2161.5500000000015 ms
48,2162.1000000000017 ms
48,2187.0000000000023 ms
48,2195.0000000000014 ms
48,2196.200000000001 ms
48,2204.0500000000015 ms
48,2210.1000000000017 ms
48,2212.900000000002 ms
48,2218.6000000000017 ms
48,2219.3500000000017 ms
48,2289.900000000002 ms
48,2301.650000000002 ms
48,2319.2500000000014 ms
48,2325.5500000000015 ms
48,2329.3000000000025 ms
48,2333.8000000000015 ms
48,2337.450000000002 ms
48,2344.3000000000015 ms
48,2351.2500000000014 ms
48,2381.950000000001 ms
48,2382.8000000000015 ms
48,2388.450000000002 ms
48,2404.900000000002 ms
48,2419.8000000000015 ms
48,2435.8500000000017 ms
48,2476.200000000001 ms
48,2514.5000000000014 ms
48,2517.700000000001 ms
48,2519.200000000002 ms
48,2530.3500000000017 ms
48,2547.0500000000015 ms
48,2559.700000000002 ms
48,2604.1000000000017 ms
48,2639.200000000001 ms
48,2641.5500000000015 ms
48,2643.3000000000015 ms
48,2662.400000000001 ms
48,2667.900000000002 ms
48,2671.5000000000014 ms
48,2673.5500000000015 ms
48,2677.0000000000014 ms
48,2678.400000000002 ms
48,2685.8500000000017 ms
48,2693.450000000001 ms
48,2702.650000000001 ms
48,2706.900000000001 ms
48,2733.850000000001 ms
48,2746.0000000000014 ms
48,2756.2500000000005 ms
48,2760.3000000000006 ms
48,2761.400000000001 ms
48,2772.350000000001 ms
48,2776.0000000000014 ms
48,2778.0500000000015 ms
48,2783.2500000000014 ms
48,2789.0000000000005 ms
48,2809.650000000001 ms
48,2819.8000000000015 ms
48,2832.150000000001 ms
48,2835.2500000000005 ms
48,2841.9500000000003 ms
48,2868.5500000000006 ms
48,2915.0000000000005 ms
48,2922.35 ms
48,2925.0000000000005 ms
48,2947.900000000001 ms
48,2961.2500000000005 ms
48,2961.650000000001 ms
48,2963.8000000000006 ms
48,2966.100000000001 ms
48,2971.2000000000003 ms
48,2981.15 ms
48,2981.650000000001 ms
48,3027.4 ms
48,3031.4500000000003 ms
48,3059.65 ms
48,3067.150000000001 ms
48,3070.0500000000006 ms
48,3076.5500000000006 ms
48,3078.850000000001 ms
48,3090.2500000000014 ms
48,3111.2500000000005 ms
48,3124.900000000001 ms
48,3126.0000000000005 ms
48,3143.0000000000014 ms
48,3147.650000000001 ms
48,3169.150000000001 ms
48,3202.950000000001 ms
48,3313.5500000000006 ms
48,3332.2500000000005 ms
48,3345.9500000000003 ms
48,3349.3000000000006 ms
48,3363.850000000001 ms
48,3365.4500000000003 ms
48,3370.5500000000006 ms
48,3375.350000000001 ms
48,3401.600000000001 ms
48,3404.5500000000006 ms
48,3423.9 ms
48,3434.5500000000006 ms
48,3445.7500000000005 ms
48,3484.0000000000005 ms
48,3511.900000000001 ms
48,3535.450000000001 ms
48,3536.5500000000006 ms
48,3539.65 ms
48,3549.0500000000006 ms
48,3550.5500000000006 ms
48,3555.2500000000005 ms
48,3572.0000000000005 ms
48,3593.2000000000003 ms
48,3595.350000000001 ms
48,3600.0000000000005 ms
48,3613.3000000000006 ms
48,3613.5500000000006 ms
48,3615.100000000001 ms
48,3658.0500000000006 ms
48,3661.9 ms
48,3675.3000000000006 ms
48,3676.0500000000006 ms
48,3717.5000000000005 ms
48,3774.650000000001 ms
48,3802.5000000000005 ms
48,3806.0000000000005 ms
48,3816.900000000001 ms
48,3825.700000000001 ms
48,3857.7500000000014 ms
48,3870.100000000001 ms
48,3886.3000000000006 ms
48,3914.100000000001 ms
48,3929.3000000000006 ms
48,3937.9 ms
48,3940.1 ms
48,3942.2999999999997 ms
48,3944.2000000000003 ms
48,3994.9500000000003 ms
48,3996.100000000001 ms
49,0.8500000000000001 ms
49,9.15 ms
49,13.800000000000002 ms
49,37.75 ms
49,64.55 ms
49,77.09999999999998 ms
49,89.3 ms
49,105.39999999999999 ms
49,117.40000000000002 ms
49,122.39999999999999 ms
49,136.20000000000005 ms
49,144.05 ms
49,168.45 ms
49,213.3 ms
49,247.65000000000003 ms
49,268.7 ms
49,276.6499999999999 ms
49,277.5499999999999 ms
49,278.74999999999994 ms
49,311.3999999999999 ms
49,321.0499999999999 ms
49,331.74999999999983 ms
49,341.5499999999999 ms
49,354.6499999999999 ms
49,383.45 ms
49,399.4499999999999 ms
49,400.24999999999994 ms
49,409.3999999999999 ms
49,411.49999999999994 ms
49,433.3999999999999 ms
49,446.09999999999985 ms
49,466.5499999999999 ms
49,474.34999999999997 ms
49,479.49999999999994 ms
49,483.6499999999999 ms
49,507.1999999999999 ms
49,530.5999999999999 ms
49,531.6999999999998 ms
49,538.3499999999999 ms
49,554.5999999999999 ms
49,554.6999999999998 ms
49,572.1500000000001 ms
49,573.8499999999999 ms
49,585.25 ms
49,587.05 ms
49,587.45 ms
49,601.6499999999999 ms
49,640.0 ms
49,662.8499999999999 ms
49,688.5999999999999 ms
49,689.9000000000001 ms
49,696.4499999999998 ms
49,703.4499999999998 ms
49,703.5999999999999 ms
49,770.05 ms
49,786.8999999999999 ms
49,791.6000000000001 ms
49,794.5 ms
49,826.1500000000001 ms
49,834.25 ms
49,855.05 ms
49,855.5 ms
49,895.8499999999999 ms
49,896.75 ms
49,925.8499999999999 ms
49,929.0 ms
49,956.45 ms
49,969.1500000000001 ms
49,990.75 ms
49,1010.6500000000001 ms
49,1012.7 ms
49,1017.6500000000001 ms
49,1029.25 ms
49,1031.5 ms
49,1032.5 ms
49,1038.1 ms
49,1039.25 ms
49,1039.9 ms
49,1040.15 ms
49,1055.85 ms
49,1056.4500000000003 ms
49,1059.4 ms
49,1099.1 ms
49,1102.4500000000003 ms
49,1129.4500000000003 ms
49,1135.0 ms
49,1145.9 ms
49,1148.9500000000003 ms
49,1169.25 ms
49,1188.6999999999998 ms
49,1193.9499999999998 ms
49,1204.1999999999998 ms
49,1205.0500000000002 ms
49,1216.75 ms
49,1251.75 ms
49,1278.0 ms
49,1279.1999999999998 ms
49,1308.3500000000004 ms
49,1309.75 ms
49,1325.6500000000005 ms
49,1335.7000000000003 ms
49,1353.5500000000002 ms
49,1356.3500000000004 ms
49,1389.4499999999998 ms
49,1390.1999999999998 ms
49,1406.5500000000002 ms
49,1423.1 ms
49,1445.4 ms
49,1476.6999999999998 ms
49,1477.85 ms
49,1478.4 ms
49,1497.9999999999995 ms
49,1510.2999999999997 ms
49,1510.85 ms
49,1519.3999999999996 ms
49,1524.7499999999995 ms
49,1530.0999999999995 ms
49,1557.4999999999995 ms
49,1558.4499999999994 ms
49,1563.2499999999995 ms
49,1626.3999999999996 ms
49,1658.8999999999996 ms
49,1688.9499999999998 ms
49,1699.0499999999993 ms
49,1705.5999999999995 ms
49,1708.6999999999994 ms
49,1727.6499999999992 ms
49,1742.7499999999995 ms
49,1757.7999999999993 ms
49,1777.5499999999993 ms
49,1779.5999999999995 ms
49,1794.0999999999995 ms
49,1835.8499999999995 ms
49,1841.999999999999 ms
49,1845.1499999999996 ms
49,1880.8999999999996 ms
49,1883.6499999999996 ms
49,1903.8999999999996 ms
49,1907.6999999999994 ms
49,1929.7999999999993 ms
49,1942.8499999999995 ms
49,1943.8999999999992 ms
49,1997.099999999999 ms
49,2001.2999999999993 ms
49,2008.249999999999 ms
49,2008.3499999999995 ms
49,2020.249999999999 ms
49,2035.749999999999 ms
49,2042.3499999999995 ms
49,2044.7999999999993 ms
49,2048.649999999999 ms
49,2049.0499999999997 ms
49,2060.4499999999994 ms
49,2098.6999999999994 ms
49,2128.2499999999995 ms
49,2135.4 ms
49,2150.7499999999995 ms
49,2155.4499999999994 ms
49,2172.7499999999995 ms
49,2182.9499999999994 ms
49,2190.9999999999995 ms
49,2194.9499999999994 ms
49,2211.1999999999994 ms
49,2226.1 ms
49,2231.2499999999995 ms
49,2248.1999999999994 ms
49,2263.149999999999 ms
49,2275.4499999999994 ms
49,2283.549999999999 ms
49,2287.6999999999994 ms
49,2296.399999999999 ms
49,2309.149999999999 ms
49,2310.149999999999 ms
49,2310.6999999999994 ms
49,2313.1999999999994 ms
49,2320.899999999999 ms
49,2348.1999999999994 ms
49,2367.2499999999995 ms
49,2379.349999999999 ms
49,2391.4999999999995 ms
49,2399.15 ms
49,2428.7999999999997 ms
49,2433.7499999999995 ms
49,2445.65 ms
49,2448.9999999999995 ms
49,2483.5499999999997 ms
49,2486.7000000000003 ms
49,2505.1999999999994 ms
49,2507.35 ms
49,2511.15 ms
49,2513.2499999999995 ms
49,2514.2500000000005 ms
49,2522.4 ms
49,2534.9500000000003 ms
49,2568.65 ms
49,2571.85 ms
49,2572.9499999999994 ms
49,2598.1 ms
49,2610.85 ms
49,2615.0000000000005 ms
49,2623.4 ms
49,2652.2000000000003 ms
49,2690.15 ms
49,2720.4999999999995 ms
49,2727.85 ms
49,2780.2999999999997 ms
49,2792.2999999999997 ms
49,2801.4500000000003 ms
49,2833.65 ms
49,2857.7000000000003 ms
49,2867.6999999999994 ms
49,2868.7000000000003 ms
49,2903.9 ms
49,2930.7000000000003 ms
49,2931.6 ms
49,2954.7500000000005 ms
49,2968.9 ms
49,2994.2000000000003 ms
49,3031.4 ms
49,3032.6 ms
49,3039.7999999999997 ms
49,3044.35 ms
49,3056.6 ms
49,3071.5499999999997 ms
49,3084.2000000000003 ms
49,3109.7999999999997 ms
49,3128.6 ms
49,3155.1 ms
49,3167.15 ms
49,3167.7000000000003 ms
49,3168.2000000000003 ms
49,3177.9500000000003 ms
49,3185.100000000001 ms
49,3204.2500000000005 ms
49,3210.650000000001 ms
49,3221.700000000001 ms
49,3241.400000000001 ms
49,3252.8000000000006 ms
49,3266.850000000001 ms
49,3274.7500000000014 ms
49,3293.600000000001 ms
49,3297.2000000000003 ms
49,3318.5500000000006 ms
49,3324.4 ms
49,3325.6 ms
49,3337.600000000001 ms
49,3341.2500000000005 ms
49,3346.400000000001 ms
49,3352.850000000001 ms
49,3355.9500000000003 ms
49,3362.0000000000005 ms
49,3363.7000000000003 ms
49,3365.7500000000005 ms
49,3370.150000000001 ms
49,3378.700000000001 ms
49,3394.2500000000014 ms
49,3412.150000000001 ms
49,3415.7500000000005 ms
49,3416.400000000001 ms
49,3420.3000000000015 ms
49,3428.7500000000014 ms
49,3432.200000000001 ms
49,3435.400000000001 ms
49,3437.700000000001 ms
49,3441.850000000001 ms
49,3444.150000000001 ms
49,3446.2500000000005 ms
49,3452.5000000000014 ms
49,3456.950000000001 ms
49,3477.650000000001 ms
49,3478.5500000000006 ms
49,3503.5000000000005 ms
49,3524.7000000000003 ms
49,3539.4500000000003 ms
49,3548.4500000000003 ms
49,3555.350000000001 ms
49,3573.85 ms
49,3574.65 ms
49,3610.7000000000003 ms
49,3611.4 ms
49,3615.9500000000003 ms
49,3616.5000000000005 ms
49,3646.350000000001 ms
49,3663.7500000000014 ms
49,3690.450000000001 ms
49,3705.9500000000003 ms
49,3713.600000000001 ms
49,3717.650000000001 ms
49,3734.5500000000015 ms
49,3737.400000000001 ms
49,3764.5500000000015 ms
49,3780.950000000001 ms
49,3794.200000000001 ms
49,3801.3500000000017 ms
49,3804.0500000000015 ms
49,3834.5000000000014 ms
49,3873.100000000001 ms
49,3875.0500000000006 ms
49,3893.2500000000005 ms
49,3901.1 ms
49,3902.850000000001 ms
49,3903.2500000000005 ms
49,3903.400000000001 ms
49,3920.2500000000005 ms
49,3929.35 ms
49,3937.2000000000003 ms
49,3955.4500000000003 ms
49,3958.0499999999997 ms
49,3962.65 ms
49,3970.1 ms
49,3971.2500000000005 ms
49,3978.35 ms
49,3987.2500000000005 ms
49,3996.9999999999995 ms
50,0.8 ms
50,17.35 ms
50,29.800000000000004 ms
50,39.050000000000004 ms
50,51.40000000000001 ms
50,60.75000000000001 ms
50,61.00000000000001 ms
50,62.9 ms
50,65.15 ms
50,71.35 ms
50,93.55000000000001 ms
50,132.20000000000002 ms
50,137.00000000000003 ms
50,137.20000000000002 ms
50,160.35000000000005 ms
50,178.85 ms
50,189.70000000000002 ms
50,194.4 ms
50,211.85 ms
50,217.75000000000003 ms
50,227.99999999999997 ms
50,228.50000000000003 ms
50,274.45000000000005 ms
50,285.04999999999995 ms
50,293.6500000000001 ms
50,298.29999999999995 ms
50,304.04999999999995 ms
50,306.20000000000005 ms
50,332.5999999999999 ms
50,337.70000000000005 ms
50,349.54999999999995 ms
50,361.20000000000005 ms
50,377.0 ms
50,380.45000000000005 ms
50,409.54999999999995 ms
50,418.20000000000005 ms
50,423.65 ms
50,449.85 ms
50,502.69999999999993 ms
50,509.69999999999993 ms
50,520.35 ms
50,520.7000000000002 ms
50,554.8000000000001 ms
50,567.0000000000001 ms
50,592.5500000000001 ms
50,607.4499999999999 ms
50,619.9 ms
50,633.6999999999999 ms
50,639.7000000000002 ms
50,649.6500000000002 ms
50,665.2500000000001 ms
50,675.9500000000002 ms
50,680.8000000000003 ms
50,693.9500000000002 ms
50,740.1 ms
50,748.3000000000001 ms
50,778.35 ms
50,781.4500000000002 ms
50,795.0500000000003 ms
50,801.7000000000002 ms
50,815.9500000000002 ms
50,821.4500000000002 ms
50,838.2500000000001 ms
50,863.2000000000002 ms
50,865.8000000000003 ms
50,867.2500000000003 ms
50,885.7000000000004 ms
50,895.4000000000004 ms
50,903.9000000000002 ms
50,909.9500000000002 ms
50,926.3500000000003 ms
50,934.2500000000001 ms
50,956.3000000000001 ms
50,971.1 ms
50,973.8000000000001 ms
50,1005.9000000000002 ms
50,1026.0500000000002 ms
50,1058.4 ms
50,1064.85 ms
50,1064.9500000000003 ms
50,1073.85 ms
50,1094.5500000000002 ms
50,1095.5 ms
50,1105.0 ms
50,1111.7000000000003 ms
50,1127.5500000000002 ms
50,1134.15 ms
50,1154.8000000000002 ms
50,1178.8000000000002 ms
50,1214.2000000000003 ms
50,1219.2000000000003 ms
50,1231.4 ms
50,1243.5500000000006 ms
50,1253.7500000000005 ms
50,1277.8500000000004 ms
50,1279.4500000000003 ms
50,1280.9500000000003 ms
50,1295.8000000000002 ms
50,1300.5 ms
50,1308.25 ms
50,1327.7000000000003 ms
50,1332.4 ms
50,1351.2500000000005 ms
50,1391.9500000000003 ms
50,1396.5500000000002 ms
50,1403.9500000000003 ms
50,1413.9500000000003 ms
50,1418.5500000000002 ms
50,1449.15 ms
50,1461.85 ms
50,1463.3000000000002 ms
50,1468.3000000000002 ms
50,1477.9500000000003 ms
50,1483.5500000000002 ms
50,1502.25 ms
50,1526.0500000000002 ms
50,1542.15 ms
50,1569.7000000000003 ms
50,1575.0499999999997 ms
50,1605.7999999999997 ms
50,1629.5499999999997 ms
50,1639.5 ms
50,1697.15 ms
50,1701.25 ms
50,1717.8000000000002 ms
50,1733.6999999999998 ms
50,1736.65 ms
50,1756.3000000000002 ms
50,1765.4500000000003 ms
50,1783.3000000000002 ms
50,1785.8000000000002 ms
50,1788.6000000000004 ms
50,1827.3500000000004 ms
50,1835.9499999999998 ms
50,1848.0 ms
50,1852.75 ms
50,1860.35 ms
50,1875.6 ms
50,1878.25 ms
50,1905.3000000000002 ms
50,1920.85 ms
50,1950.4499999999998 ms
50,1951.1999999999998 ms
50,1952.5 ms
50,1977.8999999999996 ms
50,1980.6499999999996 ms
50,1994.75 ms
50,2006.7999999999997 ms
50,2009.9499999999998 ms
50,2059.3999999999996 ms
50,2064.6499999999996 ms
50,2087.25 ms
50,2088.6499999999996 ms
50,2106.75 ms
50,2111.0 ms
50,2117.3999999999996 ms
50,2125.95 ms
50,2131.5999999999995 ms
50,2138.45 ms
50,2142.45 ms
50,2147.1499999999996 ms
50,2165.2 ms
50,2177.2 ms
50,2204.3 ms
50,2206.499999999999 ms
50,2221.2 ms
50,2223.45 ms
50,2239.999999999999 ms
50,2243.499999999999 ms
50,2256.6499999999996 ms
50,2273.1499999999996 ms
50,2282.5 ms
50,2337.8499999999995 ms
50,2349.6499999999996 ms
50,2353.3999999999996 ms
50,2366.8499999999995 ms
50,2370.2999999999993 ms
50,2371.3999999999996 ms
50,2408.0499999999993 ms
50,2432.0999999999995 ms
50,2446.749999999999 ms
50,2448.45 ms
50,2461.0999999999995 ms
50,2502.1499999999996 ms
50,2535.5999999999995 ms
50,2546.1499999999996 ms
50,2565.3999999999996 ms
50,2568.3499999999995 ms
50,2571.7999999999993 ms
50,2575.5999999999995 ms
50,2578.6499999999996 ms
50,2580.8499999999995 ms
50,2610.499999999999 ms
50,2624.1499999999996 ms
50,2645.6499999999996 ms
50,2652.5999999999995 ms
50,2654.7 ms
50,2658.5999999999995 ms
50,2663.3999999999996 ms
50,2672.1499999999996 ms
50,2686.45 ms
50,2690.3 ms
50,2701.8 ms
50,2710.749999999999 ms
50,2715.8499999999995 ms
50,2721.95 ms
50,2734.7 ms
50,2738.749999999999 ms
50,2745.3999999999996 ms
50,2755.1499999999996 ms
50,2761.5499999999993 ms
50,2769.2 ms
50,2772.3 ms
50,2794.3499999999995 ms
50,2803.95 ms
50,2819.0 ms
50,2828.3999999999996 ms
50,2833.4500000000007 ms
50,2851.0 ms
50,2871.6000000000004 ms
50,2872.6500000000005 ms
50,2881.6000000000004 ms
50,2887.5 ms
50,2895.4000000000005 ms
50,2900.500000000001 ms
50,2971.500000000001 ms
50,2985.3500000000004 ms
50,2995.55 ms
50,3001.5 ms
50,3002.25 ms
50,3025.05 ms
50,3028.55 ms
50,3053.25 ms
50,3056.3500000000004 ms
50,3058.7999999999993 ms
50,3064.1499999999996 ms
50,3066.3999999999996 ms
50,3080.3499999999995 ms
50,3082.6499999999996 ms
50,3102.8999999999996 ms
50,3107.2999999999993 ms
50,3107.5499999999993 ms
50,3113.1000000000004 ms
50,3140.95 ms
50,3159.8 ms
50,3179.499999999999 ms
50,3188.0999999999995 ms
50,3199.45 ms
50,3204.0499999999993 ms
50,3261.0499999999993 ms
50,3265.1499999999996 ms
50,3269.5999999999985 ms
50,3286.449999999999 ms
50,3318.199999999999 ms
50,3336.0499999999993 ms
50,3340.5999999999985 ms
50,3380.7999999999993 ms
50,3391.499999999998 ms
50,3397.3499999999985 ms
50,3398.5499999999984 ms
50,3401.0499999999984 ms
50,3421.8499999999985 ms
50,3427.2999999999984 ms
50,3438.1499999999987 ms
50,3445.0499999999984 ms
50,3448.0999999999985 ms
50,3464.3999999999987 ms
50,3464.699999999999 ms
50,3469.449999999999 ms
50,3472.6499999999987 ms
50,3498.449999999999 ms
50,3503.3499999999985 ms
50,3526.8499999999985 ms
50,3552.499999999999 ms
50,3553.3499999999995 ms
50,3555.7999999999984 ms
50,3557.8499999999995 ms
50,3580.8999999999987 ms
50,3583.2999999999993 ms
50,3589.5499999999993 ms
50,3604.2999999999993 ms
50,3606.2999999999993 ms
50,3614.0999999999995 ms
50,3614.749999999999 ms
50,3622.0999999999995 ms
50,3643.999999999999 ms
50,3663.499999999999 ms
50,3667.6499999999996 ms
50,3683.3999999999996 ms
50,3710.0 ms
50,3711.0 ms
50,3718.1499999999996 ms
50,3720.5999999999995 ms
50,3726.3499999999995 ms
50,3731.8499999999995 ms
50,3761.0999999999995 ms
50,3768.249999999999 ms
50,3781.8 ms
50,3783.05 ms
50,3794.999999999999 ms
50,3796.45 ms
50,3836.6499999999987 ms
50,3847.2 ms
50,3882.1499999999987 ms
50,3890.5499999999993 ms
50,3906.949999999999 ms
50,3909.199999999999 ms
50,3910.199999999999 ms
50,3929.6499999999996 ms
50,3940.8499999999985 ms
50,3942.449999999999 ms
50,3942.699999999999 ms
50,3972.449999999999 ms
50,3977.5499999999993 ms
50,3980.699999999999 ms
50,3988.7999999999993 ms
50,3993.1499999999987 ms
50,3995.449999999999 ms
51,7.0 ms
51,14.2 ms
51,50.05 ms
51,50.75 ms
51,57.95 ms
51,71.65000000000002 ms
51,76.89999999999999 ms
51,82.40000000000002 ms
51,91.75000000000001 ms
51,107.10000000000001 ms
51,110.05 ms
51,119.39999999999999 ms
51,127.89999999999999 ms
51,134.64999999999998 ms
51,140.14999999999998 ms
51,150.84999999999997 ms
51,151.2 ms
51,157.45 ms
51,170.74999999999994 ms
51,171.45 ms
51,180.95 ms
51,187.09999999999997 ms
51,203.59999999999997 ms
51,209.49999999999994 ms
51,214.49999999999994 ms
51,215.8 ms
51,222.95 ms
51,223.84999999999997 ms
51,241.84999999999997 ms
51,270.95 ms
51,289.3 ms
51,305.24999999999994 ms
51,306.50000000000006 ms
51,307.3 ms
51,392.7 ms
51,402.90000000000003 ms
51,428.59999999999997 ms
51,445.8500000000001 ms
51,463.8 ms
51,475.6000000000001 ms
51,482.55 ms
51,489.40000000000003 ms
51,496.09999999999997 ms
51,498.95 ms
51,510.40000000000003 ms
51,512.55 ms
51,532.6000000000001 ms
51,562.0 ms
51,563.1500000000001 ms
51,569.1500000000001 ms
51,581.1500000000001 ms
51,584.5 ms
51,600.4000000000001 ms
51,608.1999999999998 ms
51,617.4499999999998 ms
51,622.6999999999998 ms
51,642.0 ms
51,667.6999999999998 ms
51,678.4000000000001 ms
51,704.6500000000001 ms
51,716.6999999999998 ms
51,722.6999999999998 ms
51,736.05 ms
51,748.1499999999999 ms
51,772.75 ms
51,777.0 ms
51,789.55 ms
51,798.05 ms
51,800.1499999999999 ms
51,812.55 ms
51,821.45 ms
51,840.7 ms
51,841.3499999999999 ms
51,875.55 ms
51,890.95 ms
51,903.9999999999998 ms
51,919.2499999999998 ms
51,944.95 ms
51,950.7 ms
51,958.9999999999998 ms
51,960.2 ms
51,970.2499999999998 ms
51,985.1499999999999 ms
51,1004.8 ms
51,1011.3499999999997 ms
51,1020.9499999999998 ms
51,1036.5499999999997 ms
51,1044.0499999999997 ms
51,1047.8999999999996 ms
51,1064.6999999999998 ms
51,1100.6999999999998 ms
51,1132.3999999999996 ms
51,1137.4499999999998 ms
51,1157.7999999999993 ms
51,1161.6499999999996 ms
51,1162.0999999999995 ms
51,1176.6999999999994 ms
51,1178.0499999999993 ms
51,1182.0999999999995 ms
51,1182.2999999999993 ms
51,1188.499999999999 ms
51,1245.8999999999996 ms
51,1252.8999999999996 ms
51,1255.999999999999 ms
51,1260.6499999999996 ms
51,1268.6999999999994 ms
51,1270.3499999999995 ms
51,1283.6999999999994 ms
51,1285.1499999999992 ms
51,1303.2999999999997 ms
51,1317.4499999999994 ms
51,1321.2999999999997 ms
51,1322.7999999999997 ms
51,1346.6999999999994 ms
51,1350.5499999999997 ms
51,1355.0499999999997 ms
51,1420.1499999999992 ms
51,1421.6999999999994 ms
51,1422.2999999999993 ms
51,1438.5999999999995 ms
51,1441.449999999999 ms
51,1447.6499999999992 ms
51,1463.1499999999992 ms
51,1467.0499999999993 ms
51,1472.2999999999993 ms
51,1473.499999999999 ms
51,1482.5499999999993 ms
51,1485.749999999999 ms
51,1492.8999999999996 ms
51,1500.1499999999996 ms
51,1500.5999999999995 ms
51,1501.5999999999995 ms
51,1503.2999999999993 ms
51,1505.8999999999996 ms
51,1520.249999999999 ms
51,1542.6999999999994 ms
51,1544.0499999999993 ms
51,1546.5999999999995 ms
51,1549.999999999999 ms
51,1554.999999999999 ms
51,1559.0499999999993 ms
51,1574.1999999999994 ms
51,1586.2999999999993 ms
51,1623.1499999999992 ms
51,1624.349999999999 ms
51,1663.5499999999993 ms
51,1674.8499999999995 ms
51,1676.5499999999993 ms
51,1698.499999999999 ms
51,1705.6999999999994 ms
51,1720.7999999999993 ms
51,1730.1499999999992 ms
51,1731.3999999999992 ms
51,1762.599999999999 ms
51,1786.099999999999 ms
51,1795.8999999999992 ms
51,1800.6999999999994 ms
51,1804.7999999999988 ms
51,1809.249999999999 ms
51,1810.5499999999993 ms
51,1822.8999999999987 ms
51,1824.749999999999 ms
51,1840.0499999999988 ms
51,1841.699999999999 ms
51,1842.6499999999987 ms
51,1843.8999999999987 ms
51,1844.749999999999 ms
51,1845.449999999999 ms
51,1845.8999999999987 ms
51,1852.999999999999 ms
51,1853.1499999999987 ms
51,1895.0499999999993 ms
51,1917.099999999999 ms
51,1924.699999999999 ms
51,1935.349999999999 ms
51,1960.349999999999 ms
51,1966.5499999999988 ms
51,1969.6499999999992 ms
51,2001.5499999999988 ms
51,2008.849999999999 ms
51,2013.449999999999 ms
51,2032.449999999999 ms
51,2062.249999999999 ms
51,2105.7999999999993 ms
51,2135.6499999999996 ms
51,2135.8499999999985 ms
51,2137.0499999999993 ms
51,2137.949999999999 ms
51,2142.6499999999987 ms
51,2150.0499999999984 ms
51,2160.7999999999984 ms
51,2188.499999999999 ms
51,2203.499999999999 ms
51,2204.449999999998 ms
51,2211.949999999998 ms
51,2215.3999999999987 ms
51,2236.3999999999987 ms
51,2240.3499999999976 ms
51,2241.3999999999987 ms
51,2270.0999999999976 ms
51,2285.249999999998 ms
51,2306.949999999998 ms
51,2307.5499999999984 ms
51,2320.2999999999984 ms
51,2323.699999999998 ms
51,2329.949999999998 ms
51,2355.8499999999976 ms
51,2369.949999999998 ms
51,2385.499999999998 ms
51,2397.5499999999984 ms
51,2400.8499999999985 ms
51,2409.949999999999 ms
51,2424.0499999999984 ms
51,2436.749999999998 ms
51,2485.999999999998 ms
51,2487.8499999999985 ms
51,2527.499999999998 ms
51,2529.7999999999984 ms
51,2532.249999999998 ms
51,2532.949999999998 ms
51,2541.199999999998 ms
51,2557.5999999999976 ms
51,2563.999999999998 ms
51,2568.649999999998 ms
51,2593.399999999998 ms
51,2595.999999999998 ms
51,2599.0499999999984 ms
51,2601.3499999999985 ms
51,2667.449999999999 ms
51,2678.5999999999985 ms
51,2682.3999999999987 ms
51,2697.2999999999984 ms
51,2715.499999999999 ms
51,2724.5999999999985 ms
51,2737.6499999999987 ms
51,2753.3999999999987 ms
51,2763.0499999999984 ms
51,2782.249999999999 ms
51,2782.949999999998 ms
51,2801.7999999999984 ms
51,2824.0999999999985 ms
51,2824.949999999999 ms
51,2825.699999999999 ms
51,2833.399999999998 ms
51,2846.649999999998 ms
51,2850.5499999999984 ms
51,2861.5999999999985 ms
51,2868.8999999999987 ms
51,2912.0499999999984 ms
51,2913.199999999999 ms
51,2931.699999999999 ms
51,2938.199999999999 ms
51,2974.3999999999987 ms
51,2986.8499999999985 ms
51,3003.0499999999984 ms
51,3014.749999999998 ms
51,3041.249999999998 ms
51,3044.899999999998 ms
51,3057.399999999998 ms
51,3059.199999999999 ms
51,3067.0999999999985 ms
51,3109.499999999998 ms
51,3118.0999999999985 ms
51,3127.449999999999 ms
51,3130.449999999999 ms
51,3133.5499999999984 ms
51,3180.5499999999984 ms
51,3187.249999999998 ms
51,3192.649999999998 ms
51,3211.899999999998 ms
51,3258.7999999999984 ms
51,3261.3999999999987 ms
51,3274.249999999998 ms
51,3274.999999999998 ms
51,3291.149999999998 ms
51,3304.5999999999985 ms
51,3316.949999999998 ms
51,3336.5999999999976 ms
51,3350.7999999999984 ms
51,3376.2999999999984 ms
51,3382.9999999999973 ms
51,3389.8499999999976 ms
51,3403.0999999999976 ms
51,3403.899999999998 ms
51,3410.499999999998 ms
51,3411.7999999999975 ms
51,3413.249999999998 ms
51,3424.949999999997 ms
51,3452.199999999997 ms
51,3466.5499999999975 ms
51,3467.949999999997 ms
51,3494.0999999999976 ms
51,3501.5999999999976 ms
51,3503.399999999998 ms
51,3504.2999999999975 ms
51,3516.5499999999975 ms
51,3518.449999999998 ms
51,3527.699999999998 ms
51,3546.699999999998 ms
51,3553.0999999999976 ms
51,3567.0499999999984 ms
51,3606.699999999998 ms
51,3608.3499999999976 ms
51,3621.249999999998 ms
51,3632.999999999998 ms
51,3634.749999999998 ms
51,3658.499999999998 ms
51,3659.5499999999984 ms
51,3660.7999999999984 ms
51,3669.6499999999987 ms
51,3682.8499999999976 ms
51,3700.199999999998 ms
51,3716.249999999998 ms
51,3724.5499999999984 ms
51,3744.7999999999984 ms
51,3748.5499999999984 ms
51,3757.1499999999987 ms
51,3761.7999999999984 ms
51,3782.449999999998 ms
51,3788.749999999999 ms
51,3809.7999999999984 ms
51,3814.5999999999995 ms
51,3825.949999999999 ms
51,3835.749999999999 ms
51,3845.949999999999 ms
51,3846.8999999999987 ms
51,3863.999999999999 ms
51,3904.3499999999985 ms
51,3910.3499999999985 ms
51,3926.249999999998 ms
51,3927.7999999999993 ms
51,3950.8499999999985 ms
51,3962.449999999999 ms
51,3963.0499999999993 ms
51,3968.5999999999985 ms
51,3983.449999999999 ms
51,3994.3499999999985 ms
52,1.55 ms
52,12.500000000000002 ms
52,13.1 ms
52,14.549999999999999 ms
52,19.400000000000006 ms
52,19.549999999999997 ms
52,58.55 ms
52,70.89999999999999 ms
52,72.15000000000002 ms
52,95.39999999999999 ms
52,118.40000000000002 ms
52,123.2 ms
52,123.85000000000001 ms
52,124.45 ms
52,124.65000000000002 ms
52,130.45 ms
52,136.90000000000003 ms
52,152.95 ms
52,159.55 ms
52,166.55 ms
52,181.90000000000003 ms
52,182.7 ms
52,194.60000000000002 ms
52,195.8 ms
52,198.7 ms
52,221.85000000000002 ms
52,230.10000000000002 ms
52,238.20000000000005 ms
52,239.85000000000002 ms
52,250.70000000000005 ms
52,271.79999999999995 ms
52,276.95000000000005 ms
52,277.20000000000005 ms
52,290.45000000000005 ms
52,301.54999999999995 ms
52,303.0 ms
52,313.25 ms
52,345.15 ms
52,389.65 ms
52,400.0 ms
52,402.35 ms
52,403.20000000000005 ms
52,412.25 ms
52,414.4000000000001 ms
52,441.04999999999995 ms
52,448.5 ms
52,450.54999999999995 ms
52,464.1500000000001 ms
52,473.6500000000001 ms
52,477.20000000000005 ms
52,492.45000000000005 ms
52,502.20000000000005 ms
52,508.45000000000005 ms
52,513.9000000000001 ms
52,522.25 ms
52,533.6500000000001 ms
52,557.2 ms
52,566.7 ms
52,571.0 ms
52,576.3499999999999 ms
52,587.6500000000001 ms
52,590.5 ms
52,597.5999999999999 ms
52,610.3000000000002 ms
52,614.45 ms
52,616.8 ms
52,617.7500000000002 ms
52,632.2 ms
52,640.9000000000003 ms
52,675.45 ms
52,680.3500000000001 ms
52,680.6500000000001 ms
52,700.3500000000001 ms
52,700.6000000000001 ms
52,703.0500000000002 ms
52,721.5500000000002 ms
52,761.0000000000002 ms
52,785.4500000000003 ms
52,804.0000000000002 ms
52,813.7000000000003 ms
52,828.5500000000002 ms
52,834.7500000000005 ms
52,840.1000000000004 ms
52,843.8000000000004 ms
52,861.8000000000004 ms
52,876.1500000000003 ms
52,888.7000000000005 ms
52,902.5500000000004 ms
52,906.4500000000005 ms
52,942.0500000000004 ms
52,957.4500000000005 ms
52,979.2500000000002 ms
52,994.3000000000004 ms
52,998.8500000000001 ms
52,1019.2000000000003 ms
52,1030.7500000000005 ms
52,1037.5500000000002 ms
52,1041.4 ms
52,1050.0500000000002 ms
52,1055.6000000000004 ms
52,1067.6000000000004 ms
52,1067.9499999999998 ms
52,1111.5500000000002 ms
52,1111.8999999999996 ms
52,1112.1999999999998 ms
52,1137.6499999999996 ms
52,1137.75 ms
52,1140.4499999999998 ms
52,1141.9499999999998 ms
52,1148.2999999999997 ms
52,1156.0499999999997 ms
52,1160.6 ms
52,1161.3999999999996 ms
52,1179.5499999999997 ms
52,1184.7499999999995 ms
52,1189.6 ms
52,1203.7999999999997 ms
52,1211.4499999999998 ms
52,1226.2999999999997 ms
52,1231.4999999999995 ms
52,1236.35 ms
52,1263.6999999999994 ms
52,1275.1 ms
52,1288.2499999999995 ms
52,1303.65 ms
52,1304.2999999999997 ms
52,1306.2000000000003 ms
52,1309.75 ms
52,1310.65 ms
52,1310.85 ms
52,1318.8000000000002 ms
52,1319.7000000000003 ms
52,1328.7000000000003 ms
52,1344.6000000000004 ms
52,1355.7000000000003 ms
52,1377.1000000000004 ms
52,1384.0500000000002 ms
52,1395.7500000000005 ms
52,1405.9000000000005 ms
52,1407.8500000000004 ms
52,1408.2000000000007 ms
52,1431.3000000000002 ms
52,1439.9000000000005 ms
52,1452.8500000000004 ms
52,1462.3500000000004 ms
52,1494.4000000000005 ms
52,1498.5 ms
52,1503.4500000000003 ms
52,1525.4 ms
52,1528.4500000000003 ms
52,1541.15 ms
52,1552.5000000000005 ms
52,1565.85 ms
52,1581.7500000000005 ms
52,1592.7500000000005 ms
52,1593.9500000000003 ms
52,1604.6000000000004 ms
52,1624.1500000000005 ms
52,1654.5 ms
52,1688.5500000000002 ms
52,1701.6000000000004 ms
52,1707.5 ms
52,1721.3000000000002 ms
52,1749.0 ms
52,1770.25 ms
52,1772.25 ms
52,1790.6500000000005 ms
52,1796.8000000000002 ms
52,1805.1500000000005 ms
52,1807.9000000000005 ms
52,1809.4500000000003 ms
52,1830.5000000000005 ms
52,1843.4 ms
52,1879.1000000000004 ms
52,1884.4000000000005 ms
52,1905.8500000000004 ms
52,1925.2500000000005 ms
52,1938.3500000000004 ms
52,1943.9500000000003 ms
52,1951.2500000000005 ms
52,1956.1 ms
52,1956.7500000000005 ms
52,1956.9500000000003 ms
52,1966.9 ms
52,1972.4500000000003 ms
52,1987.65 ms
52,1992.9 ms
52,1993.4500000000003 ms
52,1994.15 ms
52,2004.9 ms
52,2008.6000000000004 ms
52,2015.2000000000003 ms
52,2060.7500000000005 ms
52,2065.150000000001 ms
52,2069.5000000000005 ms
52,2084.9500000000003 ms
52,2135.2999999999997 ms
52,2141.0500000000006 ms
52,2145.9 ms
52,2153.35 ms
52,2156.2500000000005 ms
52,2268.1 ms
52,2278.7999999999997 ms
52,2293.399999999999 ms
52,2293.65 ms
52,2306.4500000000003 ms
52,2308.1999999999994 ms
52,2314.4999999999995 ms
52,2348.7500000000005 ms
52,2365.65 ms
52,2374.15 ms
52,2384.35 ms
52,2395.4 ms
52,2398.5500000000006 ms
52,2428.2000000000003 ms
52,2429.2500000000005 ms
52,2429.4500000000003 ms
52,2431.4 ms
52,2433.4 ms
52,2442.0500000000006 ms
52,2445.600000000001 ms
52,2467.6 ms
52,2517.15 ms
52,2534.900000000001 ms
52,2560.8000000000006 ms
52,2564.3000000000006 ms
52,2593.65 ms
52,2615.2000000000003 ms
52,2651.700000000001 ms
52,2664.2000000000003 ms
52,2693.200000000001 ms
52,2708.600000000001 ms
52,2709.4500000000003 ms
52,2731.9 ms
52,2732.85 ms
52,2743.2500000000005 ms
52,2744.2500000000005 ms
52,2785.35 ms
52,2790.2999999999997 ms
52,2800.2499999999995 ms
52,2819.6 ms
52,2825.5000000000005 ms
52,2866.0500000000006 ms
52,2866.4500000000003 ms
52,2869.850000000001 ms
52,2884.4500000000003 ms
52,2889.2500000000005 ms
52,2945.0500000000006 ms
52,2945.9 ms
52,2946.6 ms
52,2963.600000000001 ms
52,2975.35 ms
52,2983.7500000000005 ms
52,2989.2500000000005 ms
52,2991.6 ms
52,3029.15 ms
52,3034.3000000000006 ms
52,3045.9 ms
52,3049.3000000000006 ms
52,3062.5000000000005 ms
52,3064.650000000001 ms
52,3069.8000000000006 ms
52,3073.2500000000005 ms
52,3080.900000000001 ms
52,3103.350000000001 ms
52,3105.7500000000005 ms
52,3110.0500000000006 ms
52,3126.0000000000005 ms
52,3133.7000000000003 ms
52,3150.2999999999997 ms
52,3159.1 ms
52,3166.100000000001 ms
52,3198.6 ms
52,3223.2999999999997 ms
52,3223.5500000000006 ms
52,3239.15 ms
52,3254.3000000000006 ms
52,3256.4 ms
52,3263.65 ms
52,3278.15 ms
52,3286.0500000000006 ms
52,3311.5499999999997 ms
52,3316.4500000000003 ms
52,3318.100000000001 ms
52,3321.5500000000006 ms
52,3323.600000000001 ms
52,3328.3000000000006 ms
52,3341.2000000000003 ms
52,3381.600000000001 ms
52,3410.400000000001 ms
52,3427.0000000000005 ms
52,3429.9500000000003 ms
52,3435.5000000000005 ms
52,3454.2500000000005 ms
52,3457.5500000000006 ms
52,3461.700000000001 ms
52,3506.600000000001 ms
52,3510.400000000001 ms
52,3512.5500000000015 ms
52,3545.7500000000014 ms
52,3560.150000000001 ms
52,3563.0500000000015 ms
52,3564.400000000001 ms
52,3565.850000000001 ms
52,3568.2500000000014 ms
52,3584.200000000001 ms
52,3593.100000000001 ms
52,3611.0000000000014 ms
52,3616.150000000001 ms
52,3626.7500000000005 ms
52,3632.2500000000014 ms
52,3643.850000000001 ms
52,3655.7500000000014 ms
52,3656.650000000001 ms
52,3660.950000000001 ms
52,3664.200000000001 ms
52,3706.200000000001 ms
52,3779.8500000000017 ms
52,3782.950000000001 ms
52,3797.5000000000014 ms
52,3821.950000000001 ms
52,3838.1000000000017 ms
52,3851.3000000000015 ms
52,3888.8500000000017 ms
52,3889.600000000001 ms
52,3892.8500000000017 ms
52,3927.8000000000015 ms
52,3935.3500000000017 ms
52,3954.200000000001 ms
52,3960.200000000001 ms
52,3988.7500000000014 ms
53,6.95 ms
53,10.150000000000002 ms
53,42.2 ms
53,58.8 ms
53,73.25000000000001 ms
53,82.55 ms
53,97.34999999999998 ms
53,98.24999999999999 ms
53,105.45 ms
53,115.8 ms
53,132.45 ms
53,142.60000000000002 ms
53,150.8 ms
53,151.65000000000003 ms
53,152.84999999999997 ms
53,158.95 ms
53,193.8 ms
53,201.59999999999997 ms
53,205.95 ms
53,226.55 ms
53,241.55 ms
53,243.59999999999997 ms
53,262.25 ms
53,264.6 ms
53,274.85 ms
53,277.35 ms
53,294.85 ms
53,316.80000000000007 ms
53,323.0 ms
53,328.65 ms
53,347.44999999999993 ms
53,363.55000000000007 ms
53,403.0 ms
53,414.0 ms
53,419.65 ms
53,420.35 ms
53,423.85 ms
53,430.85 ms
53,439.65 ms
53,447.6 ms
53,461.85 ms
53,474.9 ms
53,486.35 ms
53,496.4999999999999 ms
53,503.65 ms
53,508.54999999999984 ms
53,509.5999999999999 ms
53,512.6499999999999 ms
53,513.9499999999998 ms
53,520.3999999999999 ms
53,535.5999999999999 ms
53,552.5999999999999 ms
53,553.5 ms
53,554.0 ms
53,562.1999999999998 ms
53,584.6500000000001 ms
53,598.3499999999999 ms
53,599.5500000000002 ms
53,603.25 ms
53,604.8500000000001 ms
53,612.8000000000002 ms
53,618.8500000000001 ms
53,644.3000000000002 ms
53,680.7500000000002 ms
53,703.9500000000003 ms
53,713.3000000000002 ms
53,722.2000000000003 ms
53,742.8500000000004 ms
53,750.3500000000004 ms
53,766.8000000000002 ms
53,767.1000000000004 ms
53,768.1000000000004 ms
53,772.6000000000004 ms
53,787.4500000000003 ms
53,794.7500000000002 ms
53,803.9500000000003 ms
53,818.3000000000002 ms
53,820.6500000000003 ms
53,826.1000000000004 ms
53,834.6000000000004 ms
53,847.3000000000004 ms
53,856.0500000000004 ms
53,856.3500000000004 ms
53,865.8500000000004 ms
53,866.7000000000003 ms
53,869.1500000000005 ms
53,885.1500000000005 ms
53,910.5000000000005 ms
53,915.6500000000005 ms
53,921.2500000000005 ms
53,930.4500000000005 ms
53,966.6500000000005 ms
53,978.8000000000006 ms
53,981.7000000000005 ms
53,983.0000000000005 ms
53,1016.8000000000004 ms
53,1020.7500000000005 ms
53,1035.3000000000006 ms
53,1056.3000000000006 ms
53,1059.2500000000005 ms
53,1067.8000000000006 ms
53,1067.9500000000003 ms
53,1068.2000000000003 ms
53,1124.3000000000006 ms
53,1142.5000000000005 ms
53,1236.0000000000005 ms
53,1245.8000000000006 ms
53,1264.5000000000005 ms
53,1266.5500000000006 ms
53,1267.5000000000005 ms
53,1274.8000000000006 ms
53,1279.8500000000004 ms
53,1299.0500000000002 ms
53,1323.3000000000002 ms
53,1339.0000000000005 ms
53,1357.0000000000005 ms
53,1362.6500000000005 ms
53,1362.7500000000005 ms
53,1369.6500000000005 ms
53,1395.0000000000005 ms
53,1409.6500000000005 ms
53,1421.0500000000006 ms
53,1435.8000000000006 ms
53,1469.6000000000008 ms
53,1495.2500000000005 ms
53,1495.900000000001 ms
53,1503.9500000000007 ms
53,1506.750000000001 ms
53,1508.1500000000005 ms
53,1519.500000000001 ms
53,1530.0500000000006 ms
53,1536.7500000000005 ms
53,1546.2000000000007 ms
53,1553.8500000000008 ms
53,1559.0500000000006 ms
53,1559.6000000000008 ms
53,1571.9500000000007 ms
53,1575.9000000000005 ms
53,1591.550000000001 ms
53,1598.1500000000005 ms
53,1626.000000000001 ms
53,1627.9000000000005 ms
53,1644.550000000001 ms
53,1648.1000000000008 ms
53,1670.3000000000006 ms
53,1672.000000000001 ms
53,1680.4500000000007 ms
53,1683.500000000001 ms
53,1721.3500000000008 ms
53,1727.900000000001 ms
53,1735.9500000000007 ms
53,1738.750000000001 ms
53,1742.5500000000006 ms
53,1761.0000000000005 ms
53,1767.3000000000006 ms
53,1774.0500000000006 ms
53,1778.1000000000008 ms
53,1801.5500000000006 ms
53,1819.8500000000008 ms
53,1826.3000000000006 ms
53,1849.7500000000005 ms
53,1853.4500000000007 ms
53,1853.9000000000005 ms
53,1863.550000000001 ms
53,1865.9000000000005 ms
53,1895.7000000000007 ms
53,1898.4000000000005 ms
53,1898.6000000000008 ms
53,1917.8000000000006 ms
53,1925.8000000000006 ms
53,1929.8000000000006 ms
53,1949.3000000000006 ms
53,1970.150000000001 ms
53,1971.7000000000007 ms
53,1971.8500000000008 ms
53,1986.3500000000008 ms
53,2002.0500000000006 ms
53,2036.250000000001 ms
53,2043.1000000000008 ms
53,2044.900000000001 ms
53,2065.0500000000006 ms
53,2072.0000000000005 ms
53,2073.900000000001 ms
53,2075.0500000000006 ms
53,2084.15 ms
53,2089.7000000000003 ms
53,2104.200000000001 ms
53,2120.650000000001 ms
53,2131.100000000001 ms
53,2138.8000000000006 ms
53,2140.9500000000003 ms
53,2152.0000000000005 ms
53,2159.2000000000003 ms
53,2170.2999999999997 ms
53,2185.0500000000006 ms
53,2200.4500000000003 ms
53,2204.5499999999997 ms
53,2208.9999999999995 ms
53,2222.85 ms
53,2227.2999999999997 ms
53,2231.7999999999997 ms
53,2237.85 ms
53,2245.5499999999997 ms
53,2254.2000000000003 ms
53,2257.65 ms
53,2258.0499999999997 ms
53,2282.4500000000003 ms
53,2286.0499999999997 ms
53,2292.4500000000003 ms
53,2295.1999999999994 ms
53,2302.1 ms
53,2309.6999999999994 ms
53,2325.4999999999995 ms
53,2327.15 ms
53,2342.3000000000006 ms
53,2342.7999999999997 ms
53,2345.8000000000006 ms
53,2349.5499999999997 ms
53,2357.35 ms
53,2377.7500000000005 ms
53,2404.1 ms
53,2425.9 ms
53,2428.650000000001 ms
53,2485.7500000000005 ms
53,2490.400000000001 ms
53,2493.200000000001 ms
53,2517.600000000001 ms
53,2537.600000000001 ms
53,2569.0500000000006 ms
53,2596.7500000000005 ms
53,2625.9500000000003 ms
53,2633.9500000000003 ms
53,2659.4500000000003 ms
53,2663.100000000001 ms
53,2670.85 ms
53,2676.9500000000003 ms
53,2693.7999999999997 ms
53,2700.9 ms
53,2768.9999999999995 ms
53,2781.2999999999997 ms
53,2805.7499999999995 ms
53,2808.35 ms
53,2809.2999999999997 ms
53,2837.9999999999995 ms
53,2860.4499999999994 ms
53,2868.399999999999 ms
53,2883.849999999999 ms
53,2899.9499999999985 ms
53,2911.599999999999 ms
53,2913.4499999999985 ms
53,2960.049999999999 ms
53,2973.349999999999 ms
53,3006.2499999999995 ms
53,3007.649999999999 ms
53,3049.9999999999986 ms
53,3055.9999999999995 ms
53,3065.099999999999 ms
53,3084.1999999999985 ms
53,3092.799999999999 ms
53,3107.349999999999 ms
53,3115.4499999999985 ms
53,3128.2499999999986 ms
53,3186.4999999999995 ms
53,3207.7999999999997 ms
53,3236.9999999999995 ms
53,3247.0499999999997 ms
53,3265.549999999999 ms
53,3274.9499999999994 ms
53,3299.6 ms
53,3312.4499999999994 ms
53,3322.1999999999994 ms
53,3332.399999999999 ms
53,3349.4499999999994 ms
53,3349.7499999999995 ms
53,3376.9999999999995 ms
53,3381.849999999999 ms
53,3382.85 ms
53,3386.2499999999995 ms
53,3387.849999999999 ms
53,3390.399999999999 ms
53,3406.1999999999994 ms
53,3407.2499999999995 ms
53,3412.4499999999994 ms
53,3418.399999999999 ms
53,3425.15 ms
53,3432.9500000000003 ms
53,3485.6999999999994 ms
53,3487.9500000000003 ms
53,3498.65 ms
53,3502.2999999999997 ms
53,3504.5499999999997 ms
53,3508.6 ms
53,3555.9499999999994 ms
53,3561.1 ms
53,3561.7999999999997 ms
53,3563.9999999999995 ms
53,3607.849999999999 ms
53,3609.4499999999994 ms
53,3616.9999999999995 ms
53,3632.9499999999994 ms
53,3658.9499999999994 ms
53,3665.9499999999994 ms
53,3668.7499999999995 ms
53,3687.2499999999995 ms
53,3703.0499999999997 ms
53,3717.149999999999 ms
53,3777.2999999999997 ms
53,3801.149999999999 ms
53,3804.099999999999 ms
53,3810.299999999999 ms
53,3841.1999999999994 ms
53,3859.4999999999995 ms
53,3867.9499999999994 ms
53,3872.649999999999 ms
53,3877.0499999999997 ms
53,3881.649999999999 ms
53,3890.149999999999 ms
53,3899.1999999999994 ms
53,3902.149999999999 ms
53,3905.6999999999994 ms
53,3913.6999999999994 ms
53,3915.399999999999 ms
53,3922.6999999999994 ms
53,3927.35 ms
53,3941.7499999999995 ms
53,3960.5499999999997 ms
53,3986.2499999999995 ms
53,3993.15 ms
54,3.2 ms
54,5.400000000000001 ms
54,29.999999999999996 ms
54,33.95 ms
54,58.900000000000006 ms
54,67.4 ms
54,68.6 ms
54,90.85 ms
54,94.30000000000001 ms
54,107.9 ms
54,115.95000000000002 ms
54,117.0 ms
54,146.3 ms
54,147.40000000000003 ms
54,172.40000000000003 ms
54,172.8 ms
54,182.3 ms
54,185.7 ms
54,186.25000000000006 ms
54,191.35000000000002 ms
54,206.05 ms
54,208.05 ms
54,228.60000000000002 ms
54,228.85000000000002 ms
54,273.85 ms
54,282.80000000000007 ms
54,292.30000000000007 ms
54,309.65 ms
54,320.20000000000005 ms
54,320.30000000000007 ms
54,336.2500000000001 ms
54,339.1 ms
54,353.0000000000001 ms
54,363.95000000000005 ms
54,365.5 ms
54,366.0 ms
54,366.6500000000001 ms
54,388.70000000000005 ms
54,391.55000000000007 ms
54,397.80000000000007 ms
54,405.6 ms
54,442.1 ms
54,448.2500000000001 ms
54,465.6 ms
54,474.2500000000001 ms
54,499.85 ms
54,505.4000000000001 ms
54,506.1500000000001 ms
54,507.60000000000014 ms
54,511.10000000000014 ms
54,512.9000000000001 ms
54,516.45 ms
54,517.55 ms
54,521.2 ms
54,534.7 ms
54,541.7 ms
54,543.1500000000001 ms
54,543.7 ms
54,581.6000000000001 ms
54,585.5 ms
54,597.5 ms
54,663.4000000000001 ms
54,664.4000000000001 ms
54,665.9000000000001 ms
54,670.25 ms
54,672.0999999999999 ms
54,689.0999999999999 ms
54,739.7 ms
54,754.6000000000001 ms
54,775.8500000000001 ms
54,782.8999999999999 ms
54,784.55 ms
54,792.0999999999999 ms
54,801.05 ms
54,803.3 ms
54,808.45 ms
54,813.0999999999999 ms
54,832.6499999999999 ms
54,853.4999999999998 ms
54,857.4999999999998 ms
54,879.0999999999999 ms
54,920.25 ms
54,957.1999999999998 ms
54,963.6999999999998 ms
54,980.0 ms
54,986.1499999999999 ms
54,995.1999999999998 ms
54,1003.0499999999997 ms
54,1009.5499999999997 ms
54,1021.5999999999999 ms
54,1036.2999999999997 ms
54,1053.9999999999995 ms
54,1060.6999999999998 ms
54,1104.0 ms
54,1123.5 ms
54,1145.4499999999998 ms
54,1203.1999999999998 ms
54,1215.4499999999998 ms
54,1248.4499999999998 ms
54,1268.2999999999997 ms
54,1280.9499999999998 ms
54,1296.6999999999998 ms
54,1297.6999999999998 ms
54,1299.75 ms
54,1323.75 ms
54,1325.0 ms
54,1339.0 ms
54,1373.8999999999996 ms
54,1375.8999999999996 ms
54,1381.1499999999996 ms
54,1382.0 ms
54,1399.3499999999995 ms
54,1415.75 ms
54,1430.4499999999998 ms
54,1466.0 ms
54,1476.0499999999997 ms
54,1489.6 ms
54,1515.2999999999997 ms
54,1518.4999999999995 ms
54,1520.9999999999995 ms
54,1537.5499999999997 ms
54,1545.9499999999998 ms
54,1547.4499999999998 ms
54,1550.5 ms
54,1558.0 ms
54,1571.1999999999998 ms
54,1576.35 ms
54,1578.5499999999997 ms
54,1585.15 ms
54,1592.4999999999995 ms
54,1611.5499999999997 ms
54,1620.6 ms
54,1637.7499999999995 ms
54,1644.15 ms
54,1647.4499999999998 ms
54,1673.1999999999998 ms
54,1675.6999999999998 ms
54,1684.9499999999998 ms
54,1725.6 ms
54,1740.1 ms
54,1740.6 ms
54,1741.9499999999998 ms
54,1742.2999999999997 ms
54,1757.85 ms
54,1768.1499999999996 ms
54,1773.9499999999998 ms
54,1780.4499999999998 ms
54,1811.8999999999996 ms
54,1814.1499999999996 ms
54,1819.2999999999997 ms
54,1822.6 ms
54,1852.6499999999996 ms
54,1880.1999999999998 ms
54,1885.7499999999995 ms
54,1889.6999999999994 ms
54,1893.85 ms
54,1899.1499999999996 ms
54,1907.2999999999997 ms
54,1912.7499999999995 ms
54,1913.85 ms
54,1917.6499999999996 ms
54,1919.9499999999998 ms
54,1931.7499999999995 ms
54,1936.5499999999997 ms
54,1947.9499999999994 ms
54,1960.3999999999996 ms
54,1984.2499999999995 ms
54,1993.1499999999996 ms
54,1993.5499999999997 ms
54,2086.5499999999997 ms
54,2086.899999999999 ms
54,2094.9499999999994 ms
54,2106.649999999999 ms
54,2113.349999999999 ms
54,2118.6999999999994 ms
54,2140.4999999999995 ms
54,2148.7499999999995 ms
54,2157.4 ms
54,2160.35 ms
54,2160.6999999999994 ms
54,2165.4999999999995 ms
54,2171.7499999999995 ms
54,2176.0499999999997 ms
54,2178.2000000000003 ms
54,2187.4 ms
54,2198.4500000000003 ms
54,2199.7999999999997 ms
54,2207.149999999999 ms
54,2211.849999999999 ms
54,2216.9499999999994 ms
54,2217.9499999999994 ms
54,2221.049999999999 ms
54,2223.5499999999997 ms
54,2230.399999999999 ms
54,2232.9999999999986 ms
54,2233.9999999999995 ms
54,2238.599999999999 ms
54,2239.649999999999 ms
54,2253.399999999999 ms
54,2270.7999999999997 ms
54,2273.85 ms
54,2283.7999999999997 ms
54,2285.149999999999 ms
54,2289.2499999999986 ms
54,2297.2499999999995 ms
54,2300.0499999999997 ms
54,2311.9499999999994 ms
54,2336.6999999999994 ms
54,2342.149999999999 ms
54,2343.099999999999 ms
54,2346.849999999999 ms
54,2347.649999999999 ms
54,2364.149999999999 ms
54,2375.849999999999 ms
54,2378.899999999999 ms
54,2391.6999999999994 ms
54,2422.85 ms
54,2423.349999999999 ms
54,2429.1 ms
54,2433.849999999999 ms
54,2435.6 ms
54,2440.4 ms
54,2440.899999999999 ms
54,2520.0499999999997 ms
54,2544.2499999999995 ms
54,2563.099999999999 ms
54,2579.4999999999995 ms
54,2594.0499999999997 ms
54,2599.399999999999 ms
54,2607.5499999999997 ms
54,2612.7000000000003 ms
54,2629.9499999999994 ms
54,2636.399999999999 ms
54,2645.599999999999 ms
54,2648.049999999999 ms
54,2648.349999999999 ms
54,2660.6 ms
54,2698.7999999999997 ms
54,2706.649999999999 ms
54,2727.4999999999986 ms
54,2730.399999999999 ms
54,2737.6999999999994 ms
54,2741.9999999999995 ms
54,2747.7499999999995 ms
54,2748.2999999999997 ms
54,2761.35 ms
54,2762.9 ms
54,2768.1 ms
54,2770.85 ms
54,2797.5000000000005 ms
54,2799.0500000000006 ms
54,2814.2500000000005 ms
54,2822.15 ms
54,2833.8000000000006 ms
54,2850.9 ms
54,2855.2000000000003 ms
54,2883.850000000001 ms
54,2884.900000000001 ms
54,2893.2500000000005 ms
54,2908.2500000000005 ms
54,2928.5500000000006 ms
54,2929.100000000001 ms
54,2934.5500000000006 ms
54,2941.15 ms
54,2945.0500000000006 ms
54,2969.700000000001 ms
54,2984.650000000001 ms
54,3010.2500000000005 ms
54,3043.650000000001 ms
54,3046.450000000001 ms
54,3091.9500000000003 ms
54,3104.0500000000006 ms
54,3106.4 ms
54,3113.400000000001 ms
54,3128.600000000001 ms
54,3138.6 ms
54,3153.100000000001 ms
54,3158.400000000001 ms
54,3159.700000000001 ms
54,3175.4500000000003 ms
54,3176.0500000000006 ms
54,3197.700000000001 ms
54,3203.600000000001 ms
54,3207.0500000000006 ms
54,3217.65 ms
54,3239.5500000000006 ms
54,3243.850000000001 ms
54,3245.600000000001 ms
54,3259.5500000000006 ms
54,3264.2500000000005 ms
54,3271.3000000000006 ms
54,3290.15 ms
54,3305.9500000000003 ms
54,3331.3000000000006 ms
54,3331.5000000000005 ms
54,3332.900000000001 ms
54,3335.600000000001 ms
54,3356.400000000001 ms
54,3361.15 ms
54,3368.3000000000006 ms
54,3370.0500000000006 ms
54,3392.5000000000005 ms
54,3403.400000000001 ms
54,3410.15 ms
54,3411.85 ms
54,3414.2999999999997 ms
54,3416.4500000000003 ms
54,3426.7500000000005 ms
54,3445.0000000000005 ms
54,3469.4500000000003 ms
54,3469.7000000000003 ms
54,3476.0499999999997 ms
54,3501.0500000000006 ms
54,3505.2000000000003 ms
54,3505.2999999999997 ms
54,3533.15 ms
54,3564.15 ms
54,3583.8000000000006 ms
54,3608.65 ms
54,3630.4 ms
54,3637.4999999999995 ms
54,3638.5499999999997 ms
54,3646.9 ms
54,3658.4 ms
54,3682.5500000000006 ms
54,3717.2000000000003 ms
54,3720.0000000000005 ms
54,3732.2500000000005 ms
54,3781.5500000000006 ms
54,3786.0500000000006 ms
54,3789.9 ms
54,3806.400000000001 ms
54,3837.15 ms
54,3862.150000000001 ms
54,3864.350000000001 ms
54,3864.5000000000005 ms
54,3876.2000000000003 ms
54,3878.4500000000003 ms
54,3886.7500000000005 ms
54,3894.7000000000003 ms
54,3897.4 ms
54,3902.15 ms
54,3909.6 ms
54,3914.4499999999994 ms
54,3956.2999999999997 ms
54,3958.35 ms
54,3963.2999999999997 ms
54,3982.85 ms
54,3983.0000000000005 ms
55,12.600000000000001 ms
55,17.5 ms
55,26.85 ms
55,60.300000000000004 ms
55,63.75000000000001 ms
55,70.15 ms
55,75.45000000000002 ms
55,76.75 ms
55,99.15 ms
55,132.0 ms
55,159.60000000000002 ms
55,162.39999999999998 ms
55,192.3 ms
55,214.85000000000002 ms
55,237.40000000000003 ms
55,244.95000000000005 ms
55,259.30000000000007 ms
55,260.4000000000001 ms
55,269.9000000000001 ms
55,271.70000000000005 ms
55,347.8000000000002 ms
55,368.5500000000002 ms
55,381.9000000000001 ms
55,384.0000000000002 ms
55,399.2500000000002 ms
55,440.35000000000014 ms
55,444.60000000000014 ms
55,450.35000000000014 ms
55,474.35000000000014 ms
55,480.7000000000003 ms
55,515.7000000000003 ms
55,520.3500000000004 ms
55,524.0000000000002 ms
55,537.2500000000002 ms
55,541.8500000000001 ms
55,549.6500000000003 ms
55,554.95 ms
55,576.4000000000003 ms
55,602.0000000000002 ms
55,613.9000000000003 ms
55,662.2 ms
55,667.0000000000002 ms
55,676.9000000000001 ms
55,684.25 ms
55,684.6000000000001 ms
55,705.5500000000002 ms
55,735.5500000000002 ms
55,746.9000000000001 ms
55,770.3500000000004 ms
55,774.3000000000002 ms
55,775.2000000000003 ms
55,783.1500000000003 ms
55,783.4500000000003 ms
55,783.8500000000004 ms
55,787.3500000000004 ms
55,799.9000000000001 ms
55,804.9500000000003 ms
55,812.0 ms
55,829.2000000000003 ms
55,832.75 ms
55,838.9500000000003 ms
55,839.1000000000001 ms
55,846.2 ms
55,854.1500000000003 ms
55,865.6000000000001 ms
55,889.2500000000002 ms
55,922.6500000000003 ms
55,931.95 ms
55,933.5000000000002 ms
55,941.7 ms
55,977.4000000000003 ms
55,993.3500000000001 ms
55,999.8000000000004 ms
55,1004.9000000000003 ms
55,1005.6000000000004 ms
55,1034.4000000000003 ms
55,1045.0000000000002 ms
55,1047.1000000000001 ms
55,1054.45 ms
55,1068.3500000000001 ms
55,1103.7500000000002 ms
55,1109.8 ms
55,1122.1499999999999 ms
55,1126.95 ms
55,1131.2 ms
55,1132.3500000000001 ms
55,1133.8500000000001 ms
55,1177.3999999999999 ms
55,1180.55 ms
55,1182.95 ms
55,1187.7000000000005 ms
55,1220.95 ms
55,1226.1000000000001 ms
55,1227.0500000000004 ms
55,1256.5500000000004 ms
55,1285.0000000000007 ms
55,1321.1500000000008 ms
55,1321.8500000000006 ms
55,1337.6500000000003 ms
55,1346.4000000000008 ms
55,1352.4500000000005 ms
55,1371.3000000000004 ms
55,1371.8500000000001 ms
55,1375.8500000000006 ms
55,1378.7500000000007 ms
55,1389.3500000000006 ms
55,1389.7500000000007 ms
55,1405.6000000000006 ms
55,1413.1000000000001 ms
55,1436.7 ms
55,1438.1000000000001 ms
55,1446.3500000000006 ms
55,1482.2500000000007 ms
55,1491.4500000000005 ms
55,1491.8000000000004 ms
55,1499.4000000000003 ms
55,1501.5500000000004 ms
55,1513.4500000000005 ms
55,1523.4500000000005 ms
55,1534.1000000000006 ms
55,1552.1500000000003 ms
55,1567.9000000000008 ms
55,1573.1000000000006 ms
55,1602.8500000000006 ms
55,1647.4500000000005 ms
55,1695.9500000000005 ms
55,1701.8500000000006 ms
55,1724.9500000000005 ms
55,1736.3500000000006 ms
55,1751.1500000000003 ms
55,1763.2000000000005 ms
55,1769.7500000000002 ms
55,1784.4000000000003 ms
55,1809.5500000000004 ms
55,1835.9000000000003 ms
55,1853.2000000000005 ms
55,1857.7500000000002 ms
55,1896.2000000000005 ms
55,1905.4000000000008 ms
55,1909.4500000000005 ms
55,1932.1000000000006 ms
55,1934.6000000000006 ms
55,1936.6500000000003 ms
55,1952.6500000000008 ms
55,1958.5500000000009 ms
55,2004.3500000000006 ms
55,2065.6000000000004 ms
55,2072.2000000000007 ms
55,2131.1000000000004 ms
55,2145.2000000000007 ms
55,2157.6499999999996 ms
55,2168.75 ms
55,2169.45 ms
55,2195.8 ms
55,2198.0999999999995 ms
55,2203.3499999999995 ms
55,2210.0 ms
55,2218.3 ms
55,2220.2 ms
55,2228.45 ms
55,2239.500000000001 ms
55,2251.8500000000004 ms
55,2253.75 ms
55,2254.2000000000007 ms
55,2277.05 ms
55,2293.75 ms
55,2304.0 ms
55,2327.8999999999996 ms
55,2343.55 ms
55,2367.7 ms
55,2387.6000000000004 ms
55,2393.6500000000005 ms
55,2405.000000000001 ms
55,2409.95 ms
55,2422.3 ms
55,2423.7 ms
55,2424.05 ms
55,2443.8 ms
55,2469.05 ms
55,2476.25 ms
55,2485.5 ms
55,2499.75 ms
55,2511.0 ms
55,2537.8999999999996 ms
55,2551.6499999999996 ms
55,2555.8500000000004 ms
55,2563.7 ms
55,2569.3999999999996 ms
55,2578.0499999999993 ms
55,2588.75 ms
55,2606.0 ms
55,2609.8999999999996 ms
55,2624.8999999999996 ms
55,2641.6499999999996 ms
55,2650.0 ms
55,2653.199999999999 ms
55,2661.449999999999 ms
55,2661.6499999999996 ms
55,2663.5999999999985 ms
55,2668.999999999999 ms
55,2673.8999999999987 ms
55,2682.7999999999993 ms
55,2683.6499999999996 ms
55,2689.3999999999996 ms
55,2697.6499999999996 ms
55,2718.3499999999985 ms
55,2724.249999999999 ms
55,2740.8499999999995 ms
55,2759.5999999999995 ms
55,2760.3499999999995 ms
55,2765.199999999999 ms
55,2780.2999999999993 ms
55,2789.2999999999993 ms
55,2795.0999999999985 ms
55,2799.5499999999993 ms
55,2807.999999999998 ms
55,2814.5499999999993 ms
55,2830.3499999999985 ms
55,2836.3999999999996 ms
55,2846.999999999999 ms
55,2861.949999999999 ms
55,2867.2999999999993 ms
55,2877.5499999999993 ms
55,2880.7999999999993 ms
55,2894.1499999999987 ms
55,2897.999999999999 ms
55,2898.749999999999 ms
55,2909.8999999999987 ms
55,2915.999999999999 ms
55,2934.8499999999985 ms
55,2948.7999999999984 ms
55,2950.199999999998 ms
55,2981.999999999999 ms
55,2986.7999999999984 ms
55,2989.699999999999 ms
55,3017.499999999999 ms
55,3023.449999999999 ms
55,3027.999999999999 ms
55,3029.949999999999 ms
55,3052.0499999999993 ms
55,3056.5499999999993 ms
55,3058.6499999999987 ms
55,3077.499999999999 ms
55,3085.7999999999984 ms
55,3093.7999999999984 ms
55,3118.999999999999 ms
55,3148.949999999998 ms
55,3150.8999999999987 ms
55,3159.949999999998 ms
55,3169.7999999999984 ms
55,3183.749999999998 ms
55,3188.0499999999984 ms
55,3195.8499999999985 ms
55,3256.7999999999984 ms
55,3275.249999999998 ms
55,3289.649999999998 ms
55,3331.449999999999 ms
55,3348.5999999999985 ms
55,3361.5999999999985 ms
55,3363.5499999999984 ms
55,3365.0999999999985 ms
55,3375.499999999998 ms
55,3386.749999999998 ms
55,3393.5499999999993 ms
55,3407.3999999999987 ms
55,3414.699999999999 ms
55,3421.5999999999985 ms
55,3454.1499999999996 ms
55,3465.3999999999996 ms
55,3484.949999999999 ms
55,3486.0999999999995 ms
55,3491.7 ms
55,3497.2999999999993 ms
55,3503.5499999999993 ms
55,3518.7999999999993 ms
55,3528.8499999999995 ms
55,3535.7999999999993 ms
55,3541.0999999999995 ms
55,3542.999999999999 ms
55,3549.2 ms
55,3570.7 ms
55,3576.7999999999993 ms
55,3577.5999999999995 ms
55,3582.7999999999993 ms
55,3611.3499999999995 ms
55,3667.999999999999 ms
55,3668.249999999999 ms
55,3677.7 ms
55,3687.8499999999995 ms
55,3693.7 ms
55,3698.6499999999987 ms
55,3706.5499999999993 ms
55,3707.449999999999 ms
55,3710.699999999999 ms
55,3720.5499999999993 ms
55,3736.8499999999995 ms
55,3760.6499999999996 ms
55,3767.2 ms
55,3776.0999999999995 ms
55,3802.8 ms
55,3806.6499999999996 ms
55,3819.0 ms
55,3860.699999999999 ms
55,3876.5499999999993 ms
55,3888.699999999999 ms
55,3896.2999999999993 ms
55,3898.699999999999 ms
55,3901.699999999999 ms
55,3905.75 ms
55,3923.449999999999 ms
55,3925.8999999999996 ms
55,3952.8499999999985 ms
55,3956.2999999999993 ms
55,3972.0499999999993 ms
55,3980.6499999999987 ms
56,12.600000000000001 ms
56,21.85 ms
56,30.550000000000004 ms
56,31.500000000000007 ms
56,32.6 ms
56,40.800000000000004 ms
56,56.50000000000001 ms
56,59.600000000000016 ms
56,62.95000000000001 ms
56,67.15 ms
56,73.65 ms
56,87.05000000000001 ms
56,89.80000000000001 ms
56,92.95000000000002 ms
56,95.00000000000003 ms
56,116.10000000000002 ms
56,120.25000000000003 ms
56,121.65000000000003 ms
56,141.05 ms
56,142.10000000000008 ms
56,149.85000000000008 ms
56,161.45000000000005 ms
56,167.60000000000002 ms
56,175.00000000000006 ms
56,185.20000000000005 ms
56,198.40000000000003 ms
56,216.95000000000005 ms
56,240.90000000000003 ms
56,259.1 ms
56,295.45000000000005 ms
56,360.1500000000001 ms
56,370.1500000000001 ms
56,381.85 ms
56,384.1 ms
56,387.0 ms
56,408.85 ms
56,437.75 ms
56,448.5 ms
56,448.75 ms
56,451.35 ms
56,461.6 ms
56,465.95000000000005 ms
56,468.05000000000007 ms
56,495.30000000000007 ms
56,499.0000000000001 ms
56,505.4 ms
56,516.1 ms
56,521.3000000000001 ms
56,534.0000000000001 ms
56,554.7000000000002 ms
56,556.9000000000002 ms
56,567.8500000000003 ms
56,572.2500000000001 ms
56,581.2500000000003 ms
56,647.0000000000001 ms
56,653.7500000000003 ms
56,667.8500000000003 ms
56,669.0000000000001 ms
56,673.3000000000001 ms
56,676.3000000000003 ms
56,705.1000000000003 ms
56,729.5000000000001 ms
56,732.5000000000001 ms
56,740.1000000000003 ms
56,744.1 ms
56,749.65 ms
56,759.9499999999999 ms
56,770.6 ms
56,773.4999999999999 ms
56,788.7999999999998 ms
56,809.0999999999998 ms
56,814.9499999999999 ms
56,825.3000000000001 ms
56,842.2500000000001 ms
56,857.4500000000002 ms
56,861.5000000000001 ms
56,895.4999999999999 ms
56,914.0000000000001 ms
56,918.8000000000001 ms
56,921.65 ms
56,924.65 ms
56,949.7999999999998 ms
56,952.0999999999998 ms
56,997.6999999999999 ms
56,1005.5500000000001 ms
56,1042.25 ms
56,1047.9 ms
56,1051.7000000000003 ms
56,1059.75 ms
56,1067.9499999999998 ms
56,1082.0 ms
56,1083.4499999999998 ms
56,1101.15 ms
56,1124.2000000000003 ms
56,1126.9500000000003 ms
56,1154.5499999999997 ms
56,1155.5499999999997 ms
56,1156.9 ms
56,1159.4 ms
56,1169.5499999999997 ms
56,1173.9 ms
56,1175.9 ms
56,1188.9499999999998 ms
56,1193.1499999999996 ms
56,1197.6499999999996 ms
56,1216.4499999999998 ms
56,1221.25 ms
56,1231.4499999999998 ms
56,1240.8999999999996 ms
56,1245.8999999999996 ms
56,1262.0 ms
56,1264.7999999999997 ms
56,1266.4499999999998 ms
56,1275.8999999999996 ms
56,1278.35 ms
56,1280.85 ms
56,1282.7999999999997 ms
56,1290.75 ms
56,1293.8000000000002 ms
56,1308.85 ms
56,1320.6999999999998 ms
56,1321.4499999999998 ms
56,1335.9499999999998 ms
56,1338.25 ms
56,1352.5499999999997 ms
56,1360.85 ms
56,1364.3999999999996 ms
56,1367.9999999999995 ms
56,1370.1499999999996 ms
56,1378.5999999999995 ms
56,1393.8499999999995 ms
56,1403.1999999999998 ms
56,1425.1999999999998 ms
56,1462.6999999999998 ms
56,1492.2499999999995 ms
56,1513.0999999999995 ms
56,1516.3499999999995 ms
56,1517.2999999999993 ms
56,1533.1999999999998 ms
56,1566.5999999999995 ms
56,1576.8999999999996 ms
56,1582.7999999999997 ms
56,1590.1 ms
56,1603.9999999999995 ms
56,1616.4999999999995 ms
56,1629.35 ms
56,1650.1499999999996 ms
56,1670.2499999999995 ms
56,1707.0999999999995 ms
56,1724.5999999999995 ms
56,1726.6999999999994 ms
56,1726.8499999999995 ms
56,1730.5999999999995 ms
56,1758.2999999999993 ms
56,1759.4999999999995 ms
56,1799.5999999999995 ms
56,1805.2999999999993 ms
56,1808.4999999999995 ms
56,1830.9499999999994 ms
56,1849.6999999999994 ms
56,1860.8999999999996 ms
56,1862.5999999999995 ms
56,1909.9499999999998 ms
56,1910.7499999999995 ms
56,1910.8999999999996 ms
56,1930.6999999999998 ms
56,1932.4999999999995 ms
56,1956.6499999999996 ms
56,1966.2499999999995 ms
56,1985.2999999999997 ms
56,1998.6499999999992 ms
56,2000.3499999999995 ms
56,2007.4499999999994 ms
56,2029.7999999999993 ms
56,2039.6999999999994 ms
56,2046.4999999999995 ms
56,2048.0499999999993 ms
56,2052.1499999999996 ms
56,2057.8499999999985 ms
56,2067.249999999999 ms
56,2068.499999999999 ms
56,2075.499999999999 ms
56,2075.8999999999987 ms
56,2090.0999999999995 ms
56,2117.7999999999984 ms
56,2122.5499999999984 ms
56,2123.949999999999 ms
56,2174.999999999999 ms
56,2180.5499999999993 ms
56,2183.749999999999 ms
56,2215.5999999999995 ms
56,2231.7999999999984 ms
56,2265.2999999999984 ms
56,2265.3999999999987 ms
56,2276.249999999999 ms
56,2316.749999999999 ms
56,2330.8499999999985 ms
56,2345.199999999999 ms
56,2349.499999999998 ms
56,2350.8499999999985 ms
56,2354.999999999998 ms
56,2373.3999999999987 ms
56,2414.0999999999985 ms
56,2439.8999999999987 ms
56,2442.449999999999 ms
56,2444.1499999999987 ms
56,2446.7999999999984 ms
56,2470.199999999999 ms
56,2489.1499999999987 ms
56,2519.6499999999987 ms
56,2527.8499999999985 ms
56,2528.1499999999987 ms
56,2547.5999999999985 ms
56,2552.0999999999985 ms
56,2573.1499999999987 ms
56,2583.0999999999985 ms
56,2597.949999999999 ms
56,2601.2999999999984 ms
56,2632.249999999998 ms
56,2633.199999999998 ms
56,2651.399999999998 ms
56,2653.449999999998 ms
56,2656.199999999998 ms
56,2658.899999999998 ms
56,2668.149999999998 ms
56,2671.699999999998 ms
56,2680.449999999998 ms
56,2681.0999999999976 ms
56,2690.699999999998 ms
56,2704.699999999998 ms
56,2707.0999999999976 ms
56,2711.199999999998 ms
56,2711.949999999998 ms
56,2736.3499999999976 ms
56,2781.699999999998 ms
56,2791.149999999998 ms
56,2810.7999999999975 ms
56,2815.0499999999975 ms
56,2831.2999999999975 ms
56,2846.999999999998 ms
56,2864.7999999999975 ms
56,2868.5499999999975 ms
56,2874.8499999999985 ms
56,2879.5999999999985 ms
56,2896.249999999998 ms
56,2932.0999999999985 ms
56,2957.749999999998 ms
56,2967.8499999999985 ms
56,2975.949999999998 ms
56,2982.3499999999976 ms
56,2987.199999999998 ms
56,3003.199999999998 ms
56,3011.949999999998 ms
56,3031.999999999998 ms
56,3038.399999999998 ms
56,3053.7999999999984 ms
56,3060.499999999998 ms
56,3068.749999999998 ms
56,3076.2999999999984 ms
56,3091.5999999999985 ms
56,3098.199999999999 ms
56,3101.199999999999 ms
56,3154.0999999999985 ms
56,3172.249999999998 ms
56,3198.2999999999993 ms
56,3203.8999999999987 ms
56,3221.199999999999 ms
56,3227.3999999999987 ms
56,3235.8499999999985 ms
56,3253.1499999999987 ms
56,3256.2999999999984 ms
56,3259.6499999999987 ms
56,3296.949999999999 ms
56,3298.1499999999987 ms
56,3307.0499999999984 ms
56,3308.949999999999 ms
56,3317.2999999999993 ms
56,3325.999999999998 ms
56,3338.0499999999993 ms
56,3370.3999999999987 ms
56,3374.999999999999 ms
56,3379.749999999999 ms
56,3382.7999999999984 ms
56,3397.5999999999995 ms
56,3408.749999999999 ms
56,3449.749999999999 ms
56,3462.5499999999993 ms
56,3464.999999999999 ms
56,3471.999999999999 ms
56,3494.0999999999995 ms
56,3508.199999999999 ms
56,3529.3499999999985 ms
56,3535.449999999999 ms
56,3537.0499999999993 ms
56,3538.8499999999985 ms
56,3540.699999999999 ms
56,3560.0499999999993 ms
56,3561.0499999999993 ms
56,3574.5499999999993 ms
56,3594.999999999998 ms
56,3596.1499999999987 ms
56,3606.749999999999 ms
56,3623.6499999999987 ms
56,3640.499999999999 ms
56,3650.249999999999 ms
56,3654.0499999999984 ms
56,3654.5499999999984 ms
56,3657.999999999999 ms
56,3677.3499999999985 ms
56,3690.6499999999987 ms
56,3695.499999999999 ms
56,3695.699999999998 ms
56,3698.0999999999985 ms
56,3709.6499999999987 ms
56,3720.449999999999 ms
56,3730.8499999999985 ms
56,3747.499999999999 ms
56,3752.249999999999 ms
56,3781.3499999999995 ms
56,3820.499999999999 ms
56,3832.2999999999993 ms
56,3864.0999999999995 ms
56,3866.7 ms
56,3877.3999999999987 ms
56,3904.2 ms
56,3912.95 ms
56,3914.749999999999 ms
56,3930.5999999999995 ms
56,3944.5499999999993 ms
56,3949.6499999999996 ms
56,3952.0999999999985 ms
56,3954.0499999999993 ms
56,3966.5499999999993 ms
56,3977.749999999998 ms
56,3979.499999999998 ms
57,8.0 ms
57,14.8 ms
57,25.45 ms
57,30.150000000000002 ms
57,37.599999999999994 ms
57,37.75 ms
57,62.400000000000006 ms
57,70.5 ms
57,87.55000000000001 ms
57,97.15 ms
57,99.0 ms
57,100.35 ms
57,110.6 ms
57,142.85 ms
57,173.35 ms
57,184.6 ms
57,193.1 ms
57,209.6 ms
57,227.15 ms
57,228.55000000000004 ms
57,235.4 ms
57,235.6 ms
57,239.1 ms
57,255.54999999999998 ms
57,293.20000000000005 ms
57,311.9 ms
57,316.25 ms
57,328.15 ms
57,341.85 ms
57,341.94999999999993 ms
57,347.55000000000007 ms
57,379.4 ms
57,387.95000000000005 ms
57,409.35 ms
57,435.55000000000007 ms
57,452.0 ms
57,493.15 ms
57,516.0 ms
57,520.2 ms
57,525.2 ms
57,529.45 ms
57,529.9000000000001 ms
57,548.5 ms
57,567.75 ms
57,579.8000000000002 ms
57,613.0999999999999 ms
57,613.95 ms
57,625.25 ms
57,625.9000000000001 ms
57,653.3 ms
57,669.95 ms
57,692.9999999999998 ms
57,731.8 ms
57,732.3499999999997 ms
57,734.3999999999999 ms
57,760.7999999999997 ms
57,763.2999999999997 ms
57,780.0999999999997 ms
57,781.1499999999996 ms
57,782.9999999999995 ms
57,784.6999999999998 ms
57,828.1499999999996 ms
57,832.0999999999999 ms
57,843.0999999999999 ms
57,889.2999999999997 ms
57,930.1999999999998 ms
57,931.2999999999997 ms
57,935.7999999999997 ms
57,937.8999999999999 ms
57,966.6499999999999 ms
57,977.8 ms
57,986.0999999999997 ms
57,1001.55 ms
57,1027.4999999999998 ms
57,1029.8499999999997 ms
57,1039.05 ms
57,1100.9999999999998 ms
57,1103.2499999999998 ms
57,1110.4999999999998 ms
57,1113.8999999999999 ms
57,1131.05 ms
57,1152.1499999999999 ms
57,1179.3500000000001 ms
57,1193.3499999999997 ms
57,1195.1999999999996 ms
57,1211.0499999999995 ms
57,1218.2499999999998 ms
57,1228.6499999999999 ms
57,1230.9499999999996 ms
57,1242.5499999999995 ms
57,1284.6999999999996 ms
57,1289.7499999999998 ms
57,1290.2499999999998 ms
57,1309.4999999999998 ms
57,1324.8499999999997 ms
57,1329.9999999999998 ms
57,1344.1499999999999 ms
57,1351.9499999999996 ms
57,1359.45 ms
57,1360.1999999999996 ms
57,1362.2499999999998 ms
57,1383.5999999999997 ms
57,1387.6499999999994 ms
57,1405.6999999999996 ms
57,1407.2499999999993 ms
57,1417.9999999999998 ms
57,1427.3999999999999 ms
57,1431.1499999999994 ms
57,1433.0499999999995 ms
57,1444.1499999999994 ms
57,1454.4499999999996 ms
57,1470.0999999999997 ms
57,1476.7499999999998 ms
57,1505.0999999999997 ms
57,1510.9499999999996 ms
57,1520.7999999999995 ms
57,1527.6499999999994 ms
57,1535.1999999999991 ms
57,1537.3499999999992 ms
57,1551.0999999999997 ms
57,1553.1999999999996 ms
57,1554.4999999999993 ms
57,1576.5999999999992 ms
57,1596.399999999999 ms
57,1619.5999999999992 ms
57,1629.7499999999993 ms
57,1636.9499999999996 ms
57,1650.1499999999994 ms
57,1650.7499999999993 ms
57,1667.5999999999992 ms
57,1669.0499999999995 ms
57,1678.4999999999993 ms
57,1695.2499999999993 ms
57,1700.799999999999 ms
57,1715.0999999999992 ms
57,1717.6999999999991 ms
57,1727.0999999999992 ms
57,1734.899999999999 ms
57,1744.8999999999994 ms
57,1786.8499999999992 ms
57,1797.899999999999 ms
57,1798.1999999999991 ms
57,1814.5999999999992 ms
57,1817.9999999999993 ms
57,1837.8499999999992 ms
57,1842.8499999999992 ms
57,1874.7999999999995 ms
57,1876.549999999999 ms
57,1880.149999999999 ms
57,1892.9999999999989 ms
57,1894.4499999999991 ms
57,1903.549999999999 ms
57,1927.399999999999 ms
57,1936.9499999999987 ms
57,1951.0999999999988 ms
57,1961.399999999999 ms
57,1978.0999999999992 ms
57,1980.049999999999 ms
57,1995.4499999999991 ms
57,2005.1499999999994 ms
57,2015.5999999999992 ms
57,2017.5499999999995 ms
57,2031.2499999999993 ms
57,2040.3499999999992 ms
57,2052.699999999999 ms
57,2065.699999999999 ms
57,2067.5499999999993 ms
57,2071.499999999999 ms
57,2083.8499999999995 ms
57,2121.5999999999995 ms
57,2142.5999999999995 ms
57,2191.999999999999 ms
57,2201.499999999999 ms
57,2256.8499999999995 ms
57,2343.3999999999987 ms
57,2376.999999999999 ms
57,2403.1499999999987 ms
57,2437.0499999999993 ms
57,2443.3999999999996 ms
57,2449.1499999999996 ms
57,2474.949999999999 ms
57,2477.8499999999995 ms
57,2498.1499999999996 ms
57,2506.8499999999995 ms
57,2513.5499999999993 ms
57,2525.3999999999996 ms
57,2531.749999999999 ms
57,2537.1499999999987 ms
57,2596.999999999999 ms
57,2598.949999999999 ms
57,2604.0999999999985 ms
57,2654.5999999999985 ms
57,2669.999999999999 ms
57,2671.8499999999995 ms
57,2678.6499999999987 ms
57,2681.749999999999 ms
57,2684.449999999999 ms
57,2704.2999999999993 ms
57,2718.2999999999993 ms
57,2737.249999999998 ms
57,2762.999999999998 ms
57,2774.249999999998 ms
57,2777.449999999999 ms
57,2787.449999999999 ms
57,2820.7999999999984 ms
57,2823.449999999998 ms
57,2832.6499999999987 ms
57,2834.449999999998 ms
57,2840.7999999999984 ms
57,2868.699999999998 ms
57,2870.749999999999 ms
57,2882.1499999999987 ms
57,2883.949999999999 ms
57,2906.7999999999993 ms
57,2922.8499999999985 ms
57,2932.5999999999985 ms
57,2940.699999999999 ms
57,2948.749999999999 ms
57,2954.3999999999987 ms
57,2963.2999999999993 ms
57,2970.449999999999 ms
57,2986.25 ms
57,3004.699999999999 ms
57,3006.3999999999996 ms
57,3006.7999999999993 ms
57,3007.2999999999993 ms
57,3010.5999999999995 ms
57,3022.45 ms
57,3051.0999999999995 ms
57,3052.0999999999995 ms
57,3059.1499999999996 ms
57,3066.45 ms
57,3073.8499999999995 ms
57,3080.1500000000005 ms
57,3082.8499999999995 ms
57,3100.5 ms
57,3105.3 ms
57,3105.5 ms
57,3115.55 ms
57,3122.6000000000004 ms
57,3129.1500000000005 ms
57,3140.8 ms
57,3144.1000000000013 ms
57,3154.500000000001 ms
57,3157.6500000000005 ms
57,3159.4000000000005 ms
57,3163.4000000000005 ms
57,3197.750000000001 ms
57,3214.6500000000005 ms
57,3219.3500000000013 ms
57,3221.7000000000007 ms
57,3272.4500000000007 ms
57,3299.750000000001 ms
57,3323.250000000001 ms
57,3330.1500000000005 ms
57,3334.550000000001 ms
57,3349.250000000001 ms
57,3355.4000000000005 ms
57,3356.500000000001 ms
57,3357.1000000000013 ms
57,3359.1000000000013 ms
57,3367.8500000000013 ms
57,3389.9000000000005 ms
57,3395.1000000000013 ms
57,3398.8 ms
57,3405.05 ms
57,3430.9500000000007 ms
57,3446.300000000001 ms
57,3450.9500000000007 ms
57,3462.9000000000005 ms
57,3465.6000000000004 ms
57,3470.1500000000005 ms
57,3499.3 ms
57,3550.1500000000005 ms
57,3556.55 ms
57,3559.4000000000005 ms
57,3575.8500000000004 ms
57,3587.4500000000007 ms
57,3590.8500000000004 ms
57,3593.8500000000004 ms
57,3596.3 ms
57,3619.75 ms
57,3634.8 ms
57,3667.8 ms
57,3680.75 ms
57,3681.8 ms
57,3695.95 ms
57,3718.8 ms
57,3745.2 ms
57,3750.7 ms
57,3761.500000000001 ms
57,3763.1500000000005 ms
57,3783.9000000000005 ms
57,3789.1500000000005 ms
57,3800.9000000000005 ms
57,3804.1000000000004 ms
57,3809.75 ms
57,3826.9000000000005 ms
57,3845.4500000000007 ms
57,3859.050000000001 ms
57,3865.4000000000005 ms
57,3866.000000000001 ms
57,3876.250000000001 ms
57,3885.1000000000004 ms
57,3895.1500000000005 ms
57,3905.1000000000004 ms
57,3915.3 ms
57,3942.1500000000005 ms
57,3946.25 ms
57,3949.3999999999996 ms
57,3952.05 ms
57,3952.75 ms
57,3969.95 ms
57,3981.0999999999995 ms
57,3988.75 ms
57,3992.2 ms
58,1.85 ms
58,29.900000000000002 ms
58,32.900000000000006 ms
58,48.60000000000001 ms
58,53.650000000000006 ms
58,60.650000000000006 ms
58,61.900000000000006 ms
58,89.20000000000002 ms
58,89.75 ms
58,100.5 ms
58,104.0 ms
58,105.0 ms
58,109.69999999999999 ms
58,113.19999999999999 ms
58,116.05000000000001 ms
58,116.85 ms
58,122.25 ms
58,179.85000000000002 ms
58,185.29999999999995 ms
58,203.45 ms
58,215.09999999999997 ms
58,225.0 ms
58,242.35000000000002 ms
58,244.25 ms
58,272.4 ms
58,279.85 ms
58,283.29999999999995 ms
58,287.79999999999995 ms
58,289.3499999999999 ms
58,303.95000000000005 ms
58,306.20000000000005 ms
58,318.9 ms
58,323.54999999999995 ms
58,332.8499999999999 ms
58,337.79999999999995 ms
58,345.5 ms
58,361.89999999999986 ms
58,374.44999999999993 ms
58,390.79999999999995 ms
58,399.94999999999993 ms
58,402.5999999999999 ms
58,404.79999999999995 ms
58,418.89999999999986 ms
58,434.14999999999986 ms
58,434.39999999999986 ms
58,441.69999999999993 ms
58,457.19999999999993 ms
58,471.19999999999993 ms
58,502.69999999999993 ms
58,506.7499999999999 ms
58,509.9 ms
58,520.85 ms
58,526.2499999999999 ms
58,551.8999999999997 ms
58,594.8499999999998 ms
58,623.7499999999999 ms
58,638.1 ms
58,649.8499999999998 ms
58,656.8999999999997 ms
58,662.2499999999999 ms
58,663.3999999999997 ms
58,667.5999999999998 ms
58,682.1999999999999 ms
58,683.6999999999999 ms
58,686.9499999999999 ms
58,717.65 ms
58,720.6 ms
58,724.9500000000002 ms
58,727.0000000000001 ms
58,730.15 ms
58,743.4499999999999 ms
58,768.4999999999999 ms
58,776.4999999999999 ms
58,776.8999999999997 ms
58,782.5999999999998 ms
58,791.8999999999997 ms
58,794.5499999999998 ms
58,815.3499999999998 ms
58,828.1999999999999 ms
58,829.7999999999998 ms
58,859.2999999999998 ms
58,863.7999999999998 ms
58,885.0499999999998 ms
58,897.15 ms
58,898.0499999999998 ms
58,901.1999999999997 ms
58,902.2999999999998 ms
58,906.4499999999997 ms
58,934.8999999999997 ms
58,935.15 ms
58,960.3999999999997 ms
58,971.4999999999999 ms
58,1001.6499999999997 ms
58,1026.1999999999998 ms
58,1031.1499999999996 ms
58,1032.5500000000002 ms
58,1046.35 ms
58,1065.7999999999997 ms
58,1110.4500000000003 ms
58,1116.9 ms
58,1117.3000000000002 ms
58,1127.6000000000004 ms
58,1131.8500000000004 ms
58,1135.3500000000004 ms
58,1137.3500000000004 ms
58,1143.8000000000002 ms
58,1149.7000000000003 ms
58,1164.6000000000004 ms
58,1165.2000000000003 ms
58,1178.8000000000002 ms
58,1186.9500000000003 ms
58,1189.9 ms
58,1196.65 ms
58,1209.2000000000003 ms
58,1222.65 ms
58,1223.3500000000004 ms
58,1234.8500000000004 ms
58,1243.2500000000005 ms
58,1249.9500000000003 ms
58,1263.4500000000003 ms
58,1288.2000000000003 ms
58,1297.2500000000005 ms
58,1299.4500000000003 ms
58,1323.8000000000006 ms
58,1362.4500000000003 ms
58,1393.5000000000005 ms
58,1394.6500000000005 ms
58,1400.2500000000005 ms
58,1405.6500000000005 ms
58,1425.1000000000004 ms
58,1442.8000000000006 ms
58,1458.1000000000008 ms
58,1518.1000000000008 ms
58,1519.3500000000008 ms
58,1527.7000000000003 ms
58,1528.8500000000008 ms
58,1530.8500000000008 ms
58,1532.3500000000008 ms
58,1542.1500000000005 ms
58,1543.9500000000007 ms
58,1545.6500000000005 ms
58,1560.5000000000005 ms
58,1562.2500000000005 ms
58,1573.5500000000006 ms
58,1582.4 ms
58,1585.5500000000006 ms
58,1601.65 ms
58,1603.0500000000006 ms
58,1612.15 ms
58,1620.4 ms
58,1622.1000000000004 ms
58,1628.2500000000005 ms
58,1641.2500000000005 ms
58,1642.7000000000003 ms
58,1688.4000000000005 ms
58,1695.9000000000005 ms
58,1703.6500000000005 ms
58,1709.8500000000004 ms
58,1713.6500000000005 ms
58,1739.4500000000007 ms
58,1754.6000000000004 ms
58,1788.0500000000006 ms
58,1798.4500000000007 ms
58,1834.000000000001 ms
58,1856.6500000000005 ms
58,1866.6000000000008 ms
58,1868.3000000000006 ms
58,1909.750000000001 ms
58,1911.050000000001 ms
58,1963.550000000001 ms
58,1971.300000000001 ms
58,1981.6000000000008 ms
58,1988.3000000000006 ms
58,1994.7000000000012 ms
58,1998.3000000000006 ms
58,1999.150000000001 ms
58,2006.3000000000006 ms
58,2006.6000000000008 ms
58,2044.3500000000008 ms
58,2045.7000000000007 ms
58,2056.7000000000007 ms
58,2058.750000000001 ms
58,2069.050000000001 ms
58,2073.500000000001 ms
58,2089.7000000000007 ms
58,2090.250000000001 ms
58,2098.6000000000013 ms
58,2099.1000000000013 ms
58,2099.3 ms
58,2102.7000000000007 ms
58,2107.050000000001 ms
58,2117.3500000000004 ms
58,2122.750000000001 ms
58,2127.4500000000007 ms
58,2149.1000000000004 ms
58,2150.2000000000007 ms
58,2153.300000000001 ms
58,2156.050000000001 ms
58,2174.7000000000007 ms
58,2179.7000000000007 ms
58,2185.000000000001 ms
58,2186.550000000001 ms
58,2197.550000000001 ms
58,2225.4500000000007 ms
58,2225.9500000000007 ms
58,2277.2000000000007 ms
58,2288.9000000000015 ms
58,2333.7000000000007 ms
58,2341.500000000002 ms
58,2343.8500000000013 ms
58,2347.500000000001 ms
58,2355.250000000001 ms
58,2379.1500000000015 ms
58,2391.800000000001 ms
58,2394.050000000001 ms
58,2402.600000000002 ms
58,2409.050000000001 ms
58,2413.6500000000015 ms
58,2418.9500000000016 ms
58,2419.9500000000016 ms
58,2436.8500000000013 ms
58,2465.3500000000013 ms
58,2545.550000000002 ms
58,2561.050000000002 ms
58,2574.750000000001 ms
58,2579.500000000001 ms
58,2604.8500000000013 ms
58,2608.000000000001 ms
58,2614.9500000000016 ms
58,2624.9000000000005 ms
58,2639.750000000001 ms
58,2670.500000000001 ms
58,2688.2000000000007 ms
58,2704.7000000000007 ms
58,2716.750000000001 ms
58,2719.9000000000005 ms
58,2732.9000000000005 ms
58,2752.300000000001 ms
58,2752.8500000000013 ms
58,2768.550000000001 ms
58,2777.4500000000007 ms
58,2796.1500000000015 ms
58,2811.6500000000015 ms
58,2815.4000000000015 ms
58,2817.8500000000004 ms
58,2849.2000000000007 ms
58,2865.6500000000005 ms
58,2874.1000000000004 ms
58,2883.4500000000007 ms
58,2887.8500000000004 ms
58,2907.4500000000007 ms
58,2908.8 ms
58,2923.7 ms
58,2929.45 ms
58,2933.05 ms
58,2935.55 ms
58,2939.2 ms
58,2951.3 ms
58,2953.8 ms
58,2968.5 ms
58,2970.8 ms
58,2972.5 ms
58,3015.2 ms
58,3031.0999999999995 ms
58,3046.05 ms
58,3051.95 ms
58,3053.25 ms
58,3105.75 ms
58,3106.45 ms
58,3118.3499999999995 ms
58,3130.2 ms
58,3149.2 ms
58,3153.1499999999996 ms
58,3173.7999999999993 ms
58,3178.0499999999993 ms
58,3179.25 ms
58,3181.3499999999995 ms
58,3200.5999999999995 ms
58,3219.3499999999995 ms
58,3258.2999999999993 ms
58,3259.199999999999 ms
58,3262.699999999999 ms
58,3313.3499999999995 ms
58,3317.3499999999995 ms
58,3326.5999999999995 ms
58,3336.249999999999 ms
58,3365.3499999999995 ms
58,3367.5999999999995 ms
58,3374.3499999999995 ms
58,3386.3999999999996 ms
58,3394.0 ms
58,3419.699999999999 ms
58,3441.5499999999993 ms
58,3448.999999999999 ms
58,3468.949999999999 ms
58,3484.249999999999 ms
58,3495.999999999999 ms
58,3502.3499999999995 ms
58,3516.5999999999995 ms
58,3535.5999999999995 ms
58,3541.0499999999984 ms
58,3542.0999999999995 ms
58,3560.0999999999995 ms
58,3560.5499999999984 ms
58,3574.1499999999987 ms
58,3577.999999999999 ms
58,3588.3499999999985 ms
58,3646.249999999998 ms
58,3661.199999999999 ms
58,3668.199999999999 ms
58,3687.3499999999985 ms
58,3694.5999999999985 ms
58,3704.5999999999985 ms
58,3731.8499999999985 ms
58,3745.2999999999984 ms
58,3746.6499999999987 ms
58,3766.3499999999976 ms
58,3768.5999999999976 ms
58,3770.3499999999976 ms
58,3772.7999999999984 ms
58,3783.199999999998 ms
58,3788.899999999998 ms
58,3790.199999999998 ms
58,3830.3499999999976 ms
58,3843.5499999999984 ms
58,3854.399999999998 ms
58,3873.0499999999975 ms
58,3878.5999999999985 ms
58,3885.7999999999975 ms
58,3889.499999999998 ms
58,3905.249999999998 ms
58,3910.3499999999976 ms
58,3920.3499999999976 ms
58,3931.5999999999976 ms
58,3944.449999999998 ms
58,3972.0999999999976 ms
58,3981.449999999998 ms
58,3981.7499999999973 ms
58,3985.0499999999984 ms
58,3989.3499999999976 ms
58,3992.1499999999987 ms
58,3995.999999999998 ms
58,3998.449999999998 ms
59,12.350000000000001 ms
59,28.500000000000007 ms
59,33.650000000000006 ms
59,51.80000000000001 ms
59,67.55000000000001 ms
59,79.05000000000001 ms
59,89.10000000000002 ms
59,97.94999999999999 ms
59,100.19999999999999 ms
59,103.25 ms
59,118.69999999999999 ms
59,134.85 ms
59,143.54999999999998 ms
59,155.45000000000002 ms
59,185.44999999999996 ms
59,192.89999999999995 ms
59,197.65 ms
59,217.74999999999997 ms
59,225.4 ms
59,225.64999999999995 ms
59,240.59999999999994 ms
59,250.79999999999993 ms
59,256.44999999999993 ms
59,264.9 ms
59,280.65 ms
59,281.9999999999999 ms
59,316.6 ms
59,329.69999999999993 ms
59,332.80000000000007 ms
59,349.80000000000007 ms
59,357.44999999999993 ms
59,367.65 ms
59,372.9 ms
59,374.44999999999993 ms
59,387.94999999999993 ms
59,392.6 ms
59,397.9999999999999 ms
59,403.85 ms
59,420.35 ms
59,425.9999999999999 ms
59,435.79999999999995 ms
59,446.54999999999995 ms
59,456.0 ms
59,477.5999999999999 ms
59,492.3499999999999 ms
59,496.29999999999995 ms
59,504.29999999999995 ms
59,511.15 ms
59,564.7999999999998 ms
59,568.9499999999999 ms
59,569.3499999999998 ms
59,573.8999999999997 ms
59,584.6999999999997 ms
59,608.4499999999999 ms
59,615.2999999999998 ms
59,630.7999999999998 ms
59,656.8499999999998 ms
59,672.2499999999997 ms
59,701.9499999999997 ms
59,705.9499999999999 ms
59,732.0499999999998 ms
59,742.1999999999997 ms
59,768.8499999999998 ms
59,769.9999999999997 ms
59,784.2999999999996 ms
59,785.9499999999997 ms
59,801.6499999999997 ms
59,811.7999999999996 ms
59,815.4499999999997 ms
59,821.7999999999998 ms
59,834.8999999999997 ms
59,880.9499999999997 ms
59,883.6499999999997 ms
59,894.8499999999998 ms
59,919.6499999999997 ms
59,920.3499999999998 ms
59,927.2999999999998 ms
59,977.65 ms
59,984.8999999999997 ms
59,1000.5999999999998 ms
59,1015.1999999999999 ms
59,1026.85 ms
59,1041.0 ms
59,1042.0500000000002 ms
59,1073.5 ms
59,1085.9 ms
59,1086.65 ms
59,1088.0500000000002 ms
59,1117.3500000000004 ms
59,1184.9 ms
59,1187.35 ms
59,1193.85 ms
59,1200.85 ms
59,1211.9 ms
59,1224.4500000000003 ms
59,1225.9 ms
59,1239.85 ms
59,1241.0500000000002 ms
59,1241.9500000000003 ms
59,1260.3500000000004 ms
59,1262.7000000000003 ms
59,1280.2000000000003 ms
59,1281.4500000000003 ms
59,1282.0000000000005 ms
59,1285.0500000000002 ms
59,1289.65 ms
59,1290.0 ms
59,1290.15 ms
59,1302.85 ms
59,1303.3000000000002 ms
59,1337.4500000000003 ms
59,1352.9 ms
59,1360.0000000000005 ms
59,1378.3000000000002 ms
59,1380.5500000000002 ms
59,1383.0500000000002 ms
59,1391.0 ms
59,1391.6000000000004 ms
59,1396.0 ms
59,1398.0 ms
59,1410.4500000000003 ms
59,1422.3500000000004 ms
59,1427.9500000000003 ms
59,1434.8500000000004 ms
59,1439.5500000000002 ms
59,1440.0000000000005 ms
59,1452.3000000000006 ms
59,1464.65 ms
59,1471.5000000000005 ms
59,1475.85 ms
59,1484.3000000000002 ms
59,1498.6000000000004 ms
59,1510.9499999999998 ms
59,1515.0500000000002 ms
59,1533.6999999999998 ms
59,1543.8000000000002 ms
59,1559.9499999999998 ms
59,1578.3500000000004 ms
59,1589.4 ms
59,1590.9 ms
59,1592.1 ms
59,1599.15 ms
59,1636.0500000000002 ms
59,1642.0 ms
59,1643.8500000000004 ms
59,1648.6999999999998 ms
59,1675.75 ms
59,1680.6 ms
59,1685.1 ms
59,1689.1 ms
59,1699.4499999999998 ms
59,1703.4499999999998 ms
59,1706.5499999999997 ms
59,1715.6 ms
59,1734.1999999999994 ms
59,1734.3999999999996 ms
59,1753.0999999999995 ms
59,1759.5 ms
59,1772.6499999999996 ms
59,1774.85 ms
59,1778.5499999999997 ms
59,1787.7999999999997 ms
59,1804.25 ms
59,1809.9 ms
59,1822.85 ms
59,1831.1 ms
59,1845.4 ms
59,1846.1 ms
59,1849.9500000000003 ms
59,1855.0 ms
59,1873.65 ms
59,1883.65 ms
59,1892.8000000000002 ms
59,1922.2000000000003 ms
59,1924.0500000000002 ms
59,1937.0500000000002 ms
59,1978.0 ms
59,2000.2000000000003 ms
59,2016.8000000000002 ms
59,2020.75 ms
59,2033.9500000000003 ms
59,2037.7000000000003 ms
59,2075.4 ms
59,2084.7000000000003 ms
59,2092.0000000000005 ms
59,2095.7500000000005 ms
59,2097.5000000000005 ms
59,2100.6 ms
59,2114.9500000000003 ms
59,2118.5499999999997 ms
59,2127.1 ms
59,2174.7999999999997 ms
59,2198.7000000000003 ms
59,2216.4 ms
59,2259.7499999999995 ms
59,2265.1999999999994 ms
59,2310.1 ms
59,2337.7500000000005 ms
59,2339.8000000000006 ms
59,2343.9500000000003 ms
59,2357.850000000001 ms
59,2379.2000000000003 ms
59,2382.100000000001 ms
59,2414.1 ms
59,2419.7000000000003 ms
59,2432.65 ms
59,2446.8000000000006 ms
59,2454.9 ms
59,2457.15 ms
59,2457.2499999999995 ms
59,2472.4499999999994 ms
59,2502.149999999999 ms
59,2526.9499999999994 ms
59,2534.9999999999995 ms
59,2543.4 ms
59,2555.85 ms
59,2578.15 ms
59,2587.35 ms
59,2606.9499999999994 ms
59,2626.4999999999995 ms
59,2632.2500000000005 ms
59,2682.0500000000006 ms
59,2686.7000000000003 ms
59,2696.100000000001 ms
59,2701.400000000001 ms
59,2708.3000000000006 ms
59,2711.7500000000005 ms
59,2716.9500000000003 ms
59,2718.2999999999997 ms
59,2741.9 ms
59,2742.9500000000003 ms
59,2752.4500000000003 ms
59,2760.0000000000005 ms
59,2760.5500000000006 ms
59,2768.100000000001 ms
59,2781.400000000001 ms
59,2790.2500000000005 ms
59,2824.8000000000006 ms
59,2831.2500000000005 ms
59,2849.5500000000006 ms
59,2856.700000000001 ms
59,2884.900000000001 ms
59,2887.100000000001 ms
59,2893.650000000001 ms
59,2902.5500000000015 ms
59,2919.200000000001 ms
59,2924.0000000000014 ms
59,2930.350000000001 ms
59,2933.150000000001 ms
59,2936.2500000000014 ms
59,2939.5000000000014 ms
59,2950.150000000002 ms
59,2954.8000000000015 ms
59,2957.950000000002 ms
59,2971.650000000002 ms
59,2983.2500000000014 ms
59,2989.2500000000014 ms
59,3024.3000000000015 ms
59,3035.0500000000015 ms
59,3036.200000000002 ms
59,3039.400000000002 ms
59,3040.6000000000017 ms
59,3087.700000000001 ms
59,3113.3500000000017 ms
59,3147.5000000000014 ms
59,3149.150000000002 ms
59,3165.900000000001 ms
59,3190.850000000001 ms
59,3201.450000000001 ms
59,3207.7500000000014 ms
59,3213.600000000001 ms
59,3223.400000000001 ms
59,3275.650000000002 ms
59,3291.700000000002 ms
59,3318.950000000001 ms
59,3353.200000000002 ms
59,3385.0000000000023 ms
59,3422.900000000002 ms
59,3431.450000000002 ms
59,3433.6000000000026 ms
59,3443.700000000002 ms
59,3446.900000000002 ms
59,3453.7500000000014 ms
59,3499.0500000000015 ms
59,3503.450000000002 ms
59,3528.450000000002 ms
59,3529.5500000000015 ms
59,3534.450000000002 ms
59,3547.150000000002 ms
59,3560.5000000000014 ms
59,3588.3500000000017 ms
59,3599.1000000000017 ms
59,3647.650000000002 ms
59,3648.400000000002 ms
59,3654.450000000002 ms
59,3666.3000000000015 ms
59,3668.400000000002 ms
59,3706.0000000000014 ms
59,3708.700000000001 ms
59,3719.5000000000014 ms
59,3738.3000000000015 ms
59,3740.7500000000014 ms
59,3754.3500000000017 ms
59,3755.6000000000017 ms
59,3777.3000000000015 ms
59,3782.0000000000014 ms
59,3802.3000000000015 ms
59,3815.200000000002 ms
59,3828.700000000001 ms
59,3833.1000000000017 ms
59,3840.950000000001 ms
59,3841.7500000000014 ms
59,3863.7500000000023 ms
59,3886.8500000000017 ms
59,3892.700000000001 ms
59,3903.7500000000014 ms
59,3929.7500000000023 ms
59,3932.900000000002 ms
59,3943.0500000000025 ms
59,3966.8000000000015 ms
59,3970.450000000002 ms
59,3971.6000000000026 ms
59,3973.5500000000025 ms
59,3979.0000000000023 ms
59,3982.7500000000014 ms
60,18.2 ms
60,23.099999999999998 ms
60,30.45 ms
60,35.650000000000006 ms
60,44.0 ms
60,49.10000000000001 ms
60,64.65 ms
60,69.0 ms
60,72.85 ms
60,88.1 ms
60,101.65 ms
60,118.69999999999999 ms
60,127.04999999999998 ms
60,153.95000000000002 ms
60,154.6 ms
60,157.6 ms
60,191.04999999999998 ms
60,193.80000000000004 ms
60,198.25000000000003 ms
60,202.15 ms
60,205.05000000000004 ms
60,237.85000000000005 ms
60,246.65000000000006 ms
60,268.70000000000005 ms
60,280.25 ms
60,299.0 ms
60,302.30000000000007 ms
60,306.6 ms
60,312.1 ms
60,326.2500000000001 ms
60,334.85 ms
60,343.5000000000001 ms
60,359.20000000000005 ms
60,360.25 ms
60,369.05000000000007 ms
60,380.05000000000007 ms
60,385.4000000000001 ms
60,386.70000000000005 ms
60,417.6500000000001 ms
60,421.30000000000007 ms
60,430.20000000000005 ms
60,435.1 ms
60,467.45000000000005 ms
60,481.95000000000005 ms
60,508.05000000000007 ms
60,531.85 ms
60,544.2499999999999 ms
60,553.2500000000001 ms
60,563.8000000000001 ms
60,567.5000000000001 ms
60,571.9999999999999 ms
60,572.5000000000001 ms
60,575.9999999999999 ms
60,578.6 ms
60,586.4500000000002 ms
60,599.9499999999999 ms
60,601.8000000000001 ms
60,630.2500000000001 ms
60,643.7500000000001 ms
60,650.1000000000003 ms
60,657.1500000000002 ms
60,676.6000000000003 ms
60,718.6 ms
60,719.6000000000003 ms
60,724.85 ms
60,774.5500000000001 ms
60,789.0500000000003 ms
60,799.4000000000002 ms
60,801.5500000000001 ms
60,814.2000000000002 ms
60,816.1500000000002 ms
60,821.8000000000001 ms
60,824.6500000000002 ms
60,827.5000000000003 ms
60,842.6500000000002 ms
60,844.1000000000003 ms
60,879.2000000000004 ms
60,882.8500000000003 ms
60,884.4500000000004 ms
60,889.6500000000004 ms
60,931.7000000000004 ms
60,945.8500000000003 ms
60,951.7000000000004 ms
60,953.0500000000003 ms
60,963.4500000000002 ms
60,968.1000000000003 ms
60,985.1000000000003 ms
60,988.1500000000002 ms
60,1015.7500000000003 ms
60,1050.3000000000002 ms
60,1052.6000000000004 ms
60,1063.65 ms
60,1089.35 ms
60,1109.6 ms
60,1111.5500000000002 ms
60,1117.3000000000002 ms
60,1131.75 ms
60,1152.8000000000002 ms
60,1155.2000000000003 ms
60,1189.7500000000005 ms
60,1195.0500000000002 ms
60,1213.5 ms
60,1227.9500000000003 ms
60,1230.8000000000002 ms
60,1244.4 ms
60,1245.0500000000002 ms
60,1263.9 ms
60,1282.35 ms
60,1292.3000000000002 ms
60,1300.8500000000004 ms
60,1304.1999999999998 ms
60,1317.8500000000004 ms
60,1336.6000000000004 ms
60,1387.4499999999998 ms
60,1390.25 ms
60,1409.35 ms
60,1484.0 ms
60,1503.9499999999998 ms
60,1515.5 ms
60,1525.0 ms
60,1537.8000000000002 ms
60,1549.1499999999996 ms
60,1561.8000000000002 ms
60,1607.4499999999998 ms
60,1607.8500000000004 ms
60,1610.0500000000002 ms
60,1621.4 ms
60,1623.15 ms
60,1632.5 ms
60,1648.0 ms
60,1656.85 ms
60,1678.85 ms
60,1699.4499999999998 ms
60,1703.75 ms
60,1727.3999999999996 ms
60,1745.1 ms
60,1768.6999999999998 ms
60,1778.85 ms
60,1784.4 ms
60,1798.7499999999995 ms
60,1799.7499999999995 ms
60,1806.85 ms
60,1809.2499999999995 ms
60,1834.0499999999997 ms
60,1853.2999999999997 ms
60,1886.6 ms
60,1889.1499999999996 ms
60,1907.4499999999998 ms
60,1911.2999999999993 ms
60,1915.3999999999996 ms
60,1937.2999999999993 ms
60,1943.7999999999993 ms
60,1945.9999999999995 ms
60,1962.0499999999997 ms
60,1966.6499999999992 ms
60,1972.6499999999992 ms
60,1980.7999999999997 ms
60,1981.7499999999995 ms
60,1988.3499999999995 ms
60,2005.7499999999995 ms
60,2010.7499999999995 ms
60,2018.9499999999994 ms
60,2024.1999999999994 ms
60,2026.4499999999994 ms
60,2038.4499999999994 ms
60,2043.5499999999997 ms
60,2048.9499999999994 ms
60,2056.6 ms
60,2079.1999999999994 ms
60,2114.9499999999994 ms
60,2125.549999999999 ms
60,2129.149999999999 ms
60,2138.1999999999994 ms
60,2146.4999999999995 ms
60,2151.7999999999997 ms
60,2154.0499999999997 ms
60,2164.35 ms
60,2196.15 ms
60,2198.3000000000006 ms
60,2204.850000000001 ms
60,2218.2500000000005 ms
60,2232.8000000000006 ms
60,2263.0500000000006 ms
60,2275.3000000000006 ms
60,2280.600000000001 ms
60,2306.100000000001 ms
60,2312.9500000000003 ms
60,2318.2500000000005 ms
60,2324.4500000000003 ms
60,2355.0500000000006 ms
60,2355.15 ms
60,2380.3000000000006 ms
60,2388.350000000001 ms
60,2393.400000000001 ms
60,2416.0000000000005 ms
60,2434.850000000001 ms
60,2446.400000000001 ms
60,2483.0000000000005 ms
60,2490.8000000000006 ms
60,2504.7500000000005 ms
60,2512.650000000001 ms
60,2513.0500000000015 ms
60,2527.650000000001 ms
60,2536.600000000001 ms
60,2564.3000000000006 ms
60,2574.0000000000005 ms
60,2578.0000000000005 ms
60,2621.1 ms
60,2631.100000000001 ms
60,2637.35 ms
60,2672.2999999999997 ms
60,2673.9999999999995 ms
60,2678.4499999999994 ms
60,2683.9999999999995 ms
60,2698.0000000000005 ms
60,2707.8000000000006 ms
60,2742.65 ms
60,2753.3000000000006 ms
60,2761.7500000000005 ms
60,2764.0500000000006 ms
60,2782.7999999999997 ms
60,2782.9999999999995 ms
60,2785.65 ms
60,2790.6 ms
60,2794.7999999999997 ms
60,2830.85 ms
60,2837.35 ms
60,2845.1 ms
60,2847.5499999999997 ms
60,2858.4500000000003 ms
60,2877.0499999999997 ms
60,2904.2999999999997 ms
60,2943.2499999999995 ms
60,2958.2999999999997 ms
60,2965.149999999999 ms
60,2967.6999999999994 ms
60,2974.7499999999995 ms
60,2979.85 ms
60,2994.65 ms
60,3014.4999999999995 ms
60,3044.7999999999997 ms
60,3047.7499999999995 ms
60,3054.15 ms
60,3078.7000000000003 ms
60,3083.600000000001 ms
60,3091.85 ms
60,3099.65 ms
60,3108.7000000000003 ms
60,3112.950000000001 ms
60,3133.2000000000003 ms
60,3145.0500000000006 ms
60,3157.5000000000005 ms
60,3166.3000000000006 ms
60,3176.0000000000005 ms
60,3181.2500000000005 ms
60,3195.2000000000003 ms
60,3227.9 ms
60,3237.0500000000006 ms
60,3239.7999999999997 ms
60,3280.6 ms
60,3300.0499999999997 ms
60,3331.15 ms
60,3353.3000000000006 ms
60,3361.0499999999997 ms
60,3381.2499999999995 ms
60,3393.65 ms
60,3403.35 ms
60,3404.4 ms
60,3422.1 ms
60,3426.0000000000005 ms
60,3454.7499999999995 ms
60,3459.7999999999997 ms
60,3460.15 ms
60,3479.65 ms
60,3487.7000000000003 ms
60,3514.7999999999997 ms
60,3517.5500000000006 ms
60,3524.9 ms
60,3544.4 ms
60,3566.2000000000003 ms
60,3569.5000000000005 ms
60,3575.900000000001 ms
60,3614.350000000001 ms
60,3616.7000000000003 ms
60,3652.2999999999997 ms
60,3669.7499999999995 ms
60,3727.35 ms
60,3734.5499999999997 ms
60,3791.9999999999995 ms
60,3805.099999999999 ms
60,3818.549999999999 ms
60,3833.7999999999997 ms
60,3850.399999999999 ms
60,3864.599999999999 ms
60,3872.899999999999 ms
60,3875.7999999999997 ms
60,3876.899999999999 ms
60,3887.649999999999 ms
60,3941.849999999999 ms
60,3945.1999999999985 ms
60,3951.1999999999994 ms
60,3967.649999999999 ms
61,18.0 ms
61,19.799999999999997 ms
61,21.150000000000006 ms
61,25.0 ms
61,56.60000000000001 ms
61,60.250000000000014 ms
61,63.10000000000001 ms
61,72.25000000000001 ms
61,75.55 ms
61,103.05000000000003 ms
61,118.10000000000001 ms
61,126.25000000000001 ms
61,127.99999999999999 ms
61,158.2 ms
61,179.14999999999998 ms
61,183.2 ms
61,190.84999999999997 ms
61,191.45 ms
61,197.5 ms
61,209.55 ms
61,218.65000000000003 ms
61,225.84999999999997 ms
61,229.65000000000003 ms
61,237.84999999999997 ms
61,240.65000000000003 ms
61,269.6 ms
61,283.55000000000007 ms
61,316.35 ms
61,327.55000000000007 ms
61,332.55000000000007 ms
61,342.94999999999993 ms
61,350.69999999999993 ms
61,351.55000000000007 ms
61,363.15 ms
61,373.7500000000001 ms
61,387.0000000000001 ms
61,392.1 ms
61,405.6500000000001 ms
61,408.10000000000014 ms
61,425.55000000000007 ms
61,450.30000000000007 ms
61,459.6500000000001 ms
61,462.85000000000014 ms
61,472.5 ms
61,474.1500000000001 ms
61,477.1 ms
61,491.20000000000005 ms
61,532.1500000000001 ms
61,542.1000000000001 ms
61,547.6500000000001 ms
61,549.8500000000001 ms
61,550.3500000000001 ms
61,580.0000000000002 ms
61,587.1500000000001 ms
61,608.5500000000002 ms
61,642.25 ms
61,699.75 ms
61,730.7000000000003 ms
61,741.5500000000002 ms
61,746.2000000000003 ms
61,752.7000000000003 ms
61,764.1500000000001 ms
61,804.6000000000004 ms
61,806.4000000000001 ms
61,817.0000000000002 ms
61,819.6000000000001 ms
61,839.4500000000003 ms
61,852.7000000000003 ms
61,859.8000000000002 ms
61,883.6000000000004 ms
61,895.8000000000002 ms
61,899.7000000000003 ms
61,901.8000000000002 ms
61,906.5500000000002 ms
61,909.6000000000004 ms
61,913.6500000000001 ms
61,917.8500000000004 ms
61,939.9500000000003 ms
61,944.1000000000004 ms
61,944.8000000000002 ms
61,969.4500000000003 ms
61,977.6000000000004 ms
61,978.9000000000001 ms
61,979.2000000000003 ms
61,985.0 ms
61,985.8500000000001 ms
61,985.95 ms
61,1003.2 ms
61,1025.8000000000002 ms
61,1042.3500000000004 ms
61,1050.1999999999998 ms
61,1053.1999999999998 ms
61,1053.6000000000004 ms
61,1059.8500000000004 ms
61,1069.6999999999998 ms
61,1081.25 ms
61,1081.9499999999998 ms
61,1087.15 ms
61,1117.5500000000002 ms
61,1143.2000000000003 ms
61,1147.15 ms
61,1153.7500000000005 ms
61,1165.6 ms
61,1176.0000000000005 ms
61,1179.4500000000003 ms
61,1196.0000000000005 ms
61,1198.8000000000002 ms
61,1200.5 ms
61,1206.75 ms
61,1211.25 ms
61,1229.75 ms
61,1233.75 ms
61,1249.7000000000003 ms
61,1274.2500000000005 ms
61,1276.7000000000003 ms
61,1289.3500000000004 ms
61,1307.2500000000005 ms
61,1359.8000000000006 ms
61,1371.2000000000003 ms
61,1400.8500000000008 ms
61,1417.9000000000005 ms
61,1434.2500000000005 ms
61,1468.1000000000004 ms
61,1472.6500000000005 ms
61,1474.5500000000002 ms
61,1475.5500000000002 ms
61,1498.5000000000005 ms
61,1519.2000000000003 ms
61,1523.1000000000008 ms
61,1569.3000000000006 ms
61,1645.9500000000007 ms
61,1663.4000000000005 ms
61,1663.6500000000005 ms
61,1664.8500000000008 ms
61,1679.150000000001 ms
61,1692.2500000000005 ms
61,1696.150000000001 ms
61,1697.3000000000006 ms
61,1698.1000000000008 ms
61,1709.2000000000007 ms
61,1715.4500000000007 ms
61,1723.250000000001 ms
61,1737.6500000000005 ms
61,1750.4500000000007 ms
61,1751.5500000000006 ms
61,1757.7500000000005 ms
61,1777.5500000000006 ms
61,1801.5500000000006 ms
61,1836.1500000000005 ms
61,1837.2500000000005 ms
61,1842.4500000000003 ms
61,1842.6500000000005 ms
61,1847.1500000000005 ms
61,1847.5000000000005 ms
61,1865.9000000000005 ms
61,1877.3500000000004 ms
61,1891.3500000000004 ms
61,1895.250000000001 ms
61,1908.8000000000006 ms
61,1912.8500000000008 ms
61,1914.4000000000005 ms
61,1934.0000000000005 ms
61,1945.3500000000004 ms
61,1954.8000000000002 ms
61,1957.8000000000002 ms
61,1966.5500000000002 ms
61,1981.9500000000007 ms
61,1997.4500000000007 ms
61,1998.2000000000007 ms
61,2007.5500000000002 ms
61,2008.5500000000002 ms
61,2016.8500000000004 ms
61,2060.2500000000005 ms
61,2086.35 ms
61,2091.350000000001 ms
61,2093.9500000000003 ms
61,2095.9 ms
61,2113.9 ms
61,2126.35 ms
61,2130.2500000000005 ms
61,2153.65 ms
61,2154.9500000000003 ms
61,2162.15 ms
61,2186.8000000000006 ms
61,2198.7999999999997 ms
61,2212.2000000000003 ms
61,2220.4 ms
61,2221.5500000000006 ms
61,2239.7500000000005 ms
61,2243.9 ms
61,2244.15 ms
61,2249.7499999999995 ms
61,2257.65 ms
61,2270.7499999999995 ms
61,2284.9 ms
61,2293.15 ms
61,2298.9 ms
61,2307.65 ms
61,2353.9500000000003 ms
61,2371.4500000000003 ms
61,2374.2999999999997 ms
61,2390.85 ms
61,2432.7500000000005 ms
61,2433.7000000000003 ms
61,2439.0499999999997 ms
61,2480.4 ms
61,2484.9999999999995 ms
61,2486.5499999999997 ms
61,2491.7000000000003 ms
61,2508.4 ms
61,2525.3000000000006 ms
61,2540.850000000001 ms
61,2547.0500000000006 ms
61,2551.5000000000005 ms
61,2560.85 ms
61,2567.6 ms
61,2571.2500000000005 ms
61,2579.9500000000003 ms
61,2592.1999999999994 ms
61,2600.7999999999997 ms
61,2611.4500000000003 ms
61,2618.4499999999994 ms
61,2640.4500000000003 ms
61,2656.5499999999997 ms
61,2658.7499999999995 ms
61,2663.599999999999 ms
61,2686.299999999999 ms
61,2695.9499999999994 ms
61,2749.299999999999 ms
61,2761.349999999999 ms
61,2761.799999999999 ms
61,2794.4499999999994 ms
61,2801.1 ms
61,2818.0499999999997 ms
61,2826.9999999999995 ms
61,2834.399999999999 ms
61,2836.849999999999 ms
61,2841.4999999999995 ms
61,2858.149999999999 ms
61,2860.7499999999986 ms
61,2864.849999999999 ms
61,2865.1999999999985 ms
61,2891.549999999999 ms
61,2893.8999999999983 ms
61,2894.9499999999985 ms
61,2897.9999999999986 ms
61,2936.649999999999 ms
61,2937.2499999999986 ms
61,2943.849999999999 ms
61,2948.7499999999995 ms
61,2970.149999999999 ms
61,2980.2999999999997 ms
61,2995.9999999999995 ms
61,3004.9999999999986 ms
61,3008.6999999999985 ms
61,3035.8999999999983 ms
61,3041.1999999999985 ms
61,3056.3999999999983 ms
61,3064.799999999999 ms
61,3067.6499999999983 ms
61,3075.849999999998 ms
61,3085.2499999999986 ms
61,3097.799999999999 ms
61,3098.049999999999 ms
61,3108.8999999999983 ms
61,3116.849999999998 ms
61,3120.4999999999986 ms
61,3132.6999999999985 ms
61,3136.4999999999986 ms
61,3140.049999999999 ms
61,3162.1499999999983 ms
61,3173.399999999999 ms
61,3192.4999999999986 ms
61,3196.099999999998 ms
61,3197.299999999998 ms
61,3208.6999999999985 ms
61,3212.349999999999 ms
61,3237.399999999999 ms
61,3247.6499999999983 ms
61,3250.4999999999986 ms
61,3255.799999999999 ms
61,3261.7499999999986 ms
61,3288.399999999999 ms
61,3304.599999999999 ms
61,3322.2499999999986 ms
61,3339.7499999999986 ms
61,3354.799999999999 ms
61,3362.849999999999 ms
61,3381.6999999999985 ms
61,3390.1999999999994 ms
61,3404.299999999999 ms
61,3447.8999999999983 ms
61,3454.649999999999 ms
61,3472.349999999999 ms
61,3474.299999999999 ms
61,3474.9499999999985 ms
61,3480.1499999999983 ms
61,3486.9999999999977 ms
61,3499.6999999999975 ms
61,3501.7499999999977 ms
61,3508.299999999998 ms
61,3530.049999999999 ms
61,3566.549999999998 ms
61,3568.2499999999977 ms
61,3577.299999999998 ms
61,3581.1499999999983 ms
61,3634.1999999999985 ms
61,3645.6999999999985 ms
61,3669.7499999999986 ms
61,3677.549999999999 ms
61,3699.349999999999 ms
61,3705.6999999999985 ms
61,3706.6999999999994 ms
61,3707.1999999999985 ms
61,3718.549999999999 ms
61,3728.6999999999994 ms
61,3735.4499999999985 ms
61,3737.799999999999 ms
61,3739.8999999999983 ms
61,3745.099999999998 ms
61,3752.9499999999985 ms
61,3757.299999999998 ms
61,3777.4999999999977 ms
61,3788.9999999999986 ms
61,3805.8999999999983 ms
61,3828.549999999999 ms
61,3833.549999999998 ms
61,3846.549999999999 ms
61,3862.2499999999986 ms
61,3878.4499999999985 ms
61,3882.4999999999986 ms
61,3884.9999999999977 ms
61,3889.1999999999975 ms
61,3903.6999999999985 ms
61,3912.299999999998 ms
61,3928.8999999999974 ms
61,3939.049999999998 ms
61,3942.9999999999977 ms
61,3954.549999999998 ms
61,3977.6499999999974 ms
61,3991.9999999999977 ms
62,0.1 ms
62,1.9500000000000002 ms
62,4.1 ms
62,29.6 ms
62,51.45000000000001 ms
62,52.00000000000001 ms
62,59.6 ms
62,85.95000000000002 ms
62,92.15 ms
62,112.6 ms
62,114.35 ms
62,118.25000000000003 ms
62,140.55000000000004 ms
62,142.75000000000003 ms
62,152.74999999999997 ms
62,168.04999999999998 ms
62,169.1 ms
62,170.15 ms
62,174.95000000000002 ms
62,194.9 ms
62,208.40000000000006 ms
62,217.05000000000004 ms
62,225.30000000000004 ms
62,247.4 ms
62,262.4000000000001 ms
62,266.6500000000001 ms
62,272.25 ms
62,280.4000000000001 ms
62,282.20000000000005 ms
62,366.0 ms
62,373.5 ms
62,387.85000000000014 ms
62,390.30000000000007 ms
62,400.45000000000005 ms
62,424.95000000000005 ms
62,452.05000000000007 ms
62,458.95000000000005 ms
62,464.75 ms
62,466.55000000000007 ms
62,475.1 ms
62,475.30000000000007 ms
62,475.5000000000001 ms
62,482.45000000000005 ms
62,489.25 ms
62,512.5 ms
62,526.1500000000001 ms
62,527.3 ms
62,545.5 ms
62,547.2 ms
62,552.05 ms
62,568.5000000000002 ms
62,578.7500000000002 ms
62,591.6500000000001 ms
62,595.0 ms
62,610.4500000000003 ms
62,619.4000000000001 ms
62,624.2500000000002 ms
62,624.8000000000002 ms
62,651.5500000000002 ms
62,653.0000000000002 ms
62,661.3000000000002 ms
62,667.5500000000002 ms
62,676.5000000000002 ms
62,698.1000000000001 ms
62,725.6500000000003 ms
62,738.5500000000002 ms
62,776.0000000000002 ms
62,787.9000000000003 ms
62,799.5500000000002 ms
62,807.7500000000002 ms
62,813.3000000000002 ms
62,833.5500000000002 ms
62,841.6000000000001 ms
62,862.0500000000002 ms
62,868.2500000000002 ms
62,884.5000000000002 ms
62,896.5500000000002 ms
62,900.0000000000002 ms
62,900.8500000000001 ms
62,910.7500000000002 ms
62,925.0500000000002 ms
62,925.9500000000003 ms
62,928.3500000000001 ms
62,959.7500000000002 ms
62,966.4000000000001 ms
62,967.1500000000001 ms
62,989.1000000000001 ms
62,998.5500000000002 ms
62,1012.5500000000002 ms
62,1025.7000000000003 ms
62,1033.4500000000003 ms
62,1036.3500000000004 ms
62,1050.1500000000005 ms
62,1059.9000000000005 ms
62,1072.25 ms
62,1083.8000000000002 ms
62,1092.6000000000004 ms
62,1095.6999999999998 ms
62,1114.5 ms
62,1128.15 ms
62,1132.8000000000002 ms
62,1147.9500000000003 ms
62,1151.2500000000005 ms
62,1195.5500000000002 ms
62,1196.8000000000002 ms
62,1201.4500000000003 ms
62,1204.7000000000003 ms
62,1220.5500000000002 ms
62,1234.5 ms
62,1276.3500000000004 ms
62,1299.3000000000002 ms
62,1314.0 ms
62,1339.9500000000003 ms
62,1349.4 ms
62,1356.8000000000006 ms
62,1375.0500000000006 ms
62,1388.7500000000005 ms
62,1403.9000000000005 ms
62,1432.3000000000006 ms
62,1434.3500000000008 ms
62,1465.8500000000008 ms
62,1472.0500000000006 ms
62,1472.9000000000005 ms
62,1477.1000000000004 ms
62,1497.750000000001 ms
62,1498.9500000000007 ms
62,1513.3500000000008 ms
62,1545.9500000000007 ms
62,1546.250000000001 ms
62,1549.4000000000005 ms
62,1554.050000000001 ms
62,1555.4500000000007 ms
62,1561.300000000001 ms
62,1581.550000000001 ms
62,1585.7000000000007 ms
62,1608.400000000001 ms
62,1609.7000000000012 ms
62,1632.3500000000008 ms
62,1633.7000000000012 ms
62,1648.8000000000006 ms
62,1658.8500000000008 ms
62,1672.7000000000007 ms
62,1677.0500000000006 ms
62,1684.8000000000006 ms
62,1689.9000000000005 ms
62,1709.8000000000006 ms
62,1710.2000000000007 ms
62,1715.000000000001 ms
62,1734.750000000001 ms
62,1736.3500000000004 ms
62,1746.5500000000006 ms
62,1753.5500000000006 ms
62,1782.5500000000006 ms
62,1793.9500000000007 ms
62,1794.8500000000008 ms
62,1810.650000000001 ms
62,1827.0000000000005 ms
62,1854.7000000000007 ms
62,1873.7000000000007 ms
62,1893.6000000000008 ms
62,1913.750000000001 ms
62,1923.8500000000008 ms
62,1939.3000000000006 ms
62,1951.500000000001 ms
62,1958.1000000000008 ms
62,1980.9500000000007 ms
62,1995.750000000001 ms
62,2012.1500000000005 ms
62,2026.050000000001 ms
62,2026.550000000001 ms
62,2047.550000000001 ms
62,2060.4000000000015 ms
62,2063.9000000000015 ms
62,2105.9500000000007 ms
62,2114.3500000000013 ms
62,2128.500000000001 ms
62,2144.2000000000016 ms
62,2152.1500000000005 ms
62,2159.6500000000005 ms
62,2178.9000000000005 ms
62,2180.500000000001 ms
62,2197.9000000000005 ms
62,2200.2000000000016 ms
62,2226.050000000001 ms
62,2243.9000000000015 ms
62,2249.500000000001 ms
62,2287.6000000000013 ms
62,2288.4000000000005 ms
62,2294.6500000000005 ms
62,2298.550000000001 ms
62,2299.550000000001 ms
62,2341.550000000001 ms
62,2345.4000000000015 ms
62,2387.500000000001 ms
62,2392.9000000000005 ms
62,2397.800000000001 ms
62,2436.250000000001 ms
62,2439.1500000000005 ms
62,2474.300000000001 ms
62,2480.4000000000015 ms
62,2506.2000000000007 ms
62,2515.250000000002 ms
62,2531.1000000000013 ms
62,2533.1500000000015 ms
62,2538.4000000000015 ms
62,2550.8500000000013 ms
62,2557.300000000001 ms
62,2561.4000000000015 ms
62,2563.2000000000007 ms
62,2567.6000000000013 ms
62,2577.6000000000013 ms
62,2587.000000000001 ms
62,2621.9000000000015 ms
62,2647.050000000001 ms
62,2650.250000000002 ms
62,2667.4000000000015 ms
62,2708.3500000000013 ms
62,2711.2000000000016 ms
62,2730.3500000000013 ms
62,2732.4000000000015 ms
62,2741.8500000000013 ms
62,2748.300000000001 ms
62,2757.500000000001 ms
62,2761.500000000001 ms
62,2775.6500000000005 ms
62,2795.6500000000005 ms
62,2799.2000000000016 ms
62,2800.6500000000005 ms
62,2805.3500000000013 ms
62,2811.9000000000005 ms
62,2840.1000000000013 ms
62,2861.3500000000013 ms
62,2894.9500000000007 ms
62,2905.4000000000005 ms
62,2950.3500000000004 ms
62,2959.55 ms
62,2960.05 ms
62,2962.3 ms
62,2964.9000000000005 ms
62,2975.45 ms
62,2978.8500000000004 ms
62,2980.25 ms
62,2982.25 ms
62,3008.7000000000007 ms
62,3033.3999999999996 ms
62,3034.6499999999996 ms
62,3040.8999999999996 ms
62,3045.8999999999996 ms
62,3051.5 ms
62,3059.8 ms
62,3092.4000000000005 ms
62,3095.55 ms
62,3099.3 ms
62,3103.7 ms
62,3110.6000000000004 ms
62,3121.1500000000005 ms
62,3141.7000000000007 ms
62,3164.4000000000005 ms
62,3171.7000000000007 ms
62,3173.6000000000004 ms
62,3207.8500000000004 ms
62,3238.6000000000004 ms
62,3253.1500000000015 ms
62,3264.800000000001 ms
62,3292.8500000000013 ms
62,3309.6000000000013 ms
62,3331.1000000000013 ms
62,3331.250000000001 ms
62,3350.000000000001 ms
62,3383.1500000000015 ms
62,3385.8500000000013 ms
62,3404.250000000001 ms
62,3412.4000000000015 ms
62,3434.9500000000016 ms
62,3444.250000000002 ms
62,3444.9500000000016 ms
62,3445.3500000000013 ms
62,3451.4500000000016 ms
62,3482.300000000002 ms
62,3482.800000000002 ms
62,3498.8500000000013 ms
62,3516.8500000000013 ms
62,3559.050000000002 ms
62,3560.000000000001 ms
62,3600.9000000000015 ms
62,3609.2000000000016 ms
62,3621.000000000002 ms
62,3641.4500000000016 ms
62,3674.2000000000016 ms
62,3681.000000000002 ms
62,3683.4000000000015 ms
62,3686.9500000000025 ms
62,3699.4500000000025 ms
62,3708.6500000000015 ms
62,3715.6500000000015 ms
62,3718.300000000002 ms
62,3747.000000000002 ms
62,3778.2000000000016 ms
62,3791.6500000000015 ms
62,3810.550000000001 ms
62,3822.050000000001 ms
62,3860.300000000001 ms
62,3894.9500000000016 ms
62,3918.750000000002 ms
62,3959.300000000002 ms
62,3975.100000000002 ms
62,3991.050000000002 ms
62,3992.300000000002 ms
63,12.3 ms
63,15.95 ms
63,48.150000000000006 ms
63,70.30000000000001 ms
63,73.05000000000001 ms
63,80.0 ms
63,99.65000000000003 ms
63,104.25 ms
63,129.20000000000002 ms
63,134.00000000000003 ms
63,143.65000000000006 ms
63,155.60000000000005 ms
63,156.80000000000004 ms
63,157.79999999999998 ms
63,175.70000000000002 ms
63,179.75000000000003 ms
63,193.6 ms
63,202.75000000000003 ms
63,206.00000000000003 ms
63,228.90000000000006 ms
63,233.00000000000003 ms
63,252.55000000000004 ms
63,256.15 ms
63,256.2500000000001 ms
63,279.20000000000005 ms
63,284.20000000000005 ms
63,307.1500000000001 ms
63,315.75 ms
63,334.0 ms
63,334.5 ms
63,335.85000000000014 ms
63,337.20000000000005 ms
63,341.5000000000001 ms
63,352.1500000000001 ms
63,352.60000000000014 ms
63,354.70000000000005 ms
63,357.85000000000014 ms
63,361.10000000000014 ms
63,382.85000000000014 ms
63,385.80000000000007 ms
63,426.20000000000005 ms
63,429.1 ms
63,453.25 ms
63,465.70000000000005 ms
63,487.79999999999995 ms
63,494.75 ms
63,497.85 ms
63,506.75 ms
63,531.75 ms
63,534.8499999999999 ms
63,603.1500000000001 ms
63,641.25 ms
63,643.45 ms
63,661.05 ms
63,664.7 ms
63,675.1000000000001 ms
63,704.8 ms
63,712.0000000000002 ms
63,725.8500000000001 ms
63,731.8000000000002 ms
63,734.9500000000003 ms
63,749.6000000000001 ms
63,759.3000000000002 ms
63,774.3500000000001 ms
63,791.8500000000001 ms
63,792.0500000000002 ms
63,794.7000000000003 ms
63,807.9500000000003 ms
63,809.9500000000003 ms
63,823.6500000000001 ms
63,831.2000000000003 ms
63,840.5 ms
63,857.6000000000001 ms
63,872.5500000000002 ms
63,875.5500000000002 ms
63,886.0000000000002 ms
63,887.0000000000002 ms
63,887.9500000000003 ms
63,888.5000000000002 ms
63,894.6000000000001 ms
63,949.5000000000002 ms
63,952.8000000000002 ms
63,958.9500000000003 ms
63,974.1500000000001 ms
63,989.3000000000002 ms
63,993.3000000000002 ms
63,999.1500000000001 ms
63,1012.2500000000002 ms
63,1032.4500000000003 ms
63,1047.8500000000004 ms
63,1061.6500000000005 ms
63,1090.1000000000004 ms
63,1098.7000000000003 ms
63,1105.6000000000004 ms
63,1137.1000000000004 ms
63,1148.6000000000004 ms
63,1152.8500000000004 ms
63,1156.8500000000004 ms
63,1158.3500000000004 ms
63,1242.1500000000005 ms
63,1249.8500000000004 ms
63,1258.5500000000002 ms
63,1264.4000000000005 ms
63,1269.3500000000004 ms
63,1281.1500000000005 ms
63,1285.1000000000004 ms
63,1286.2000000000003 ms
63,1311.15 ms
63,1313.0000000000005 ms
63,1314.5000000000005 ms
63,1328.5000000000005 ms
63,1341.7500000000005 ms
63,1357.5000000000005 ms
63,1371.15 ms
63,1386.5000000000005 ms
63,1426.35 ms
63,1428.35 ms
63,1429.2000000000003 ms
63,1443.5 ms
63,1446.0 ms
63,1480.4 ms
63,1480.6 ms
63,1490.4500000000003 ms
63,1551.0 ms
63,1612.6999999999998 ms
63,1623.8000000000002 ms
63,1652.25 ms
63,1655.8000000000002 ms
63,1665.1499999999996 ms
63,1703.85 ms
63,1715.1 ms
63,1772.4499999999998 ms
63,1778.25 ms
63,1788.0999999999995 ms
63,1830.8499999999995 ms
63,1842.8999999999996 ms
63,1849.4499999999998 ms
63,1851.1999999999998 ms
63,1871.3999999999996 ms
63,1898.4499999999998 ms
63,1913.8999999999996 ms
63,1914.5499999999997 ms
63,1952.9999999999995 ms
63,1960.9 ms
63,1972.4499999999998 ms
63,1975.6999999999998 ms
63,1981.3999999999996 ms
63,1986.3999999999996 ms
63,2031.1 ms
63,2043.9 ms
63,2044.1999999999998 ms
63,2047.6 ms
63,2051.2500000000005 ms
63,2094.5500000000006 ms
63,2115.7500000000005 ms
63,2129.9 ms
63,2130.9 ms
63,2151.9999999999995 ms
63,2166.2999999999997 ms
63,2169.6 ms
63,2187.4 ms
63,2209.7500000000005 ms
63,2212.1 ms
63,2222.5499999999997 ms
63,2280.4 ms
63,2299.0500000000006 ms
63,2305.7000000000003 ms
63,2333.4500000000003 ms
63,2335.7500000000005 ms
63,2346.150000000001 ms
63,2351.450000000001 ms
63,2354.8000000000006 ms
63,2357.950000000001 ms
63,2361.8000000000006 ms
63,2375.600000000001 ms
63,2378.100000000001 ms
63,2386.150000000001 ms
63,2420.900000000001 ms
63,2421.8000000000015 ms
63,2426.8000000000006 ms
63,2428.600000000001 ms
63,2447.700000000001 ms
63,2448.900000000001 ms
63,2449.950000000001 ms
63,2450.5000000000014 ms
63,2457.150000000002 ms
63,2466.3500000000017 ms
63,2469.700000000001 ms
63,2470.950000000001 ms
63,2473.2500000000014 ms
63,2479.700000000001 ms
63,2482.150000000001 ms
63,2506.3000000000015 ms
63,2508.5500000000006 ms
63,2513.0500000000015 ms
63,2520.650000000001 ms
63,2549.200000000001 ms
63,2571.8000000000006 ms
63,2572.2500000000005 ms
63,2578.8000000000006 ms
63,2613.5500000000015 ms
63,2614.150000000001 ms
63,2618.350000000001 ms
63,2621.100000000001 ms
63,2624.900000000001 ms
63,2625.0000000000005 ms
63,2626.400000000001 ms
63,2654.0000000000005 ms
63,2662.2000000000003 ms
63,2662.600000000001 ms
63,2669.0500000000006 ms
63,2669.4 ms
63,2683.4500000000003 ms
63,2698.9 ms
63,2703.3000000000006 ms
63,2713.5500000000006 ms
63,2723.65 ms
63,2739.9500000000003 ms
63,2764.7500000000005 ms
63,2766.7500000000014 ms
63,2798.150000000001 ms
63,2809.2500000000005 ms
63,2821.350000000001 ms
63,2821.5500000000006 ms
63,2853.0000000000005 ms
63,2860.7000000000003 ms
63,2866.7999999999997 ms
63,2868.0500000000006 ms
63,2868.4 ms
63,2876.8000000000006 ms
63,2877.9500000000003 ms
63,2898.600000000001 ms
63,2909.8000000000006 ms
63,2929.0499999999997 ms
63,2930.2000000000003 ms
63,2950.100000000001 ms
63,2970.150000000001 ms
63,2980.850000000001 ms
63,2982.8000000000006 ms
63,2986.4 ms
63,2986.8000000000006 ms
63,3011.4500000000003 ms
63,3019.350000000001 ms
63,3023.3000000000006 ms
63,3024.600000000001 ms
63,3052.9500000000003 ms
63,3059.350000000001 ms
63,3080.1 ms
63,3092.15 ms
63,3097.7500000000005 ms
63,3101.2000000000003 ms
63,3118.2999999999997 ms
63,3121.35 ms
63,3128.4500000000003 ms
63,3165.65 ms
63,3165.8000000000006 ms
63,3172.0000000000005 ms
63,3181.65 ms
63,3197.7000000000003 ms
63,3214.4 ms
63,3240.15 ms
63,3261.6 ms
63,3275.65 ms
63,3278.15 ms
63,3297.0500000000006 ms
63,3314.850000000001 ms
63,3317.1 ms
63,3347.65 ms
63,3355.2000000000003 ms
63,3366.7500000000005 ms
63,3386.0500000000006 ms
63,3414.8000000000015 ms
63,3441.6000000000017 ms
63,3448.650000000002 ms
63,3466.0000000000014 ms
63,3466.850000000001 ms
63,3471.3000000000006 ms
63,3473.700000000001 ms
63,3474.700000000001 ms
63,3481.0500000000006 ms
63,3481.3000000000015 ms
63,3496.450000000001 ms
63,3514.8500000000017 ms
63,3530.7500000000014 ms
63,3539.7500000000014 ms
63,3559.400000000002 ms
63,3565.8000000000015 ms
63,3584.950000000002 ms
63,3597.8500000000017 ms
63,3604.7500000000023 ms
63,3619.400000000002 ms
63,3631.8500000000017 ms
63,3633.450000000001 ms
63,3639.3500000000017 ms
63,3639.700000000001 ms
63,3657.7500000000014 ms
63,3676.650000000002 ms
63,3685.5000000000014 ms
63,3692.5000000000023 ms
63,3706.2500000000014 ms
63,3709.3000000000015 ms
63,3711.150000000002 ms
63,3731.450000000002 ms
63,3750.5500000000015 ms
63,3751.200000000002 ms
63,3760.2500000000023 ms
63,3768.400000000003 ms
63,3788.700000000003 ms
63,3789.000000000003 ms
63,3790.1000000000026 ms
63,3816.6000000000026 ms
63,3817.250000000003 ms
63,3818.0000000000023 ms
63,3842.500000000003 ms
63,3865.7500000000023 ms
63,3911.150000000003 ms
63,3924.3500000000026 ms
63,3936.8000000000025 ms
63,3942.700000000003 ms
63,3943.450000000002 ms
63,3960.3500000000026 ms
63,3971.150000000003 ms
63,3981.400000000003 ms
63,3983.8500000000026 ms
63,3986.700000000002 ms
64,1.7000000000000002 ms
64,14.600000000000001 ms
64,48.650000000000006 ms
64,48.95 ms
64,52.25 ms
64,117.0 ms
64,122.05000000000001 ms
64,144.8 ms
64,146.15000000000003 ms
64,163.65000000000003 ms
64,163.90000000000003 ms
64,164.75 ms
64,182.7 ms
64,190.89999999999998 ms
64,206.04999999999995 ms
64,235.10000000000002 ms
64,245.35000000000002 ms
64,256.75 ms
64,256.85 ms
64,263.4 ms
64,287.5000000000001 ms
64,298.65 ms
64,354.5000000000001 ms
64,365.30000000000007 ms
64,373.80000000000007 ms
64,384.05000000000007 ms
64,402.1500000000001 ms
64,402.80000000000007 ms
64,418.7500000000001 ms
64,421.30000000000007 ms
64,427.1 ms
64,444.5000000000001 ms
64,446.20000000000005 ms
64,460.75 ms
64,464.75 ms
64,500.95000000000005 ms
64,505.1 ms
64,516.7 ms
64,547.75 ms
64,548.0 ms
64,556.95 ms
64,557.6000000000001 ms
64,566.1000000000001 ms
64,584.25 ms
64,590.6500000000001 ms
64,600.6500000000001 ms
64,611.75 ms
64,641.4000000000001 ms
64,651.4499999999998 ms
64,657.9499999999998 ms
64,664.9499999999998 ms
64,693.1999999999998 ms
64,700.9499999999998 ms
64,713.1999999999998 ms
64,726.3 ms
64,733.8999999999999 ms
64,752.3500000000001 ms
64,756.0 ms
64,767.1500000000001 ms
64,770.8 ms
64,775.1499999999999 ms
64,782.1000000000001 ms
64,797.3500000000001 ms
64,797.8500000000001 ms
64,838.2 ms
64,859.8500000000001 ms
64,861.0 ms
64,925.8 ms
64,964.5999999999999 ms
64,977.5999999999999 ms
64,983.1999999999998 ms
64,987.8 ms
64,989.05 ms
64,1011.3499999999999 ms
64,1013.5999999999999 ms
64,1025.6 ms
64,1029.9 ms
64,1063.85 ms
64,1065.85 ms
64,1069.6 ms
64,1077.4 ms
64,1084.35 ms
64,1098.5499999999997 ms
64,1126.6 ms
64,1149.1 ms
64,1151.65 ms
64,1170.65 ms
64,1186.9999999999995 ms
64,1191.6 ms
64,1197.0499999999997 ms
64,1197.8999999999996 ms
64,1202.0499999999997 ms
64,1204.6 ms
64,1219.2999999999997 ms
64,1242.6999999999998 ms
64,1262.75 ms
64,1264.3999999999996 ms
64,1290.1999999999998 ms
64,1304.25 ms
64,1312.6499999999996 ms
64,1314.3999999999996 ms
64,1324.4499999999998 ms
64,1370.0499999999997 ms
64,1373.4499999999998 ms
64,1380.6 ms
64,1420.35 ms
64,1429.65 ms
64,1479.15 ms
64,1482.1999999999998 ms
64,1486.0499999999997 ms
64,1486.4499999999998 ms
64,1487.3999999999996 ms
64,1506.8000000000002 ms
64,1526.3999999999996 ms
64,1528.3000000000002 ms
64,1533.3999999999996 ms
64,1543.3000000000002 ms
64,1546.3000000000002 ms
64,1550.75 ms
64,1554.5500000000002 ms
64,1567.3000000000002 ms
64,1569.1999999999998 ms
64,1572.4 ms
64,1578.9 ms
64,1580.15 ms
64,1619.4 ms
64,1633.6 ms
64,1650.8000000000002 ms
64,1675.7000000000003 ms
64,1681.5000000000005 ms
64,1684.15 ms
64,1684.3500000000004 ms
64,1684.6500000000005 ms
64,1692.1500000000005 ms
64,1694.9000000000005 ms
64,1718.7000000000003 ms
64,1737.1000000000004 ms
64,1742.4500000000003 ms
64,1751.2000000000003 ms
64,1752.7500000000005 ms
64,1777.0500000000002 ms
64,1792.65 ms
64,1800.4 ms
64,1808.15 ms
64,1833.35 ms
64,1835.4500000000003 ms
64,1851.65 ms
64,1854.9 ms
64,1858.7000000000003 ms
64,1861.25 ms
64,1874.1 ms
64,1888.9 ms
64,1903.9499999999998 ms
64,1913.9499999999998 ms
64,1925.25 ms
64,1930.0999999999995 ms
64,1940.0 ms
64,1945.6499999999996 ms
64,1950.3999999999996 ms
64,1955.6499999999996 ms
64,1962.3000000000002 ms
64,1971.75 ms
64,1975.4499999999998 ms
64,1984.8000000000002 ms
64,1999.4499999999998 ms
64,2012.8500000000004 ms
64,2015.6000000000004 ms
64,2034.6000000000004 ms
64,2045.3000000000002 ms
64,2084.45 ms
64,2112.9000000000005 ms
64,2113.3 ms
64,2146.6500000000005 ms
64,2183.0 ms
64,2204.6000000000004 ms
64,2208.2 ms
64,2221.0 ms
64,2226.25 ms
64,2235.45 ms
64,2248.75 ms
64,2263.3 ms
64,2295.2 ms
64,2306.7 ms
64,2319.250000000001 ms
64,2324.4000000000005 ms
64,2331.9000000000005 ms
64,2339.1500000000005 ms
64,2340.3500000000004 ms
64,2341.6500000000005 ms
64,2345.9500000000007 ms
64,2346.550000000001 ms
64,2371.75 ms
64,2411.2000000000007 ms
64,2420.5 ms
64,2436.2000000000007 ms
64,2479.8999999999996 ms
64,2496.1499999999996 ms
64,2509.8500000000004 ms
64,2538.5 ms
64,2573.25 ms
64,2583.7 ms
64,2587.5999999999995 ms
64,2605.05 ms
64,2624.05 ms
64,2632.1499999999996 ms
64,2644.75 ms
64,2645.8999999999996 ms
64,2653.7999999999993 ms
64,2654.2999999999993 ms
64,2660.3999999999996 ms
64,2673.2 ms
64,2680.0999999999995 ms
64,2704.8 ms
64,2716.3 ms
64,2722.5999999999995 ms
64,2726.05 ms
64,2744.95 ms
64,2754.55 ms
64,2755.499999999999 ms
64,2779.6499999999996 ms
64,2782.5499999999993 ms
64,2783.5 ms
64,2786.949999999999 ms
64,2788.3999999999996 ms
64,2803.5999999999985 ms
64,2809.2999999999993 ms
64,2815.6499999999987 ms
64,2815.949999999999 ms
64,2819.3499999999985 ms
64,2820.5499999999993 ms
64,2835.499999999998 ms
64,2843.3499999999985 ms
64,2846.499999999998 ms
64,2853.7999999999993 ms
64,2875.1499999999987 ms
64,2895.5499999999984 ms
64,2897.249999999999 ms
64,2912.0999999999985 ms
64,2947.5499999999984 ms
64,2967.499999999998 ms
64,2997.7999999999984 ms
64,3027.0499999999984 ms
64,3032.449999999998 ms
64,3035.249999999999 ms
64,3041.199999999998 ms
64,3041.7999999999984 ms
64,3054.5999999999985 ms
64,3068.3999999999987 ms
64,3075.0999999999985 ms
64,3082.0999999999985 ms
64,3113.949999999999 ms
64,3131.249999999998 ms
64,3141.949999999999 ms
64,3161.449999999999 ms
64,3163.8499999999985 ms
64,3167.749999999998 ms
64,3173.0499999999993 ms
64,3174.0499999999993 ms
64,3191.449999999999 ms
64,3202.249999999999 ms
64,3225.999999999999 ms
64,3228.6499999999987 ms
64,3234.5999999999995 ms
64,3281.949999999999 ms
64,3286.8999999999987 ms
64,3289.5499999999984 ms
64,3310.5499999999984 ms
64,3314.6499999999987 ms
64,3327.499999999999 ms
64,3353.0499999999984 ms
64,3374.3499999999995 ms
64,3441.699999999999 ms
64,3444.749999999999 ms
64,3465.5499999999993 ms
64,3468.0499999999993 ms
64,3492.5499999999993 ms
64,3505.8999999999996 ms
64,3542.949999999999 ms
64,3553.0499999999993 ms
64,3632.0999999999995 ms
64,3637.249999999999 ms
64,3647.8999999999996 ms
64,3651.7999999999993 ms
64,3670.1000000000004 ms
64,3694.1000000000004 ms
64,3695.75 ms
64,3700.55 ms
64,3745.95 ms
64,3767.750000000001 ms
64,3771.55 ms
64,3775.6500000000005 ms
64,3778.9000000000005 ms
64,3781.2000000000007 ms
64,3781.800000000001 ms
64,3796.0 ms
64,3825.9000000000005 ms
64,3837.8500000000004 ms
64,3844.4500000000007 ms
64,3855.1499999999996 ms
64,3884.9500000000007 ms
64,3886.8 ms
64,3891.3 ms
64,3907.45 ms
64,3910.6000000000004 ms
64,3912.5 ms
64,3916.8500000000004 ms
64,3938.3 ms
64,3945.8 ms
64,3946.2 ms
64,3972.3500000000004 ms
64,3977.1000000000004 ms
64,3988.3500000000004 ms
64,3996.1000000000004 ms
65,12.4 ms
65,22.450000000000003 ms
65,33.550000000000004 ms
65,36.90000000000001 ms
65,40.300000000000004 ms
65,73.1 ms
65,81.80000000000001 ms
65,85.4 ms
65,85.95000000000002 ms
65,102.85 ms
65,106.35 ms
65,113.00000000000003 ms
65,113.55000000000001 ms
65,121.80000000000001 ms
65,147.35000000000002 ms
65,155.75 ms
65,159.60000000000002 ms
65,161.45000000000005 ms
65,169.05 ms
65,195.25 ms
65,221.0 ms
65,241.75 ms
65,273.70000000000005 ms
65,316.5 ms
65,320.4 ms
65,337.94999999999993 ms
65,345.69999999999993 ms
65,363.19999999999993 ms
65,369.75 ms
65,387.20000000000005 ms
65,400.20000000000005 ms
65,435.70000000000005 ms
65,487.79999999999995 ms
65,492.1500000000001 ms
65,520.0500000000001 ms
65,541.8000000000001 ms
65,568.7500000000001 ms
65,600.8000000000001 ms
65,616.0500000000001 ms
65,621.6500000000002 ms
65,688.4 ms
65,691.9499999999999 ms
65,693.4999999999999 ms
65,729.9499999999999 ms
65,745.65 ms
65,762.9000000000002 ms
65,822.0000000000001 ms
65,840.5500000000001 ms
65,874.6 ms
65,892.5500000000001 ms
65,901.5500000000001 ms
65,912.6999999999999 ms
65,914.15 ms
65,926.5500000000001 ms
65,938.4499999999999 ms
65,948.65 ms
65,950.1500000000002 ms
65,955.2500000000001 ms
65,985.3000000000001 ms
65,997.5000000000001 ms
65,1000.9500000000002 ms
65,1020.1500000000002 ms
65,1038.0500000000002 ms
65,1048.5500000000002 ms
65,1069.25 ms
65,1073.6000000000004 ms
65,1082.6999999999998 ms
65,1100.0500000000002 ms
65,1108.6499999999996 ms
65,1122.75 ms
65,1130.2999999999997 ms
65,1136.6499999999996 ms
65,1168.1499999999996 ms
65,1169.7499999999995 ms
65,1176.4499999999994 ms
65,1201.6499999999996 ms
65,1217.4499999999998 ms
65,1240.4999999999995 ms
65,1247.7999999999997 ms
65,1260.3499999999995 ms
65,1262.3499999999995 ms
65,1288.2499999999995 ms
65,1296.5499999999997 ms
65,1309.5499999999997 ms
65,1318.5999999999995 ms
65,1333.6999999999994 ms
65,1337.6499999999992 ms
65,1339.9499999999994 ms
65,1346.2499999999995 ms
65,1354.4999999999995 ms
65,1355.599999999999 ms
65,1368.7499999999995 ms
65,1373.0499999999993 ms
65,1376.0999999999995 ms
65,1377.249999999999 ms
65,1382.6499999999996 ms
65,1388.2999999999993 ms
65,1388.8999999999996 ms
65,1392.3499999999995 ms
65,1427.0499999999993 ms
65,1440.4499999999998 ms
65,1457.6499999999996 ms
65,1501.5499999999997 ms
65,1504.1 ms
65,1514.1999999999994 ms
65,1514.8999999999996 ms
65,1535.6499999999996 ms
65,1578.4999999999995 ms
65,1585.4999999999995 ms
65,1590.9499999999994 ms
65,1629.7999999999997 ms
65,1634.5499999999997 ms
65,1657.8499999999995 ms
65,1667.3499999999995 ms
65,1674.2999999999993 ms
65,1700.1999999999998 ms
65,1729.6499999999996 ms
65,1734.0999999999995 ms
65,1738.7999999999997 ms
65,1741.7499999999995 ms
65,1755.1 ms
65,1769.3999999999996 ms
65,1790.6999999999998 ms
65,1800.1499999999996 ms
65,1822.7999999999997 ms
65,1831.5499999999997 ms
65,1838.2999999999997 ms
65,1838.6 ms
65,1862.6499999999996 ms
65,1868.0499999999997 ms
65,1880.8999999999996 ms
65,1900.9499999999998 ms
65,1901.2999999999993 ms
65,1904.9999999999995 ms
65,1905.6999999999994 ms
65,1919.3999999999996 ms
65,1931.8499999999995 ms
65,1947.9499999999998 ms
65,1960.6499999999996 ms
65,1974.7999999999997 ms
65,1974.8999999999996 ms
65,1988.9999999999995 ms
65,1990.3499999999995 ms
65,1995.4999999999995 ms
65,2008.9499999999994 ms
65,2013.7999999999997 ms
65,2020.9499999999994 ms
65,2022.7499999999995 ms
65,2032.2999999999997 ms
65,2041.8499999999995 ms
65,2072.0999999999995 ms
65,2099.5999999999995 ms
65,2099.999999999999 ms
65,2104.5999999999995 ms
65,2128.7999999999993 ms
65,2131.499999999999 ms
65,2139.5499999999993 ms
65,2144.3499999999995 ms
65,2167.45 ms
65,2171.249999999999 ms
65,2224.999999999999 ms
65,2225.1499999999996 ms
65,2241.7999999999993 ms
65,2274.5 ms
65,2295.75 ms
65,2311.1499999999996 ms
65,2329.5 ms
65,2331.0 ms
65,2346.5999999999995 ms
65,2356.999999999999 ms
65,2357.749999999999 ms
65,2367.3499999999995 ms
65,2379.1499999999996 ms
65,2386.7999999999993 ms
65,2396.5499999999993 ms
65,2416.75 ms
65,2417.5999999999995 ms
65,2421.7 ms
65,2423.499999999999 ms
65,2429.8999999999996 ms
65,2432.6499999999996 ms
65,2460.7 ms
65,2468.8999999999996 ms
65,2489.0499999999993 ms
65,2502.2999999999993 ms
65,2513.25 ms
65,2524.5999999999995 ms
65,2529.749999999999 ms
65,2537.6499999999996 ms
65,2545.5999999999995 ms
65,2550.8999999999996 ms
65,2556.7999999999993 ms
65,2569.2999999999993 ms
65,2577.2 ms
65,2617.95 ms
65,2629.1499999999996 ms
65,2633.0999999999995 ms
65,2657.249999999999 ms
65,2661.6499999999996 ms
65,2663.25 ms
65,2688.25 ms
65,2692.5 ms
65,2694.199999999999 ms
65,2695.7999999999993 ms
65,2726.449999999999 ms
65,2735.5499999999993 ms
65,2737.699999999999 ms
65,2746.5499999999993 ms
65,2755.5999999999995 ms
65,2759.249999999999 ms
65,2762.8 ms
65,2797.3499999999995 ms
65,2803.5999999999995 ms
65,2817.9000000000005 ms
65,2821.75 ms
65,2882.45 ms
65,2891.3 ms
65,2896.1499999999996 ms
65,2906.3499999999995 ms
65,2923.499999999999 ms
65,2935.8 ms
65,2945.999999999999 ms
65,2947.3999999999996 ms
65,2948.5 ms
65,2960.0999999999995 ms
65,2975.999999999999 ms
65,2980.1499999999996 ms
65,2985.5499999999993 ms
65,2997.5 ms
65,3001.8999999999996 ms
65,3046.25 ms
65,3053.3999999999996 ms
65,3062.3499999999995 ms
65,3065.8999999999996 ms
65,3066.45 ms
65,3083.3999999999996 ms
65,3086.2999999999993 ms
65,3099.0 ms
65,3127.949999999999 ms
65,3129.8499999999995 ms
65,3175.8999999999996 ms
65,3178.2 ms
65,3190.45 ms
65,3190.55 ms
65,3195.45 ms
65,3203.55 ms
65,3219.55 ms
65,3229.7 ms
65,3238.8999999999996 ms
65,3243.0999999999995 ms
65,3255.249999999999 ms
65,3266.6499999999996 ms
65,3270.75 ms
65,3280.0999999999995 ms
65,3323.7 ms
65,3330.0999999999995 ms
65,3334.8999999999996 ms
65,3346.0 ms
65,3353.1499999999996 ms
65,3361.7 ms
65,3385.25 ms
65,3386.5 ms
65,3386.8500000000004 ms
65,3391.6000000000004 ms
65,3414.8500000000004 ms
65,3417.25 ms
65,3429.8 ms
65,3465.8 ms
65,3495.55 ms
65,3498.6500000000005 ms
65,3500.8 ms
65,3515.3 ms
65,3528.6000000000004 ms
65,3549.4000000000005 ms
65,3551.250000000001 ms
65,3563.6500000000005 ms
65,3564.250000000001 ms
65,3602.250000000001 ms
65,3606.750000000001 ms
65,3620.45 ms
65,3628.55 ms
65,3630.0 ms
65,3632.6499999999996 ms
65,3634.25 ms
65,3636.55 ms
65,3639.8 ms
65,3666.7 ms
65,3674.000000000001 ms
65,3685.3500000000004 ms
65,3686.75 ms
65,3687.2000000000007 ms
65,3693.4500000000007 ms
65,3706.0 ms
65,3730.75 ms
65,3751.0 ms
65,3765.5 ms
65,3786.3500000000004 ms
65,3793.9500000000007 ms
65,3800.3500000000004 ms
65,3809.55 ms
65,3822.9000000000005 ms
65,3826.5999999999995 ms
65,3833.55 ms
65,3834.55 ms
65,3840.8 ms
65,3843.249999999999 ms
65,3843.6499999999996 ms
65,3856.0999999999995 ms
65,3860.3499999999995 ms
65,3861.5499999999993 ms
65,3874.499999999999 ms
65,3881.749999999999 ms
65,3886.3999999999987 ms
65,3890.499999999999 ms
65,3904.3999999999987 ms
65,3913.6499999999987 ms
65,3922.2999999999993 ms
65,3933.0999999999995 ms
65,3939.6499999999996 ms
65,3945.0999999999995 ms
65,3954.5999999999995 ms
65,3967.3999999999996 ms
65,3984.8999999999996 ms
65,3989.7 ms
65,3989.8 ms
65,3996.3 ms
65,3996.999999999999 ms
65,3997.8 ms
66,3.0500000000000003 ms
66,27.750000000000004 ms
66,29.050000000000008 ms
66,31.450000000000006 ms
66,73.2 ms
66,79.24999999999999 ms
66,84.14999999999999 ms
66,93.35000000000001 ms
66,117.05000000000003 ms
66,118.00000000000001 ms
66,181.55 ms
66,187.40000000000003 ms
66,187.7 ms
66,211.05 ms
66,222.0 ms
66,242.64999999999998 ms
66,244.89999999999998 ms
66,261.35 ms
66,287.75 ms
66,320.70000000000005 ms
66,341.9 ms
66,347.65 ms
66,359.75 ms
66,362.1 ms
66,366.85 ms
66,373.30000000000007 ms
66,394.25 ms
66,430.0 ms
66,430.65 ms
66,435.4 ms
66,438.65 ms
66,459.85 ms
66,462.4 ms
66,472.65 ms
66,500.35 ms
66,500.69999999999993 ms
66,511.65 ms
66,518.1 ms
66,529.8000000000001 ms
66,538.7500000000001 ms
66,545.7000000000002 ms
66,561.4500000000002 ms
66,565.7000000000002 ms
66,588.0000000000001 ms
66,592.1000000000003 ms
66,594.85 ms
66,645.8000000000001 ms
66,648.7500000000001 ms
66,652.6000000000003 ms
66,669.7000000000004 ms
66,671.2500000000003 ms
66,688.7500000000001 ms
66,689.4500000000002 ms
66,695.5500000000003 ms
66,718.7500000000003 ms
66,726.6500000000002 ms
66,738.3000000000003 ms
66,738.8000000000003 ms
66,751.3500000000003 ms
66,760.0000000000001 ms
66,778.7500000000003 ms
66,780.7500000000001 ms
66,781.1500000000002 ms
66,783.2500000000003 ms
66,794.8500000000003 ms
66,812.5500000000003 ms
66,812.7000000000002 ms
66,815.4500000000004 ms
66,815.9000000000004 ms
66,874.8500000000005 ms
66,914.2000000000004 ms
66,933.0500000000005 ms
66,935.4000000000004 ms
66,945.4500000000004 ms
66,953.5500000000005 ms
66,971.2000000000004 ms
66,981.0500000000005 ms
66,985.2500000000006 ms
66,1037.6000000000004 ms
66,1049.3000000000002 ms
66,1051.5500000000002 ms
66,1056.5000000000005 ms
66,1086.6000000000004 ms
66,1105.5500000000002 ms
66,1118.3500000000004 ms
66,1125.4000000000005 ms
66,1128.5500000000002 ms
66,1132.3000000000002 ms
66,1135.7500000000005 ms
66,1148.2000000000003 ms
66,1182.0000000000005 ms
66,1189.9500000000003 ms
66,1199.9000000000005 ms
66,1207.2500000000005 ms
66,1212.0500000000006 ms
66,1216.0500000000006 ms
66,1222.6000000000004 ms
66,1223.0000000000005 ms
66,1242.7000000000003 ms
66,1252.3500000000008 ms
66,1254.3500000000008 ms
66,1258.4000000000005 ms
66,1264.4000000000005 ms
66,1276.3000000000006 ms
66,1286.3000000000006 ms
66,1291.7500000000005 ms
66,1321.8500000000008 ms
66,1325.7500000000005 ms
66,1330.1000000000008 ms
66,1332.3500000000008 ms
66,1348.6500000000005 ms
66,1349.4000000000005 ms
66,1370.4500000000007 ms
66,1374.3500000000004 ms
66,1380.6000000000004 ms
66,1385.000000000001 ms
66,1390.9500000000007 ms
66,1405.2000000000007 ms
66,1413.2000000000007 ms
66,1416.2000000000007 ms
66,1421.000000000001 ms
66,1427.1000000000004 ms
66,1429.1000000000004 ms
66,1436.250000000001 ms
66,1446.1500000000005 ms
66,1463.8500000000008 ms
66,1470.1000000000008 ms
66,1474.150000000001 ms
66,1497.7500000000005 ms
66,1510.400000000001 ms
66,1511.3500000000008 ms
66,1532.3500000000008 ms
66,1540.250000000001 ms
66,1549.550000000001 ms
66,1552.6500000000005 ms
66,1554.4500000000007 ms
66,1577.4500000000007 ms
66,1608.4500000000007 ms
66,1615.9000000000005 ms
66,1616.1500000000005 ms
66,1627.9500000000007 ms
66,1633.9500000000007 ms
66,1649.250000000001 ms
66,1658.750000000001 ms
66,1660.3500000000004 ms
66,1665.0500000000006 ms
66,1682.7500000000005 ms
66,1686.0500000000006 ms
66,1733.8500000000008 ms
66,1745.2500000000005 ms
66,1781.7500000000005 ms
66,1783.0000000000005 ms
66,1813.1000000000008 ms
66,1852.7500000000005 ms
66,1872.650000000001 ms
66,1888.5000000000005 ms
66,1891.7000000000007 ms
66,1896.2000000000007 ms
66,1898.500000000001 ms
66,1909.5500000000006 ms
66,1913.9000000000005 ms
66,1925.4500000000007 ms
66,1948.2500000000005 ms
66,1967.6000000000004 ms
66,1978.5000000000005 ms
66,1994.2500000000005 ms
66,1995.5500000000006 ms
66,2028.2000000000003 ms
66,2032.0500000000006 ms
66,2033.4 ms
66,2037.1000000000004 ms
66,2060.25 ms
66,2074.4500000000007 ms
66,2083.3500000000004 ms
66,2108.1000000000004 ms
66,2109.3500000000004 ms
66,2118.1000000000004 ms
66,2128.8500000000004 ms
66,2129.3 ms
66,2135.1000000000004 ms
66,2136.1000000000004 ms
66,2136.6500000000005 ms
66,2138.1500000000005 ms
66,2138.6000000000004 ms
66,2151.7000000000007 ms
66,2170.1000000000004 ms
66,2190.9500000000007 ms
66,2192.2000000000007 ms
66,2202.6499999999996 ms
66,2222.3 ms
66,2231.3 ms
66,2241.5 ms
66,2245.8500000000004 ms
66,2253.6000000000004 ms
66,2255.3500000000004 ms
66,2261.7999999999993 ms
66,2278.3999999999996 ms
66,2279.7999999999993 ms
66,2309.5499999999993 ms
66,2311.3999999999996 ms
66,2315.25 ms
66,2328.3999999999996 ms
66,2339.7999999999993 ms
66,2357.75 ms
66,2360.8499999999995 ms
66,2386.8499999999995 ms
66,2398.5999999999995 ms
66,2406.0499999999993 ms
66,2434.7999999999993 ms
66,2451.3999999999996 ms
66,2479.8999999999996 ms
66,2480.8499999999985 ms
66,2497.199999999999 ms
66,2504.0499999999993 ms
66,2512.0999999999985 ms
66,2518.699999999999 ms
66,2544.449999999999 ms
66,2553.949999999999 ms
66,2555.249999999999 ms
66,2561.199999999999 ms
66,2592.8499999999985 ms
66,2611.199999999999 ms
66,2634.449999999999 ms
66,2642.8999999999987 ms
66,2649.2999999999984 ms
66,2649.999999999999 ms
66,2675.2999999999984 ms
66,2677.7999999999984 ms
66,2680.8999999999987 ms
66,2705.0999999999985 ms
66,2710.0499999999984 ms
66,2722.699999999998 ms
66,2731.5999999999985 ms
66,2743.499999999998 ms
66,2762.3499999999985 ms
66,2764.3499999999985 ms
66,2782.5499999999984 ms
66,2791.5499999999984 ms
66,2809.449999999998 ms
66,2815.0999999999985 ms
66,2816.8499999999985 ms
66,2822.749999999998 ms
66,2848.1499999999987 ms
66,2850.249999999999 ms
66,2850.8999999999987 ms
66,2851.249999999999 ms
66,2864.2999999999984 ms
66,2885.2999999999984 ms
66,2912.749999999999 ms
66,2930.449999999998 ms
66,2954.3999999999987 ms
66,2967.249999999998 ms
66,3008.449999999998 ms
66,3019.3499999999976 ms
66,3055.199999999998 ms
66,3067.149999999998 ms
66,3092.249999999998 ms
66,3111.2999999999975 ms
66,3112.749999999998 ms
66,3120.149999999998 ms
66,3120.2999999999975 ms
66,3128.5999999999985 ms
66,3138.499999999998 ms
66,3140.399999999998 ms
66,3146.8499999999985 ms
66,3152.5499999999975 ms
66,3159.0999999999985 ms
66,3161.199999999998 ms
66,3163.0499999999984 ms
66,3175.399999999998 ms
66,3178.249999999998 ms
66,3183.499999999998 ms
66,3185.3499999999976 ms
66,3187.5999999999976 ms
66,3207.0999999999976 ms
66,3224.899999999998 ms
66,3235.899999999998 ms
66,3240.749999999998 ms
66,3255.999999999998 ms
66,3264.3499999999976 ms
66,3282.2499999999973 ms
66,3284.7999999999984 ms
66,3305.199999999998 ms
66,3308.249999999998 ms
66,3313.699999999998 ms
66,3326.8499999999976 ms
66,3328.999999999998 ms
66,3330.5999999999985 ms
66,3339.199999999998 ms
66,3345.7999999999984 ms
66,3346.399999999998 ms
66,3366.149999999998 ms
66,3383.0999999999976 ms
66,3394.8499999999976 ms
66,3418.5999999999976 ms
66,3433.0999999999976 ms
66,3452.7999999999975 ms
66,3458.449999999997 ms
66,3465.949999999997 ms
66,3471.399999999998 ms
66,3475.699999999997 ms
66,3494.749999999998 ms
66,3500.449999999997 ms
66,3506.149999999998 ms
66,3517.2999999999975 ms
66,3522.149999999998 ms
66,3534.8499999999967 ms
66,3551.7999999999975 ms
66,3555.149999999997 ms
66,3560.2999999999965 ms
66,3562.199999999997 ms
66,3569.9999999999973 ms
66,3580.449999999997 ms
66,3589.949999999997 ms
66,3596.4999999999973 ms
66,3600.449999999997 ms
66,3600.649999999997 ms
66,3604.2999999999965 ms
66,3607.449999999997 ms
66,3610.5499999999975 ms
66,3615.0499999999975 ms
66,3635.899999999997 ms
66,3643.9999999999973 ms
66,3677.399999999997 ms
66,3686.949999999997 ms
66,3690.449999999997 ms
66,3695.199999999997 ms
66,3713.399999999997 ms
66,3757.699999999997 ms
66,3795.2499999999973 ms
66,3804.3499999999976 ms
66,3806.7499999999973 ms
66,3808.699999999997 ms
66,3812.2999999999975 ms
66,3814.199999999997 ms
66,3828.0499999999975 ms
66,3868.9999999999964 ms
66,3878.649999999997 ms
66,3888.2999999999965 ms
66,3888.949999999997 ms
66,3896.149999999997 ms
66,3905.9999999999973 ms
66,3906.3499999999967 ms
66,3918.8499999999967 ms
66,3932.949999999997 ms
67,2.0500000000000003 ms
67,5.550000000000001 ms
67,30.500000000000004 ms
67,33.150000000000006 ms
67,43.7 ms
67,50.400000000000006 ms
67,51.0 ms
67,61.10000000000001 ms
67,68.7 ms
67,72.85000000000001 ms
67,80.30000000000003 ms
67,83.50000000000001 ms
67,87.15000000000002 ms
67,107.60000000000004 ms
67,124.40000000000002 ms
67,134.5 ms
67,138.60000000000002 ms
67,147.90000000000003 ms
67,150.65000000000003 ms
67,159.25000000000006 ms
67,161.60000000000002 ms
67,228.70000000000005 ms
67,230.90000000000003 ms
67,240.95000000000005 ms
67,247.40000000000003 ms
67,256.3 ms
67,264.65000000000003 ms
67,277.4500000000001 ms
67,280.65000000000003 ms
67,285.75000000000006 ms
67,287.1000000000001 ms
67,288.50000000000006 ms
67,291.95 ms
67,297.00000000000006 ms
67,306.3500000000001 ms
67,308.50000000000006 ms
67,310.8500000000001 ms
67,320.4500000000001 ms
67,360.1000000000001 ms
67,385.00000000000006 ms
67,386.8500000000001 ms
67,406.75000000000006 ms
67,413.2000000000001 ms
67,442.00000000000017 ms
67,459.8500000000002 ms
67,463.6000000000001 ms
67,469.7000000000001 ms
67,475.65000000000015 ms
67,482.8500000000001 ms
67,486.25000000000006 ms
67,493.1000000000001 ms
67,493.8500000000002 ms
67,500.40000000000015 ms
67,500.50000000000017 ms
67,510.6000000000002 ms
67,540.1000000000001 ms
67,573.6500000000001 ms
67,578.4000000000001 ms
67,613.95 ms
67,620.6000000000001 ms
67,634.95 ms
67,645.7 ms
67,645.95 ms
67,656.05 ms
67,666.7 ms
67,682.1500000000001 ms
67,688.2 ms
67,688.55 ms
67,703.95 ms
67,709.75 ms
67,716.2 ms
67,733.3500000000001 ms
67,749.3999999999999 ms
67,750.55 ms
67,760.0 ms
67,783.0 ms
67,808.25 ms
67,815.25 ms
67,816.5999999999999 ms
67,828.2 ms
67,836.7 ms
67,841.1500000000001 ms
67,842.9000000000001 ms
67,848.25 ms
67,852.25 ms
67,861.7000000000003 ms
67,886.1000000000001 ms
67,897.4000000000001 ms
67,902.0500000000002 ms
67,904.5 ms
67,911.9500000000003 ms
67,931.6500000000001 ms
67,965.5500000000002 ms
67,965.9500000000003 ms
67,976.0500000000002 ms
67,982.5500000000002 ms
67,986.8000000000002 ms
67,988.5500000000002 ms
67,996.6500000000001 ms
67,1015.1000000000004 ms
67,1022.2000000000003 ms
67,1032.7500000000005 ms
67,1048.0000000000005 ms
67,1053.9500000000003 ms
67,1056.0000000000005 ms
67,1069.5000000000005 ms
67,1070.8000000000002 ms
67,1101.9 ms
67,1103.7000000000003 ms
67,1120.6 ms
67,1122.2500000000005 ms
67,1126.35 ms
67,1207.7000000000003 ms
67,1244.15 ms
67,1276.5500000000002 ms
67,1278.0500000000002 ms
67,1285.5 ms
67,1293.5500000000002 ms
67,1315.0500000000002 ms
67,1328.65 ms
67,1330.4 ms
67,1350.0 ms
67,1352.65 ms
67,1356.0 ms
67,1462.9 ms
67,1472.4500000000003 ms
67,1513.75 ms
67,1526.65 ms
67,1580.25 ms
67,1592.5 ms
67,1597.8000000000002 ms
67,1603.6499999999996 ms
67,1621.8000000000002 ms
67,1627.0 ms
67,1635.1 ms
67,1644.65 ms
67,1660.9999999999995 ms
67,1723.4499999999998 ms
67,1741.3999999999996 ms
67,1743.1999999999998 ms
67,1753.7999999999997 ms
67,1769.5499999999997 ms
67,1803.5499999999997 ms
67,1822.85 ms
67,1855.1999999999994 ms
67,1887.0499999999997 ms
67,1896.6499999999992 ms
67,1901.6499999999992 ms
67,1917.3999999999992 ms
67,1920.1499999999992 ms
67,1950.4499999999994 ms
67,1961.8499999999995 ms
67,1977.7499999999995 ms
67,1978.2999999999997 ms
67,1980.1499999999992 ms
67,1997.4999999999995 ms
67,2007.849999999999 ms
67,2015.9499999999994 ms
67,2022.599999999999 ms
67,2070.6999999999994 ms
67,2085.6999999999994 ms
67,2089.85 ms
67,2091.9999999999995 ms
67,2094.5499999999997 ms
67,2105.7499999999995 ms
67,2108.7499999999995 ms
67,2137.65 ms
67,2143.0499999999997 ms
67,2143.9999999999995 ms
67,2171.9999999999995 ms
67,2193.7999999999997 ms
67,2209.149999999999 ms
67,2216.15 ms
67,2230.9500000000003 ms
67,2277.6999999999994 ms
67,2278.1 ms
67,2283.85 ms
67,2301.7999999999997 ms
67,2303.2999999999997 ms
67,2305.2999999999997 ms
67,2318.4500000000003 ms
67,2323.65 ms
67,2329.2999999999997 ms
67,2334.7999999999997 ms
67,2341.2999999999997 ms
67,2372.7000000000003 ms
67,2388.1 ms
67,2391.7500000000005 ms
67,2394.1 ms
67,2492.6999999999994 ms
67,2493.7000000000003 ms
67,2498.5499999999997 ms
67,2517.0499999999997 ms
67,2518.6 ms
67,2526.65 ms
67,2527.4500000000003 ms
67,2527.600000000001 ms
67,2533.6 ms
67,2534.600000000001 ms
67,2536.8000000000006 ms
67,2540.4500000000003 ms
67,2552.850000000001 ms
67,2575.6 ms
67,2600.15 ms
67,2611.3000000000006 ms
67,2618.950000000001 ms
67,2631.3000000000006 ms
67,2661.15 ms
67,2666.0000000000005 ms
67,2678.35 ms
67,2695.2999999999997 ms
67,2695.9500000000003 ms
67,2722.7999999999997 ms
67,2728.1 ms
67,2745.2999999999997 ms
67,2753.0500000000006 ms
67,2770.2500000000005 ms
67,2804.5500000000006 ms
67,2812.0000000000005 ms
67,2812.4999999999995 ms
67,2813.7999999999997 ms
67,2820.65 ms
67,2838.8000000000006 ms
67,2884.4500000000003 ms
67,2887.15 ms
67,2894.7000000000003 ms
67,2907.2999999999997 ms
67,2909.9 ms
67,2917.85 ms
67,2936.1 ms
67,2939.1999999999994 ms
67,2941.2499999999995 ms
67,2949.1 ms
67,2950.5000000000005 ms
67,2984.2000000000003 ms
67,2993.7500000000005 ms
67,3001.1 ms
67,3002.7999999999997 ms
67,3007.399999999999 ms
67,3029.4999999999995 ms
67,3034.7999999999997 ms
67,3041.4500000000003 ms
67,3058.2999999999997 ms
67,3065.6 ms
67,3071.65 ms
67,3074.1 ms
67,3090.6 ms
67,3096.35 ms
67,3118.9499999999994 ms
67,3162.5499999999997 ms
67,3209.6 ms
67,3212.5000000000005 ms
67,3227.4999999999995 ms
67,3242.5000000000005 ms
67,3253.7000000000003 ms
67,3260.5499999999997 ms
67,3269.399999999999 ms
67,3290.349999999999 ms
67,3295.85 ms
67,3299.4499999999994 ms
67,3309.9499999999994 ms
67,3331.549999999999 ms
67,3335.349999999999 ms
67,3358.4499999999994 ms
67,3358.799999999999 ms
67,3360.849999999999 ms
67,3385.6999999999994 ms
67,3391.1999999999994 ms
67,3429.7499999999995 ms
67,3437.4999999999995 ms
67,3438.7499999999995 ms
67,3447.7499999999995 ms
67,3451.0499999999997 ms
67,3459.7499999999995 ms
67,3475.9999999999995 ms
67,3505.1999999999994 ms
67,3529.35 ms
67,3545.2499999999995 ms
67,3575.15 ms
67,3589.6 ms
67,3600.7999999999997 ms
67,3602.799999999999 ms
67,3603.2999999999997 ms
67,3625.299999999999 ms
67,3625.4499999999994 ms
67,3634.399999999999 ms
67,3637.0499999999997 ms
67,3644.149999999999 ms
67,3661.2499999999986 ms
67,3664.9499999999985 ms
67,3671.8999999999983 ms
67,3701.049999999999 ms
67,3738.9499999999994 ms
67,3753.899999999999 ms
67,3760.3999999999983 ms
67,3766.4999999999986 ms
67,3792.849999999998 ms
67,3793.7499999999986 ms
67,3797.149999999999 ms
67,3808.9999999999986 ms
67,3831.1999999999985 ms
67,3839.6499999999983 ms
67,3840.7499999999977 ms
67,3844.349999999998 ms
67,3873.1999999999975 ms
67,3887.6499999999974 ms
67,3904.2499999999977 ms
67,3936.1999999999975 ms
67,3960.799999999997 ms
67,3994.549999999998 ms
68,12.350000000000001 ms
68,20.85 ms
68,21.25 ms
68,32.5 ms
68,43.7 ms
68,49.150000000000006 ms
68,50.30000000000001 ms
68,62.80000000000001 ms
68,83.85000000000002 ms
68,91.19999999999999 ms
68,104.69999999999999 ms
68,142.0 ms
68,163.5 ms
68,168.75 ms
68,169.25 ms
68,170.35000000000002 ms
68,172.5 ms
68,184.14999999999998 ms
68,185.0 ms
68,188.55 ms
68,190.7 ms
68,202.45 ms
68,206.65000000000003 ms
68,223.25 ms
68,243.10000000000002 ms
68,331.65 ms
68,334.44999999999993 ms
68,342.85 ms
68,353.1 ms
68,398.4 ms
68,413.9 ms
68,416.5 ms
68,441.70000000000005 ms
68,452.45000000000005 ms
68,458.70000000000005 ms
68,471.20000000000005 ms
68,513.95 ms
68,515.1500000000001 ms
68,520.8500000000001 ms
68,553.1500000000001 ms
68,615.2 ms
68,642.95 ms
68,660.55 ms
68,675.1500000000001 ms
68,693.5500000000002 ms
68,694.9000000000001 ms
68,704.7 ms
68,715.7 ms
68,722.6500000000001 ms
68,735.75 ms
68,742.0500000000002 ms
68,751.8000000000002 ms
68,799.8499999999999 ms
68,806.0500000000002 ms
68,814.3499999999999 ms
68,836.0999999999999 ms
68,840.5500000000002 ms
68,841.0500000000002 ms
68,876.0500000000002 ms
68,897.45 ms
68,902.5 ms
68,906.05 ms
68,931.25 ms
68,991.75 ms
68,994.75 ms
68,1035.15 ms
68,1039.8000000000002 ms
68,1050.75 ms
68,1053.0 ms
68,1059.25 ms
68,1091.8000000000002 ms
68,1101.5500000000002 ms
68,1103.25 ms
68,1150.9500000000003 ms
68,1170.2500000000005 ms
68,1176.7500000000005 ms
68,1183.85 ms
68,1186.3000000000002 ms
68,1196.5 ms
68,1237.8500000000004 ms
68,1239.15 ms
68,1253.25 ms
68,1259.3000000000002 ms
68,1277.9499999999998 ms
68,1324.75 ms
68,1336.65 ms
68,1337.9500000000003 ms
68,1338.1 ms
68,1369.4500000000003 ms
68,1370.9 ms
68,1389.65 ms
68,1391.35 ms
68,1399.6 ms
68,1405.35 ms
68,1419.2500000000005 ms
68,1430.0000000000005 ms
68,1439.2500000000005 ms
68,1439.6 ms
68,1442.8000000000002 ms
68,1449.9500000000003 ms
68,1453.5000000000005 ms
68,1460.5000000000005 ms
68,1468.9500000000003 ms
68,1482.8000000000002 ms
68,1498.8500000000004 ms
68,1509.6999999999998 ms
68,1513.3000000000002 ms
68,1520.0500000000002 ms
68,1532.1499999999996 ms
68,1536.8999999999996 ms
68,1570.3000000000002 ms
68,1611.1499999999996 ms
68,1621.8000000000002 ms
68,1642.35 ms
68,1648.75 ms
68,1673.9 ms
68,1691.1 ms
68,1696.4500000000003 ms
68,1716.0 ms
68,1752.9499999999998 ms
68,1757.4 ms
68,1763.9500000000003 ms
68,1766.4500000000003 ms
68,1770.9 ms
68,1788.65 ms
68,1797.7000000000003 ms
68,1802.1 ms
68,1804.5500000000002 ms
68,1820.0500000000002 ms
68,1821.25 ms
68,1824.5 ms
68,1857.7000000000003 ms
68,1899.3000000000002 ms
68,1912.1000000000004 ms
68,1924.4499999999998 ms
68,1949.65 ms
68,1952.25 ms
68,1956.65 ms
68,1957.9500000000003 ms
68,1971.5 ms
68,1976.85 ms
68,1981.15 ms
68,1985.9999999999995 ms
68,1986.2499999999995 ms
68,1989.5499999999997 ms
68,1997.35 ms
68,2005.5499999999997 ms
68,2049.2 ms
68,2083.95 ms
68,2105.3999999999996 ms
68,2107.0 ms
68,2122.3999999999996 ms
68,2124.45 ms
68,2148.95 ms
68,2167.0 ms
68,2181.6000000000004 ms
68,2194.2 ms
68,2208.8999999999996 ms
68,2230.8999999999996 ms
68,2243.3499999999995 ms
68,2243.5499999999993 ms
68,2244.1499999999996 ms
68,2247.749999999999 ms
68,2249.5999999999995 ms
68,2262.749999999999 ms
68,2272.999999999999 ms
68,2274.199999999999 ms
68,2274.3999999999987 ms
68,2275.3499999999985 ms
68,2291.499999999998 ms
68,2305.0499999999993 ms
68,2307.449999999999 ms
68,2318.6499999999987 ms
68,2318.949999999999 ms
68,2331.0999999999985 ms
68,2335.8499999999985 ms
68,2339.0499999999993 ms
68,2364.5499999999993 ms
68,2370.2999999999993 ms
68,2385.5499999999993 ms
68,2413.2999999999993 ms
68,2414.2999999999993 ms
68,2427.2999999999993 ms
68,2442.3999999999987 ms
68,2456.2999999999984 ms
68,2485.0499999999984 ms
68,2487.8999999999987 ms
68,2500.3999999999987 ms
68,2533.199999999999 ms
68,2537.1499999999987 ms
68,2543.8999999999987 ms
68,2545.699999999999 ms
68,2546.749999999999 ms
68,2557.2999999999993 ms
68,2587.5999999999995 ms
68,2590.95 ms
68,2641.2999999999993 ms
68,2653.749999999999 ms
68,2656.3999999999987 ms
68,2664.3499999999995 ms
68,2668.449999999999 ms
68,2681.8999999999987 ms
68,2683.6499999999987 ms
68,2688.6499999999987 ms
68,2729.2999999999984 ms
68,2744.7999999999984 ms
68,2746.5999999999995 ms
68,2758.6499999999987 ms
68,2760.499999999999 ms
68,2775.949999999999 ms
68,2805.949999999999 ms
68,2807.949999999999 ms
68,2820.0499999999993 ms
68,2843.449999999999 ms
68,2869.749999999999 ms
68,2887.699999999999 ms
68,2904.2999999999993 ms
68,2904.8999999999987 ms
68,2913.8999999999987 ms
68,2931.8999999999987 ms
68,2939.749999999999 ms
68,2942.3499999999985 ms
68,2944.6499999999987 ms
68,2950.699999999999 ms
68,2961.0999999999985 ms
68,2961.199999999999 ms
68,2998.449999999999 ms
68,3011.999999999999 ms
68,3025.6499999999987 ms
68,3038.45 ms
68,3041.249999999999 ms
68,3043.499999999999 ms
68,3049.2 ms
68,3074.8999999999987 ms
68,3093.3999999999987 ms
68,3124.3999999999987 ms
68,3126.499999999999 ms
68,3127.0999999999995 ms
68,3142.8499999999995 ms
68,3151.0499999999984 ms
68,3151.999999999999 ms
68,3153.6499999999987 ms
68,3176.6499999999987 ms
68,3192.0999999999985 ms
68,3193.5999999999985 ms
68,3203.3499999999985 ms
68,3241.3999999999987 ms
68,3252.2999999999984 ms
68,3256.699999999999 ms
68,3263.0999999999985 ms
68,3269.249999999999 ms
68,3272.949999999999 ms
68,3274.2999999999993 ms
68,3281.499999999998 ms
68,3289.5499999999993 ms
68,3307.8499999999985 ms
68,3308.8499999999985 ms
68,3325.949999999999 ms
68,3352.999999999999 ms
68,3395.0499999999993 ms
68,3412.7999999999993 ms
68,3417.999999999999 ms
68,3435.3999999999987 ms
68,3454.0499999999993 ms
68,3465.449999999999 ms
68,3471.3999999999996 ms
68,3487.1499999999996 ms
68,3509.499999999999 ms
68,3567.249999999999 ms
68,3572.2999999999993 ms
68,3598.199999999999 ms
68,3599.2999999999993 ms
68,3600.949999999999 ms
68,3617.699999999999 ms
68,3619.0999999999995 ms
68,3619.2 ms
68,3634.5499999999993 ms
68,3635.5499999999993 ms
68,3644.249999999999 ms
68,3645.0499999999993 ms
68,3652.749999999999 ms
68,3658.2999999999993 ms
68,3668.8999999999996 ms
68,3672.6499999999996 ms
68,3693.6499999999996 ms
68,3695.449999999999 ms
68,3714.6499999999996 ms
68,3750.0999999999985 ms
68,3755.449999999999 ms
68,3764.0999999999985 ms
68,3766.699999999999 ms
68,3774.5499999999993 ms
68,3778.3999999999987 ms
68,3793.499999999999 ms
68,3796.5499999999984 ms
68,3818.199999999999 ms
68,3822.2999999999993 ms
68,3828.499999999998 ms
68,3844.499999999998 ms
68,3861.949999999999 ms
68,3892.399999999998 ms
68,3896.649999999998 ms
68,3910.649999999998 ms
68,3918.199999999999 ms
68,3924.649999999998 ms
68,3927.5999999999985 ms
68,3928.949999999998 ms
68,3938.2999999999984 ms
68,3939.449999999998 ms
68,3943.949999999998 ms
68,3951.499999999998 ms
68,3966.449999999998 ms
68,3982.3499999999976 ms
69,0.8500000000000001 ms
69,3.4500000000000006 ms
69,10.05 ms
69,19.75 ms
69,23.799999999999997 ms
69,26.0 ms
69,32.6 ms
69,48.99999999999999 ms
69,51.9 ms
69,77.0 ms
69,81.65 ms
69,82.0 ms
69,83.44999999999999 ms
69,94.55000000000001 ms
69,105.65 ms
69,106.5 ms
69,106.75 ms
69,108.05000000000001 ms
69,111.0 ms
69,120.6 ms
69,127.79999999999998 ms
69,143.65 ms
69,148.6 ms
69,159.35 ms
69,168.85 ms
69,181.94999999999996 ms
69,207.1 ms
69,211.44999999999996 ms
69,226.6 ms
69,232.35 ms
69,241.29999999999998 ms
69,254.74999999999997 ms
69,267.5 ms
69,269.85 ms
69,273.30000000000007 ms
69,276.4 ms
69,306.20000000000005 ms
69,308.6 ms
69,316.1 ms
69,327.70000000000005 ms
69,365.4000000000001 ms
69,365.79999999999995 ms
69,367.20000000000005 ms
69,380.3499999999999 ms
69,396.5 ms
69,410.29999999999995 ms
69,456.69999999999993 ms
69,462.65 ms
69,471.3499999999999 ms
69,505.19999999999993 ms
69,514.4 ms
69,517.7500000000001 ms
69,517.85 ms
69,518.35 ms
69,573.2000000000002 ms
69,573.8000000000001 ms
69,596.1 ms
69,597.65 ms
69,606.65 ms
69,608.15 ms
69,611.0000000000001 ms
69,627.2499999999999 ms
69,627.65 ms
69,638.5499999999998 ms
69,647.4 ms
69,656.35 ms
69,667.9500000000002 ms
69,670.8000000000001 ms
69,677.35 ms
69,679.0500000000001 ms
69,726.2500000000001 ms
69,738.3500000000003 ms
69,758.9000000000002 ms
69,760.15 ms
69,762.1999999999999 ms
69,763.8000000000001 ms
69,766.5500000000001 ms
69,771.5000000000001 ms
69,774.0000000000001 ms
69,789.5000000000001 ms
69,790.65 ms
69,794.1999999999999 ms
69,802.0500000000001 ms
69,807.5500000000001 ms
69,810.6 ms
69,812.3000000000001 ms
69,842.1999999999999 ms
69,874.2499999999999 ms
69,883.15 ms
69,889.4 ms
69,895.5499999999998 ms
69,915.9499999999999 ms
69,931.9 ms
69,953.0000000000001 ms
69,962.7499999999999 ms
69,972.0000000000001 ms
69,981.9 ms
69,986.2500000000001 ms
69,1003.8000000000001 ms
69,1004.5000000000001 ms
69,1023.9 ms
69,1030.6999999999998 ms
69,1079.5500000000002 ms
69,1087.8999999999996 ms
69,1106.9499999999998 ms
69,1117.35 ms
69,1159.25 ms
69,1170.4499999999998 ms
69,1194.0500000000002 ms
69,1194.3000000000002 ms
69,1199.8999999999996 ms
69,1204.5 ms
69,1221.2999999999997 ms
69,1222.3999999999996 ms
69,1252.0999999999995 ms
69,1289.7999999999997 ms
69,1302.8999999999996 ms
69,1311.2499999999995 ms
69,1325.1999999999994 ms
69,1342.6499999999996 ms
69,1347.0499999999997 ms
69,1359.9499999999998 ms
69,1397.6 ms
69,1409.5 ms
69,1409.65 ms
69,1410.25 ms
69,1414.9499999999998 ms
69,1439.5500000000002 ms
69,1442.6499999999996 ms
69,1449.0 ms
69,1456.9499999999998 ms
69,1497.8999999999996 ms
69,1526.25 ms
69,1528.75 ms
69,1565.4499999999998 ms
69,1570.1999999999998 ms
69,1575.5499999999997 ms
69,1588.0499999999997 ms
69,1591.4999999999995 ms
69,1598.9999999999995 ms
69,1600.1 ms
69,1611.2999999999997 ms
69,1647.7499999999995 ms
69,1655.85 ms
69,1662.7999999999997 ms
69,1669.3999999999996 ms
69,1674.2999999999997 ms
69,1703.1999999999998 ms
69,1721.1499999999996 ms
69,1744.1499999999996 ms
69,1760.6499999999996 ms
69,1766.0 ms
69,1835.6999999999998 ms
69,1849.4499999999998 ms
69,1886.1499999999996 ms
69,1887.1999999999998 ms
69,1903.25 ms
69,1909.5499999999997 ms
69,1910.6 ms
69,1914.4999999999995 ms
69,1964.4499999999998 ms
69,1976.1999999999998 ms
69,1986.1999999999998 ms
69,1994.1 ms
69,1994.9499999999998 ms
69,2014.5499999999997 ms
69,2056.3999999999996 ms
69,2057.1499999999996 ms
69,2061.1499999999996 ms
69,2064.2 ms
69,2074.7 ms
69,2084.75 ms
69,2095.1499999999996 ms
69,2100.9500000000007 ms
69,2130.9500000000007 ms
69,2140.3 ms
69,2142.25 ms
69,2152.3500000000004 ms
69,2174.1499999999996 ms
69,2185.75 ms
69,2187.95 ms
69,2205.3999999999996 ms
69,2220.95 ms
69,2225.95 ms
69,2229.05 ms
69,2234.8499999999995 ms
69,2239.1500000000005 ms
69,2251.2 ms
69,2272.250000000001 ms
69,2282.3 ms
69,2328.1500000000005 ms
69,2354.000000000001 ms
69,2355.750000000001 ms
69,2367.8 ms
69,2402.1500000000005 ms
69,2405.8500000000004 ms
69,2411.6000000000004 ms
69,2412.3 ms
69,2418.1500000000005 ms
69,2425.0 ms
69,2435.6499999999996 ms
69,2442.25 ms
69,2445.6000000000004 ms
69,2469.2 ms
69,2472.8 ms
69,2485.1499999999996 ms
69,2505.8499999999995 ms
69,2517.499999999999 ms
69,2534.5999999999995 ms
69,2592.2 ms
69,2626.499999999999 ms
69,2647.45 ms
69,2661.2999999999993 ms
69,2668.7999999999993 ms
69,2676.249999999999 ms
69,2704.3499999999995 ms
69,2711.0999999999995 ms
69,2717.6499999999987 ms
69,2721.6499999999987 ms
69,2725.2999999999993 ms
69,2728.0499999999993 ms
69,2739.2999999999993 ms
69,2755.499999999999 ms
69,2757.6499999999987 ms
69,2763.749999999999 ms
69,2779.0499999999993 ms
69,2802.3499999999995 ms
69,2818.45 ms
69,2849.6499999999987 ms
69,2849.7999999999993 ms
69,2868.0999999999995 ms
69,2897.7999999999993 ms
69,2904.999999999999 ms
69,2915.3999999999987 ms
69,2915.7 ms
69,2958.45 ms
69,2972.3499999999995 ms
69,2981.499999999999 ms
69,3001.55 ms
69,3005.8 ms
69,3009.3 ms
69,3023.8999999999996 ms
69,3024.8999999999996 ms
69,3027.5 ms
69,3039.199999999999 ms
69,3042.949999999999 ms
69,3049.7999999999993 ms
69,3054.6499999999996 ms
69,3055.3999999999996 ms
69,3073.2999999999993 ms
69,3094.6499999999996 ms
69,3100.449999999999 ms
69,3104.5 ms
69,3123.25 ms
69,3123.75 ms
69,3153.2999999999993 ms
69,3161.8500000000004 ms
69,3181.75 ms
69,3188.8999999999996 ms
69,3197.3999999999996 ms
69,3201.55 ms
69,3207.9000000000005 ms
69,3209.0999999999995 ms
69,3217.9000000000005 ms
69,3235.5999999999995 ms
69,3236.3499999999995 ms
69,3238.45 ms
69,3242.8499999999995 ms
69,3284.0999999999995 ms
69,3294.9000000000005 ms
69,3354.25 ms
69,3361.8999999999996 ms
69,3376.4500000000007 ms
69,3377.1000000000004 ms
69,3378.2000000000007 ms
69,3390.8999999999996 ms
69,3401.1000000000004 ms
69,3401.7 ms
69,3430.3999999999996 ms
69,3456.0999999999995 ms
69,3493.8999999999996 ms
69,3530.3499999999995 ms
69,3556.0999999999995 ms
69,3558.0499999999993 ms
69,3567.699999999999 ms
69,3600.1499999999996 ms
69,3619.0999999999985 ms
69,3656.0499999999993 ms
69,3681.199999999999 ms
69,3714.2999999999993 ms
69,3716.5499999999993 ms
69,3753.699999999999 ms
69,3758.1499999999987 ms
69,3766.5999999999985 ms
69,3804.8999999999987 ms
69,3805.3499999999985 ms
69,3815.699999999999 ms
69,3824.749999999998 ms
69,3846.0499999999993 ms
69,3850.5999999999985 ms
69,3860.0499999999993 ms
69,3861.8999999999987 ms
69,3880.1499999999987 ms
69,3893.699999999999 ms
69,3905.999999999999 ms
69,3916.0999999999995 ms
69,3920.7999999999984 ms
69,3925.5499999999984 ms
69,3928.8999999999987 ms
69,3932.3499999999985 ms
69,3937.3499999999985 ms
69,3950.699999999999 ms
69,3969.3499999999985 ms
69,3984.5499999999984 ms
69,3993.8499999999985 ms
70,23.650000000000002 ms
70,25.650000000000002 ms
70,25.8 ms
70,42.05 ms
70,55.2 ms
70,71.8 ms
70,94.55 ms
70,101.39999999999999 ms
70,106.85000000000001 ms
70,117.00000000000001 ms
70,139.0 ms
70,141.39999999999998 ms
70,148.55 ms
70,188.60000000000002 ms
70,205.70000000000005 ms
70,207.35000000000002 ms
70,210.60000000000002 ms
70,238.8 ms
70,252.2 ms
70,283.65000000000003 ms
70,291.15000000000003 ms
70,313.25000000000006 ms
70,330.25000000000006 ms
70,350.0500000000001 ms
70,353.8500000000001 ms
70,354.8500000000001 ms
70,360.1000000000001 ms
70,395.8500000000001 ms
70,405.3 ms
70,428.8500000000001 ms
70,431.8 ms
70,438.00000000000006 ms
70,449.75000000000006 ms
70,451.50000000000006 ms
70,451.95 ms
70,470.75000000000006 ms
70,503.15000000000003 ms
70,521.1500000000001 ms
70,521.75 ms
70,533.8500000000001 ms
70,536.8000000000002 ms
70,539.3000000000002 ms
70,546.3500000000001 ms
70,553.9000000000001 ms
70,578.75 ms
70,583.25 ms
70,588.7000000000003 ms
70,593.0500000000002 ms
70,601.0500000000002 ms
70,602.2000000000003 ms
70,607.7000000000003 ms
70,608.1000000000001 ms
70,608.9000000000001 ms
70,628.5500000000002 ms
70,635.7 ms
70,663.45 ms
70,675.6000000000001 ms
70,676.8500000000001 ms
70,682.6499999999999 ms
70,695.8999999999999 ms
70,702.6499999999999 ms
70,707.55 ms
70,713.05 ms
70,743.05 ms
70,745.3499999999999 ms
70,767.8 ms
70,776.05 ms
70,790.0 ms
70,807.8 ms
70,824.0999999999999 ms
70,853.25 ms
70,868.0 ms
70,881.4499999999998 ms
70,889.4499999999998 ms
70,950.05 ms
70,950.8999999999999 ms
70,969.6499999999999 ms
70,976.0 ms
70,1007.9000000000001 ms
70,1016.5999999999999 ms
70,1038.6 ms
70,1065.9 ms
70,1068.4 ms
70,1073.35 ms
70,1076.1999999999998 ms
70,1096.5499999999997 ms
70,1100.85 ms
70,1120.85 ms
70,1121.1999999999994 ms
70,1192.85 ms
70,1196.1499999999996 ms
70,1218.5999999999995 ms
70,1221.8499999999995 ms
70,1224.75 ms
70,1237.3999999999996 ms
70,1247.0500000000002 ms
70,1260.4499999999998 ms
70,1263.9499999999998 ms
70,1279.0500000000002 ms
70,1286.0 ms
70,1289.5 ms
70,1292.1 ms
70,1323.25 ms
70,1326.25 ms
70,1357.9 ms
70,1368.25 ms
70,1368.5 ms
70,1379.5 ms
70,1390.0500000000002 ms
70,1396.8000000000002 ms
70,1411.4499999999998 ms
70,1422.3000000000002 ms
70,1433.1999999999998 ms
70,1434.9499999999998 ms
70,1438.5500000000002 ms
70,1445.3000000000002 ms
70,1447.1999999999998 ms
70,1450.1999999999998 ms
70,1467.1000000000004 ms
70,1468.75 ms
70,1477.9500000000003 ms
70,1487.9500000000003 ms
70,1490.0500000000002 ms
70,1511.1000000000004 ms
70,1513.3500000000004 ms
70,1523.0 ms
70,1534.75 ms
70,1540.6500000000005 ms
70,1550.6500000000005 ms
70,1553.1000000000004 ms
70,1578.8000000000002 ms
70,1579.5000000000005 ms
70,1583.8000000000006 ms
70,1595.8500000000004 ms
70,1629.8000000000002 ms
70,1641.8500000000004 ms
70,1648.6500000000005 ms
70,1654.0 ms
70,1664.4000000000005 ms
70,1672.4500000000003 ms
70,1676.1000000000004 ms
70,1688.0500000000002 ms
70,1749.6000000000004 ms
70,1750.1500000000005 ms
70,1763.0500000000002 ms
70,1763.2000000000007 ms
70,1783.2000000000007 ms
70,1788.8500000000004 ms
70,1799.000000000001 ms
70,1808.3500000000004 ms
70,1809.8500000000004 ms
70,1811.8500000000004 ms
70,1815.500000000001 ms
70,1834.9500000000007 ms
70,1857.750000000001 ms
70,1858.9500000000007 ms
70,1887.500000000001 ms
70,1896.8500000000004 ms
70,1903.6000000000004 ms
70,1912.9500000000007 ms
70,1928.6500000000005 ms
70,1947.1000000000004 ms
70,1960.4500000000007 ms
70,1995.9000000000005 ms
70,2008.9500000000007 ms
70,2010.0000000000005 ms
70,2017.3500000000004 ms
70,2026.3500000000004 ms
70,2031.0000000000005 ms
70,2041.3500000000004 ms
70,2043.8000000000002 ms
70,2067.3 ms
70,2102.55 ms
70,2109.1000000000004 ms
70,2115.1000000000004 ms
70,2123.05 ms
70,2131.1000000000004 ms
70,2144.0 ms
70,2148.1000000000004 ms
70,2165.75 ms
70,2169.75 ms
70,2175.1500000000005 ms
70,2176.05 ms
70,2209.3500000000013 ms
70,2224.8500000000013 ms
70,2247.750000000001 ms
70,2250.750000000001 ms
70,2257.8500000000013 ms
70,2274.4000000000005 ms
70,2276.9500000000016 ms
70,2278.500000000001 ms
70,2286.9500000000016 ms
70,2290.6500000000005 ms
70,2291.050000000001 ms
70,2292.500000000001 ms
70,2295.050000000001 ms
70,2305.8500000000013 ms
70,2305.9500000000016 ms
70,2321.500000000001 ms
70,2323.000000000001 ms
70,2326.000000000001 ms
70,2333.750000000001 ms
70,2344.250000000001 ms
70,2361.000000000001 ms
70,2371.9500000000016 ms
70,2383.6000000000013 ms
70,2391.000000000001 ms
70,2393.8500000000013 ms
70,2411.3500000000013 ms
70,2416.500000000001 ms
70,2423.250000000001 ms
70,2433.500000000001 ms
70,2436.750000000001 ms
70,2436.8500000000013 ms
70,2445.1000000000013 ms
70,2447.750000000001 ms
70,2450.8500000000013 ms
70,2460.6500000000015 ms
70,2465.000000000002 ms
70,2472.300000000001 ms
70,2495.100000000002 ms
70,2502.9000000000015 ms
70,2518.000000000002 ms
70,2528.500000000002 ms
70,2538.800000000002 ms
70,2545.350000000002 ms
70,2548.600000000002 ms
70,2559.800000000002 ms
70,2566.800000000002 ms
70,2569.000000000002 ms
70,2583.550000000002 ms
70,2586.850000000002 ms
70,2608.9500000000025 ms
70,2615.300000000002 ms
70,2627.800000000002 ms
70,2648.600000000002 ms
70,2672.7000000000025 ms
70,2679.050000000002 ms
70,2680.4500000000016 ms
70,2686.6500000000024 ms
70,2687.6500000000024 ms
70,2695.050000000002 ms
70,2705.750000000002 ms
70,2728.850000000002 ms
70,2737.2000000000016 ms
70,2741.1000000000013 ms
70,2741.4000000000024 ms
70,2743.1000000000013 ms
70,2743.6500000000024 ms
70,2746.8500000000013 ms
70,2751.3500000000013 ms
70,2762.2000000000016 ms
70,2777.3500000000013 ms
70,2782.1500000000024 ms
70,2788.300000000002 ms
70,2807.600000000002 ms
70,2810.4500000000025 ms
70,2836.350000000002 ms
70,2839.4000000000024 ms
70,2866.350000000002 ms
70,2881.2000000000025 ms
70,2905.100000000002 ms
70,2908.000000000002 ms
70,2914.4500000000025 ms
70,2918.850000000002 ms
70,2923.2000000000025 ms
70,2925.250000000002 ms
70,2935.250000000002 ms
70,2965.350000000002 ms
70,2972.7000000000025 ms
70,2976.9500000000025 ms
70,2985.800000000002 ms
70,2991.500000000002 ms
70,2998.7000000000016 ms
70,3007.1000000000013 ms
70,3050.6500000000024 ms
70,3055.550000000002 ms
70,3092.9000000000024 ms
70,3104.3500000000013 ms
70,3109.1500000000024 ms
70,3114.500000000002 ms
70,3124.000000000002 ms
70,3127.1500000000015 ms
70,3138.300000000002 ms
70,3143.4500000000016 ms
70,3152.2500000000027 ms
70,3187.100000000002 ms
70,3192.9500000000025 ms
70,3196.350000000002 ms
70,3199.6500000000024 ms
70,3201.4000000000024 ms
70,3202.2000000000025 ms
70,3215.050000000003 ms
70,3223.750000000002 ms
70,3230.7000000000025 ms
70,3230.800000000002 ms
70,3235.6500000000024 ms
70,3250.250000000002 ms
70,3268.050000000002 ms
70,3269.750000000002 ms
70,3278.4500000000016 ms
70,3288.4500000000016 ms
70,3291.6500000000015 ms
70,3309.3500000000013 ms
70,3319.7000000000016 ms
70,3321.4500000000016 ms
70,3329.9500000000016 ms
70,3354.3500000000013 ms
70,3360.1500000000015 ms
70,3377.6500000000015 ms
70,3379.1000000000013 ms
70,3390.1000000000013 ms
70,3410.4500000000016 ms
70,3415.1000000000013 ms
70,3418.050000000001 ms
70,3437.750000000001 ms
70,3439.6000000000013 ms
70,3481.6500000000005 ms
70,3486.4000000000005 ms
70,3495.4000000000005 ms
70,3520.7000000000016 ms
70,3529.8500000000013 ms
70,3530.500000000001 ms
70,3547.1000000000013 ms
70,3561.3500000000013 ms
70,3575.2000000000016 ms
70,3583.000000000001 ms
70,3595.050000000002 ms
70,3616.050000000002 ms
70,3623.750000000001 ms
70,3667.000000000001 ms
70,3707.050000000002 ms
70,3714.1500000000015 ms
70,3722.9000000000015 ms
70,3723.1500000000015 ms
70,3725.2000000000016 ms
70,3739.250000000002 ms
70,3745.6500000000015 ms
70,3745.850000000002 ms
70,3746.100000000002 ms
70,3750.250000000002 ms
70,3750.800000000002 ms
70,3763.9000000000024 ms
70,3767.300000000002 ms
70,3803.300000000002 ms
70,3809.4000000000024 ms
70,3816.3500000000013 ms
70,3831.6000000000013 ms
70,3834.1500000000024 ms
70,3851.7000000000016 ms
70,3873.9000000000024 ms
70,3907.7000000000016 ms
70,3917.4000000000024 ms
70,3920.750000000002 ms
70,3925.4500000000016 ms
70,3956.9500000000016 ms
70,3961.750000000002 ms
70,3992.6500000000015 ms
71,19.0 ms
71,36.900000000000006 ms
71,54.25 ms
71,57.45000000000002 ms
71,60.30000000000001 ms
71,74.15 ms
71,87.6 ms
71,114.95000000000002 ms
71,124.55000000000001 ms
71,138.95 ms
71,151.60000000000002 ms
71,152.05 ms
71,171.85000000000002 ms
71,182.3 ms
71,204.7 ms
71,220.25000000000006 ms
71,226.45 ms
71,232.75000000000006 ms
71,240.25000000000006 ms
71,248.2 ms
71,254.25000000000006 ms
71,259.74999999999994 ms
71,263.25000000000006 ms
71,275.15000000000003 ms
71,275.3999999999999 ms
71,308.24999999999994 ms
71,317.55 ms
71,326.99999999999994 ms
71,344.95 ms
71,346.45 ms
71,350.6499999999999 ms
71,377.84999999999997 ms
71,389.34999999999997 ms
71,416.45 ms
71,430.95 ms
71,449.50000000000006 ms
71,460.2 ms
71,483.50000000000006 ms
71,503.74999999999994 ms
71,505.05 ms
71,518.8 ms
71,535.8999999999999 ms
71,551.95 ms
71,561.3999999999999 ms
71,564.6499999999999 ms
71,595.1499999999999 ms
71,598.0 ms
71,624.8 ms
71,640.8999999999999 ms
71,645.7 ms
71,662.55 ms
71,679.45 ms
71,681.0999999999999 ms
71,681.8 ms
71,685.6499999999999 ms
71,721.2 ms
71,756.7499999999998 ms
71,768.8499999999999 ms
71,771.1499999999999 ms
71,809.8 ms
71,810.5999999999997 ms
71,813.4999999999998 ms
71,820.0999999999997 ms
71,830.9499999999998 ms
71,834.7499999999998 ms
71,840.4999999999998 ms
71,853.9999999999998 ms
71,874.5999999999997 ms
71,888.7499999999998 ms
71,892.1999999999998 ms
71,898.4499999999998 ms
71,899.2499999999998 ms
71,903.0499999999997 ms
71,915.8499999999997 ms
71,935.8999999999996 ms
71,953.1499999999996 ms
71,974.1999999999996 ms
71,975.5999999999997 ms
71,984.2999999999995 ms
71,1030.0999999999997 ms
71,1068.8499999999997 ms
71,1077.3999999999994 ms
71,1112.0999999999997 ms
71,1128.4499999999996 ms
71,1133.8499999999997 ms
71,1142.0999999999997 ms
71,1173.2499999999998 ms
71,1179.2999999999995 ms
71,1183.8999999999994 ms
71,1197.0499999999995 ms
71,1200.9999999999998 ms
71,1270.7999999999995 ms
71,1275.0999999999997 ms
71,1308.9499999999996 ms
71,1322.1499999999999 ms
71,1347.2499999999998 ms
71,1407.7999999999995 ms
71,1434.8499999999992 ms
71,1465.8499999999997 ms
71,1470.3999999999994 ms
71,1473.1499999999994 ms
71,1476.8499999999997 ms
71,1492.2999999999995 ms
71,1501.1499999999994 ms
71,1520.9999999999993 ms
71,1557.1499999999994 ms
71,1567.0999999999997 ms
71,1567.7999999999995 ms
71,1590.1999999999996 ms
71,1596.3499999999997 ms
71,1599.4499999999996 ms
71,1606.3999999999999 ms
71,1608.3999999999994 ms
71,1612.2499999999993 ms
71,1616.4999999999998 ms
71,1649.7999999999995 ms
71,1652.8499999999992 ms
71,1659.6999999999991 ms
71,1682.5999999999992 ms
71,1684.8999999999994 ms
71,1691.9499999999991 ms
71,1700.0999999999992 ms
71,1716.9999999999993 ms
71,1734.4999999999998 ms
71,1746.5499999999995 ms
71,1771.9499999999996 ms
71,1784.1999999999996 ms
71,1789.9999999999993 ms
71,1799.8499999999992 ms
71,1804.1499999999994 ms
71,1823.4499999999991 ms
71,1833.1999999999996 ms
71,1853.2999999999995 ms
71,1873.799999999999 ms
71,1883.399999999999 ms
71,1895.049999999999 ms
71,1907.4499999999991 ms
71,1910.3499999999992 ms
71,1926.0999999999997 ms
71,1942.3999999999994 ms
71,1977.0999999999997 ms
71,1980.9999999999998 ms
71,1983.3999999999999 ms
71,1984.4999999999998 ms
71,1987.2999999999995 ms
71,1989.5999999999992 ms
71,2009.4499999999991 ms
71,2028.7499999999993 ms
71,2031.8999999999994 ms
71,2047.9999999999993 ms
71,2053.8999999999996 ms
71,2078.8999999999996 ms
71,2087.7999999999993 ms
71,2100.8999999999996 ms
71,2123.8499999999985 ms
71,2134.0499999999993 ms
71,2135.749999999998 ms
71,2163.449999999999 ms
71,2164.5499999999984 ms
71,2183.249999999998 ms
71,2186.149999999998 ms
71,2190.699999999999 ms
71,2191.0499999999984 ms
71,2199.749999999998 ms
71,2213.649999999998 ms
71,2213.749999999998 ms
71,2236.649999999998 ms
71,2245.399999999998 ms
71,2276.449999999999 ms
71,2287.699999999999 ms
71,2291.0999999999985 ms
71,2295.1499999999987 ms
71,2303.699999999999 ms
71,2315.749999999999 ms
71,2325.699999999999 ms
71,2327.3499999999985 ms
71,2345.699999999999 ms
71,2348.1499999999987 ms
71,2350.499999999999 ms
71,2351.5999999999985 ms
71,2369.749999999998 ms
71,2377.0499999999993 ms
71,2377.7999999999993 ms
71,2392.6499999999987 ms
71,2430.3999999999987 ms
71,2438.0499999999984 ms
71,2451.8499999999995 ms
71,2458.3499999999995 ms
71,2467.499999999999 ms
71,2483.949999999999 ms
71,2507.7999999999993 ms
71,2511.6499999999987 ms
71,2541.749999999999 ms
71,2550.449999999998 ms
71,2550.5999999999985 ms
71,2577.249999999998 ms
71,2578.2999999999993 ms
71,2580.0499999999993 ms
71,2598.8499999999985 ms
71,2600.1499999999996 ms
71,2601.1499999999996 ms
71,2610.8999999999996 ms
71,2623.499999999999 ms
71,2642.2999999999993 ms
71,2649.749999999999 ms
71,2662.6499999999987 ms
71,2664.5999999999995 ms
71,2674.249999999999 ms
71,2682.6499999999987 ms
71,2787.3499999999995 ms
71,2803.2999999999984 ms
71,2812.0499999999984 ms
71,2826.699999999999 ms
71,2856.3999999999987 ms
71,2856.5999999999985 ms
71,2857.1499999999987 ms
71,2881.3999999999987 ms
71,2912.3499999999985 ms
71,2916.999999999998 ms
71,2921.2999999999993 ms
71,2949.0499999999993 ms
71,2968.199999999999 ms
71,2972.7999999999993 ms
71,2987.2999999999993 ms
71,2987.699999999999 ms
71,2990.749999999999 ms
71,3006.5999999999995 ms
71,3014.0499999999984 ms
71,3017.2999999999984 ms
71,3023.5499999999984 ms
71,3023.8499999999995 ms
71,3025.249999999999 ms
71,3029.999999999999 ms
71,3030.8499999999995 ms
71,3057.2999999999984 ms
71,3083.5999999999995 ms
71,3115.699999999999 ms
71,3115.949999999999 ms
71,3119.3999999999987 ms
71,3131.6499999999987 ms
71,3131.949999999999 ms
71,3136.0999999999985 ms
71,3137.6499999999996 ms
71,3146.199999999999 ms
71,3147.0999999999995 ms
71,3148.0999999999995 ms
71,3148.8499999999995 ms
71,3160.7999999999993 ms
71,3188.949999999999 ms
71,3192.6499999999996 ms
71,3220.3499999999985 ms
71,3245.8499999999985 ms
71,3251.449999999999 ms
71,3271.949999999999 ms
71,3272.5999999999985 ms
71,3272.949999999999 ms
71,3282.2999999999993 ms
71,3296.699999999999 ms
71,3311.3999999999987 ms
71,3319.3999999999987 ms
71,3329.999999999999 ms
71,3330.7999999999984 ms
71,3362.0499999999984 ms
71,3378.449999999999 ms
71,3383.499999999999 ms
71,3397.0999999999995 ms
71,3408.0999999999995 ms
71,3410.499999999999 ms
71,3411.499999999999 ms
71,3425.2999999999993 ms
71,3430.5999999999995 ms
71,3433.3999999999996 ms
71,3454.0999999999995 ms
71,3458.8999999999996 ms
71,3462.5 ms
71,3478.0999999999995 ms
71,3505.2999999999993 ms
71,3511.0999999999995 ms
71,3514.2999999999993 ms
71,3534.8499999999995 ms
71,3538.8999999999996 ms
71,3561.5499999999993 ms
71,3570.25 ms
71,3588.5 ms
71,3595.1499999999996 ms
71,3595.75 ms
71,3601.75 ms
71,3602.2999999999993 ms
71,3615.3500000000004 ms
71,3616.75 ms
71,3641.25 ms
71,3641.7 ms
71,3675.3999999999996 ms
71,3685.7999999999993 ms
71,3688.0499999999993 ms
71,3696.25 ms
71,3703.8999999999996 ms
71,3737.2999999999993 ms
71,3737.6499999999996 ms
71,3750.3499999999995 ms
71,3761.8499999999995 ms
71,3764.8499999999995 ms
71,3770.2999999999993 ms
71,3786.999999999999 ms
71,3795.1499999999987 ms
71,3802.3999999999987 ms
71,3804.0999999999995 ms
71,3812.199999999999 ms
71,3866.199999999999 ms
71,3883.5999999999985 ms
71,3891.699999999999 ms
71,3892.6499999999987 ms
71,3905.0499999999984 ms
71,3922.949999999999 ms
71,3965.249999999999 ms
71,3991.3999999999987 ms
71,3995.45 ms
72,24.35 ms
72,32.25 ms
72,40.5 ms
72,48.5 ms
72,52.2 ms
72,53.7 ms
72,74.60000000000001 ms
72,92.05000000000003 ms
72,101.85000000000001 ms
72,123.75000000000001 ms
72,134.8 ms
72,180.2 ms
72,193.15000000000003 ms
72,205.59999999999997 ms
72,218.34999999999997 ms
72,226.95 ms
72,239.25 ms
72,244.35000000000002 ms
72,260.45 ms
72,264.75000000000006 ms
72,265.55 ms
72,267.90000000000003 ms
72,276.55 ms
72,277.24999999999994 ms
72,296.8 ms
72,302.3500000000001 ms
72,303.25000000000006 ms
72,304.2 ms
72,314.05 ms
72,317.45 ms
72,348.3 ms
72,351.65000000000003 ms
72,352.3 ms
72,358.55 ms
72,374.3500000000001 ms
72,390.2000000000001 ms
72,391.75000000000006 ms
72,451.50000000000006 ms
72,462.75000000000006 ms
72,471.0500000000001 ms
72,474.15000000000015 ms
72,493.1000000000001 ms
72,494.2000000000001 ms
72,501.25000000000017 ms
72,547.6500000000001 ms
72,553.2 ms
72,592.1500000000001 ms
72,600.4000000000001 ms
72,608.5500000000002 ms
72,629.5 ms
72,658.2000000000003 ms
72,666.7000000000003 ms
72,679.8000000000002 ms
72,682.3500000000001 ms
72,689.6500000000001 ms
72,753.45 ms
72,776.6000000000001 ms
72,781.95 ms
72,791.6500000000001 ms
72,810.0 ms
72,819.75 ms
72,832.6500000000001 ms
72,840.3000000000002 ms
72,850.45 ms
72,868.45 ms
72,879.2 ms
72,905.75 ms
72,914.0 ms
72,928.1500000000001 ms
72,932.6500000000001 ms
72,937.75 ms
72,942.2 ms
72,956.45 ms
72,961.8500000000001 ms
72,965.3 ms
72,1031.8000000000002 ms
72,1045.1000000000004 ms
72,1046.1000000000004 ms
72,1046.25 ms
72,1047.8000000000002 ms
72,1064.75 ms
72,1087.3000000000002 ms
72,1090.8000000000002 ms
72,1094.6000000000004 ms
72,1099.4499999999998 ms
72,1131.25 ms
72,1135.6999999999998 ms
72,1164.25 ms
72,1177.0500000000002 ms
72,1184.9499999999998 ms
72,1193.0500000000002 ms
72,1198.25 ms
72,1199.1999999999998 ms
72,1235.5500000000002 ms
72,1262.35 ms
72,1280.35 ms
72,1311.25 ms
72,1351.3000000000002 ms
72,1353.1999999999998 ms
72,1353.65 ms
72,1364.4 ms
72,1408.65 ms
72,1427.5500000000002 ms
72,1439.9500000000003 ms
72,1443.65 ms
72,1448.4500000000003 ms
72,1469.4500000000003 ms
72,1472.8000000000002 ms
72,1473.4 ms
72,1487.0 ms
72,1509.9499999999998 ms
72,1510.5500000000002 ms
72,1520.3000000000002 ms
72,1523.0 ms
72,1524.9499999999998 ms
72,1527.15 ms
72,1561.9500000000003 ms
72,1590.5499999999997 ms
72,1618.7999999999997 ms
72,1637.9500000000003 ms
72,1642.75 ms
72,1644.8000000000002 ms
72,1660.5 ms
72,1686.1 ms
72,1707.35 ms
72,1715.1 ms
72,1723.9 ms
72,1729.2999999999997 ms
72,1747.25 ms
72,1780.25 ms
72,1808.5 ms
72,1832.85 ms
72,1851.5499999999997 ms
72,1851.65 ms
72,1869.2999999999997 ms
72,1880.2000000000003 ms
72,1902.5499999999997 ms
72,1905.0499999999997 ms
72,1910.15 ms
72,1925.2499999999995 ms
72,1947.65 ms
72,1949.2999999999997 ms
72,1960.5 ms
72,1975.1 ms
72,1991.9 ms
72,1994.2999999999997 ms
72,1994.7999999999997 ms
72,2032.5499999999997 ms
72,2038.4500000000003 ms
72,2041.15 ms
72,2046.0 ms
72,2072.25 ms
72,2083.8500000000004 ms
72,2092.2 ms
72,2099.8 ms
72,2128.749999999999 ms
72,2131.8 ms
72,2133.749999999999 ms
72,2137.3 ms
72,2140.999999999999 ms
72,2146.7 ms
72,2147.1499999999987 ms
72,2159.5999999999995 ms
72,2160.6499999999987 ms
72,2163.499999999999 ms
72,2173.7999999999993 ms
72,2174.699999999999 ms
72,2174.7999999999993 ms
72,2229.5499999999993 ms
72,2232.5999999999995 ms
72,2240.5999999999995 ms
72,2254.45 ms
72,2263.7 ms
72,2264.0499999999993 ms
72,2285.8499999999995 ms
72,2294.45 ms
72,2296.2999999999993 ms
72,2312.749999999999 ms
72,2315.449999999999 ms
72,2323.0499999999993 ms
72,2326.3499999999985 ms
72,2326.7999999999993 ms
72,2327.949999999999 ms
72,2340.3499999999985 ms
72,2348.2999999999993 ms
72,2352.0999999999985 ms
72,2356.8999999999996 ms
72,2360.449999999999 ms
72,2393.3999999999996 ms
72,2413.699999999999 ms
72,2426.3999999999996 ms
72,2426.999999999999 ms
72,2427.3999999999987 ms
72,2443.6499999999987 ms
72,2445.0999999999995 ms
72,2464.499999999999 ms
72,2466.3999999999987 ms
72,2487.7999999999993 ms
72,2492.6499999999996 ms
72,2498.2999999999993 ms
72,2505.0999999999995 ms
72,2510.5499999999993 ms
72,2562.199999999999 ms
72,2591.949999999999 ms
72,2600.8999999999996 ms
72,2603.8499999999985 ms
72,2604.2999999999993 ms
72,2612.3499999999985 ms
72,2614.749999999999 ms
72,2640.1499999999987 ms
72,2660.499999999999 ms
72,2684.7999999999993 ms
72,2687.249999999999 ms
72,2706.499999999999 ms
72,2715.3499999999995 ms
72,2716.749999999999 ms
72,2719.3499999999995 ms
72,2732.699999999999 ms
72,2736.8499999999985 ms
72,2741.2999999999993 ms
72,2741.949999999999 ms
72,2752.1499999999987 ms
72,2768.8999999999987 ms
72,2776.449999999999 ms
72,2795.8999999999987 ms
72,2806.8499999999985 ms
72,2853.5499999999984 ms
72,2872.749999999998 ms
72,2874.499999999998 ms
72,2899.8499999999985 ms
72,2904.149999999998 ms
72,2905.8499999999985 ms
72,2912.5999999999985 ms
72,2925.399999999998 ms
72,2939.499999999998 ms
72,2939.949999999998 ms
72,2942.0499999999984 ms
72,2945.3499999999976 ms
72,3000.1499999999987 ms
72,3069.3999999999987 ms
72,3072.0499999999984 ms
72,3085.449999999998 ms
72,3108.2999999999984 ms
72,3132.199999999998 ms
72,3140.6499999999987 ms
72,3146.2999999999984 ms
72,3148.449999999998 ms
72,3161.6499999999987 ms
72,3167.249999999998 ms
72,3203.949999999998 ms
72,3208.8499999999976 ms
72,3227.7999999999984 ms
72,3228.449999999998 ms
72,3246.899999999998 ms
72,3259.899999999998 ms
72,3280.0999999999976 ms
72,3282.899999999998 ms
72,3287.0999999999976 ms
72,3295.3499999999976 ms
72,3309.149999999998 ms
72,3340.149999999998 ms
72,3341.699999999998 ms
72,3345.899999999998 ms
72,3350.449999999998 ms
72,3358.899999999998 ms
72,3375.8499999999976 ms
72,3406.899999999998 ms
72,3411.0499999999975 ms
72,3418.399999999998 ms
72,3434.5499999999975 ms
72,3440.249999999998 ms
72,3479.899999999998 ms
72,3492.0999999999976 ms
72,3498.5999999999976 ms
72,3513.949999999998 ms
72,3516.0499999999975 ms
72,3529.8499999999976 ms
72,3529.9999999999973 ms
72,3539.2499999999973 ms
72,3540.7999999999984 ms
72,3575.649999999998 ms
72,3600.5499999999975 ms
72,3605.449999999998 ms
72,3634.899999999998 ms
72,3635.199999999998 ms
72,3637.999999999998 ms
72,3641.899999999998 ms
72,3650.149999999998 ms
72,3664.3499999999985 ms
72,3703.749999999998 ms
72,3707.749999999998 ms
72,3709.2999999999984 ms
72,3710.449999999998 ms
72,3723.949999999998 ms
72,3731.199999999998 ms
72,3780.0499999999984 ms
72,3814.949999999998 ms
72,3817.699999999998 ms
72,3817.949999999998 ms
72,3833.699999999998 ms
72,3846.0499999999984 ms
72,3854.2999999999984 ms
72,3855.449999999998 ms
72,3862.3499999999985 ms
72,3870.6499999999987 ms
72,3871.2999999999984 ms
72,3889.0499999999984 ms
72,3889.2999999999984 ms
72,3908.0999999999995 ms
72,3909.8499999999995 ms
72,3913.699999999999 ms
72,3936.749999999999 ms
72,3975.2999999999993 ms
73,7.800000000000001 ms
73,14.3 ms
73,19.95 ms
73,21.55 ms
73,42.05000000000001 ms
73,48.60000000000001 ms
73,51.7 ms
73,58.05000000000001 ms
73,64.4 ms
73,66.45000000000002 ms
73,96.95000000000002 ms
73,100.9 ms
73,114.0 ms
73,119.85 ms
73,120.04999999999998 ms
73,121.75 ms
73,134.05 ms
73,135.2 ms
73,137.05 ms
73,140.35000000000002 ms
73,145.75 ms
73,146.05000000000007 ms
73,155.70000000000005 ms
73,157.40000000000003 ms
73,169.25000000000006 ms
73,169.8 ms
73,173.70000000000005 ms
73,182.65000000000003 ms
73,186.05 ms
73,213.75000000000006 ms
73,217.80000000000007 ms
73,225.05000000000007 ms
73,242.75000000000006 ms
73,261.6000000000001 ms
73,263.25000000000006 ms
73,276.95 ms
73,290.25000000000006 ms
73,301.3500000000001 ms
73,310.9500000000001 ms
73,315.65000000000003 ms
73,335.3500000000001 ms
73,352.3500000000001 ms
73,370.8 ms
73,437.6000000000001 ms
73,439.8500000000001 ms
73,446.8 ms
73,472.6000000000001 ms
73,478.6000000000001 ms
73,491.1000000000001 ms
73,532.2 ms
73,532.5 ms
73,534.9000000000001 ms
73,540.6500000000001 ms
73,560.1500000000001 ms
73,612.1500000000001 ms
73,617.3 ms
73,630.45 ms
73,638.4999999999998 ms
73,675.05 ms
73,675.6999999999998 ms
73,680.6999999999998 ms
73,689.2999999999997 ms
73,692.0499999999997 ms
73,711.0999999999999 ms
73,728.4499999999998 ms
73,769.7499999999998 ms
73,769.9499999999998 ms
73,796.0499999999997 ms
73,801.2999999999997 ms
73,821.0 ms
73,829.25 ms
73,830.8999999999999 ms
73,844.1999999999998 ms
73,853.6999999999998 ms
73,875.4999999999998 ms
73,882.6499999999999 ms
73,927.7499999999998 ms
73,936.6999999999998 ms
73,967.2499999999998 ms
73,968.8999999999999 ms
73,992.4499999999996 ms
73,996.4999999999998 ms
73,1001.4999999999998 ms
73,1009.0999999999997 ms
73,1011.7499999999998 ms
73,1019.5499999999995 ms
73,1034.2499999999998 ms
73,1044.5999999999997 ms
73,1071.2999999999995 ms
73,1073.4999999999998 ms
73,1081.3999999999999 ms
73,1086.3 ms
73,1101.1499999999999 ms
73,1114.3499999999997 ms
73,1126.3 ms
73,1137.2499999999998 ms
73,1142.2499999999998 ms
73,1144.95 ms
73,1151.1999999999996 ms
73,1183.0499999999995 ms
73,1196.5999999999997 ms
73,1211.1999999999996 ms
73,1227.7999999999995 ms
73,1231.2999999999995 ms
73,1232.0999999999992 ms
73,1238.0499999999995 ms
73,1300.4999999999998 ms
73,1308.5499999999995 ms
73,1309.4999999999998 ms
73,1315.6999999999996 ms
73,1327.0999999999997 ms
73,1327.8 ms
73,1331.1499999999999 ms
73,1336.6499999999994 ms
73,1347.8999999999999 ms
73,1351.4499999999996 ms
73,1367.3999999999999 ms
73,1375.4499999999996 ms
73,1377.2499999999993 ms
73,1377.4999999999998 ms
73,1384.3499999999997 ms
73,1411.3999999999994 ms
73,1433.2499999999993 ms
73,1457.4499999999996 ms
73,1458.4499999999991 ms
73,1464.7499999999993 ms
73,1489.6499999999994 ms
73,1499.3499999999997 ms
73,1514.8999999999994 ms
73,1515.9499999999991 ms
73,1553.1999999999996 ms
73,1609.8999999999994 ms
73,1625.1499999999994 ms
73,1636.3999999999994 ms
73,1660.0499999999995 ms
73,1665.4999999999998 ms
73,1676.5499999999995 ms
73,1678.2999999999995 ms
73,1678.8499999999992 ms
73,1711.5999999999997 ms
73,1715.4999999999998 ms
73,1751.6499999999999 ms
73,1773.1999999999996 ms
73,1846.5999999999997 ms
73,1868.05 ms
73,1930.3999999999999 ms
73,1935.9499999999996 ms
73,1936.6999999999996 ms
73,1941.4999999999993 ms
73,1966.3499999999992 ms
73,1968.3499999999997 ms
73,1968.5499999999995 ms
73,1973.1499999999994 ms
73,1979.2499999999993 ms
73,1985.0999999999992 ms
73,2004.149999999999 ms
73,2012.5999999999992 ms
73,2017.8499999999992 ms
73,2019.4499999999991 ms
73,2022.5999999999992 ms
73,2044.9999999999993 ms
73,2052.499999999999 ms
73,2066.3999999999987 ms
73,2068.5499999999993 ms
73,2071.6499999999996 ms
73,2098.949999999999 ms
73,2128.7999999999993 ms
73,2148.6499999999996 ms
73,2155.1499999999996 ms
73,2181.449999999999 ms
73,2181.949999999999 ms
73,2182.75 ms
73,2183.5999999999995 ms
73,2189.999999999999 ms
73,2224.1499999999996 ms
73,2236.5999999999995 ms
73,2250.3499999999995 ms
73,2290.3499999999995 ms
73,2293.3999999999996 ms
73,2293.5999999999995 ms
73,2300.7999999999993 ms
73,2307.1499999999996 ms
73,2310.199999999999 ms
73,2324.8499999999995 ms
73,2330.5499999999993 ms
73,2331.949999999999 ms
73,2341.0499999999993 ms
73,2347.1499999999996 ms
73,2355.8999999999996 ms
73,2361.0499999999993 ms
73,2373.6499999999996 ms
73,2378.5999999999985 ms
73,2390.499999999999 ms
73,2390.949999999999 ms
73,2391.249999999999 ms
73,2392.5499999999993 ms
73,2434.3499999999995 ms
73,2455.3999999999996 ms
73,2457.8499999999995 ms
73,2467.3999999999996 ms
73,2474.7 ms
73,2491.25 ms
73,2492.3 ms
73,2494.3500000000004 ms
73,2503.55 ms
73,2503.8 ms
73,2541.1000000000004 ms
73,2558.5 ms
73,2577.550000000001 ms
73,2588.800000000001 ms
73,2592.9500000000007 ms
73,2602.8500000000004 ms
73,2610.9000000000015 ms
73,2642.000000000001 ms
73,2642.4000000000005 ms
73,2650.300000000001 ms
73,2663.050000000001 ms
73,2679.750000000001 ms
73,2686.6500000000005 ms
73,2692.4000000000005 ms
73,2713.7000000000016 ms
73,2788.500000000001 ms
73,2793.3500000000013 ms
73,2799.1000000000013 ms
73,2824.750000000001 ms
73,2826.4500000000016 ms
73,2849.7000000000016 ms
73,2865.8500000000013 ms
73,2871.4000000000015 ms
73,2877.250000000002 ms
73,2884.550000000001 ms
73,2895.4500000000016 ms
73,2896.1500000000015 ms
73,2903.300000000001 ms
73,2921.600000000002 ms
73,2922.000000000002 ms
73,2924.350000000002 ms
73,2946.4000000000015 ms
73,2980.000000000002 ms
73,3004.4500000000016 ms
73,3016.300000000002 ms
73,3051.000000000001 ms
73,3069.300000000002 ms
73,3085.300000000002 ms
73,3098.4000000000015 ms
73,3111.800000000001 ms
73,3114.350000000002 ms
73,3115.9000000000015 ms
73,3127.250000000002 ms
73,3135.600000000002 ms
73,3143.6500000000015 ms
73,3149.9500000000025 ms
73,3158.000000000002 ms
73,3190.7000000000025 ms
73,3219.9500000000025 ms
73,3220.300000000002 ms
73,3234.500000000002 ms
73,3247.250000000002 ms
73,3248.7000000000016 ms
73,3252.9000000000015 ms
73,3269.1500000000015 ms
73,3272.3500000000013 ms
73,3280.750000000001 ms
73,3309.300000000002 ms
73,3328.8500000000013 ms
73,3355.9000000000024 ms
73,3379.6500000000024 ms
73,3383.1500000000024 ms
73,3411.1000000000013 ms
73,3428.6000000000013 ms
73,3430.800000000002 ms
73,3442.550000000002 ms
73,3459.9000000000015 ms
73,3474.6000000000013 ms
73,3490.4000000000015 ms
73,3493.000000000002 ms
73,3510.500000000002 ms
73,3510.7000000000007 ms
73,3522.4000000000015 ms
73,3528.1000000000004 ms
73,3534.4000000000015 ms
73,3536.300000000001 ms
73,3536.4500000000007 ms
73,3544.300000000001 ms
73,3560.750000000001 ms
73,3577.1000000000013 ms
73,3578.500000000001 ms
73,3579.7000000000007 ms
73,3583.750000000001 ms
73,3614.550000000001 ms
73,3639.7000000000007 ms
73,3642.000000000002 ms
73,3643.800000000001 ms
73,3644.850000000002 ms
73,3645.800000000001 ms
73,3664.500000000002 ms
73,3666.1500000000015 ms
73,3691.1000000000013 ms
73,3697.3500000000013 ms
73,3706.550000000001 ms
73,3721.050000000001 ms
73,3721.1500000000015 ms
73,3725.750000000001 ms
73,3752.8500000000013 ms
73,3773.7000000000007 ms
73,3789.1500000000005 ms
73,3793.8 ms
73,3824.4000000000005 ms
73,3862.1500000000005 ms
73,3878.8500000000004 ms
73,3883.75 ms
73,3884.25 ms
73,3904.3500000000004 ms
73,3912.55 ms
73,3925.2 ms
73,3956.500000000001 ms
73,3960.500000000001 ms
73,3992.500000000001 ms
73,3992.8 ms
74,1.75 ms
74,26.150000000000002 ms
74,31.150000000000002 ms
74,83.35000000000001 ms
74,88.89999999999999 ms
74,91.99999999999999 ms
74,96.3 ms
74,118.8 ms
74,123.14999999999999 ms
74,137.95 ms
74,138.95 ms
74,140.3 ms
74,141.49999999999994 ms
74,168.99999999999994 ms
74,179.39999999999998 ms
74,206.79999999999995 ms
74,206.89999999999998 ms
74,218.45 ms
74,223.25 ms
74,239.8 ms
74,243.10000000000002 ms
74,245.35000000000002 ms
74,246.05 ms
74,255.35000000000002 ms
74,257.55000000000007 ms
74,262.4 ms
74,269.20000000000005 ms
74,278.6500000000001 ms
74,285.4000000000001 ms
74,308.35 ms
74,322.15 ms
74,329.95000000000005 ms
74,365.25 ms
74,381.0 ms
74,405.80000000000007 ms
74,422.9000000000001 ms
74,443.10000000000014 ms
74,488.20000000000005 ms
74,489.8000000000002 ms
74,496.35000000000014 ms
74,502.0000000000001 ms
74,505.45000000000016 ms
74,556.2500000000001 ms
74,559.9 ms
74,560.2500000000001 ms
74,615.6000000000003 ms
74,617.0000000000001 ms
74,621.3500000000003 ms
74,642.2000000000002 ms
74,678.1500000000002 ms
74,687.1000000000003 ms
74,694.8500000000003 ms
74,721.2000000000004 ms
74,735.7500000000003 ms
74,742.2000000000004 ms
74,748.1000000000003 ms
74,750.9500000000004 ms
74,756.1000000000003 ms
74,781.4500000000004 ms
74,781.6500000000004 ms
74,782.9000000000002 ms
74,807.3000000000003 ms
74,807.7000000000002 ms
74,813.7000000000004 ms
74,830.9000000000004 ms
74,831.9500000000004 ms
74,839.8500000000003 ms
74,840.9500000000004 ms
74,852.6000000000003 ms
74,863.5500000000003 ms
74,877.6000000000003 ms
74,879.8000000000003 ms
74,892.6000000000003 ms
74,915.2000000000004 ms
74,917.4000000000004 ms
74,926.2500000000003 ms
74,939.3000000000003 ms
74,954.9000000000004 ms
74,964.3000000000003 ms
74,966.5500000000003 ms
74,977.8000000000003 ms
74,977.9000000000004 ms
74,983.1000000000005 ms
74,999.4000000000004 ms
74,1006.3500000000005 ms
74,1006.8000000000005 ms
74,1021.9500000000004 ms
74,1022.7500000000003 ms
74,1025.4 ms
74,1099.15 ms
74,1116.4500000000003 ms
74,1195.65 ms
74,1206.0000000000005 ms
74,1246.5500000000002 ms
74,1261.5 ms
74,1274.6500000000005 ms
74,1327.25 ms
74,1331.4500000000003 ms
74,1336.4 ms
74,1337.9500000000003 ms
74,1346.2500000000005 ms
74,1349.1 ms
74,1377.2000000000003 ms
74,1378.75 ms
74,1379.85 ms
74,1423.25 ms
74,1473.65 ms
74,1494.8000000000002 ms
74,1516.4500000000003 ms
74,1567.2500000000005 ms
74,1572.15 ms
74,1573.0000000000005 ms
74,1574.2500000000005 ms
74,1576.35 ms
74,1671.7000000000003 ms
74,1682.0499999999997 ms
74,1708.9500000000003 ms
74,1712.2000000000003 ms
74,1715.4 ms
74,1738.15 ms
74,1760.85 ms
74,1773.7000000000003 ms
74,1791.2999999999997 ms
74,1804.1 ms
74,1819.75 ms
74,1830.6999999999998 ms
74,1872.1999999999998 ms
74,1903.4499999999998 ms
74,1916.6999999999998 ms
74,1928.5500000000002 ms
74,1930.8999999999996 ms
74,1945.1499999999996 ms
74,1947.6 ms
74,1960.25 ms
74,1986.85 ms
74,1998.7999999999997 ms
74,2000.5 ms
74,2000.8000000000002 ms
74,2019.5 ms
74,2025.4499999999998 ms
74,2035.75 ms
74,2072.25 ms
74,2074.5 ms
74,2080.3 ms
74,2107.45 ms
74,2148.45 ms
74,2153.500000000001 ms
74,2160.1500000000005 ms
74,2169.9000000000005 ms
74,2186.9500000000007 ms
74,2196.6500000000005 ms
74,2215.6000000000004 ms
74,2226.3 ms
74,2238.1500000000005 ms
74,2252.3 ms
74,2284.05 ms
74,2295.0 ms
74,2304.6499999999996 ms
74,2320.75 ms
74,2327.8999999999996 ms
74,2336.2000000000007 ms
74,2337.9500000000007 ms
74,2358.0 ms
74,2370.4000000000005 ms
74,2371.05 ms
74,2373.6500000000005 ms
74,2380.55 ms
74,2391.05 ms
74,2391.6000000000013 ms
74,2396.6000000000013 ms
74,2419.1500000000005 ms
74,2429.500000000001 ms
74,2441.3500000000013 ms
74,2453.7000000000007 ms
74,2459.3500000000004 ms
74,2462.3500000000004 ms
74,2466.6000000000004 ms
74,2476.050000000001 ms
74,2487.4000000000005 ms
74,2505.6500000000005 ms
74,2622.000000000001 ms
74,2623.8 ms
74,2624.9500000000007 ms
74,2644.4000000000005 ms
74,2652.1000000000004 ms
74,2655.2000000000007 ms
74,2667.05 ms
74,2672.45 ms
74,2685.250000000001 ms
74,2686.9000000000005 ms
74,2692.3 ms
74,2695.55 ms
74,2697.05 ms
74,2719.000000000001 ms
74,2728.7 ms
74,2731.05 ms
74,2740.0 ms
74,2787.6499999999996 ms
74,2788.8 ms
74,2815.1500000000005 ms
74,2819.9000000000005 ms
74,2836.25 ms
74,2841.2 ms
74,2843.8499999999995 ms
74,2851.75 ms
74,2876.1499999999996 ms
74,2879.0 ms
74,2891.7 ms
74,2901.25 ms
74,2909.05 ms
74,2909.9000000000005 ms
74,2926.5 ms
74,2946.3 ms
74,3004.4000000000005 ms
74,3007.75 ms
74,3036.3500000000004 ms
74,3040.8999999999996 ms
74,3046.0 ms
74,3054.55 ms
74,3057.1500000000005 ms
74,3063.2 ms
74,3073.750000000001 ms
74,3088.250000000001 ms
74,3089.000000000001 ms
74,3097.6000000000004 ms
74,3126.7000000000007 ms
74,3131.55 ms
74,3153.9000000000005 ms
74,3164.6500000000005 ms
74,3187.0 ms
74,3208.8999999999996 ms
74,3210.8 ms
74,3221.95 ms
74,3222.6500000000005 ms
74,3223.95 ms
74,3231.9000000000005 ms
74,3241.05 ms
74,3258.8500000000004 ms
74,3268.55 ms
74,3296.8 ms
74,3298.6000000000004 ms
74,3304.0 ms
74,3314.2000000000007 ms
74,3336.05 ms
74,3336.6000000000004 ms
74,3338.4000000000005 ms
74,3405.500000000001 ms
74,3413.2 ms
74,3423.45 ms
74,3434.3 ms
74,3440.45 ms
74,3444.8 ms
74,3469.95 ms
74,3475.2 ms
74,3508.3500000000004 ms
74,3522.9500000000007 ms
74,3532.8500000000004 ms
74,3557.6000000000004 ms
74,3574.3500000000004 ms
74,3589.75 ms
74,3594.6000000000004 ms
74,3599.1500000000005 ms
74,3615.4000000000005 ms
74,3633.1000000000004 ms
74,3647.1000000000004 ms
74,3650.3 ms
74,3660.0 ms
74,3694.3999999999996 ms
74,3707.6000000000004 ms
74,3708.0 ms
74,3722.25 ms
74,3725.75 ms
74,3730.1499999999996 ms
74,3734.1499999999996 ms
74,3754.6000000000004 ms
74,3754.8500000000004 ms
74,3757.0 ms
74,3765.1000000000004 ms
74,3784.7999999999993 ms
74,3787.25 ms
74,3800.3499999999995 ms
74,3809.8999999999996 ms
74,3815.2 ms
74,3832.3499999999995 ms
74,3838.1500000000005 ms
74,3845.2 ms
74,3849.000000000001 ms
74,3856.8 ms
74,3885.6000000000013 ms
74,3896.3500000000013 ms
74,3896.7000000000007 ms
74,3897.500000000001 ms
74,3900.000000000001 ms
74,3914.050000000001 ms
74,3935.000000000001 ms
74,3947.4000000000005 ms
74,3961.800000000001 ms
74,3969.4500000000007 ms
74,3982.7000000000007 ms
74,3989.9000000000015 ms
74,3990.500000000001 ms
75,39.85 ms
75,43.300000000000004 ms
75,45.75000000000001 ms
75,65.0 ms
75,71.19999999999999 ms
75,88.60000000000002 ms
75,97.60000000000002 ms
75,113.65 ms
75,123.9 ms
75,131.3 ms
75,132.2 ms
75,144.35000000000002 ms
75,144.8 ms
75,146.65000000000003 ms
75,160.65000000000003 ms
75,161.59999999999997 ms
75,163.0 ms
75,163.95 ms
75,178.14999999999998 ms
75,195.59999999999997 ms
75,238.99999999999994 ms
75,257.5 ms
75,259.0 ms
75,282.9 ms
75,354.5 ms
75,359.45000000000005 ms
75,392.9 ms
75,406.6 ms
75,410.94999999999993 ms
75,421.85 ms
75,424.29999999999995 ms
75,440.44999999999993 ms
75,451.65 ms
75,455.9 ms
75,491.7499999999999 ms
75,494.15 ms
75,507.94999999999993 ms
75,528.5999999999998 ms
75,530.35 ms
75,540.3499999999998 ms
75,540.85 ms
75,563.9499999999999 ms
75,565.65 ms
75,573.4499999999999 ms
75,584.9999999999999 ms
75,597.1 ms
75,621.8499999999998 ms
75,628.35 ms
75,648.7499999999999 ms
75,657.2999999999998 ms
75,663.0999999999998 ms
75,676.3999999999997 ms
75,707.1499999999997 ms
75,707.9499999999997 ms
75,711.0499999999998 ms
75,729.8499999999998 ms
75,748.6999999999997 ms
75,756.4499999999997 ms
75,767.4999999999997 ms
75,768.8499999999998 ms
75,785.7999999999998 ms
75,786.3999999999997 ms
75,798.8999999999997 ms
75,802.3499999999998 ms
75,829.8999999999997 ms
75,832.3499999999998 ms
75,844.8999999999997 ms
75,845.8999999999997 ms
75,847.5499999999996 ms
75,874.7499999999997 ms
75,881.8499999999998 ms
75,892.1499999999997 ms
75,894.0999999999998 ms
75,895.9499999999999 ms
75,915.15 ms
75,916.2999999999998 ms
75,933.65 ms
75,941.8999999999997 ms
75,944.9999999999999 ms
75,952.5499999999998 ms
75,979.1999999999997 ms
75,984.0499999999998 ms
75,994.15 ms
75,1021.6499999999997 ms
75,1051.75 ms
75,1072.7999999999997 ms
75,1075.6999999999998 ms
75,1102.2999999999997 ms
75,1109.5499999999997 ms
75,1121.2999999999997 ms
75,1134.6499999999996 ms
75,1136.2999999999997 ms
75,1169.35 ms
75,1170.1499999999996 ms
75,1194.1999999999998 ms
75,1215.1999999999998 ms
75,1219.1999999999998 ms
75,1223.5499999999993 ms
75,1245.9499999999998 ms
75,1253.8499999999995 ms
75,1254.9499999999998 ms
75,1262.3999999999996 ms
75,1267.0499999999997 ms
75,1280.7499999999995 ms
75,1287.1 ms
75,1309.6499999999996 ms
75,1311.7499999999995 ms
75,1313.7999999999997 ms
75,1314.0499999999997 ms
75,1316.8499999999995 ms
75,1318.3499999999995 ms
75,1328.0499999999993 ms
75,1338.9999999999995 ms
75,1370.6999999999994 ms
75,1373.7499999999995 ms
75,1388.0999999999995 ms
75,1392.9999999999995 ms
75,1417.8499999999995 ms
75,1424.9999999999995 ms
75,1425.7999999999997 ms
75,1444.8999999999992 ms
75,1466.0999999999995 ms
75,1505.3499999999995 ms
75,1533.3999999999996 ms
75,1544.7999999999993 ms
75,1600.8999999999996 ms
75,1617.999999999999 ms
75,1618.5999999999995 ms
75,1620.699999999999 ms
75,1621.199999999999 ms
75,1641.199999999999 ms
75,1663.449999999999 ms
75,1678.6499999999992 ms
75,1714.249999999999 ms
75,1725.849999999999 ms
75,1733.8999999999992 ms
75,1734.349999999999 ms
75,1735.8999999999992 ms
75,1740.7999999999988 ms
75,1747.599999999999 ms
75,1748.2999999999988 ms
75,1766.7999999999988 ms
75,1771.249999999999 ms
75,1772.599999999999 ms
75,1785.949999999999 ms
75,1787.749999999999 ms
75,1801.1499999999987 ms
75,1809.6499999999987 ms
75,1834.2999999999993 ms
75,1855.499999999999 ms
75,1859.449999999999 ms
75,1869.0999999999995 ms
75,1873.749999999999 ms
75,1895.3999999999996 ms
75,1899.1999999999994 ms
75,1903.1499999999992 ms
75,1956.1499999999992 ms
75,1969.6499999999992 ms
75,1975.6499999999992 ms
75,1989.1499999999992 ms
75,1993.6499999999992 ms
75,2008.1999999999994 ms
75,2042.1499999999992 ms
75,2051.4999999999995 ms
75,2059.4 ms
75,2059.7499999999995 ms
75,2061.9999999999995 ms
75,2062.849999999999 ms
75,2084.399999999999 ms
75,2103.65 ms
75,2109.4999999999995 ms
75,2115.9 ms
75,2123.2000000000003 ms
75,2134.7500000000005 ms
75,2141.2000000000003 ms
75,2142.4 ms
75,2155.0499999999997 ms
75,2180.7000000000003 ms
75,2191.1999999999994 ms
75,2192.4500000000003 ms
75,2194.0000000000005 ms
75,2209.9 ms
75,2217.65 ms
75,2232.4 ms
75,2234.0500000000006 ms
75,2243.15 ms
75,2246.4 ms
75,2309.4999999999995 ms
75,2325.85 ms
75,2326.9 ms
75,2344.85 ms
75,2355.65 ms
75,2359.65 ms
75,2365.7000000000003 ms
75,2371.7000000000003 ms
75,2377.0000000000005 ms
75,2402.7500000000005 ms
75,2441.9500000000003 ms
75,2483.4 ms
75,2489.9 ms
75,2503.6 ms
75,2505.5499999999997 ms
75,2514.399999999999 ms
75,2524.349999999999 ms
75,2527.899999999999 ms
75,2535.7999999999997 ms
75,2537.2999999999997 ms
75,2542.5499999999997 ms
75,2553.7999999999997 ms
75,2562.4999999999995 ms
75,2583.9499999999994 ms
75,2585.9499999999994 ms
75,2593.6999999999994 ms
75,2596.35 ms
75,2612.9999999999995 ms
75,2617.4999999999995 ms
75,2626.349999999999 ms
75,2628.4499999999994 ms
75,2631.399999999999 ms
75,2649.2499999999986 ms
75,2670.599999999999 ms
75,2677.599999999999 ms
75,2693.049999999999 ms
75,2699.849999999999 ms
75,2714.299999999999 ms
75,2718.349999999999 ms
75,2718.649999999999 ms
75,2730.649999999999 ms
75,2738.2499999999986 ms
75,2745.9999999999995 ms
75,2752.399999999999 ms
75,2764.2499999999986 ms
75,2771.6999999999985 ms
75,2817.799999999999 ms
75,2821.1999999999994 ms
75,2822.4499999999985 ms
75,2828.2499999999986 ms
75,2845.049999999999 ms
75,2857.9499999999994 ms
75,2859.299999999999 ms
75,2875.399999999999 ms
75,2891.7499999999986 ms
75,2921.6999999999985 ms
75,2922.4499999999994 ms
75,2959.799999999999 ms
75,2979.3999999999983 ms
75,2981.9499999999985 ms
75,2990.849999999999 ms
75,3001.399999999999 ms
75,3064.6999999999994 ms
75,3070.4499999999994 ms
75,3071.549999999999 ms
75,3078.1999999999994 ms
75,3082.649999999999 ms
75,3083.649999999999 ms
75,3090.9499999999994 ms
75,3105.35 ms
75,3105.4499999999994 ms
75,3128.9999999999995 ms
75,3137.4999999999995 ms
75,3175.65 ms
75,3187.0499999999997 ms
75,3189.0499999999997 ms
75,3204.7999999999997 ms
75,3205.899999999999 ms
75,3207.349999999999 ms
75,3209.4999999999995 ms
75,3212.9999999999995 ms
75,3237.2499999999995 ms
75,3240.849999999999 ms
75,3266.1999999999994 ms
75,3283.6999999999994 ms
75,3295.1999999999994 ms
75,3302.6 ms
75,3307.0499999999997 ms
75,3307.35 ms
75,3310.5499999999997 ms
75,3319.649999999999 ms
75,3330.0499999999997 ms
75,3330.6999999999994 ms
75,3343.299999999999 ms
75,3364.649999999999 ms
75,3403.599999999999 ms
75,3414.2499999999995 ms
75,3415.0499999999997 ms
75,3427.649999999999 ms
75,3441.2499999999986 ms
75,3450.1999999999985 ms
75,3450.599999999999 ms
75,3464.4499999999985 ms
75,3476.6999999999994 ms
75,3478.899999999999 ms
75,3492.799999999999 ms
75,3529.9499999999994 ms
75,3538.349999999999 ms
75,3540.099999999999 ms
75,3542.9999999999995 ms
75,3553.9499999999994 ms
75,3559.849999999999 ms
75,3562.649999999999 ms
75,3576.4999999999986 ms
75,3597.799999999999 ms
75,3634.849999999999 ms
75,3642.649999999999 ms
75,3649.4999999999995 ms
75,3659.4 ms
75,3691.5499999999997 ms
75,3709.0499999999997 ms
75,3717.4500000000003 ms
75,3720.7500000000005 ms
75,3722.6 ms
75,3732.4499999999994 ms
75,3738.35 ms
75,3741.6 ms
75,3749.6 ms
75,3757.85 ms
75,3773.4 ms
75,3793.2000000000003 ms
75,3796.5000000000005 ms
75,3814.900000000001 ms
75,3816.0500000000006 ms
75,3826.0000000000005 ms
75,3827.3000000000006 ms
75,3838.600000000001 ms
75,3850.0000000000014 ms
75,3853.5000000000005 ms
75,3877.650000000001 ms
75,3881.700000000001 ms
75,3885.650000000001 ms
75,3886.600000000001 ms
75,3906.100000000001 ms
75,3945.3000000000006 ms
75,3947.15 ms
75,3950.0000000000005 ms
75,3950.35 ms
75,3986.600000000001 ms
76,2.75 ms
76,4.25 ms
76,5.0 ms
76,13.75 ms
76,14.100000000000001 ms
76,33.15 ms
76,72.05000000000001 ms
76,73.80000000000001 ms
76,78.25 ms
76,98.70000000000002 ms
76,129.85000000000002 ms
76,130.25 ms
76,140.90000000000003 ms
76,141.70000000000005 ms
76,178.25000000000006 ms
76,178.35000000000008 ms
76,195.00000000000006 ms
76,232.50000000000006 ms
76,234.50000000000006 ms
76,272.55000000000007 ms
76,274.4000000000001 ms
76,280.80000000000007 ms
76,290.45000000000005 ms
76,319.35 ms
76,338.4 ms
76,346.70000000000005 ms
76,349.4000000000001 ms
76,363.9000000000001 ms
76,367.79999999999995 ms
76,369.6 ms
76,374.0 ms
76,381.95000000000005 ms
76,390.5999999999999 ms
76,396.95000000000005 ms
76,398.70000000000005 ms
76,421.54999999999995 ms
76,424.45000000000005 ms
76,425.54999999999995 ms
76,429.25 ms
76,438.5 ms
76,457.25 ms
76,466.9 ms
76,473.15 ms
76,486.6 ms
76,504.7499999999999 ms
76,528.65 ms
76,531.1999999999999 ms
76,588.4 ms
76,602.9499999999999 ms
76,625.65 ms
76,660.1999999999999 ms
76,662.4499999999999 ms
76,710.8499999999998 ms
76,738.6999999999999 ms
76,745.7499999999999 ms
76,748.7499999999999 ms
76,749.1 ms
76,774.1999999999999 ms
76,796.5500000000001 ms
76,797.85 ms
76,799.5500000000001 ms
76,806.4 ms
76,813.1999999999999 ms
76,815.3000000000001 ms
76,832.85 ms
76,854.9499999999999 ms
76,882.3499999999998 ms
76,889.4999999999999 ms
76,890.2999999999998 ms
76,892.9499999999997 ms
76,893.7499999999997 ms
76,896.4499999999997 ms
76,925.3999999999997 ms
76,944.9999999999999 ms
76,948.35 ms
76,950.4 ms
76,981.85 ms
76,997.5999999999998 ms
76,1002.6 ms
76,1015.5500000000001 ms
76,1017.1 ms
76,1036.15 ms
76,1036.7999999999997 ms
76,1053.0 ms
76,1098.75 ms
76,1107.8000000000002 ms
76,1111.1999999999998 ms
76,1119.6999999999998 ms
76,1138.6999999999998 ms
76,1156.9 ms
76,1163.2000000000003 ms
76,1172.6 ms
76,1196.7000000000003 ms
76,1204.4 ms
76,1220.3000000000002 ms
76,1222.5500000000002 ms
76,1230.15 ms
76,1232.6 ms
76,1240.8000000000002 ms
76,1242.7000000000003 ms
76,1268.3000000000002 ms
76,1303.8000000000002 ms
76,1312.0500000000002 ms
76,1312.5 ms
76,1314.8500000000004 ms
76,1318.0 ms
76,1352.4000000000005 ms
76,1362.3500000000004 ms
76,1370.0000000000005 ms
76,1373.2500000000005 ms
76,1394.9500000000003 ms
76,1400.0000000000005 ms
76,1411.6500000000005 ms
76,1412.7500000000005 ms
76,1426.8000000000006 ms
76,1437.8500000000004 ms
76,1442.4500000000003 ms
76,1448.7500000000005 ms
76,1464.4 ms
76,1478.8500000000004 ms
76,1485.5500000000002 ms
76,1487.1500000000005 ms
76,1487.4000000000005 ms
76,1489.3500000000004 ms
76,1515.6000000000004 ms
76,1519.7000000000003 ms
76,1522.6000000000004 ms
76,1534.1000000000004 ms
76,1546.5500000000002 ms
76,1591.7500000000005 ms
76,1593.9500000000003 ms
76,1594.5500000000006 ms
76,1601.7500000000005 ms
76,1604.3500000000004 ms
76,1618.7000000000003 ms
76,1621.6000000000004 ms
76,1638.7000000000003 ms
76,1659.65 ms
76,1668.4500000000003 ms
76,1684.3000000000002 ms
76,1686.25 ms
76,1729.7000000000003 ms
76,1731.8000000000002 ms
76,1746.4500000000003 ms
76,1797.3500000000004 ms
76,1808.1500000000005 ms
76,1810.4500000000003 ms
76,1820.3500000000004 ms
76,1820.5000000000005 ms
76,1822.1000000000004 ms
76,1826.4500000000003 ms
76,1827.7000000000003 ms
76,1830.5000000000005 ms
76,1839.2000000000003 ms
76,1916.2500000000005 ms
76,1924.1 ms
76,1961.85 ms
76,1984.35 ms
76,2019.35 ms
76,2023.85 ms
76,2025.4500000000003 ms
76,2036.2000000000003 ms
76,2046.0 ms
76,2054.55 ms
76,2054.75 ms
76,2075.55 ms
76,2082.45 ms
76,2095.1500000000005 ms
76,2098.55 ms
76,2112.1500000000005 ms
76,2123.7 ms
76,2127.8500000000004 ms
76,2138.6000000000004 ms
76,2139.6000000000004 ms
76,2144.8500000000004 ms
76,2149.3 ms
76,2162.6000000000004 ms
76,2185.05 ms
76,2202.5 ms
76,2208.55 ms
76,2221.6000000000004 ms
76,2247.8 ms
76,2299.7 ms
76,2306.8 ms
76,2307.1000000000004 ms
76,2319.4500000000007 ms
76,2321.3500000000004 ms
76,2322.2000000000007 ms
76,2328.7000000000007 ms
76,2330.1499999999996 ms
76,2339.05 ms
76,2365.05 ms
76,2368.4000000000005 ms
76,2397.8 ms
76,2398.75 ms
76,2406.3999999999996 ms
76,2411.6499999999996 ms
76,2442.5 ms
76,2444.8 ms
76,2445.0 ms
76,2507.3 ms
76,2516.6500000000005 ms
76,2518.8499999999995 ms
76,2522.75 ms
76,2529.3500000000004 ms
76,2546.5499999999993 ms
76,2547.6499999999996 ms
76,2548.5999999999995 ms
76,2583.3999999999996 ms
76,2587.7 ms
76,2589.7 ms
76,2597.95 ms
76,2605.95 ms
76,2614.3 ms
76,2630.3999999999996 ms
76,2635.7999999999993 ms
76,2638.8500000000004 ms
76,2643.3500000000004 ms
76,2672.6499999999996 ms
76,2687.3500000000004 ms
76,2691.3500000000004 ms
76,2691.5 ms
76,2726.95 ms
76,2728.5 ms
76,2746.05 ms
76,2749.75 ms
76,2760.1499999999996 ms
76,2760.4500000000007 ms
76,2762.6000000000004 ms
76,2766.4500000000007 ms
76,2780.55 ms
76,2782.8500000000004 ms
76,2784.9500000000007 ms
76,2785.1499999999996 ms
76,2788.6000000000004 ms
76,2795.75 ms
76,2807.5 ms
76,2830.2 ms
76,2841.8499999999995 ms
76,2861.0 ms
76,2868.2 ms
76,2877.5999999999995 ms
76,2878.9000000000005 ms
76,2881.9000000000005 ms
76,2887.05 ms
76,2899.6500000000005 ms
76,2900.0999999999995 ms
76,2906.3499999999995 ms
76,2908.95 ms
76,2912.8 ms
76,2945.6499999999996 ms
76,2953.3499999999995 ms
76,2954.999999999999 ms
76,2976.3999999999996 ms
76,2977.7 ms
76,2982.2 ms
76,2999.3499999999995 ms
76,3004.25 ms
76,3029.5 ms
76,3039.3500000000004 ms
76,3040.45 ms
76,3100.1499999999996 ms
76,3111.0 ms
76,3126.75 ms
76,3136.949999999999 ms
76,3138.449999999999 ms
76,3140.8499999999995 ms
76,3186.5499999999993 ms
76,3188.449999999999 ms
76,3193.699999999999 ms
76,3204.8999999999996 ms
76,3214.2999999999993 ms
76,3247.249999999999 ms
76,3269.3499999999995 ms
76,3276.3999999999987 ms
76,3282.249999999999 ms
76,3290.8999999999987 ms
76,3294.2 ms
76,3312.8499999999995 ms
76,3324.749999999999 ms
76,3340.1499999999996 ms
76,3340.8999999999996 ms
76,3343.3999999999996 ms
76,3354.7 ms
76,3358.95 ms
76,3359.55 ms
76,3372.45 ms
76,3402.8 ms
76,3409.8999999999996 ms
76,3410.75 ms
76,3456.2999999999993 ms
76,3500.7 ms
76,3510.5 ms
76,3511.0 ms
76,3515.3500000000004 ms
76,3577.3999999999996 ms
76,3606.5 ms
76,3648.7 ms
76,3666.8499999999995 ms
76,3679.9000000000005 ms
76,3690.7 ms
76,3692.9000000000005 ms
76,3704.5 ms
76,3709.75 ms
76,3712.05 ms
76,3722.75 ms
76,3742.0 ms
76,3824.3999999999996 ms
76,3864.6499999999996 ms
76,3865.6499999999996 ms
76,3868.5 ms
76,3885.8500000000004 ms
76,3886.0 ms
76,3886.1000000000004 ms
76,3890.95 ms
76,3900.1499999999996 ms
76,3907.1499999999996 ms
76,3907.75 ms
76,3915.3499999999995 ms
76,3930.8999999999996 ms
76,3943.8999999999996 ms
76,3952.3999999999996 ms
76,3952.5 ms
76,3983.949999999999 ms
76,3984.949999999999 ms
76,3988.6499999999996 ms
76,3999.949999999999 ms
77,12.950000000000001 ms
77,32.95 ms
77,36.900000000000006 ms
77,70.25 ms
77,121.35 ms
77,121.6 ms
77,136.75000000000003 ms
77,139.99999999999997 ms
77,169.85 ms
77,172.94999999999996 ms
77,175.79999999999998 ms
77,177.89999999999995 ms
77,190.4 ms
77,191.20000000000002 ms
77,195.9 ms
77,199.49999999999997 ms
77,217.15 ms
77,218.70000000000002 ms
77,221.15 ms
77,234.45000000000002 ms
77,237.19999999999996 ms
77,248.79999999999998 ms
77,250.89999999999995 ms
77,283.4 ms
77,284.4 ms
77,289.94999999999993 ms
77,308.75 ms
77,309.1 ms
77,313.30000000000007 ms
77,324.4 ms
77,346.70000000000005 ms
77,356.20000000000005 ms
77,356.45000000000005 ms
77,365.0 ms
77,404.10000000000014 ms
77,416.45000000000005 ms
77,438.95000000000005 ms
77,446.85000000000014 ms
77,452.20000000000005 ms
77,456.85000000000014 ms
77,467.75 ms
77,479.5 ms
77,496.30000000000007 ms
77,500.55000000000007 ms
77,505.30000000000007 ms
77,515.2500000000001 ms
77,548.7000000000002 ms
77,556.0000000000001 ms
77,582.8500000000003 ms
77,596.4000000000002 ms
77,608.5500000000001 ms
77,631.9000000000002 ms
77,643.6000000000003 ms
77,697.4000000000002 ms
77,698.5500000000001 ms
77,702.4499999999999 ms
77,738.3000000000001 ms
77,745.6 ms
77,756.4999999999999 ms
77,772.15 ms
77,777.9 ms
77,781.15 ms
77,790.9 ms
77,819.0000000000001 ms
77,864.65 ms
77,907.6 ms
77,911.5500000000001 ms
77,937.6500000000002 ms
77,958.3000000000001 ms
77,962.6999999999999 ms
77,974.4 ms
77,978.1500000000002 ms
77,982.0000000000001 ms
77,986.7500000000001 ms
77,996.6000000000003 ms
77,1021.85 ms
77,1028.6000000000004 ms
77,1044.25 ms
77,1046.9000000000005 ms
77,1049.3500000000004 ms
77,1075.7500000000005 ms
77,1077.5000000000005 ms
77,1093.5500000000006 ms
77,1098.6000000000004 ms
77,1098.9000000000005 ms
77,1099.5 ms
77,1112.0 ms
77,1120.1500000000005 ms
77,1125.2000000000003 ms
77,1130.7000000000003 ms
77,1140.15 ms
77,1153.1000000000004 ms
77,1153.9500000000003 ms
77,1157.4 ms
77,1170.3000000000006 ms
77,1209.0000000000005 ms
77,1223.2000000000003 ms
77,1234.5000000000005 ms
77,1236.7000000000003 ms
77,1254.6500000000005 ms
77,1261.9000000000005 ms
77,1266.6000000000004 ms
77,1270.4500000000007 ms
77,1278.3000000000002 ms
77,1283.3500000000004 ms
77,1300.9500000000003 ms
77,1314.4 ms
77,1324.4 ms
77,1331.9 ms
77,1333.4 ms
77,1335.65 ms
77,1351.9500000000003 ms
77,1357.5000000000005 ms
77,1389.7000000000003 ms
77,1445.0500000000002 ms
77,1449.8000000000002 ms
77,1452.8000000000002 ms
77,1458.1000000000004 ms
77,1458.8500000000004 ms
77,1473.6999999999998 ms
77,1482.0 ms
77,1490.8000000000002 ms
77,1501.35 ms
77,1513.75 ms
77,1540.65 ms
77,1542.8000000000002 ms
77,1546.4 ms
77,1547.2000000000003 ms
77,1552.0499999999997 ms
77,1568.0 ms
77,1571.5500000000002 ms
77,1583.8000000000002 ms
77,1591.0500000000002 ms
77,1603.1499999999996 ms
77,1628.9499999999998 ms
77,1632.1 ms
77,1635.25 ms
77,1640.75 ms
77,1642.3000000000002 ms
77,1647.8999999999996 ms
77,1648.1 ms
77,1653.25 ms
77,1656.65 ms
77,1660.15 ms
77,1669.15 ms
77,1709.5 ms
77,1710.5500000000002 ms
77,1714.6 ms
77,1735.1 ms
77,1756.1 ms
77,1759.15 ms
77,1761.9 ms
77,1763.1 ms
77,1764.0499999999997 ms
77,1764.9 ms
77,1773.5499999999997 ms
77,1794.0 ms
77,1795.0 ms
77,1812.0 ms
77,1817.0500000000002 ms
77,1846.85 ms
77,1850.0 ms
77,1867.4 ms
77,1879.85 ms
77,1917.5500000000002 ms
77,1932.9 ms
77,1949.4 ms
77,1953.4 ms
77,1960.5500000000002 ms
77,1965.5 ms
77,1967.8500000000004 ms
77,1979.8500000000004 ms
77,1989.4 ms
77,2010.5500000000002 ms
77,2020.4 ms
77,2031.4 ms
77,2059.05 ms
77,2059.45 ms
77,2065.500000000001 ms
77,2068.3 ms
77,2069.2000000000007 ms
77,2087.9000000000005 ms
77,2090.7000000000007 ms
77,2094.4500000000007 ms
77,2094.8500000000004 ms
77,2114.500000000001 ms
77,2115.9500000000007 ms
77,2126.3500000000004 ms
77,2129.750000000001 ms
77,2144.9500000000007 ms
77,2147.750000000001 ms
77,2153.750000000001 ms
77,2159.7000000000007 ms
77,2161.3500000000004 ms
77,2170.9500000000007 ms
77,2185.750000000001 ms
77,2218.4500000000007 ms
77,2238.300000000001 ms
77,2239.050000000001 ms
77,2246.9000000000005 ms
77,2275.4000000000005 ms
77,2283.750000000001 ms
77,2311.6500000000005 ms
77,2320.8 ms
77,2358.250000000001 ms
77,2366.000000000001 ms
77,2384.3 ms
77,2386.9000000000005 ms
77,2431.3500000000004 ms
77,2445.55 ms
77,2468.45 ms
77,2470.000000000001 ms
77,2470.750000000001 ms
77,2476.750000000001 ms
77,2489.05 ms
77,2489.9500000000007 ms
77,2494.500000000001 ms
77,2502.9000000000005 ms
77,2527.800000000001 ms
77,2532.1000000000013 ms
77,2558.000000000001 ms
77,2559.9000000000015 ms
77,2595.4500000000016 ms
77,2606.300000000002 ms
77,2619.550000000002 ms
77,2625.1000000000013 ms
77,2653.6000000000013 ms
77,2671.000000000002 ms
77,2683.9500000000016 ms
77,2685.4500000000016 ms
77,2698.6000000000013 ms
77,2700.000000000002 ms
77,2713.9500000000016 ms
77,2751.1500000000015 ms
77,2761.4500000000016 ms
77,2764.6500000000015 ms
77,2765.1000000000013 ms
77,2785.6000000000013 ms
77,2808.050000000001 ms
77,2810.800000000001 ms
77,2824.8500000000013 ms
77,2826.550000000001 ms
77,2846.250000000001 ms
77,2849.4500000000007 ms
77,2854.6000000000004 ms
77,2894.750000000001 ms
77,2937.8500000000013 ms
77,2950.05 ms
77,2951.1000000000013 ms
77,2952.4500000000007 ms
77,2957.3500000000004 ms
77,2974.7000000000007 ms
77,2977.050000000001 ms
77,3000.4000000000005 ms
77,3022.3 ms
77,3034.8500000000013 ms
77,3039.500000000001 ms
77,3045.9500000000007 ms
77,3069.1000000000004 ms
77,3097.4000000000015 ms
77,3098.550000000001 ms
77,3124.800000000001 ms
77,3164.7000000000007 ms
77,3178.300000000001 ms
77,3213.4500000000007 ms
77,3217.4000000000015 ms
77,3222.050000000001 ms
77,3233.9000000000015 ms
77,3250.6000000000004 ms
77,3268.3500000000004 ms
77,3296.050000000001 ms
77,3303.300000000001 ms
77,3308.4500000000007 ms
77,3313.300000000001 ms
77,3352.7000000000007 ms
77,3357.250000000001 ms
77,3370.4000000000005 ms
77,3375.8500000000013 ms
77,3379.500000000001 ms
77,3382.300000000001 ms
77,3424.750000000001 ms
77,3427.800000000001 ms
77,3440.500000000001 ms
77,3447.2000000000007 ms
77,3450.300000000001 ms
77,3464.2000000000007 ms
77,3467.300000000001 ms
77,3476.9000000000005 ms
77,3489.05 ms
77,3490.000000000001 ms
77,3498.2 ms
77,3514.95 ms
77,3515.4000000000005 ms
77,3518.95 ms
77,3538.6500000000005 ms
77,3544.4000000000005 ms
77,3551.5 ms
77,3559.2 ms
77,3573.1499999999996 ms
77,3577.5499999999993 ms
77,3586.25 ms
77,3598.5 ms
77,3610.3499999999995 ms
77,3614.6499999999996 ms
77,3618.0999999999995 ms
77,3649.3499999999995 ms
77,3659.749999999999 ms
77,3664.05 ms
77,3679.8499999999995 ms
77,3680.8499999999995 ms
77,3684.2 ms
77,3699.45 ms
77,3703.25 ms
77,3712.6499999999996 ms
77,3722.3 ms
77,3739.5 ms
77,3740.1499999999996 ms
77,3741.1499999999996 ms
77,3761.7000000000007 ms
77,3766.0 ms
77,3777.4500000000007 ms
77,3782.05 ms
77,3783.6500000000005 ms
77,3785.2 ms
77,3824.4000000000005 ms
77,3830.05 ms
77,3864.05 ms
77,3877.6500000000005 ms
77,3906.05 ms
77,3938.1000000000004 ms
77,3959.6500000000005 ms
78,7.65 ms
78,15.999999999999998 ms
78,32.400000000000006 ms
78,33.900000000000006 ms
78,36.400000000000006 ms
78,48.10000000000001 ms
78,55.45 ms
78,61.250000000000014 ms
78,69.75000000000001 ms
78,79.20000000000003 ms
78,90.45 ms
78,107.70000000000003 ms
78,124.45 ms
78,126.85000000000001 ms
78,134.65000000000003 ms
78,141.10000000000002 ms
78,149.85000000000002 ms
78,204.70000000000005 ms
78,216.10000000000002 ms
78,221.10000000000002 ms
78,227.75 ms
78,229.0 ms
78,267.1 ms
78,304.1 ms
78,310.85 ms
78,313.1 ms
78,331.9 ms
78,334.45000000000005 ms
78,346.1 ms
78,354.5 ms
78,356.4 ms
78,376.65 ms
78,399.19999999999993 ms
78,421.35 ms
78,429.4 ms
78,429.6 ms
78,435.04999999999995 ms
78,436.29999999999995 ms
78,438.44999999999993 ms
78,441.94999999999993 ms
78,443.5999999999999 ms
78,460.9999999999999 ms
78,486.29999999999984 ms
78,497.9999999999999 ms
78,577.8999999999997 ms
78,585.3499999999998 ms
78,590.2499999999999 ms
78,624.9999999999999 ms
78,641.85 ms
78,654.8000000000001 ms
78,655.35 ms
78,685.6999999999999 ms
78,690.15 ms
78,692.15 ms
78,701.35 ms
78,702.4500000000002 ms
78,729.2500000000001 ms
78,747.7499999999999 ms
78,769.2500000000001 ms
78,791.65 ms
78,817.9499999999999 ms
78,832.15 ms
78,832.9 ms
78,836.4499999999999 ms
78,886.0500000000001 ms
78,902.2500000000001 ms
78,909.4500000000002 ms
78,936.9499999999999 ms
78,957.85 ms
78,970.85 ms
78,996.9999999999999 ms
78,1000.5499999999998 ms
78,1015.9999999999999 ms
78,1018.5499999999998 ms
78,1056.85 ms
78,1088.5 ms
78,1115.5 ms
78,1123.9499999999998 ms
78,1129.4 ms
78,1137.8000000000002 ms
78,1143.7000000000003 ms
78,1150.5000000000005 ms
78,1156.5500000000002 ms
78,1177.65 ms
78,1206.5500000000002 ms
78,1227.4 ms
78,1231.9500000000003 ms
78,1234.35 ms
78,1239.1 ms
78,1248.9 ms
78,1249.35 ms
78,1266.65 ms
78,1278.0500000000002 ms
78,1287.4500000000003 ms
78,1293.0000000000005 ms
78,1305.2500000000005 ms
78,1312.7000000000003 ms
78,1336.3500000000004 ms
78,1350.8500000000004 ms
78,1351.8500000000004 ms
78,1370.6000000000004 ms
78,1380.0000000000005 ms
78,1398.3500000000004 ms
78,1460.5000000000005 ms
78,1469.0000000000005 ms
78,1474.1500000000005 ms
78,1476.3500000000004 ms
78,1528.000000000001 ms
78,1531.1500000000005 ms
78,1546.4000000000005 ms
78,1561.6000000000008 ms
78,1570.5500000000006 ms
78,1587.000000000001 ms
78,1613.300000000001 ms
78,1615.800000000001 ms
78,1627.300000000001 ms
78,1662.2000000000007 ms
78,1708.4500000000007 ms
78,1728.250000000001 ms
78,1736.300000000001 ms
78,1747.9000000000005 ms
78,1759.1500000000005 ms
78,1760.9500000000007 ms
78,1762.4500000000007 ms
78,1765.6000000000008 ms
78,1786.250000000001 ms
78,1814.900000000001 ms
78,1829.7000000000012 ms
78,1840.900000000001 ms
78,1898.550000000001 ms
78,1944.1000000000013 ms
78,1951.250000000001 ms
78,1951.4500000000012 ms
78,1989.9500000000012 ms
78,1999.7000000000012 ms
78,2001.0000000000014 ms
78,2004.4500000000012 ms
78,2026.8500000000013 ms
78,2030.8500000000013 ms
78,2032.3500000000013 ms
78,2057.950000000001 ms
78,2059.3500000000017 ms
78,2090.450000000001 ms
78,2094.5500000000006 ms
78,2128.0000000000005 ms
78,2136.3000000000006 ms
78,2160.950000000001 ms
78,2162.900000000001 ms
78,2176.7500000000005 ms
78,2208.0500000000006 ms
78,2214.600000000001 ms
78,2239.3500000000017 ms
78,2245.100000000001 ms
78,2259.700000000001 ms
78,2262.0000000000014 ms
78,2263.8000000000015 ms
78,2288.2500000000014 ms
78,2294.900000000002 ms
78,2301.1000000000017 ms
78,2304.5500000000015 ms
78,2311.700000000001 ms
78,2317.650000000001 ms
78,2320.0500000000015 ms
78,2320.400000000001 ms
78,2325.700000000001 ms
78,2343.0000000000014 ms
78,2348.400000000002 ms
78,2355.150000000001 ms
78,2361.150000000002 ms
78,2402.650000000001 ms
78,2408.900000000002 ms
78,2455.6000000000017 ms
78,2475.3000000000015 ms
78,2475.650000000001 ms
78,2489.8000000000015 ms
78,2506.7500000000014 ms
78,2509.2500000000005 ms
78,2526.400000000001 ms
78,2529.350000000001 ms
78,2530.2000000000003 ms
78,2544.350000000001 ms
78,2551.3000000000006 ms
78,2553.4 ms
78,2557.2000000000003 ms
78,2558.0500000000006 ms
78,2594.0500000000006 ms
78,2599.350000000001 ms
78,2635.650000000001 ms
78,2646.2500000000005 ms
78,2647.5500000000006 ms
78,2651.0500000000015 ms
78,2652.7500000000014 ms
78,2655.900000000001 ms
78,2669.7500000000005 ms
78,2672.2500000000014 ms
78,2705.600000000001 ms
78,2706.3000000000006 ms
78,2723.200000000001 ms
78,2727.350000000001 ms
78,2742.5000000000014 ms
78,2793.3000000000015 ms
78,2800.8500000000017 ms
78,2833.700000000001 ms
78,2853.3000000000006 ms
78,2867.5000000000005 ms
78,2869.5500000000006 ms
78,2873.200000000001 ms
78,2890.400000000001 ms
78,2893.200000000001 ms
78,2895.8000000000006 ms
78,2901.700000000001 ms
78,2917.7500000000014 ms
78,2946.3000000000015 ms
78,2956.400000000001 ms
78,2958.7500000000014 ms
78,3050.600000000001 ms
78,3055.700000000001 ms
78,3060.8000000000006 ms
78,3064.5500000000015 ms
78,3069.5000000000014 ms
78,3078.0000000000005 ms
78,3078.4500000000003 ms
78,3091.2500000000005 ms
78,3093.850000000001 ms
78,3100.4500000000003 ms
78,3138.5000000000005 ms
78,3138.850000000001 ms
78,3158.100000000001 ms
78,3165.0500000000006 ms
78,3178.0000000000005 ms
78,3186.7500000000005 ms
78,3189.1 ms
78,3191.7000000000003 ms
78,3193.0499999999997 ms
78,3211.4500000000003 ms
78,3217.850000000001 ms
78,3218.1 ms
78,3225.2500000000005 ms
78,3232.650000000001 ms
78,3253.200000000001 ms
78,3276.600000000001 ms
78,3287.5000000000014 ms
78,3295.350000000001 ms
78,3303.650000000001 ms
78,3306.3000000000015 ms
78,3319.1000000000017 ms
78,3321.700000000001 ms
78,3337.5500000000006 ms
78,3355.2500000000005 ms
78,3355.4500000000003 ms
78,3356.200000000001 ms
78,3357.2000000000003 ms
78,3362.15 ms
78,3376.4500000000003 ms
78,3381.600000000001 ms
78,3408.0500000000006 ms
78,3451.350000000001 ms
78,3465.400000000001 ms
78,3467.5500000000015 ms
78,3467.7500000000014 ms
78,3470.950000000001 ms
78,3504.400000000001 ms
78,3527.8000000000006 ms
78,3535.350000000001 ms
78,3539.4500000000003 ms
78,3554.100000000001 ms
78,3554.350000000001 ms
78,3576.7000000000003 ms
78,3579.700000000001 ms
78,3587.0500000000006 ms
78,3614.2500000000005 ms
78,3641.150000000001 ms
78,3649.950000000001 ms
78,3660.2000000000003 ms
78,3666.0500000000006 ms
78,3690.65 ms
78,3693.3000000000006 ms
78,3705.5500000000006 ms
78,3735.5000000000005 ms
78,3736.2500000000005 ms
78,3743.5500000000006 ms
78,3755.700000000001 ms
78,3774.5000000000014 ms
78,3777.5500000000015 ms
78,3779.900000000001 ms
78,3785.2500000000005 ms
78,3788.2500000000014 ms
78,3795.5500000000015 ms
78,3830.200000000001 ms
78,3834.0000000000014 ms
78,3837.400000000002 ms
78,3857.5500000000015 ms
78,3882.0500000000015 ms
78,3889.5000000000014 ms
78,3916.8000000000015 ms
78,3931.5000000000014 ms
78,3931.700000000001 ms
78,3959.0500000000006 ms
78,3967.400000000001 ms
78,3978.100000000001 ms
79,25.6 ms
79,29.65 ms
79,31.800000000000004 ms
79,60.199999999999996 ms
79,66.55000000000001 ms
79,77.05000000000001 ms
79,89.25 ms
79,92.5 ms
79,121.44999999999999 ms
79,136.55 ms
79,151.60000000000002 ms
79,175.70000000000005 ms
79,176.10000000000002 ms
79,180.15000000000003 ms
79,189.10000000000002 ms
79,202.65000000000003 ms
79,216.15000000000003 ms
79,218.05 ms
79,246.8 ms
79,254.15000000000003 ms
79,284.34999999999997 ms
79,285.6000000000001 ms
79,287.05 ms
79,294.2 ms
79,326.95 ms
79,334.8999999999999 ms
79,377.0499999999999 ms
79,377.49999999999994 ms
79,386.1499999999999 ms
79,386.7 ms
79,420.84999999999997 ms
79,452.34999999999985 ms
79,478.1999999999999 ms
79,488.3999999999999 ms
79,491.3999999999999 ms
79,538.75 ms
79,542.5999999999999 ms
79,543.1499999999999 ms
79,552.1999999999998 ms
79,565.9499999999998 ms
79,584.6999999999998 ms
79,608.0499999999997 ms
79,625.0999999999999 ms
79,641.5999999999999 ms
79,644.6499999999996 ms
79,662.0999999999999 ms
79,668.3499999999999 ms
79,679.8499999999999 ms
79,683.5999999999999 ms
79,691.1499999999996 ms
79,691.3999999999996 ms
79,702.3999999999996 ms
79,720.8499999999999 ms
79,737.5499999999997 ms
79,752.8999999999999 ms
79,764.7499999999998 ms
79,777.0999999999999 ms
79,790.9499999999998 ms
79,791.6999999999998 ms
79,796.4000000000001 ms
79,805.25 ms
79,810.8 ms
79,829.8 ms
79,836.5 ms
79,846.5 ms
79,849.25 ms
79,849.5999999999999 ms
79,852.3000000000002 ms
79,864.3499999999999 ms
79,870.8499999999999 ms
79,873.8499999999999 ms
79,879.0999999999999 ms
79,886.4000000000001 ms
79,925.0999999999999 ms
79,928.8499999999999 ms
79,934.0500000000002 ms
79,963.2 ms
79,971.6000000000001 ms
79,982.8500000000001 ms
79,1002.25 ms
79,1013.1500000000001 ms
79,1014.3 ms
79,1030.45 ms
79,1043.55 ms
79,1059.0000000000002 ms
79,1074.8500000000001 ms
79,1075.7500000000002 ms
79,1094.2499999999998 ms
79,1095.2500000000002 ms
79,1113.8 ms
79,1127.55 ms
79,1152.3 ms
79,1171.7500000000002 ms
79,1183.1500000000003 ms
79,1184.6000000000001 ms
79,1227.8999999999999 ms
79,1229.45 ms
79,1279.7499999999998 ms
79,1298.05 ms
79,1303.7500000000002 ms
79,1315.95 ms
79,1331.1000000000001 ms
79,1344.3500000000001 ms
79,1345.0500000000004 ms
79,1352.2500000000002 ms
79,1352.7000000000005 ms
79,1357.7 ms
79,1391.6000000000001 ms
79,1399.95 ms
79,1433.7000000000005 ms
79,1438.1500000000003 ms
79,1474.1000000000006 ms
79,1490.7000000000005 ms
79,1503.5000000000002 ms
79,1546.7000000000005 ms
79,1552.6500000000003 ms
79,1584.7 ms
79,1598.7500000000002 ms
79,1608.55 ms
79,1635.7500000000002 ms
79,1635.8500000000001 ms
79,1649.7 ms
79,1672.6000000000001 ms
79,1680.1499999999999 ms
79,1685.4000000000003 ms
79,1709.5500000000004 ms
79,1718.1000000000001 ms
79,1721.3999999999999 ms
79,1724.8500000000001 ms
79,1747.5500000000004 ms
79,1750.8500000000001 ms
79,1756.1499999999999 ms
79,1790.45 ms
79,1802.95 ms
79,1803.1000000000001 ms
79,1816.5000000000002 ms
79,1835.05 ms
79,1835.7 ms
79,1851.3 ms
79,1877.5000000000002 ms
79,1884.0000000000002 ms
79,1884.3 ms
79,1892.8000000000004 ms
79,1897.6000000000001 ms
79,1947.3000000000004 ms
79,1965.4000000000003 ms
79,1967.6499999999999 ms
79,1968.2 ms
79,2001.6000000000001 ms
79,2026.45 ms
79,2039.6000000000001 ms
79,2043.5000000000002 ms
79,2051.4500000000007 ms
79,2058.8500000000004 ms
79,2065.4000000000005 ms
79,2079.6000000000004 ms
79,2087.75 ms
79,2091.6000000000004 ms
79,2097.3 ms
79,2119.5 ms
79,2133.05 ms
79,2135.45 ms
79,2138.500000000001 ms
79,2152.4000000000005 ms
79,2173.4000000000005 ms
79,2174.1000000000004 ms
79,2197.7000000000007 ms
79,2199.25 ms
79,2227.5 ms
79,2234.1500000000005 ms
79,2236.9000000000005 ms
79,2245.05 ms
79,2283.3 ms
79,2285.000000000001 ms
79,2288.05 ms
79,2295.4500000000007 ms
79,2321.1500000000005 ms
79,2354.6500000000005 ms
79,2362.9500000000007 ms
79,2364.500000000001 ms
79,2386.550000000001 ms
79,2386.7000000000007 ms
79,2395.7000000000007 ms
79,2405.4500000000007 ms
79,2414.250000000002 ms
79,2440.1500000000015 ms
79,2441.000000000002 ms
79,2444.250000000002 ms
79,2448.300000000001 ms
79,2449.250000000002 ms
79,2450.250000000002 ms
79,2484.7000000000007 ms
79,2497.500000000002 ms
79,2498.1500000000015 ms
79,2524.300000000001 ms
79,2536.350000000002 ms
79,2574.000000000002 ms
79,2574.750000000002 ms
79,2615.300000000002 ms
79,2623.800000000002 ms
79,2642.6500000000024 ms
79,2686.3500000000013 ms
79,2715.2000000000016 ms
79,2729.250000000002 ms
79,2772.9000000000015 ms
79,2793.050000000002 ms
79,2804.800000000002 ms
79,2855.4500000000016 ms
79,2856.100000000002 ms
79,2866.750000000002 ms
79,2868.050000000003 ms
79,2885.050000000003 ms
79,2894.600000000002 ms
79,2898.9500000000025 ms
79,2903.300000000003 ms
79,2904.100000000002 ms
79,2906.0000000000027 ms
79,2913.5000000000027 ms
79,2916.600000000003 ms
79,2928.1500000000024 ms
79,2941.850000000003 ms
79,2952.2000000000025 ms
79,2954.350000000002 ms
79,2974.4500000000025 ms
79,2978.850000000002 ms
79,2980.600000000002 ms
79,2985.100000000002 ms
79,3004.6500000000033 ms
79,3006.2500000000027 ms
79,3007.1500000000024 ms
79,3029.9000000000024 ms
79,3035.350000000003 ms
79,3035.600000000003 ms
79,3050.6500000000024 ms
79,3065.350000000003 ms
79,3080.7500000000027 ms
79,3094.2000000000025 ms
79,3097.1500000000024 ms
79,3157.7000000000025 ms
79,3166.9500000000025 ms
79,3170.4000000000024 ms
79,3177.0000000000027 ms
79,3188.850000000002 ms
79,3194.550000000002 ms
79,3202.4000000000024 ms
79,3211.6500000000024 ms
79,3212.7000000000016 ms
79,3241.350000000002 ms
79,3241.7000000000025 ms
79,3306.9000000000015 ms
79,3326.6500000000015 ms
79,3329.500000000002 ms
79,3341.000000000002 ms
79,3344.850000000002 ms
79,3369.800000000001 ms
79,3370.6500000000015 ms
79,3401.050000000001 ms
79,3409.6500000000015 ms
79,3432.6500000000015 ms
79,3433.550000000001 ms
79,3435.9000000000015 ms
79,3453.4500000000016 ms
79,3482.250000000002 ms
79,3483.1500000000015 ms
79,3490.9500000000025 ms
79,3495.850000000002 ms
79,3529.4000000000024 ms
79,3531.800000000002 ms
79,3544.2000000000025 ms
79,3558.4500000000025 ms
79,3560.2500000000027 ms
79,3564.4000000000024 ms
79,3568.800000000003 ms
79,3587.300000000003 ms
79,3587.550000000003 ms
79,3599.600000000003 ms
79,3611.4500000000035 ms
79,3624.7500000000027 ms
79,3651.550000000004 ms
79,3653.6500000000033 ms
79,3663.2000000000035 ms
79,3664.050000000004 ms
79,3681.800000000004 ms
79,3689.6500000000033 ms
79,3693.050000000003 ms
79,3699.2500000000036 ms
79,3701.4500000000025 ms
79,3711.800000000003 ms
79,3729.2500000000027 ms
79,3736.7500000000027 ms
79,3740.600000000003 ms
79,3759.9500000000025 ms
79,3762.100000000002 ms
79,3845.6500000000033 ms
79,3868.050000000003 ms
79,3895.7000000000025 ms
79,3904.550000000003 ms
79,3908.4500000000025 ms
79,3909.800000000003 ms
79,3951.7500000000027 ms
79,3952.9500000000025 ms
79,3966.100000000002 ms
80,26.85 ms
80,46.95000000000001 ms
80,52.85 ms
80,82.70000000000002 ms
80,86.20000000000002 ms
80,87.65 ms
80,88.70000000000002 ms
80,101.35 ms
80,102.85 ms
80,104.6 ms
80,108.80000000000001 ms
80,122.85000000000002 ms
80,124.10000000000002 ms
80,124.30000000000001 ms
80,147.10000000000002 ms
80,169.35000000000002 ms
80,177.5 ms
80,177.75 ms
80,191.5 ms
80,193.95000000000005 ms
80,239.70000000000005 ms
80,251.89999999999998 ms
80,266.25 ms
80,270.04999999999995 ms
80,293.95000000000005 ms
80,311.65 ms
80,324.04999999999995 ms
80,378.4 ms
80,382.35 ms
80,392.4999999999999 ms
80,394.6 ms
80,397.2499999999999 ms
80,397.44999999999993 ms
80,422.29999999999995 ms
80,439.0999999999999 ms
80,442.20000000000005 ms
80,443.65 ms
80,444.04999999999995 ms
80,491.94999999999993 ms
80,492.9 ms
80,497.54999999999984 ms
80,500.79999999999984 ms
80,518.55 ms
80,524.7 ms
80,526.95 ms
80,527.8 ms
80,530.95 ms
80,531.55 ms
80,551.45 ms
80,555.1499999999999 ms
80,556.8500000000001 ms
80,589.2 ms
80,606.6000000000001 ms
80,635.5 ms
80,641.6500000000001 ms
80,643.3499999999999 ms
80,648.4000000000001 ms
80,649.6500000000001 ms
80,673.5999999999999 ms
80,684.6500000000001 ms
80,690.25 ms
80,694.55 ms
80,713.7 ms
80,730.6499999999999 ms
80,731.1000000000001 ms
80,732.25 ms
80,733.0999999999999 ms
80,734.8000000000002 ms
80,735.8000000000002 ms
80,737.8499999999999 ms
80,775.0500000000002 ms
80,822.1500000000001 ms
80,839.0500000000002 ms
80,843.8000000000002 ms
80,849.0500000000002 ms
80,859.25 ms
80,865.25 ms
80,872.25 ms
80,880.3000000000002 ms
80,895.3000000000002 ms
80,942.45 ms
80,950.45 ms
80,954.7 ms
80,969.6500000000001 ms
80,974.9000000000001 ms
80,980.3500000000001 ms
80,984.7 ms
80,985.5000000000002 ms
80,997.3500000000001 ms
80,1000.45 ms
80,1014.1500000000003 ms
80,1023.5500000000002 ms
80,1028.65 ms
80,1066.4 ms
80,1070.5 ms
80,1086.6 ms
80,1104.1999999999998 ms
80,1115.35 ms
80,1145.0 ms
80,1152.9499999999998 ms
80,1167.4 ms
80,1167.5 ms
80,1172.0500000000002 ms
80,1180.35 ms
80,1192.1999999999998 ms
80,1196.1499999999996 ms
80,1200.1 ms
80,1244.1 ms
80,1249.75 ms
80,1250.25 ms
80,1274.4499999999998 ms
80,1275.3500000000004 ms
80,1313.3000000000002 ms
80,1331.15 ms
80,1342.25 ms
80,1344.0500000000002 ms
80,1359.8000000000002 ms
80,1364.75 ms
80,1368.4 ms
80,1380.75 ms
80,1398.8000000000002 ms
80,1410.1499999999996 ms
80,1415.4499999999998 ms
80,1422.6 ms
80,1427.65 ms
80,1432.7499999999995 ms
80,1434.35 ms
80,1438.9499999999994 ms
80,1450.2499999999995 ms
80,1470.4499999999994 ms
80,1480.35 ms
80,1485.85 ms
80,1496.5499999999997 ms
80,1500.9999999999995 ms
80,1505.1 ms
80,1507.1999999999994 ms
80,1516.1 ms
80,1519.3999999999996 ms
80,1542.3499999999995 ms
80,1552.6999999999998 ms
80,1570.0999999999995 ms
80,1581.25 ms
80,1583.6499999999996 ms
80,1600.5 ms
80,1619.0499999999997 ms
80,1639.6999999999998 ms
80,1646.1 ms
80,1651.5 ms
80,1669.75 ms
80,1691.75 ms
80,1696.9499999999998 ms
80,1697.9499999999998 ms
80,1698.65 ms
80,1706.9 ms
80,1767.1 ms
80,1787.65 ms
80,1788.25 ms
80,1831.9 ms
80,1854.65 ms
80,1863.5500000000002 ms
80,1883.5 ms
80,1884.6500000000005 ms
80,1885.9000000000005 ms
80,1901.8500000000004 ms
80,1905.5000000000005 ms
80,1923.6500000000005 ms
80,1924.5000000000005 ms
80,1930.8500000000004 ms
80,1931.4500000000003 ms
80,1964.7500000000005 ms
80,1969.0000000000005 ms
80,1973.9 ms
80,2021.2500000000005 ms
80,2053.55 ms
80,2091.1000000000004 ms
80,2100.7000000000007 ms
80,2105.05 ms
80,2165.0 ms
80,2166.8 ms
80,2173.55 ms
80,2193.1500000000005 ms
80,2214.4000000000005 ms
80,2214.5999999999995 ms
80,2217.45 ms
80,2219.05 ms
80,2243.45 ms
80,2255.0999999999995 ms
80,2267.2 ms
80,2316.5 ms
80,2319.75 ms
80,2332.1499999999996 ms
80,2332.8999999999996 ms
80,2342.3999999999996 ms
80,2345.2000000000007 ms
80,2352.9500000000007 ms
80,2361.1000000000004 ms
80,2362.7000000000007 ms
80,2412.0 ms
80,2431.800000000001 ms
80,2438.9500000000007 ms
80,2442.3500000000004 ms
80,2444.1000000000004 ms
80,2456.750000000001 ms
80,2458.550000000001 ms
80,2462.1500000000015 ms
80,2463.050000000001 ms
80,2463.6000000000013 ms
80,2467.500000000001 ms
80,2497.1000000000013 ms
80,2504.250000000001 ms
80,2506.4500000000016 ms
80,2512.500000000001 ms
80,2526.800000000002 ms
80,2531.750000000001 ms
80,2550.000000000001 ms
80,2552.300000000002 ms
80,2560.800000000002 ms
80,2570.300000000002 ms
80,2578.1500000000015 ms
80,2579.1000000000013 ms
80,2593.3500000000013 ms
80,2600.050000000001 ms
80,2609.300000000001 ms
80,2614.9000000000015 ms
80,2627.2000000000007 ms
80,2639.250000000002 ms
80,2640.9000000000015 ms
80,2655.000000000002 ms
80,2667.1000000000013 ms
80,2675.300000000001 ms
80,2678.4500000000007 ms
80,2689.6000000000013 ms
80,2702.9000000000015 ms
80,2743.6500000000015 ms
80,2752.3500000000013 ms
80,2766.550000000001 ms
80,2773.500000000001 ms
80,2775.9000000000005 ms
80,2800.550000000001 ms
80,2826.500000000001 ms
80,2828.4500000000007 ms
80,2830.4500000000007 ms
80,2837.800000000001 ms
80,2838.2000000000007 ms
80,2849.000000000001 ms
80,2872.9000000000005 ms
80,2877.250000000001 ms
80,2877.8500000000013 ms
80,2878.500000000001 ms
80,2922.500000000001 ms
80,2942.3500000000013 ms
80,2956.7000000000007 ms
80,2966.4500000000007 ms
80,2970.1000000000004 ms
80,2973.050000000001 ms
80,2975.1000000000004 ms
80,2976.4500000000007 ms
80,2985.4500000000007 ms
80,3018.8500000000004 ms
80,3053.4500000000007 ms
80,3067.6500000000005 ms
80,3086.2000000000007 ms
80,3096.500000000001 ms
80,3101.550000000001 ms
80,3103.8500000000013 ms
80,3108.3500000000013 ms
80,3112.6500000000015 ms
80,3119.2000000000016 ms
80,3122.300000000002 ms
80,3169.6000000000013 ms
80,3185.1500000000024 ms
80,3200.2000000000016 ms
80,3241.1500000000024 ms
80,3254.8500000000013 ms
80,3275.550000000002 ms
80,3276.550000000002 ms
80,3293.1500000000015 ms
80,3294.6500000000015 ms
80,3310.550000000001 ms
80,3321.850000000002 ms
80,3326.9500000000016 ms
80,3340.300000000002 ms
80,3350.000000000001 ms
80,3352.500000000001 ms
80,3363.1500000000015 ms
80,3388.6500000000015 ms
80,3399.3500000000013 ms
80,3402.6000000000013 ms
80,3420.9000000000015 ms
80,3427.250000000002 ms
80,3441.4500000000007 ms
80,3444.750000000002 ms
80,3471.250000000002 ms
80,3489.250000000002 ms
80,3527.3500000000013 ms
80,3552.9500000000016 ms
80,3562.2000000000016 ms
80,3579.750000000001 ms
80,3584.6000000000013 ms
80,3597.4500000000016 ms
80,3602.9500000000016 ms
80,3612.9500000000016 ms
80,3613.250000000001 ms
80,3644.000000000001 ms
80,3673.050000000002 ms
80,3673.1500000000015 ms
80,3678.9000000000015 ms
80,3687.550000000001 ms
80,3688.500000000002 ms
80,3693.9500000000007 ms
80,3698.3500000000013 ms
80,3702.000000000001 ms
80,3739.250000000001 ms
80,3762.1500000000015 ms
80,3794.250000000002 ms
80,3797.6500000000015 ms
80,3823.4500000000016 ms
80,3846.8500000000013 ms
80,3873.8500000000013 ms
80,3890.1500000000024 ms
80,3959.4000000000024 ms
80,3960.7000000000016 ms
80,3995.300000000002 ms
81,2.45 ms
81,32.400000000000006 ms
81,53.75 ms
81,94.0 ms
81,135.75 ms
81,158.8 ms
81,182.75 ms
81,208.95 ms
81,210.34999999999997 ms
81,254.09999999999997 ms
81,274.15000000000003 ms
81,280.59999999999997 ms
81,326.74999999999994 ms
81,331.8 ms
81,341.2 ms
81,345.95 ms
81,368.8 ms
81,377.8 ms
81,396.49999999999994 ms
81,398.59999999999997 ms
81,398.95 ms
81,401.65000000000003 ms
81,424.7000000000001 ms
81,453.2 ms
81,474.75000000000006 ms
81,489.1000000000001 ms
81,511.40000000000015 ms
81,515.4000000000001 ms
81,524.9000000000001 ms
81,557.0 ms
81,577.3500000000001 ms
81,591.7 ms
81,594.45 ms
81,628.1500000000003 ms
81,630.0000000000002 ms
81,641.5500000000002 ms
81,648.8000000000002 ms
81,665.3000000000002 ms
81,689.7000000000003 ms
81,707.6000000000001 ms
81,710.6000000000001 ms
81,728.2 ms
81,728.3000000000002 ms
81,728.7000000000003 ms
81,764.0 ms
81,772.3000000000002 ms
81,783.1500000000001 ms
81,812.0500000000002 ms
81,812.2 ms
81,812.3 ms
81,848.9000000000001 ms
81,851.45 ms
81,854.6500000000001 ms
81,860.2 ms
81,892.4000000000001 ms
81,897.7 ms
81,901.7 ms
81,925.9000000000001 ms
81,957.5500000000002 ms
81,983.1500000000001 ms
81,988.6500000000001 ms
81,993.3000000000002 ms
81,998.3000000000002 ms
81,1000.0 ms
81,1009.75 ms
81,1010.3000000000002 ms
81,1015.8000000000002 ms
81,1016.5999999999999 ms
81,1044.0499999999997 ms
81,1079.35 ms
81,1117.15 ms
81,1124.2499999999995 ms
81,1138.2499999999995 ms
81,1149.85 ms
81,1166.2499999999995 ms
81,1167.65 ms
81,1174.35 ms
81,1184.7999999999997 ms
81,1201.7000000000003 ms
81,1205.25 ms
81,1217.4 ms
81,1225.75 ms
81,1232.35 ms
81,1239.1999999999998 ms
81,1240.2999999999997 ms
81,1246.35 ms
81,1255.1499999999996 ms
81,1264.0999999999995 ms
81,1280.4499999999998 ms
81,1288.9999999999995 ms
81,1291.3999999999996 ms
81,1296.8499999999995 ms
81,1316.5 ms
81,1323.0499999999997 ms
81,1346.2499999999995 ms
81,1351.6 ms
81,1354.9999999999995 ms
81,1369.6 ms
81,1372.2999999999997 ms
81,1385.8999999999996 ms
81,1392.5999999999995 ms
81,1430.8999999999996 ms
81,1448.3499999999995 ms
81,1464.6999999999998 ms
81,1468.0499999999993 ms
81,1481.9999999999995 ms
81,1485.5499999999997 ms
81,1486.9999999999995 ms
81,1488.0999999999995 ms
81,1491.0999999999995 ms
81,1496.2499999999995 ms
81,1497.7499999999995 ms
81,1510.1999999999994 ms
81,1511.2499999999995 ms
81,1528.3999999999996 ms
81,1558.0999999999995 ms
81,1582.5999999999995 ms
81,1594.75 ms
81,1599.8499999999995 ms
81,1616.6999999999998 ms
81,1623.0999999999995 ms
81,1626.9499999999998 ms
81,1635.6499999999996 ms
81,1636.0499999999997 ms
81,1636.35 ms
81,1653.1999999999994 ms
81,1670.7499999999995 ms
81,1694.8999999999996 ms
81,1712.1499999999996 ms
81,1721.4999999999995 ms
81,1766.4999999999995 ms
81,1798.6999999999994 ms
81,1807.4499999999994 ms
81,1808.2499999999995 ms
81,1824.5499999999997 ms
81,1834.7999999999997 ms
81,1847.6499999999992 ms
81,1870.5499999999997 ms
81,1871.7499999999995 ms
81,1888.5499999999997 ms
81,1891.1999999999994 ms
81,1902.9499999999994 ms
81,1904.6 ms
81,1931.1 ms
81,1952.4499999999994 ms
81,1975.0499999999997 ms
81,2002.3499999999995 ms
81,2009.9999999999995 ms
81,2014.8499999999995 ms
81,2036.5999999999995 ms
81,2041.9499999999994 ms
81,2042.4499999999994 ms
81,2048.0999999999995 ms
81,2055.999999999999 ms
81,2061.3 ms
81,2065.3499999999995 ms
81,2080.25 ms
81,2093.25 ms
81,2098.3 ms
81,2101.8 ms
81,2102.8500000000004 ms
81,2103.8500000000004 ms
81,2105.55 ms
81,2116.3500000000004 ms
81,2161.4000000000005 ms
81,2172.05 ms
81,2198.250000000001 ms
81,2205.7 ms
81,2211.000000000001 ms
81,2238.6500000000005 ms
81,2246.1000000000004 ms
81,2250.3 ms
81,2253.3500000000004 ms
81,2264.4000000000005 ms
81,2273.250000000001 ms
81,2292.3500000000004 ms
81,2294.7000000000007 ms
81,2309.7000000000007 ms
81,2321.3 ms
81,2326.6500000000005 ms
81,2338.95 ms
81,2343.3 ms
81,2353.3500000000004 ms
81,2354.25 ms
81,2358.050000000001 ms
81,2373.6500000000005 ms
81,2439.05 ms
81,2475.9500000000007 ms
81,2477.750000000001 ms
81,2487.2000000000007 ms
81,2488.3500000000004 ms
81,2503.500000000001 ms
81,2509.800000000001 ms
81,2521.300000000001 ms
81,2533.4000000000015 ms
81,2535.800000000001 ms
81,2547.000000000001 ms
81,2556.6500000000005 ms
81,2601.9000000000005 ms
81,2617.800000000001 ms
81,2634.550000000001 ms
81,2650.7000000000007 ms
81,2667.4500000000007 ms
81,2688.800000000001 ms
81,2710.000000000001 ms
81,2723.500000000001 ms
81,2739.1000000000013 ms
81,2741.8500000000013 ms
81,2742.750000000001 ms
81,2757.550000000001 ms
81,2761.1000000000013 ms
81,2762.6500000000015 ms
81,2771.9000000000015 ms
81,2778.3500000000013 ms
81,2802.000000000001 ms
81,2810.6000000000013 ms
81,2821.250000000001 ms
81,2836.9000000000015 ms
81,2838.000000000002 ms
81,2856.750000000002 ms
81,2864.550000000001 ms
81,2867.4000000000015 ms
81,2877.9500000000016 ms
81,2893.750000000002 ms
81,2900.4000000000015 ms
81,2903.750000000002 ms
81,2923.300000000002 ms
81,2929.9500000000016 ms
81,2934.5000000000027 ms
81,2950.850000000002 ms
81,2955.050000000002 ms
81,2957.6500000000024 ms
81,2958.750000000002 ms
81,2959.550000000002 ms
81,2965.050000000002 ms
81,2968.600000000002 ms
81,3002.550000000002 ms
81,3009.350000000002 ms
81,3024.850000000002 ms
81,3028.550000000002 ms
81,3034.250000000002 ms
81,3044.100000000002 ms
81,3052.1500000000015 ms
81,3053.1500000000015 ms
81,3106.1500000000015 ms
81,3116.300000000002 ms
81,3119.000000000002 ms
81,3119.7000000000016 ms
81,3129.3500000000013 ms
81,3136.550000000002 ms
81,3158.800000000002 ms
81,3170.4000000000015 ms
81,3189.4500000000016 ms
81,3191.9000000000015 ms
81,3193.1500000000015 ms
81,3200.300000000001 ms
81,3206.550000000001 ms
81,3236.000000000002 ms
81,3240.000000000002 ms
81,3242.8500000000013 ms
81,3248.3500000000013 ms
81,3265.750000000001 ms
81,3273.300000000002 ms
81,3284.7000000000016 ms
81,3295.050000000002 ms
81,3313.6000000000013 ms
81,3317.4500000000016 ms
81,3336.9000000000015 ms
81,3343.6000000000013 ms
81,3367.500000000001 ms
81,3387.9500000000016 ms
81,3394.500000000001 ms
81,3428.1500000000015 ms
81,3428.4000000000015 ms
81,3437.9000000000015 ms
81,3438.9000000000015 ms
81,3453.6500000000015 ms
81,3465.7000000000016 ms
81,3469.1000000000013 ms
81,3491.4500000000016 ms
81,3512.9500000000016 ms
81,3527.8500000000013 ms
81,3535.6500000000024 ms
81,3558.9000000000024 ms
81,3562.250000000002 ms
81,3566.850000000002 ms
81,3567.800000000001 ms
81,3591.1500000000015 ms
81,3593.3500000000013 ms
81,3600.300000000001 ms
81,3618.7000000000007 ms
81,3624.1500000000015 ms
81,3636.8500000000004 ms
81,3640.300000000001 ms
81,3644.7000000000007 ms
81,3648.4500000000007 ms
81,3669.4000000000005 ms
81,3671.1000000000004 ms
81,3682.2000000000007 ms
81,3700.6000000000004 ms
81,3701.1500000000005 ms
81,3723.7000000000007 ms
81,3725.8500000000004 ms
81,3733.6500000000015 ms
81,3740.6000000000004 ms
81,3758.9500000000007 ms
81,3761.550000000001 ms
81,3777.800000000001 ms
81,3798.7000000000007 ms
81,3814.300000000001 ms
81,3815.0 ms
81,3818.300000000001 ms
81,3832.3500000000004 ms
81,3833.750000000001 ms
81,3844.1500000000005 ms
81,3856.550000000001 ms
81,3858.6000000000013 ms
81,3866.800000000001 ms
81,3868.050000000001 ms
81,3901.6500000000015 ms
81,3919.550000000001 ms
81,3920.4000000000015 ms
81,3925.050000000001 ms
81,3938.050000000001 ms
81,3941.2000000000007 ms
81,3947.000000000002 ms
81,3952.750000000002 ms
81,3976.9000000000015 ms
81,3977.4500000000016 ms
81,3980.800000000002 ms
81,3991.550000000002 ms
81,3993.250000000001 ms
81,3994.800000000002 ms
82,13.5 ms
82,14.100000000000001 ms
82,15.25 ms
82,16.7 ms
82,31.7 ms
82,41.3 ms
82,42.25 ms
82,49.55 ms
82,52.7 ms
82,57.89999999999999 ms
82,65.1 ms
82,100.35 ms
82,102.25 ms
82,106.65 ms
82,123.95000000000002 ms
82,163.10000000000005 ms
82,171.95000000000002 ms
82,192.79999999999998 ms
82,213.35 ms
82,219.70000000000002 ms
82,242.04999999999998 ms
82,250.6 ms
82,253.10000000000005 ms
82,256.70000000000005 ms
82,291.45000000000005 ms
82,366.1500000000001 ms
82,373.85 ms
82,383.15 ms
82,393.2500000000001 ms
82,397.30000000000007 ms
82,401.5000000000001 ms
82,416.2500000000001 ms
82,425.85 ms
82,466.30000000000007 ms
82,467.0000000000001 ms
82,469.9 ms
82,471.20000000000005 ms
82,501.05000000000007 ms
82,547.85 ms
82,553.15 ms
82,565.65 ms
82,572.4499999999999 ms
82,584.2499999999999 ms
82,603.2499999999999 ms
82,622.8999999999997 ms
82,634.4999999999999 ms
82,646.4499999999999 ms
82,651.2499999999999 ms
82,652.6999999999999 ms
82,669.0999999999998 ms
82,672.4999999999999 ms
82,703.1 ms
82,703.1999999999999 ms
82,706.8000000000001 ms
82,716.4 ms
82,717.6 ms
82,751.3000000000001 ms
82,758.4000000000002 ms
82,780.5500000000001 ms
82,793.5500000000001 ms
82,833.85 ms
82,842.6 ms
82,863.15 ms
82,868.9 ms
82,873.85 ms
82,900.9 ms
82,905.35 ms
82,908.4500000000002 ms
82,921.0000000000001 ms
82,930.4999999999999 ms
82,968.9499999999999 ms
82,1002.35 ms
82,1037.4500000000003 ms
82,1042.1 ms
82,1057.15 ms
82,1072.0500000000002 ms
82,1078.8000000000002 ms
82,1083.65 ms
82,1087.2000000000003 ms
82,1094.0 ms
82,1115.75 ms
82,1116.25 ms
82,1123.5500000000002 ms
82,1130.8999999999996 ms
82,1131.8999999999996 ms
82,1139.1 ms
82,1169.6999999999998 ms
82,1171.0499999999997 ms
82,1176.2499999999995 ms
82,1176.6 ms
82,1207.6999999999994 ms
82,1209.2499999999995 ms
82,1212.7999999999997 ms
82,1215.3999999999992 ms
82,1218.7499999999995 ms
82,1218.9499999999994 ms
82,1232.2999999999993 ms
82,1234.6499999999992 ms
82,1253.6499999999992 ms
82,1255.599999999999 ms
82,1257.849999999999 ms
82,1277.849999999999 ms
82,1283.099999999999 ms
82,1290.2499999999995 ms
82,1305.5499999999993 ms
82,1306.499999999999 ms
82,1314.3499999999995 ms
82,1333.1499999999992 ms
82,1337.8999999999992 ms
82,1342.8999999999992 ms
82,1344.2999999999993 ms
82,1346.2999999999993 ms
82,1354.6499999999992 ms
82,1371.749999999999 ms
82,1373.999999999999 ms
82,1378.7999999999993 ms
82,1385.199999999999 ms
82,1389.949999999999 ms
82,1391.7999999999993 ms
82,1404.3999999999987 ms
82,1429.099999999999 ms
82,1435.349999999999 ms
82,1465.6499999999992 ms
82,1493.199999999999 ms
82,1498.449999999999 ms
82,1505.949999999999 ms
82,1514.699999999999 ms
82,1540.6499999999987 ms
82,1561.599999999999 ms
82,1587.949999999999 ms
82,1639.099999999999 ms
82,1642.3999999999992 ms
82,1657.7999999999988 ms
82,1664.249999999999 ms
82,1667.2999999999993 ms
82,1673.6499999999987 ms
82,1750.0499999999993 ms
82,1784.749999999999 ms
82,1801.3999999999992 ms
82,1809.349999999999 ms
82,1815.3999999999992 ms
82,1820.0499999999993 ms
82,1822.6999999999994 ms
82,1837.8499999999995 ms
82,1838.3999999999996 ms
82,1844.249999999999 ms
82,1863.5999999999995 ms
82,1868.0999999999995 ms
82,1886.5999999999995 ms
82,1887.749999999999 ms
82,1928.9499999999994 ms
82,1964.4999999999995 ms
82,1979.849999999999 ms
82,1985.3999999999992 ms
82,2016.7999999999993 ms
82,2035.0999999999995 ms
82,2035.3999999999992 ms
82,2047.599999999999 ms
82,2065.4499999999994 ms
82,2068.799999999999 ms
82,2070.399999999999 ms
82,2076.6999999999994 ms
82,2082.9499999999994 ms
82,2087.85 ms
82,2094.7499999999995 ms
82,2097.15 ms
82,2115.6 ms
82,2118.9 ms
82,2123.2499999999995 ms
82,2127.7999999999997 ms
82,2132.7499999999995 ms
82,2153.4499999999994 ms
82,2165.399999999999 ms
82,2172.9999999999986 ms
82,2187.349999999999 ms
82,2231.4999999999995 ms
82,2240.9499999999994 ms
82,2242.299999999999 ms
82,2246.3999999999983 ms
82,2262.9499999999985 ms
82,2281.3999999999983 ms
82,2283.7499999999986 ms
82,2285.9499999999985 ms
82,2321.299999999998 ms
82,2350.599999999998 ms
82,2366.599999999999 ms
82,2370.649999999999 ms
82,2372.549999999999 ms
82,2376.849999999999 ms
82,2385.299999999999 ms
82,2406.4499999999994 ms
82,2413.649999999999 ms
82,2428.9999999999986 ms
82,2430.099999999998 ms
82,2431.1999999999985 ms
82,2439.4999999999986 ms
82,2451.4999999999986 ms
82,2454.4499999999985 ms
82,2464.6999999999985 ms
82,2486.549999999998 ms
82,2517.099999999998 ms
82,2518.6499999999983 ms
82,2521.1999999999985 ms
82,2526.9499999999994 ms
82,2528.149999999999 ms
82,2529.099999999999 ms
82,2529.849999999998 ms
82,2549.8999999999983 ms
82,2550.599999999998 ms
82,2577.9499999999985 ms
82,2586.1499999999983 ms
82,2661.9499999999985 ms
82,2663.1999999999985 ms
82,2674.9499999999985 ms
82,2684.599999999999 ms
82,2691.1999999999985 ms
82,2704.3999999999983 ms
82,2706.299999999999 ms
82,2734.9999999999986 ms
82,2738.6499999999983 ms
82,2750.6999999999985 ms
82,2758.7499999999986 ms
82,2759.649999999999 ms
82,2761.799999999999 ms
82,2775.049999999999 ms
82,2776.8999999999983 ms
82,2781.9499999999985 ms
82,2795.1499999999983 ms
82,2798.4999999999986 ms
82,2810.899999999999 ms
82,2865.9999999999986 ms
82,2869.799999999999 ms
82,2875.1999999999994 ms
82,2882.799999999999 ms
82,2886.849999999999 ms
82,2904.849999999999 ms
82,2909.149999999999 ms
82,2960.2999999999997 ms
82,2970.399999999999 ms
82,2971.399999999999 ms
82,2990.849999999999 ms
82,3015.299999999999 ms
82,3045.8999999999983 ms
82,3065.349999999998 ms
82,3080.1999999999985 ms
82,3092.3999999999983 ms
82,3099.049999999999 ms
82,3122.549999999998 ms
82,3148.549999999999 ms
82,3156.3999999999983 ms
82,3166.7499999999977 ms
82,3173.1999999999975 ms
82,3174.299999999998 ms
82,3205.849999999998 ms
82,3206.049999999998 ms
82,3206.6499999999974 ms
82,3208.349999999997 ms
82,3219.6499999999974 ms
82,3222.6499999999983 ms
82,3234.4499999999985 ms
82,3245.9999999999986 ms
82,3259.9499999999985 ms
82,3315.799999999998 ms
82,3319.1499999999974 ms
82,3338.6499999999983 ms
82,3352.1499999999974 ms
82,3352.4499999999975 ms
82,3379.299999999998 ms
82,3396.2499999999977 ms
82,3404.4999999999977 ms
82,3464.549999999998 ms
82,3489.3999999999974 ms
82,3506.1499999999983 ms
82,3507.1499999999974 ms
82,3511.8999999999983 ms
82,3518.9999999999977 ms
82,3520.9499999999975 ms
82,3522.6499999999974 ms
82,3531.349999999997 ms
82,3542.799999999997 ms
82,3542.8999999999965 ms
82,3571.749999999997 ms
82,3583.3499999999963 ms
82,3593.049999999996 ms
82,3619.049999999997 ms
82,3620.599999999997 ms
82,3626.8999999999974 ms
82,3667.799999999997 ms
82,3719.6499999999965 ms
82,3759.6499999999974 ms
82,3780.549999999997 ms
82,3783.799999999997 ms
82,3791.8999999999965 ms
82,3792.1499999999974 ms
82,3793.099999999997 ms
82,3801.1999999999966 ms
82,3802.549999999996 ms
82,3818.6999999999966 ms
82,3831.549999999996 ms
82,3842.5999999999963 ms
82,3848.6499999999965 ms
82,3858.5999999999963 ms
82,3868.249999999997 ms
82,3909.1499999999974 ms
82,3915.8999999999965 ms
82,3926.1999999999966 ms
82,3927.049999999997 ms
82,3935.749999999997 ms
82,3957.1499999999974 ms
82,3970.499999999997 ms
82,3972.0999999999963 ms
82,3995.749999999997 ms
83,14.15 ms
83,20.700000000000003 ms
83,70.45 ms
83,95.3 ms
83,114.60000000000001 ms
83,127.85000000000001 ms
83,138.14999999999998 ms
83,149.25 ms
83,155.89999999999998 ms
83,157.70000000000005 ms
83,166.39999999999998 ms
83,170.05 ms
83,180.35000000000002 ms
83,182.45000000000005 ms
83,190.14999999999998 ms
83,221.10000000000002 ms
83,261.35 ms
83,266.30000000000007 ms
83,267.9 ms
83,307.4 ms
83,320.35 ms
83,320.75 ms
83,329.29999999999995 ms
83,329.85 ms
83,332.25 ms
83,348.35 ms
83,351.9 ms
83,358.70000000000005 ms
83,360.6 ms
83,365.85 ms
83,413.55000000000007 ms
83,448.0 ms
83,454.4 ms
83,467.5 ms
83,477.4 ms
83,478.35 ms
83,531.9 ms
83,543.35 ms
83,563.4 ms
83,575.65 ms
83,585.9 ms
83,586.85 ms
83,622.35 ms
83,631.5500000000001 ms
83,662.0500000000001 ms
83,670.8000000000001 ms
83,677.2500000000001 ms
83,686.7000000000002 ms
83,734.3000000000003 ms
83,745.0000000000003 ms
83,761.0500000000003 ms
83,773.6000000000003 ms
83,779.9000000000002 ms
83,792.8500000000003 ms
83,830.7000000000002 ms
83,858.6 ms
83,875.15 ms
83,884.6999999999999 ms
83,893.8000000000001 ms
83,913.85 ms
83,913.9500000000002 ms
83,922.85 ms
83,927.0500000000001 ms
83,941.1999999999999 ms
83,942.0500000000001 ms
83,976.35 ms
83,990.65 ms
83,1009.4499999999999 ms
83,1010.0500000000001 ms
83,1010.2500000000001 ms
83,1016.5500000000001 ms
83,1030.6 ms
83,1031.9 ms
83,1055.7499999999995 ms
83,1062.35 ms
83,1069.4499999999994 ms
83,1074.6999999999994 ms
83,1105.1999999999994 ms
83,1120.85 ms
83,1141.85 ms
83,1143.6499999999996 ms
83,1147.2499999999995 ms
83,1181.8499999999995 ms
83,1182.7499999999995 ms
83,1184.7999999999997 ms
83,1192.5999999999995 ms
83,1212.4499999999994 ms
83,1218.3999999999992 ms
83,1226.4499999999994 ms
83,1227.2499999999995 ms
83,1231.6499999999992 ms
83,1258.1499999999992 ms
83,1269.8499999999995 ms
83,1271.6499999999996 ms
83,1273.0999999999995 ms
83,1281.3499999999995 ms
83,1294.8499999999995 ms
83,1301.2999999999993 ms
83,1303.3999999999996 ms
83,1306.5999999999995 ms
83,1312.4999999999995 ms
83,1316.0999999999995 ms
83,1331.3999999999996 ms
83,1341.6499999999996 ms
83,1344.4499999999994 ms
83,1349.2499999999995 ms
83,1362.6499999999992 ms
83,1376.0999999999995 ms
83,1379.4999999999995 ms
83,1381.6999999999994 ms
83,1387.6499999999996 ms
83,1411.0499999999997 ms
83,1426.6 ms
83,1427.7499999999995 ms
83,1446.0499999999997 ms
83,1453.6 ms
83,1467.6 ms
83,1508.6 ms
83,1522.5499999999997 ms
83,1542.6 ms
83,1564.0499999999997 ms
83,1588.7999999999997 ms
83,1589.9999999999995 ms
83,1636.4999999999995 ms
83,1645.15 ms
83,1653.9 ms
83,1670.2499999999995 ms
83,1687.65 ms
83,1721.9999999999995 ms
83,1772.7499999999995 ms
83,1777.85 ms
83,1792.7499999999995 ms
83,1792.9499999999998 ms
83,1794.9499999999998 ms
83,1833.9499999999998 ms
83,1839.7999999999997 ms
83,1840.7999999999997 ms
83,1845.1 ms
83,1861.4999999999995 ms
83,1868.2499999999995 ms
83,1868.4 ms
83,1876.1999999999998 ms
83,1878.4499999999998 ms
83,1893.35 ms
83,1919.7999999999997 ms
83,1921.85 ms
83,1930.9499999999998 ms
83,1954.5499999999997 ms
83,2011.9499999999998 ms
83,2036.1499999999996 ms
83,2053.25 ms
83,2066.8 ms
83,2071.75 ms
83,2073.7 ms
83,2089.3 ms
83,2090.8 ms
83,2118.749999999999 ms
83,2118.8999999999996 ms
83,2123.0999999999995 ms
83,2163.249999999999 ms
83,2179.0999999999995 ms
83,2192.0999999999995 ms
83,2213.95 ms
83,2239.499999999999 ms
83,2246.7 ms
83,2249.249999999999 ms
83,2277.749999999999 ms
83,2280.45 ms
83,2287.0999999999995 ms
83,2317.0499999999993 ms
83,2334.5999999999995 ms
83,2337.8499999999995 ms
83,2344.8499999999995 ms
83,2348.6499999999996 ms
83,2400.5 ms
83,2424.0999999999995 ms
83,2435.5999999999995 ms
83,2438.8499999999995 ms
83,2452.499999999999 ms
83,2468.999999999999 ms
83,2473.249999999999 ms
83,2496.55 ms
83,2497.95 ms
83,2503.7 ms
83,2514.3499999999995 ms
83,2530.0 ms
83,2539.0 ms
83,2545.95 ms
83,2552.5999999999995 ms
83,2563.5999999999995 ms
83,2571.4000000000005 ms
83,2574.3 ms
83,2586.55 ms
83,2589.55 ms
83,2600.1000000000004 ms
83,2623.6000000000004 ms
83,2626.1500000000005 ms
83,2653.8500000000004 ms
83,2654.8 ms
83,2666.8 ms
83,2671.4000000000005 ms
83,2681.45 ms
83,2684.4000000000005 ms
83,2688.45 ms
83,2698.1000000000004 ms
83,2699.1000000000004 ms
83,2728.9500000000007 ms
83,2740.5 ms
83,2758.6500000000005 ms
83,2791.500000000001 ms
83,2821.45 ms
83,2830.000000000001 ms
83,2835.250000000001 ms
83,2845.8500000000004 ms
83,2864.2000000000007 ms
83,2871.3999999999996 ms
83,2872.5 ms
83,2886.3 ms
83,2899.45 ms
83,2903.6500000000005 ms
83,2921.25 ms
83,2921.3500000000004 ms
83,2928.7999999999993 ms
83,2944.0 ms
83,2950.3999999999996 ms
83,2968.5999999999995 ms
83,2990.1499999999996 ms
83,3009.45 ms
83,3012.1499999999996 ms
83,3026.95 ms
83,3032.2 ms
83,3035.55 ms
83,3066.2 ms
83,3067.8999999999996 ms
83,3085.95 ms
83,3104.75 ms
83,3105.7 ms
83,3114.95 ms
83,3125.5999999999995 ms
83,3128.95 ms
83,3137.0 ms
83,3148.1499999999996 ms
83,3175.4500000000007 ms
83,3179.55 ms
83,3181.75 ms
83,3209.45 ms
83,3220.8 ms
83,3248.45 ms
83,3273.0999999999995 ms
83,3277.8 ms
83,3286.3499999999995 ms
83,3358.0999999999995 ms
83,3364.2 ms
83,3386.75 ms
83,3394.8 ms
83,3396.1000000000004 ms
83,3412.6500000000005 ms
83,3438.7000000000007 ms
83,3439.3500000000004 ms
83,3439.9500000000007 ms
83,3445.6500000000005 ms
83,3454.250000000001 ms
83,3457.8500000000004 ms
83,3472.8500000000004 ms
83,3473.2000000000007 ms
83,3486.3 ms
83,3487.1500000000005 ms
83,3490.8499999999995 ms
83,3514.95 ms
83,3526.0999999999995 ms
83,3539.3499999999995 ms
83,3548.7 ms
83,3556.3 ms
83,3563.95 ms
83,3574.6499999999996 ms
83,3580.8499999999995 ms
83,3581.6499999999996 ms
83,3585.5 ms
83,3593.8499999999995 ms
83,3599.7999999999993 ms
83,3601.7999999999993 ms
83,3611.0499999999993 ms
83,3614.7999999999993 ms
83,3627.5999999999995 ms
83,3630.3999999999996 ms
83,3630.95 ms
83,3632.0999999999995 ms
83,3644.6500000000005 ms
83,3646.25 ms
83,3667.75 ms
83,3669.8500000000004 ms
83,3670.95 ms
83,3673.5 ms
83,3682.45 ms
83,3695.8999999999996 ms
83,3700.2 ms
83,3703.3499999999995 ms
83,3713.45 ms
83,3736.5999999999995 ms
83,3745.1500000000005 ms
83,3747.1500000000005 ms
83,3787.3499999999995 ms
83,3789.8499999999995 ms
83,3797.25 ms
83,3802.8 ms
83,3815.4000000000005 ms
83,3831.2 ms
83,3848.250000000001 ms
83,3850.250000000001 ms
83,3855.8500000000004 ms
83,3859.5 ms
83,3875.1000000000004 ms
83,3877.6500000000005 ms
83,3883.1500000000005 ms
83,3894.7000000000007 ms
83,3896.550000000001 ms
83,3917.3500000000004 ms
83,3927.6500000000015 ms
83,3966.1000000000004 ms
83,3975.8500000000004 ms
83,3980.9500000000007 ms
83,3993.000000000001 ms
83,3999.1000000000013 ms
84,21.400000000000002 ms
84,26.000000000000004 ms
84,26.850000000000005 ms
84,29.15000000000001 ms
84,35.05000000000001 ms
84,49.900000000000006 ms
84,50.80000000000001 ms
84,59.10000000000001 ms
84,67.50000000000001 ms
84,70.70000000000003 ms
84,72.2 ms
84,73.15000000000002 ms
84,75.90000000000002 ms
84,94.35000000000004 ms
84,96.30000000000003 ms
84,97.05000000000003 ms
84,108.10000000000001 ms
84,126.10000000000004 ms
84,133.25000000000006 ms
84,149.25000000000006 ms
84,150.15000000000003 ms
84,152.25000000000006 ms
84,153.60000000000002 ms
84,162.3 ms
84,192.35000000000002 ms
84,235.60000000000002 ms
84,265.25 ms
84,299.15 ms
84,299.29999999999995 ms
84,299.8499999999999 ms
84,303.79999999999995 ms
84,311.25 ms
84,323.5999999999999 ms
84,334.4 ms
84,345.65 ms
84,350.94999999999993 ms
84,362.94999999999993 ms
84,376.69999999999993 ms
84,379.35 ms
84,398.4 ms
84,400.0 ms
84,401.85 ms
84,426.25 ms
84,448.85 ms
84,450.80000000000007 ms
84,451.25 ms
84,473.85 ms
84,475.55000000000007 ms
84,481.94999999999993 ms
84,490.25 ms
84,494.70000000000005 ms
84,498.4 ms
84,499.1 ms
84,507.9999999999999 ms
84,520.1999999999999 ms
84,523.7499999999999 ms
84,540.6999999999999 ms
84,549.3499999999998 ms
84,570.85 ms
84,578.4499999999999 ms
84,581.4499999999999 ms
84,590.3499999999998 ms
84,592.0499999999998 ms
84,621.9499999999999 ms
84,629.6999999999999 ms
84,636.15 ms
84,637.85 ms
84,640.65 ms
84,641.85 ms
84,647.1 ms
84,667.7000000000002 ms
84,673.6999999999999 ms
84,710.6 ms
84,727.6 ms
84,739.4 ms
84,763.4 ms
84,804.15 ms
84,897.4499999999999 ms
84,915.9 ms
84,917.0000000000001 ms
84,928.0000000000001 ms
84,937.8000000000001 ms
84,945.9499999999999 ms
84,951.35 ms
84,954.8000000000001 ms
84,958.8000000000001 ms
84,970.1 ms
84,981.4 ms
84,987.9 ms
84,990.2500000000001 ms
84,1015.6 ms
84,1031.4500000000003 ms
84,1036.35 ms
84,1037.9500000000003 ms
84,1047.85 ms
84,1064.2000000000003 ms
84,1074.5 ms
84,1076.35 ms
84,1083.35 ms
84,1084.65 ms
84,1088.15 ms
84,1098.35 ms
84,1110.5499999999997 ms
84,1111.4 ms
84,1121.1 ms
84,1124.9499999999998 ms
84,1131.5499999999997 ms
84,1132.1499999999996 ms
84,1143.2499999999995 ms
84,1167.7999999999997 ms
84,1173.1499999999992 ms
84,1177.2499999999995 ms
84,1184.599999999999 ms
84,1185.349999999999 ms
84,1213.349999999999 ms
84,1215.2499999999995 ms
84,1229.1999999999994 ms
84,1239.3999999999992 ms
84,1251.0999999999995 ms
84,1266.7999999999993 ms
84,1267.0999999999995 ms
84,1276.9999999999995 ms
84,1280.2499999999995 ms
84,1282.0999999999995 ms
84,1284.7999999999993 ms
84,1312.1999999999998 ms
84,1319.8499999999995 ms
84,1322.8999999999996 ms
84,1351.3499999999995 ms
84,1380.7999999999997 ms
84,1394.6999999999998 ms
84,1397.0499999999997 ms
84,1398.2499999999995 ms
84,1409.4 ms
84,1412.9999999999995 ms
84,1428.4499999999998 ms
84,1436.8999999999996 ms
84,1437.4499999999998 ms
84,1441.0499999999997 ms
84,1445.1999999999998 ms
84,1447.5 ms
84,1466.1999999999998 ms
84,1473.7999999999997 ms
84,1478.5499999999997 ms
84,1481.1 ms
84,1517.6499999999996 ms
84,1528.2999999999997 ms
84,1539.35 ms
84,1540.2499999999995 ms
84,1584.9499999999998 ms
84,1592.5499999999997 ms
84,1605.6499999999996 ms
84,1609.0499999999997 ms
84,1616.1 ms
84,1643.35 ms
84,1671.4999999999995 ms
84,1680.35 ms
84,1685.2499999999995 ms
84,1698.0499999999997 ms
84,1707.9999999999995 ms
84,1715.6 ms
84,1717.4499999999994 ms
84,1734.4499999999994 ms
84,1738.6 ms
84,1758.7999999999997 ms
84,1760.6999999999998 ms
84,1762.85 ms
84,1778.6999999999998 ms
84,1780.5499999999997 ms
84,1786.9499999999998 ms
84,1821.7999999999997 ms
84,1832.3999999999996 ms
84,1835.7999999999997 ms
84,1836.0499999999997 ms
84,1848.8999999999996 ms
84,1858.6499999999996 ms
84,1885.7499999999995 ms
84,1890.9499999999994 ms
84,1895.5499999999997 ms
84,1917.9999999999995 ms
84,1924.3999999999996 ms
84,1948.7499999999995 ms
84,1949.2999999999997 ms
84,1954.1999999999994 ms
84,1954.4499999999994 ms
84,1957.2499999999995 ms
84,1967.3999999999996 ms
84,1972.7999999999997 ms
84,1975.1999999999998 ms
84,2032.9499999999998 ms
84,2034.7999999999997 ms
84,2049.2999999999997 ms
84,2053.7999999999997 ms
84,2096.35 ms
84,2100.15 ms
84,2104.35 ms
84,2116.0499999999997 ms
84,2120.9999999999995 ms
84,2121.9 ms
84,2128.899999999999 ms
84,2140.849999999999 ms
84,2145.649999999999 ms
84,2146.9999999999995 ms
84,2150.0499999999997 ms
84,2160.2499999999995 ms
84,2180.349999999999 ms
84,2253.049999999999 ms
84,2273.4499999999994 ms
84,2278.2499999999995 ms
84,2290.0499999999997 ms
84,2303.35 ms
84,2313.85 ms
84,2322.7999999999997 ms
84,2326.2499999999995 ms
84,2345.7999999999997 ms
84,2387.7499999999995 ms
84,2398.349999999999 ms
84,2400.9999999999995 ms
84,2444.65 ms
84,2458.35 ms
84,2460.599999999999 ms
84,2463.4999999999995 ms
84,2466.65 ms
84,2486.35 ms
84,2487.9 ms
84,2494.2000000000003 ms
84,2496.0000000000005 ms
84,2514.35 ms
84,2526.1999999999994 ms
84,2528.85 ms
84,2536.1999999999994 ms
84,2541.7999999999997 ms
84,2543.2999999999997 ms
84,2577.4500000000003 ms
84,2611.2500000000005 ms
84,2613.4 ms
84,2636.7000000000003 ms
84,2639.600000000001 ms
84,2641.7500000000005 ms
84,2642.35 ms
84,2651.0499999999997 ms
84,2656.85 ms
84,2669.5499999999997 ms
84,2683.9 ms
84,2687.9500000000003 ms
84,2711.5000000000005 ms
84,2712.3000000000006 ms
84,2715.700000000001 ms
84,2727.650000000001 ms
84,2753.5000000000005 ms
84,2758.2500000000005 ms
84,2769.0000000000005 ms
84,2805.2000000000003 ms
84,2808.350000000001 ms
84,2811.8000000000006 ms
84,2825.0000000000005 ms
84,2858.4 ms
84,2863.2499999999995 ms
84,2874.2999999999997 ms
84,2905.0500000000006 ms
84,2907.4 ms
84,2914.9500000000003 ms
84,2916.4 ms
84,2935.8000000000006 ms
84,2938.0000000000005 ms
84,2947.9999999999995 ms
84,2948.15 ms
84,2960.6 ms
84,2978.35 ms
84,2986.6999999999994 ms
84,3009.7499999999995 ms
84,3037.7500000000005 ms
84,3040.0500000000006 ms
84,3049.2999999999997 ms
84,3049.4500000000003 ms
84,3067.0000000000005 ms
84,3094.35 ms
84,3124.7500000000005 ms
84,3133.0500000000006 ms
84,3142.350000000001 ms
84,3142.650000000001 ms
84,3142.950000000001 ms
84,3146.200000000001 ms
84,3148.2500000000014 ms
84,3157.2500000000014 ms
84,3173.150000000002 ms
84,3176.400000000001 ms
84,3190.350000000001 ms
84,3228.0500000000006 ms
84,3231.450000000001 ms
84,3242.2500000000014 ms
84,3270.400000000002 ms
84,3272.5500000000015 ms
84,3288.7500000000014 ms
84,3291.950000000001 ms
84,3304.7500000000014 ms
84,3306.5000000000014 ms
84,3307.450000000001 ms
84,3324.200000000001 ms
84,3342.0500000000006 ms
84,3349.200000000001 ms
84,3357.150000000001 ms
84,3364.7500000000005 ms
84,3395.5000000000014 ms
84,3404.850000000001 ms
84,3407.100000000001 ms
84,3446.3000000000006 ms
84,3451.0500000000006 ms
84,3451.5000000000005 ms
84,3465.5500000000006 ms
84,3486.350000000001 ms
84,3491.4500000000003 ms
84,3509.5500000000006 ms
84,3514.65 ms
84,3527.35 ms
84,3530.2500000000005 ms
84,3554.5500000000006 ms
84,3564.8000000000006 ms
84,3573.8000000000006 ms
84,3579.15 ms
84,3582.7500000000005 ms
84,3588.85 ms
84,3592.350000000001 ms
84,3602.6 ms
84,3624.2000000000003 ms
84,3626.4500000000003 ms
84,3629.600000000001 ms
84,3631.4500000000003 ms
84,3657.9 ms
84,3667.9999999999995 ms
84,3697.1999999999994 ms
84,3711.0499999999997 ms
84,3721.7999999999997 ms
84,3741.1 ms
84,3766.4499999999994 ms
84,3773.7999999999997 ms
84,3797.2999999999997 ms
84,3827.9500000000003 ms
84,3835.4499999999994 ms
84,3848.85 ms
84,3858.2500000000005 ms
84,3878.6 ms
84,3888.1 ms
84,3891.65 ms
84,3891.9500000000003 ms
84,3896.350000000001 ms
84,3897.650000000001 ms
84,3903.5000000000005 ms
84,3920.5000000000005 ms
84,3944.9500000000003 ms
84,3945.65 ms
84,3951.7000000000003 ms
84,3953.7500000000005 ms
84,3961.0500000000006 ms
84,3962.200000000001 ms
84,3991.4500000000003 ms
84,3996.5000000000005 ms
85,0.25 ms
85,3.9000000000000004 ms
85,25.1 ms
85,25.950000000000003 ms
85,39.0 ms
85,65.7 ms
85,69.49999999999999 ms
85,103.55000000000003 ms
85,104.8 ms
85,110.89999999999999 ms
85,114.99999999999999 ms
85,120.95 ms
85,127.60000000000001 ms
85,138.0 ms
85,140.10000000000002 ms
85,174.89999999999998 ms
85,181.39999999999998 ms
85,206.95000000000005 ms
85,210.5 ms
85,215.20000000000005 ms
85,217.10000000000002 ms
85,231.15000000000003 ms
85,260.25000000000006 ms
85,264.75000000000006 ms
85,271.95 ms
85,277.3 ms
85,289.8000000000001 ms
85,302.65000000000015 ms
85,308.1000000000001 ms
85,323.1000000000001 ms
85,324.00000000000006 ms
85,337.3500000000001 ms
85,338.90000000000015 ms
85,356.7000000000001 ms
85,405.3000000000001 ms
85,410.8500000000002 ms
85,443.5500000000001 ms
85,456.3000000000001 ms
85,476.25000000000006 ms
85,481.3000000000001 ms
85,487.50000000000006 ms
85,495.6000000000001 ms
85,526.7 ms
85,529.0500000000002 ms
85,555.1500000000001 ms
85,558.1500000000001 ms
85,567.9500000000003 ms
85,569.8500000000001 ms
85,574.6000000000001 ms
85,589.3000000000002 ms
85,593.2000000000003 ms
85,595.8500000000001 ms
85,597.8500000000001 ms
85,608.5500000000002 ms
85,623.1500000000001 ms
85,626.7000000000003 ms
85,631.9000000000001 ms
85,644.7500000000002 ms
85,650.0000000000002 ms
85,660.5500000000002 ms
85,664.6000000000001 ms
85,668.5500000000002 ms
85,670.0500000000002 ms
85,673.0000000000002 ms
85,680.1500000000003 ms
85,693.9000000000003 ms
85,697.1000000000001 ms
85,705.1500000000003 ms
85,707.5000000000002 ms
85,714.6000000000001 ms
85,714.8500000000001 ms
85,834.6500000000003 ms
85,838.6000000000004 ms
85,846.5000000000005 ms
85,898.2000000000003 ms
85,904.9500000000003 ms
85,905.3000000000004 ms
85,908.1500000000003 ms
85,914.0500000000004 ms
85,937.5500000000004 ms
85,969.3000000000004 ms
85,971.2500000000005 ms
85,989.9500000000005 ms
85,999.9000000000005 ms
85,1027.5500000000006 ms
85,1031.2500000000005 ms
85,1039.3500000000008 ms
85,1040.1500000000005 ms
85,1043.5500000000006 ms
85,1050.7000000000007 ms
85,1062.6500000000005 ms
85,1082.7000000000007 ms
85,1089.3000000000006 ms
85,1092.6500000000005 ms
85,1097.0500000000006 ms
85,1101.8000000000006 ms
85,1105.2500000000005 ms
85,1112.6000000000008 ms
85,1169.4500000000003 ms
85,1169.9000000000005 ms
85,1176.2000000000007 ms
85,1177.5000000000005 ms
85,1206.0500000000006 ms
85,1221.5000000000005 ms
85,1226.4500000000003 ms
85,1241.0000000000005 ms
85,1241.7500000000005 ms
85,1245.0000000000005 ms
85,1272.7000000000003 ms
85,1276.5000000000005 ms
85,1290.2000000000003 ms
85,1291.3500000000008 ms
85,1293.8000000000006 ms
85,1301.2500000000005 ms
85,1308.150000000001 ms
85,1312.8500000000008 ms
85,1329.8000000000006 ms
85,1356.4500000000012 ms
85,1369.1000000000008 ms
85,1384.400000000001 ms
85,1397.500000000001 ms
85,1408.4500000000007 ms
85,1416.800000000001 ms
85,1433.1000000000008 ms
85,1434.6000000000008 ms
85,1442.9500000000007 ms
85,1448.8000000000006 ms
85,1489.1000000000008 ms
85,1495.9500000000003 ms
85,1509.8500000000008 ms
85,1537.3000000000006 ms
85,1550.0000000000005 ms
85,1557.8000000000006 ms
85,1581.3500000000008 ms
85,1586.5500000000006 ms
85,1589.3000000000006 ms
85,1613.2500000000005 ms
85,1614.9500000000007 ms
85,1616.1000000000008 ms
85,1623.0500000000006 ms
85,1630.8500000000008 ms
85,1631.900000000001 ms
85,1638.650000000001 ms
85,1641.9500000000007 ms
85,1644.500000000001 ms
85,1654.1500000000005 ms
85,1679.9000000000005 ms
85,1709.1500000000005 ms
85,1720.300000000001 ms
85,1733.9500000000007 ms
85,1744.900000000001 ms
85,1760.2000000000012 ms
85,1763.000000000001 ms
85,1785.550000000001 ms
85,1802.3500000000008 ms
85,1811.650000000001 ms
85,1818.7000000000007 ms
85,1835.6500000000005 ms
85,1839.6000000000008 ms
85,1840.250000000001 ms
85,1895.650000000001 ms
85,1897.300000000001 ms
85,1909.900000000001 ms
85,1923.9500000000012 ms
85,1927.9500000000012 ms
85,1940.150000000001 ms
85,1971.800000000001 ms
85,2030.400000000001 ms
85,2031.900000000001 ms
85,2058.700000000001 ms
85,2070.6000000000017 ms
85,2071.0500000000015 ms
85,2089.150000000001 ms
85,2102.0500000000015 ms
85,2108.950000000001 ms
85,2114.200000000001 ms
85,2141.200000000001 ms
85,2192.7500000000014 ms
85,2197.8000000000015 ms
85,2211.8000000000015 ms
85,2218.950000000002 ms
85,2224.700000000001 ms
85,2230.950000000002 ms
85,2246.3500000000017 ms
85,2256.950000000001 ms
85,2264.2500000000014 ms
85,2274.3500000000017 ms
85,2281.0500000000015 ms
85,2281.900000000001 ms
85,2291.100000000001 ms
85,2301.950000000001 ms
85,2313.400000000001 ms
85,2343.700000000001 ms
85,2353.0000000000014 ms
85,2353.100000000001 ms
85,2359.2500000000014 ms
85,2369.850000000001 ms
85,2400.1000000000017 ms
85,2400.450000000001 ms
85,2409.0500000000006 ms
85,2415.150000000001 ms
85,2428.7500000000005 ms
85,2430.8000000000006 ms
85,2454.950000000001 ms
85,2470.5000000000014 ms
85,2475.400000000002 ms
85,2485.5500000000015 ms
85,2487.0500000000015 ms
85,2516.1000000000017 ms
85,2530.8000000000015 ms
85,2544.8500000000017 ms
85,2548.8500000000017 ms
85,2549.1000000000017 ms
85,2565.900000000002 ms
85,2569.450000000002 ms
85,2575.6000000000026 ms
85,2583.2500000000023 ms
85,2592.8000000000025 ms
85,2615.3000000000025 ms
85,2619.150000000002 ms
85,2638.5000000000023 ms
85,2643.650000000003 ms
85,2644.0500000000025 ms
85,2646.400000000002 ms
85,2651.0000000000023 ms
85,2665.400000000003 ms
85,2671.650000000002 ms
85,2687.8000000000025 ms
85,2689.3500000000026 ms
85,2704.000000000003 ms
85,2710.900000000003 ms
85,2711.950000000003 ms
85,2719.950000000003 ms
85,2721.950000000003 ms
85,2726.250000000003 ms
85,2727.1000000000026 ms
85,2731.450000000003 ms
85,2751.250000000003 ms
85,2760.1500000000037 ms
85,2765.200000000004 ms
85,2785.250000000004 ms
85,2790.700000000004 ms
85,2829.9000000000037 ms
85,2833.950000000004 ms
85,2834.0500000000034 ms
85,2834.200000000004 ms
85,2854.9000000000037 ms
85,2872.500000000003 ms
85,2876.000000000003 ms
85,2882.4000000000037 ms
85,2896.450000000004 ms
85,2898.4000000000037 ms
85,2912.150000000003 ms
85,2917.3000000000034 ms
85,2922.000000000003 ms
85,2931.1000000000026 ms
85,2943.5500000000025 ms
85,2949.3000000000034 ms
85,2955.750000000003 ms
85,2964.400000000003 ms
85,2968.0000000000023 ms
85,2977.000000000003 ms
85,2994.400000000003 ms
85,3012.200000000003 ms
85,3018.400000000003 ms
85,3030.400000000003 ms
85,3042.3500000000026 ms
85,3050.3000000000025 ms
85,3056.650000000002 ms
85,3063.6000000000017 ms
85,3065.900000000002 ms
85,3068.8500000000017 ms
85,3078.2500000000023 ms
85,3092.700000000002 ms
85,3105.6000000000026 ms
85,3117.950000000002 ms
85,3144.3000000000015 ms
85,3148.5500000000025 ms
85,3182.400000000002 ms
85,3189.3000000000025 ms
85,3229.3000000000015 ms
85,3233.0500000000025 ms
85,3260.8000000000015 ms
85,3261.2500000000014 ms
85,3268.3000000000015 ms
85,3278.8000000000025 ms
85,3283.0000000000023 ms
85,3284.150000000002 ms
85,3287.950000000002 ms
85,3299.650000000002 ms
85,3303.400000000002 ms
85,3308.150000000002 ms
85,3320.8000000000025 ms
85,3330.1000000000026 ms
85,3349.200000000002 ms
85,3355.400000000002 ms
85,3367.950000000002 ms
85,3392.200000000002 ms
85,3426.700000000002 ms
85,3432.8000000000015 ms
85,3453.5000000000014 ms
85,3470.7500000000023 ms
85,3481.8000000000025 ms
85,3507.0500000000015 ms
85,3518.2500000000014 ms
85,3530.3000000000015 ms
85,3532.3000000000025 ms
85,3544.650000000002 ms
85,3548.6000000000017 ms
85,3564.650000000002 ms
85,3569.900000000002 ms
85,3583.1000000000017 ms
85,3589.3500000000017 ms
85,3644.3000000000015 ms
85,3653.8500000000017 ms
85,3659.3500000000017 ms
85,3686.7500000000023 ms
85,3696.3000000000025 ms
85,3717.5000000000023 ms
85,3727.700000000002 ms
85,3747.3000000000015 ms
85,3798.0000000000014 ms
85,3827.950000000001 ms
85,3838.1000000000017 ms
85,3849.400000000002 ms
85,3873.1000000000017 ms
85,3874.7500000000014 ms
85,3875.0500000000015 ms
85,3895.7500000000014 ms
85,3901.700000000001 ms
85,3920.1000000000017 ms
85,3940.3000000000015 ms
85,3952.3000000000006 ms
85,3984.200000000001 ms
85,3999.8500000000017 ms
86,6.6000000000000005 ms
86,13.100000000000001 ms
86,17.400000000000002 ms
86,33.25 ms
86,60.599999999999994 ms
86,65.05 ms
86,92.45 ms
86,135.05 ms
86,137.3 ms
86,154.40000000000003 ms
86,162.7 ms
86,164.2 ms
86,172.7 ms
86,177.75000000000006 ms
86,182.40000000000003 ms
86,197.40000000000003 ms
86,198.10000000000002 ms
86,229.55 ms
86,234.10000000000002 ms
86,250.05 ms
86,252.55 ms
86,253.15000000000003 ms
86,316.8 ms
86,329.65000000000003 ms
86,343.25000000000006 ms
86,358.2 ms
86,367.9500000000001 ms
86,371.15000000000003 ms
86,372.05 ms
86,414.2 ms
86,431.4500000000001 ms
86,448.50000000000006 ms
86,453.0500000000001 ms
86,455.8 ms
86,457.0500000000001 ms
86,488.55 ms
86,490.3500000000001 ms
86,494.3500000000001 ms
86,506.8 ms
86,512.2500000000002 ms
86,513.55 ms
86,514.7 ms
86,529.4000000000001 ms
86,562.9000000000001 ms
86,589.2 ms
86,590.1500000000001 ms
86,591.0 ms
86,592.4500000000003 ms
86,601.7000000000003 ms
86,624.25 ms
86,630.9000000000001 ms
86,635.95 ms
86,637.05 ms
86,648.8500000000001 ms
86,656.95 ms
86,657.6000000000001 ms
86,659.25 ms
86,664.7 ms
86,665.0 ms
86,667.6500000000001 ms
86,673.6999999999998 ms
86,691.25 ms
86,702.5999999999999 ms
86,707.75 ms
86,712.0999999999999 ms
86,743.3499999999999 ms
86,758.8999999999999 ms
86,784.8499999999999 ms
86,828.0999999999999 ms
86,831.6999999999998 ms
86,852.9000000000001 ms
86,881.1500000000001 ms
86,892.3 ms
86,899.8 ms
86,907.7 ms
86,909.9999999999998 ms
86,915.95 ms
86,916.95 ms
86,933.2 ms
86,938.55 ms
86,971.3999999999999 ms
86,972.25 ms
86,1014.7 ms
86,1016.0 ms
86,1020.5999999999999 ms
86,1032.0 ms
86,1072.9499999999998 ms
86,1092.3000000000002 ms
86,1098.4499999999998 ms
86,1100.75 ms
86,1108.3000000000002 ms
86,1109.5 ms
86,1135.6999999999998 ms
86,1169.0500000000002 ms
86,1184.9499999999998 ms
86,1197.4 ms
86,1225.4500000000003 ms
86,1231.25 ms
86,1245.9 ms
86,1261.4500000000003 ms
86,1269.85 ms
86,1279.6 ms
86,1281.0500000000002 ms
86,1288.5 ms
86,1296.7000000000003 ms
86,1342.15 ms
86,1356.15 ms
86,1359.2500000000005 ms
86,1393.5000000000005 ms
86,1406.3000000000002 ms
86,1413.3500000000004 ms
86,1429.75 ms
86,1448.0 ms
86,1461.7000000000003 ms
86,1512.3500000000004 ms
86,1539.8000000000002 ms
86,1545.8000000000002 ms
86,1551.3000000000002 ms
86,1563.2500000000005 ms
86,1564.6500000000005 ms
86,1631.0500000000006 ms
86,1641.8500000000008 ms
86,1647.9000000000005 ms
86,1648.3000000000006 ms
86,1661.8000000000006 ms
86,1667.8000000000006 ms
86,1675.0000000000005 ms
86,1677.7500000000005 ms
86,1690.7000000000007 ms
86,1698.1500000000005 ms
86,1700.750000000001 ms
86,1719.8000000000006 ms
86,1724.3500000000008 ms
86,1745.8500000000008 ms
86,1752.8000000000006 ms
86,1755.1500000000005 ms
86,1764.3000000000006 ms
86,1790.4500000000007 ms
86,1798.000000000001 ms
86,1798.6500000000005 ms
86,1811.750000000001 ms
86,1812.8000000000006 ms
86,1815.3000000000006 ms
86,1861.6500000000005 ms
86,1863.6500000000005 ms
86,1870.6000000000004 ms
86,1870.8500000000004 ms
86,1872.2000000000007 ms
86,1891.5000000000005 ms
86,1908.6000000000004 ms
86,1939.0000000000005 ms
86,1958.5000000000005 ms
86,1964.4500000000003 ms
86,1979.3000000000006 ms
86,1979.9 ms
86,2009.4500000000003 ms
86,2012.1000000000004 ms
86,2064.4500000000003 ms
86,2066.2999999999997 ms
86,2067.8000000000006 ms
86,2067.9 ms
86,2070.15 ms
86,2070.7000000000003 ms
86,2074.7999999999997 ms
86,2153.7000000000003 ms
86,2154.7000000000003 ms
86,2155.7000000000003 ms
86,2159.7500000000005 ms
86,2163.2000000000003 ms
86,2174.9 ms
86,2182.15 ms
86,2186.3000000000006 ms
86,2206.7500000000005 ms
86,2218.65 ms
86,2239.85 ms
86,2243.6 ms
86,2246.1 ms
86,2256.2999999999997 ms
86,2279.2499999999995 ms
86,2285.599999999999 ms
86,2289.1 ms
86,2311.6999999999994 ms
86,2339.4499999999994 ms
86,2343.4999999999995 ms
86,2344.599999999999 ms
86,2366.9499999999994 ms
86,2383.9999999999995 ms
86,2401.1999999999994 ms
86,2415.399999999999 ms
86,2416.5499999999997 ms
86,2423.4999999999995 ms
86,2425.9499999999994 ms
86,2440.549999999999 ms
86,2455.3999999999983 ms
86,2466.849999999998 ms
86,2473.6499999999983 ms
86,2476.099999999998 ms
86,2479.849999999999 ms
86,2485.299999999999 ms
86,2510.299999999998 ms
86,2517.549999999999 ms
86,2522.099999999999 ms
86,2523.349999999998 ms
86,2525.2499999999986 ms
86,2526.649999999999 ms
86,2553.7499999999986 ms
86,2556.099999999998 ms
86,2571.9999999999986 ms
86,2576.099999999998 ms
86,2578.1999999999985 ms
86,2581.9499999999985 ms
86,2615.6499999999983 ms
86,2627.4499999999985 ms
86,2630.799999999998 ms
86,2631.549999999999 ms
86,2664.7499999999986 ms
86,2669.9499999999985 ms
86,2695.6999999999975 ms
86,2710.6499999999974 ms
86,2717.1999999999975 ms
86,2717.9999999999977 ms
86,2734.1999999999975 ms
86,2740.349999999998 ms
86,2755.9499999999975 ms
86,2758.849999999998 ms
86,2769.599999999998 ms
86,2778.9499999999975 ms
86,2797.4499999999985 ms
86,2803.299999999998 ms
86,2819.4999999999977 ms
86,2835.8999999999983 ms
86,2843.849999999998 ms
86,2845.349999999997 ms
86,2849.6499999999974 ms
86,2892.599999999997 ms
86,2932.049999999997 ms
86,2949.049999999998 ms
86,2976.9499999999975 ms
86,2991.049999999997 ms
86,2999.049999999998 ms
86,3000.2499999999977 ms
86,3019.3999999999974 ms
86,3029.1499999999974 ms
86,3037.6999999999975 ms
86,3041.6999999999975 ms
86,3061.2499999999977 ms
86,3063.3999999999983 ms
86,3071.2499999999977 ms
86,3077.6499999999983 ms
86,3145.049999999998 ms
86,3160.4999999999977 ms
86,3170.849999999997 ms
86,3176.8999999999974 ms
86,3179.4499999999975 ms
86,3181.1499999999974 ms
86,3198.099999999997 ms
86,3203.2499999999977 ms
86,3207.1499999999983 ms
86,3209.1499999999974 ms
86,3212.049999999998 ms
86,3227.7499999999977 ms
86,3230.299999999998 ms
86,3230.9499999999985 ms
86,3244.6999999999975 ms
86,3252.2499999999977 ms
86,3253.299999999998 ms
86,3282.4499999999985 ms
86,3296.049999999998 ms
86,3301.599999999998 ms
86,3323.549999999998 ms
86,3365.049999999999 ms
86,3378.6999999999985 ms
86,3388.1999999999985 ms
86,3399.6499999999983 ms
86,3408.1999999999985 ms
86,3410.299999999998 ms
86,3413.099999999998 ms
86,3424.4499999999985 ms
86,3452.549999999998 ms
86,3460.1999999999985 ms
86,3507.849999999999 ms
86,3535.899999999999 ms
86,3542.099999999999 ms
86,3548.099999999998 ms
86,3565.049999999998 ms
86,3577.349999999998 ms
86,3585.549999999998 ms
86,3586.1999999999985 ms
86,3594.1499999999983 ms
86,3598.3999999999983 ms
86,3609.349999999998 ms
86,3609.9999999999986 ms
86,3612.799999999999 ms
86,3614.3999999999983 ms
86,3634.299999999999 ms
86,3641.599999999999 ms
86,3661.899999999999 ms
86,3668.9999999999986 ms
86,3673.399999999999 ms
86,3704.099999999999 ms
86,3712.9999999999986 ms
86,3718.149999999999 ms
86,3740.099999999999 ms
86,3749.549999999999 ms
86,3752.9499999999985 ms
86,3758.9499999999985 ms
86,3763.9999999999986 ms
86,3779.149999999999 ms
86,3790.7499999999986 ms
86,3805.7499999999986 ms
86,3805.849999999998 ms
86,3807.9999999999986 ms
86,3823.599999999998 ms
86,3873.1999999999985 ms
86,3910.549999999998 ms
86,3933.2499999999977 ms
86,3950.3999999999983 ms
86,3950.799999999999 ms
86,3968.8999999999983 ms
86,3978.6499999999983 ms
86,3981.9499999999985 ms
87,14.0 ms
87,16.6 ms
87,55.65 ms
87,59.25000000000001 ms
87,61.9 ms
87,74.6 ms
87,91.00000000000003 ms
87,92.20000000000002 ms
87,95.50000000000003 ms
87,131.75 ms
87,155.5 ms
87,157.5 ms
87,167.14999999999998 ms
87,209.60000000000002 ms
87,229.85000000000002 ms
87,238.60000000000002 ms
87,242.25 ms
87,245.30000000000007 ms
87,277.5000000000001 ms
87,279.55000000000007 ms
87,287.80000000000007 ms
87,302.1 ms
87,302.9000000000001 ms
87,305.4000000000001 ms
87,307.55000000000007 ms
87,312.5000000000001 ms
87,346.05000000000007 ms
87,353.2500000000001 ms
87,373.35 ms
87,401.9000000000001 ms
87,416.45000000000005 ms
87,429.60000000000014 ms
87,438.4000000000001 ms
87,438.5000000000001 ms
87,448.80000000000007 ms
87,469.6500000000002 ms
87,471.85000000000014 ms
87,481.20000000000016 ms
87,508.95000000000016 ms
87,529.85 ms
87,534.9500000000002 ms
87,538.9000000000002 ms
87,549.9500000000002 ms
87,558.6 ms
87,571.0500000000001 ms
87,572.5500000000003 ms
87,587.0500000000001 ms
87,592.7000000000002 ms
87,594.6500000000002 ms
87,630.0000000000003 ms
87,637.9500000000004 ms
87,683.4500000000002 ms
87,696.2000000000004 ms
87,697.9500000000002 ms
87,705.2000000000004 ms
87,717.9000000000004 ms
87,719.2500000000003 ms
87,750.8500000000005 ms
87,759.9500000000004 ms
87,764.5000000000003 ms
87,764.9500000000004 ms
87,786.3500000000003 ms
87,790.2000000000004 ms
87,811.2000000000004 ms
87,844.6000000000003 ms
87,845.9000000000002 ms
87,861.6500000000004 ms
87,874.1000000000005 ms
87,877.0000000000003 ms
87,884.8500000000005 ms
87,898.4000000000004 ms
87,903.7500000000003 ms
87,927.4500000000004 ms
87,927.5500000000005 ms
87,943.6500000000004 ms
87,979.8500000000005 ms
87,993.4000000000004 ms
87,1001.9500000000004 ms
87,1008.5500000000005 ms
87,1014.0000000000006 ms
87,1041.4500000000007 ms
87,1049.4500000000007 ms
87,1053.8000000000002 ms
87,1085.0500000000002 ms
87,1088.4500000000007 ms
87,1093.3000000000002 ms
87,1096.8000000000002 ms
87,1104.0000000000005 ms
87,1105.6500000000005 ms
87,1108.1500000000005 ms
87,1123.5000000000005 ms
87,1137.5000000000005 ms
87,1143.1000000000004 ms
87,1176.5000000000005 ms
87,1197.8000000000006 ms
87,1210.9500000000003 ms
87,1225.8500000000008 ms
87,1229.8500000000008 ms
87,1238.9000000000005 ms
87,1241.0000000000005 ms
87,1248.0000000000005 ms
87,1253.3500000000004 ms
87,1256.6500000000005 ms
87,1258.5500000000002 ms
87,1259.5000000000005 ms
87,1283.9000000000005 ms
87,1305.1500000000005 ms
87,1325.7500000000005 ms
87,1327.2500000000005 ms
87,1341.0500000000006 ms
87,1361.6000000000004 ms
87,1373.1500000000005 ms
87,1379.0 ms
87,1386.1500000000005 ms
87,1387.3500000000004 ms
87,1391.1000000000004 ms
87,1394.2500000000005 ms
87,1410.6000000000004 ms
87,1416.5000000000005 ms
87,1422.7000000000003 ms
87,1425.1500000000005 ms
87,1446.8500000000004 ms
87,1471.7000000000007 ms
87,1482.9000000000005 ms
87,1490.1000000000004 ms
87,1492.000000000001 ms
87,1520.750000000001 ms
87,1522.6500000000005 ms
87,1533.7000000000007 ms
87,1540.1000000000008 ms
87,1572.250000000001 ms
87,1595.8500000000008 ms
87,1623.400000000001 ms
87,1641.3500000000008 ms
87,1672.500000000001 ms
87,1675.500000000001 ms
87,1678.6000000000008 ms
87,1680.5500000000006 ms
87,1682.6000000000008 ms
87,1686.1000000000008 ms
87,1705.2000000000007 ms
87,1710.4000000000005 ms
87,1713.1000000000008 ms
87,1747.150000000001 ms
87,1755.400000000001 ms
87,1770.7500000000005 ms
87,1771.400000000001 ms
87,1808.900000000001 ms
87,1819.8000000000006 ms
87,1822.750000000001 ms
87,1824.550000000001 ms
87,1829.2000000000007 ms
87,1879.800000000001 ms
87,1884.2000000000007 ms
87,1918.3500000000013 ms
87,1929.7000000000007 ms
87,1936.500000000001 ms
87,1937.800000000001 ms
87,1981.500000000001 ms
87,1993.9500000000007 ms
87,2007.2000000000007 ms
87,2012.400000000001 ms
87,2059.950000000001 ms
87,2078.150000000001 ms
87,2085.700000000001 ms
87,2106.400000000001 ms
87,2116.5000000000005 ms
87,2129.600000000001 ms
87,2163.100000000001 ms
87,2172.0000000000014 ms
87,2175.450000000001 ms
87,2177.850000000001 ms
87,2186.2000000000003 ms
87,2204.100000000001 ms
87,2207.350000000001 ms
87,2241.850000000001 ms
87,2242.600000000001 ms
87,2250.5000000000014 ms
87,2252.350000000001 ms
87,2304.0000000000014 ms
87,2318.8000000000015 ms
87,2323.8500000000017 ms
87,2328.200000000001 ms
87,2344.0500000000006 ms
87,2467.350000000001 ms
87,2469.5500000000006 ms
87,2479.5500000000015 ms
87,2493.3000000000006 ms
87,2514.700000000001 ms
87,2515.2500000000014 ms
87,2527.700000000001 ms
87,2531.700000000001 ms
87,2534.700000000001 ms
87,2542.150000000001 ms
87,2554.650000000001 ms
87,2570.650000000001 ms
87,2570.8000000000015 ms
87,2586.900000000001 ms
87,2608.5000000000005 ms
87,2622.600000000001 ms
87,2626.7500000000014 ms
87,2640.5000000000005 ms
87,2642.350000000001 ms
87,2658.7500000000014 ms
87,2666.650000000001 ms
87,2702.3000000000015 ms
87,2712.5500000000006 ms
87,2714.150000000001 ms
87,2727.100000000001 ms
87,2732.400000000001 ms
87,2734.850000000001 ms
87,2741.350000000001 ms
87,2753.400000000001 ms
87,2771.3000000000015 ms
87,2774.650000000001 ms
87,2782.0500000000015 ms
87,2830.700000000001 ms
87,2837.2500000000014 ms
87,2839.950000000001 ms
87,2848.0500000000006 ms
87,2895.600000000001 ms
87,2905.3000000000006 ms
87,2908.100000000001 ms
87,2916.1000000000017 ms
87,2919.7500000000014 ms
87,2963.150000000002 ms
87,2973.6000000000017 ms
87,2977.700000000001 ms
87,3008.3500000000017 ms
87,3017.150000000002 ms
87,3018.1000000000017 ms
87,3022.600000000001 ms
87,3024.3000000000006 ms
87,3034.350000000001 ms
87,3039.650000000001 ms
87,3054.350000000001 ms
87,3086.150000000001 ms
87,3115.5500000000015 ms
87,3120.6000000000017 ms
87,3127.5000000000023 ms
87,3129.150000000002 ms
87,3134.200000000002 ms
87,3142.8000000000015 ms
87,3150.0500000000025 ms
87,3175.200000000002 ms
87,3175.3500000000026 ms
87,3177.900000000003 ms
87,3179.8000000000025 ms
87,3200.3000000000025 ms
87,3214.8500000000026 ms
87,3221.400000000003 ms
87,3224.3500000000026 ms
87,3236.8500000000026 ms
87,3253.250000000003 ms
87,3256.3000000000034 ms
87,3264.3500000000035 ms
87,3289.450000000003 ms
87,3297.5500000000025 ms
87,3354.200000000003 ms
87,3368.400000000003 ms
87,3392.900000000003 ms
87,3396.0000000000023 ms
87,3438.750000000003 ms
87,3442.900000000003 ms
87,3508.5000000000023 ms
87,3515.8000000000025 ms
87,3522.5000000000023 ms
87,3563.3000000000025 ms
87,3580.5500000000034 ms
87,3593.900000000003 ms
87,3595.200000000003 ms
87,3613.700000000003 ms
87,3624.0500000000025 ms
87,3629.450000000003 ms
87,3630.400000000003 ms
87,3735.200000000003 ms
87,3741.750000000003 ms
87,3744.700000000003 ms
87,3768.6000000000035 ms
87,3770.700000000003 ms
87,3776.1000000000035 ms
87,3788.1000000000026 ms
87,3793.200000000003 ms
87,3813.700000000003 ms
87,3817.400000000003 ms
87,3851.0500000000034 ms
87,3937.6000000000035 ms
87,3953.8500000000026 ms
87,3965.650000000003 ms
87,3974.8000000000034 ms
88,12.4 ms
88,27.85 ms
88,33.0 ms
88,38.849999999999994 ms
88,50.25 ms
88,54.599999999999994 ms
88,89.70000000000002 ms
88,98.54999999999998 ms
88,104.65 ms
88,113.74999999999997 ms
88,135.39999999999998 ms
88,152.39999999999998 ms
88,157.5 ms
88,167.84999999999997 ms
88,168.74999999999994 ms
88,173.14999999999998 ms
88,178.09999999999997 ms
88,194.14999999999998 ms
88,222.75 ms
88,228.29999999999995 ms
88,235.14999999999998 ms
88,240.09999999999997 ms
88,272.65000000000003 ms
88,302.2 ms
88,303.59999999999997 ms
88,317.15000000000003 ms
88,322.2 ms
88,324.84999999999997 ms
88,331.59999999999997 ms
88,334.99999999999994 ms
88,342.9499999999999 ms
88,353.1499999999999 ms
88,353.5499999999999 ms
88,381.34999999999997 ms
88,388.99999999999994 ms
88,418.1499999999999 ms
88,422.34999999999985 ms
88,463.7999999999998 ms
88,464.44999999999976 ms
88,471.24999999999983 ms
88,485.44999999999976 ms
88,486.84999999999974 ms
88,494.5499999999998 ms
88,509.34999999999985 ms
88,519.4499999999998 ms
88,541.0999999999999 ms
88,553.9499999999998 ms
88,557.3499999999999 ms
88,559.8499999999999 ms
88,577.1999999999998 ms
88,578.6999999999998 ms
88,584.1499999999999 ms
88,587.1499999999999 ms
88,588.3999999999999 ms
88,594.6499999999999 ms
88,607.4999999999998 ms
88,622.0999999999999 ms
88,625.8999999999999 ms
88,646.9499999999998 ms
88,652.7499999999998 ms
88,664.5499999999997 ms
88,665.0999999999997 ms
88,682.4999999999998 ms
88,689.5999999999997 ms
88,691.9999999999998 ms
88,697.1999999999996 ms
88,730.7999999999997 ms
88,734.9999999999998 ms
88,738.6499999999999 ms
88,741.6499999999999 ms
88,744.0499999999997 ms
88,782.3999999999996 ms
88,803.9499999999998 ms
88,804.2999999999997 ms
88,822.3499999999997 ms
88,829.1499999999996 ms
88,838.6499999999996 ms
88,858.7499999999995 ms
88,874.4999999999995 ms
88,884.5999999999997 ms
88,888.6499999999996 ms
88,905.0999999999997 ms
88,906.0999999999997 ms
88,910.5499999999997 ms
88,924.6999999999998 ms
88,933.1499999999996 ms
88,961.1999999999998 ms
88,962.2499999999995 ms
88,966.2999999999997 ms
88,981.7999999999997 ms
88,984.7999999999997 ms
88,993.6499999999996 ms
88,998.0499999999997 ms
88,1017.0999999999995 ms
88,1020.0999999999995 ms
88,1024.4499999999996 ms
88,1059.6499999999999 ms
88,1093.1499999999994 ms
88,1097.9999999999993 ms
88,1120.0999999999992 ms
88,1125.9499999999991 ms
88,1133.7499999999993 ms
88,1138.2499999999993 ms
88,1145.6499999999994 ms
88,1171.7999999999995 ms
88,1189.1999999999996 ms
88,1199.2999999999995 ms
88,1202.5499999999995 ms
88,1223.1999999999996 ms
88,1234.6999999999996 ms
88,1236.3999999999999 ms
88,1259.1499999999994 ms
88,1272.4999999999993 ms
88,1283.9999999999998 ms
88,1291.1999999999996 ms
88,1296.4999999999993 ms
88,1312.4499999999996 ms
88,1318.9999999999993 ms
88,1329.1499999999994 ms
88,1330.4499999999996 ms
88,1332.0499999999995 ms
88,1333.3499999999992 ms
88,1354.6999999999991 ms
88,1354.799999999999 ms
88,1372.8499999999992 ms
88,1373.399999999999 ms
88,1416.8999999999994 ms
88,1418.899999999999 ms
88,1428.8499999999992 ms
88,1429.1999999999991 ms
88,1435.5999999999992 ms
88,1450.2999999999995 ms
88,1460.2499999999993 ms
88,1468.7499999999993 ms
88,1477.3499999999992 ms
88,1489.7999999999995 ms
88,1502.9999999999993 ms
88,1505.9999999999993 ms
88,1506.8499999999992 ms
88,1520.4999999999993 ms
88,1520.5999999999992 ms
88,1527.0999999999992 ms
88,1540.9999999999993 ms
88,1559.2499999999993 ms
88,1567.0999999999992 ms
88,1568.0499999999995 ms
88,1585.3499999999992 ms
88,1631.5499999999995 ms
88,1633.5999999999992 ms
88,1643.649999999999 ms
88,1652.799999999999 ms
88,1658.8499999999992 ms
88,1660.7499999999993 ms
88,1679.799999999999 ms
88,1694.649999999999 ms
88,1714.6999999999991 ms
88,1717.799999999999 ms
88,1721.399999999999 ms
88,1722.799999999999 ms
88,1724.1999999999991 ms
88,1727.3499999999992 ms
88,1742.8499999999992 ms
88,1753.7999999999995 ms
88,1776.6499999999994 ms
88,1781.9499999999991 ms
88,1787.049999999999 ms
88,1788.149999999999 ms
88,1793.9999999999989 ms
88,1795.0999999999988 ms
88,1803.0999999999988 ms
88,1805.299999999999 ms
88,1815.0999999999988 ms
88,1819.6999999999987 ms
88,1839.2499999999984 ms
88,1848.7499999999989 ms
88,1859.899999999999 ms
88,1868.9999999999989 ms
88,1890.8499999999988 ms
88,1900.0999999999983 ms
88,1905.0999999999988 ms
88,1919.2499999999989 ms
88,1937.4499999999987 ms
88,1955.4999999999984 ms
88,1980.8999999999985 ms
88,1981.4999999999984 ms
88,1987.7999999999986 ms
88,1989.7499999999989 ms
88,1990.2499999999984 ms
88,1993.2499999999989 ms
88,2013.7999999999986 ms
88,2037.9499999999987 ms
88,2040.6999999999987 ms
88,2046.7999999999986 ms
88,2049.8999999999987 ms
88,2055.249999999999 ms
88,2065.249999999999 ms
88,2075.1499999999987 ms
88,2117.1499999999987 ms
88,2173.999999999999 ms
88,2175.449999999998 ms
88,2192.2999999999984 ms
88,2196.5999999999985 ms
88,2200.949999999999 ms
88,2222.5499999999984 ms
88,2229.449999999998 ms
88,2270.749999999999 ms
88,2277.749999999999 ms
88,2283.449999999998 ms
88,2292.5999999999985 ms
88,2310.5999999999985 ms
88,2335.949999999999 ms
88,2373.149999999998 ms
88,2405.749999999998 ms
88,2408.999999999998 ms
88,2444.249999999998 ms
88,2445.0999999999985 ms
88,2479.699999999998 ms
88,2480.2999999999984 ms
88,2504.8499999999976 ms
88,2534.6499999999987 ms
88,2593.5999999999976 ms
88,2628.949999999998 ms
88,2641.749999999998 ms
88,2665.2999999999984 ms
88,2667.3499999999985 ms
88,2669.499999999998 ms
88,2674.5499999999993 ms
88,2689.1499999999987 ms
88,2689.5499999999984 ms
88,2710.2999999999984 ms
88,2722.199999999999 ms
88,2730.2999999999993 ms
88,2732.6499999999987 ms
88,2753.3999999999987 ms
88,2802.8499999999985 ms
88,2805.749999999998 ms
88,2825.999999999998 ms
88,2835.1499999999987 ms
88,2841.449999999999 ms
88,2845.3499999999985 ms
88,2858.8499999999985 ms
88,2866.699999999999 ms
88,2867.0499999999993 ms
88,2900.3999999999987 ms
88,2910.5499999999984 ms
88,2917.199999999999 ms
88,2920.0999999999985 ms
88,2959.249999999999 ms
88,2959.8999999999987 ms
88,2981.7 ms
88,2982.8499999999995 ms
88,2985.1499999999996 ms
88,3021.6499999999996 ms
88,3024.0999999999995 ms
88,3052.749999999999 ms
88,3057.8 ms
88,3072.749999999999 ms
88,3074.05 ms
88,3086.5999999999995 ms
88,3091.1500000000005 ms
88,3093.75 ms
88,3096.8 ms
88,3103.1000000000004 ms
88,3125.25 ms
88,3139.4500000000007 ms
88,3143.8500000000004 ms
88,3181.6500000000005 ms
88,3215.7000000000007 ms
88,3217.9000000000005 ms
88,3253.750000000001 ms
88,3254.6000000000004 ms
88,3262.4500000000007 ms
88,3264.3500000000004 ms
88,3309.3 ms
88,3319.7 ms
88,3324.7 ms
88,3329.3 ms
88,3341.1500000000005 ms
88,3352.25 ms
88,3356.6000000000004 ms
88,3359.6499999999996 ms
88,3377.3999999999996 ms
88,3393.0 ms
88,3418.7 ms
88,3438.8499999999995 ms
88,3464.5999999999995 ms
88,3484.4000000000005 ms
88,3497.6500000000005 ms
88,3497.95 ms
88,3524.4000000000005 ms
88,3525.7 ms
88,3534.95 ms
88,3587.9000000000005 ms
88,3609.8 ms
88,3623.3500000000004 ms
88,3624.3500000000004 ms
88,3635.4500000000007 ms
88,3641.75 ms
88,3650.3500000000004 ms
88,3653.0 ms
88,3659.050000000001 ms
88,3669.5 ms
88,3686.800000000001 ms
88,3702.25 ms
88,3719.9500000000007 ms
88,3763.4500000000007 ms
88,3803.8500000000004 ms
88,3824.0 ms
88,3826.4000000000005 ms
88,3836.3500000000004 ms
88,3853.6500000000005 ms
88,3890.500000000001 ms
88,3897.9000000000005 ms
88,3903.1000000000004 ms
88,3908.0 ms
88,3954.4000000000005 ms
88,3958.750000000001 ms
88,3963.7 ms
89,0.8 ms
89,0.9000000000000001 ms
89,2.8 ms
89,16.2 ms
89,30.500000000000004 ms
89,38.10000000000001 ms
89,46.25 ms
89,54.95 ms
89,56.55 ms
89,67.10000000000001 ms
89,68.75000000000001 ms
89,72.95000000000003 ms
89,107.30000000000003 ms
89,122.50000000000001 ms
89,128.15000000000003 ms
89,129.65000000000003 ms
89,136.09999999999997 ms
89,153.8 ms
89,156.39999999999998 ms
89,159.7 ms
89,180.0 ms
89,203.8 ms
89,204.10000000000002 ms
89,213.35000000000002 ms
89,217.45000000000005 ms
89,229.5 ms
89,251.25 ms
89,254.45000000000005 ms
89,277.1 ms
89,294.55000000000007 ms
89,299.94999999999993 ms
89,305.35 ms
89,322.9 ms
89,328.04999999999995 ms
89,333.5999999999999 ms
89,366.5999999999999 ms
89,370.5999999999999 ms
89,375.9 ms
89,392.9 ms
89,393.25 ms
89,402.35 ms
89,412.15 ms
89,417.15 ms
89,421.45000000000005 ms
89,438.0 ms
89,450.10000000000014 ms
89,450.9000000000001 ms
89,462.10000000000014 ms
89,463.25 ms
89,471.95000000000005 ms
89,480.35 ms
89,490.30000000000007 ms
89,510.0 ms
89,518.3499999999999 ms
89,521.0 ms
89,523.3499999999999 ms
89,568.6500000000001 ms
89,582.8499999999999 ms
89,594.8000000000002 ms
89,632.45 ms
89,637.5 ms
89,660.05 ms
89,662.75 ms
89,671.3 ms
89,678.1499999999999 ms
89,685.0 ms
89,710.25 ms
89,716.0999999999999 ms
89,718.5999999999999 ms
89,721.5 ms
89,724.5 ms
89,734.5999999999999 ms
89,737.45 ms
89,745.6500000000001 ms
89,776.95 ms
89,789.9000000000001 ms
89,803.7 ms
89,814.5 ms
89,814.9000000000001 ms
89,821.25 ms
89,836.55 ms
89,842.0 ms
89,866.4000000000001 ms
89,924.9000000000001 ms
89,937.6999999999998 ms
89,978.6999999999998 ms
89,982.3 ms
89,991.95 ms
89,1001.8 ms
89,1004.25 ms
89,1022.0 ms
89,1027.1 ms
89,1029.65 ms
89,1033.65 ms
89,1040.4 ms
89,1058.35 ms
89,1067.85 ms
89,1073.65 ms
89,1109.15 ms
89,1117.65 ms
89,1129.7999999999997 ms
89,1133.2000000000003 ms
89,1143.6 ms
89,1159.85 ms
89,1207.4 ms
89,1213.35 ms
89,1216.35 ms
89,1216.9500000000003 ms
89,1239.0499999999997 ms
89,1242.35 ms
89,1286.5 ms
89,1291.85 ms
89,1298.6 ms
89,1328.5499999999997 ms
89,1335.0499999999997 ms
89,1366.1 ms
89,1368.5499999999997 ms
89,1394.4 ms
89,1424.9499999999998 ms
89,1425.75 ms
89,1449.9499999999998 ms
89,1474.1499999999996 ms
89,1494.5 ms
89,1511.6499999999996 ms
89,1517.1 ms
89,1521.1999999999998 ms
89,1521.6 ms
89,1539.85 ms
89,1544.2999999999997 ms
89,1555.2999999999997 ms
89,1556.2999999999997 ms
89,1573.7000000000003 ms
89,1584.9500000000003 ms
89,1591.2000000000003 ms
89,1598.0499999999997 ms
89,1605.25 ms
89,1617.0 ms
89,1622.9 ms
89,1629.0500000000002 ms
89,1632.65 ms
89,1641.4 ms
89,1641.9 ms
89,1666.35 ms
89,1669.9500000000003 ms
89,1675.2000000000003 ms
89,1712.65 ms
89,1718.7000000000003 ms
89,1725.7000000000003 ms
89,1730.6 ms
89,1737.7000000000003 ms
89,1738.6 ms
89,1740.2000000000003 ms
89,1742.0499999999997 ms
89,1746.9500000000003 ms
89,1799.6 ms
89,1826.15 ms
89,1857.6 ms
89,1864.6 ms
89,1865.85 ms
89,1866.3000000000002 ms
89,1866.9 ms
89,1868.3000000000002 ms
89,1877.15 ms
89,1883.65 ms
89,1897.2000000000003 ms
89,1916.7999999999997 ms
89,1933.7999999999997 ms
89,1985.5 ms
89,2010.4 ms
89,2020.8000000000002 ms
89,2021.5 ms
89,2037.5500000000002 ms
89,2043.0500000000002 ms
89,2045.3000000000002 ms
89,2046.1000000000004 ms
89,2047.0500000000002 ms
89,2050.1000000000004 ms
89,2054.55 ms
89,2064.1500000000005 ms
89,2066.45 ms
89,2069.1000000000004 ms
89,2072.0 ms
89,2082.0 ms
89,2100.4000000000005 ms
89,2101.2000000000007 ms
89,2136.7000000000007 ms
89,2140.4500000000007 ms
89,2143.4500000000007 ms
89,2155.300000000001 ms
89,2239.25 ms
89,2267.4500000000007 ms
89,2276.8500000000004 ms
89,2295.25 ms
89,2297.4500000000007 ms
89,2308.8500000000004 ms
89,2309.8 ms
89,2314.95 ms
89,2328.6500000000005 ms
89,2348.1500000000005 ms
89,2358.3 ms
89,2359.0 ms
89,2379.3999999999996 ms
89,2397.4500000000007 ms
89,2410.8 ms
89,2421.8500000000004 ms
89,2442.0 ms
89,2442.1000000000004 ms
89,2465.1000000000004 ms
89,2504.9500000000007 ms
89,2562.05 ms
89,2573.45 ms
89,2577.3 ms
89,2577.95 ms
89,2580.2 ms
89,2581.7 ms
89,2584.6500000000005 ms
89,2594.45 ms
89,2597.3 ms
89,2611.1500000000005 ms
89,2615.55 ms
89,2617.5 ms
89,2622.1000000000004 ms
89,2622.5 ms
89,2657.8500000000004 ms
89,2658.3999999999996 ms
89,2676.2000000000007 ms
89,2685.6499999999996 ms
89,2713.2000000000007 ms
89,2732.1000000000004 ms
89,2738.4000000000005 ms
89,2739.3500000000004 ms
89,2745.7000000000007 ms
89,2756.9500000000007 ms
89,2769.55 ms
89,2773.5 ms
89,2773.8999999999996 ms
89,2778.1000000000004 ms
89,2783.2 ms
89,2799.05 ms
89,2806.05 ms
89,2823.7 ms
89,2855.95 ms
89,2858.7 ms
89,2869.8499999999995 ms
89,2881.9000000000005 ms
89,2903.05 ms
89,2905.4000000000005 ms
89,2917.05 ms
89,2936.3500000000004 ms
89,2941.1500000000005 ms
89,2982.6500000000005 ms
89,2990.8500000000004 ms
89,2999.3 ms
89,3015.4000000000005 ms
89,3023.6500000000005 ms
89,3050.55 ms
89,3062.25 ms
89,3062.3500000000004 ms
89,3064.2999999999993 ms
89,3103.7 ms
89,3104.1499999999996 ms
89,3113.5999999999995 ms
89,3114.5499999999993 ms
89,3117.449999999999 ms
89,3126.5499999999993 ms
89,3127.449999999999 ms
89,3129.199999999999 ms
89,3147.8499999999995 ms
89,3168.0499999999993 ms
89,3175.449999999999 ms
89,3216.8999999999996 ms
89,3220.8999999999996 ms
89,3232.699999999999 ms
89,3259.199999999999 ms
89,3263.3499999999995 ms
89,3299.2 ms
89,3316.8999999999987 ms
89,3319.2 ms
89,3340.5999999999995 ms
89,3352.0499999999993 ms
89,3352.249999999999 ms
89,3354.8999999999987 ms
89,3364.2999999999993 ms
89,3375.5999999999995 ms
89,3381.0999999999995 ms
89,3385.0999999999995 ms
89,3411.5999999999995 ms
89,3414.249999999999 ms
89,3430.7 ms
89,3473.8999999999987 ms
89,3494.95 ms
89,3496.2999999999993 ms
89,3515.449999999999 ms
89,3556.199999999999 ms
89,3560.5999999999995 ms
89,3580.8999999999996 ms
89,3589.0499999999993 ms
89,3608.0 ms
89,3624.949999999999 ms
89,3625.5 ms
89,3626.8999999999996 ms
89,3630.8499999999995 ms
89,3666.7 ms
89,3684.249999999999 ms
89,3709.249999999999 ms
89,3710.55 ms
89,3734.5999999999995 ms
89,3752.0999999999995 ms
89,3791.6500000000005 ms
89,3817.45 ms
89,3845.000000000001 ms
89,3871.500000000001 ms
89,3874.500000000001 ms
89,3928.7 ms
89,3932.6000000000004 ms
89,3935.1000000000004 ms
89,3946.25 ms
89,3980.800000000001 ms
89,3998.2000000000007 ms
90,36.7 ms
90,40.2 ms
90,49.8 ms
90,82.75000000000001 ms
90,97.10000000000001 ms
90,103.34999999999998 ms
90,118.94999999999997 ms
90,158.39999999999998 ms
90,183.59999999999997 ms
90,195.29999999999995 ms
90,208.14999999999998 ms
90,226.3499999999999 ms
90,229.39999999999998 ms
90,232.5999999999999 ms
90,250.04999999999995 ms
90,270.79999999999995 ms
90,303.79999999999995 ms
90,320.0 ms
90,321.14999999999986 ms
90,334.0 ms
90,373.54999999999995 ms
90,381.15 ms
90,383.0 ms
90,392.20000000000005 ms
90,405.70000000000005 ms
90,409.29999999999995 ms
90,410.6500000000001 ms
90,422.85 ms
90,423.75 ms
90,465.75 ms
90,466.35 ms
90,491.95000000000005 ms
90,494.75 ms
90,501.9000000000001 ms
90,507.45000000000005 ms
90,509.9000000000001 ms
90,521.7 ms
90,522.5 ms
90,534.3499999999999 ms
90,547.4000000000001 ms
90,548.1999999999998 ms
90,551.1500000000001 ms
90,555.1999999999998 ms
90,567.4000000000001 ms
90,574.1500000000001 ms
90,584.6500000000001 ms
90,612.05 ms
90,619.25 ms
90,619.5999999999999 ms
90,628.7 ms
90,632.25 ms
90,634.9000000000001 ms
90,635.4000000000001 ms
90,639.9000000000001 ms
90,680.0 ms
90,696.05 ms
90,705.25 ms
90,726.55 ms
90,743.7 ms
90,748.4999999999998 ms
90,760.8499999999999 ms
90,772.6999999999998 ms
90,787.5999999999999 ms
90,792.0999999999999 ms
90,805.8999999999999 ms
90,806.1999999999998 ms
90,825.2499999999998 ms
90,830.5999999999997 ms
90,863.9999999999998 ms
90,868.9999999999998 ms
90,870.9499999999998 ms
90,917.1499999999999 ms
90,928.8999999999999 ms
90,948.3499999999999 ms
90,952.8499999999999 ms
90,980.5 ms
90,988.6999999999998 ms
90,1019.05 ms
90,1024.35 ms
90,1025.4 ms
90,1027.15 ms
90,1029.2999999999997 ms
90,1040.6 ms
90,1042.6 ms
90,1046.4 ms
90,1046.65 ms
90,1050.2999999999997 ms
90,1052.65 ms
90,1130.1 ms
90,1144.2999999999997 ms
90,1155.85 ms
90,1160.1 ms
90,1172.1 ms
90,1173.5 ms
90,1205.15 ms
90,1205.25 ms
90,1239.75 ms
90,1288.65 ms
90,1294.15 ms
90,1304.0 ms
90,1304.75 ms
90,1321.4499999999998 ms
90,1328.6999999999998 ms
90,1330.6999999999998 ms
90,1350.1000000000004 ms
90,1374.6999999999998 ms
90,1375.0500000000002 ms
90,1379.25 ms
90,1383.25 ms
90,1384.65 ms
90,1406.7000000000003 ms
90,1445.9500000000003 ms
90,1467.25 ms
90,1489.35 ms
90,1493.2999999999997 ms
90,1508.7000000000003 ms
90,1519.6 ms
90,1522.7000000000003 ms
90,1540.2999999999997 ms
90,1566.5499999999997 ms
90,1567.9500000000003 ms
90,1579.15 ms
90,1591.0500000000002 ms
90,1598.25 ms
90,1627.3500000000004 ms
90,1648.8500000000004 ms
90,1652.8500000000004 ms
90,1665.65 ms
90,1680.4 ms
90,1709.9500000000003 ms
90,1757.7000000000003 ms
90,1782.1 ms
90,1794.8000000000002 ms
90,1822.5 ms
90,1826.6000000000004 ms
90,1832.5500000000002 ms
90,1834.7000000000003 ms
90,1835.4500000000003 ms
90,1842.5000000000005 ms
90,1873.15 ms
90,1874.9 ms
90,1875.9 ms
90,1895.3000000000006 ms
90,1905.8000000000006 ms
90,1914.0500000000006 ms
90,1928.2500000000005 ms
90,1930.0500000000006 ms
90,1935.65 ms
90,1937.0500000000006 ms
90,1958.9 ms
90,1961.4500000000003 ms
90,1971.3000000000002 ms
90,1984.3000000000002 ms
90,1984.65 ms
90,2020.65 ms
90,2041.5500000000002 ms
90,2052.4500000000003 ms
90,2101.100000000001 ms
90,2125.1 ms
90,2125.7000000000003 ms
90,2138.7500000000005 ms
90,2147.1 ms
90,2154.5499999999997 ms
90,2155.4 ms
90,2163.5500000000006 ms
90,2163.7000000000003 ms
90,2172.600000000001 ms
90,2186.2000000000003 ms
90,2193.5499999999997 ms
90,2198.3000000000006 ms
90,2214.4500000000003 ms
90,2236.600000000001 ms
90,2252.7500000000005 ms
90,2302.150000000001 ms
90,2304.450000000001 ms
90,2308.4500000000003 ms
90,2347.700000000001 ms
90,2399.2000000000003 ms
90,2443.950000000001 ms
90,2474.8000000000006 ms
90,2477.8000000000006 ms
90,2501.200000000001 ms
90,2519.850000000001 ms
90,2523.650000000001 ms
90,2527.0500000000015 ms
90,2528.1000000000017 ms
90,2534.5500000000015 ms
90,2539.3000000000006 ms
90,2550.600000000001 ms
90,2561.900000000001 ms
90,2562.5500000000015 ms
90,2592.6000000000017 ms
90,2595.400000000002 ms
90,2600.0500000000025 ms
90,2606.3000000000015 ms
90,2607.5000000000014 ms
90,2612.700000000001 ms
90,2639.8500000000017 ms
90,2645.650000000002 ms
90,2647.950000000002 ms
90,2655.700000000002 ms
90,2722.950000000002 ms
90,2750.950000000002 ms
90,2755.3000000000015 ms
90,2796.200000000002 ms
90,2799.950000000002 ms
90,2809.7500000000023 ms
90,2817.0500000000025 ms
90,2818.950000000003 ms
90,2819.6000000000026 ms
90,2820.650000000003 ms
90,2835.950000000003 ms
90,2845.950000000003 ms
90,2847.150000000003 ms
90,2882.900000000003 ms
90,2883.3500000000026 ms
90,2912.3500000000026 ms
90,2915.700000000002 ms
90,2935.7500000000023 ms
90,2966.500000000003 ms
90,2989.6000000000026 ms
90,2993.6000000000026 ms
90,3004.0500000000025 ms
90,3008.3500000000026 ms
90,3041.400000000003 ms
90,3042.0000000000023 ms
90,3060.0500000000025 ms
90,3067.6000000000026 ms
90,3097.0500000000025 ms
90,3101.450000000003 ms
90,3126.400000000003 ms
90,3144.2500000000023 ms
90,3146.5500000000025 ms
90,3147.3500000000026 ms
90,3147.8500000000035 ms
90,3152.200000000003 ms
90,3153.200000000003 ms
90,3154.000000000003 ms
90,3159.3500000000026 ms
90,3162.900000000003 ms
90,3186.3500000000026 ms
90,3190.500000000003 ms
90,3191.5500000000034 ms
90,3205.8000000000034 ms
90,3240.250000000003 ms
90,3243.8500000000026 ms
90,3262.500000000003 ms
90,3291.5500000000034 ms
90,3315.450000000004 ms
90,3334.1000000000035 ms
90,3361.250000000004 ms
90,3364.750000000003 ms
90,3369.4000000000037 ms
90,3399.950000000004 ms
90,3434.450000000004 ms
90,3461.3500000000045 ms
90,3479.8500000000035 ms
90,3493.9000000000037 ms
90,3500.8500000000035 ms
90,3502.3500000000045 ms
90,3505.8500000000035 ms
90,3513.3500000000045 ms
90,3515.1500000000046 ms
90,3519.3500000000045 ms
90,3519.8500000000035 ms
90,3527.000000000004 ms
90,3532.6000000000035 ms
90,3573.000000000004 ms
90,3587.1500000000046 ms
90,3588.750000000004 ms
90,3602.3000000000043 ms
90,3611.8500000000045 ms
90,3616.200000000004 ms
90,3638.6500000000037 ms
90,3644.000000000004 ms
90,3658.1500000000046 ms
90,3663.750000000004 ms
90,3682.250000000004 ms
90,3687.8500000000035 ms
90,3700.8500000000045 ms
90,3713.6000000000035 ms
90,3727.6000000000045 ms
90,3734.250000000004 ms
90,3739.750000000004 ms
90,3744.700000000004 ms
90,3746.200000000004 ms
90,3753.250000000004 ms
90,3760.6000000000035 ms
90,3766.6000000000045 ms
90,3767.200000000004 ms
90,3785.700000000004 ms
90,3812.700000000004 ms
90,3826.6000000000045 ms
90,3830.6500000000046 ms
90,3831.4000000000037 ms
90,3840.3500000000035 ms
90,3854.950000000004 ms
90,3864.5500000000034 ms
90,3896.500000000003 ms
90,3928.8000000000034 ms
90,3932.750000000003 ms
90,3938.5500000000034 ms
90,3941.500000000003 ms
90,3966.3500000000035 ms
90,3979.250000000004 ms
90,3984.700000000004 ms
90,3988.6500000000037 ms
90,3998.500000000003 ms
91,51.400000000000006 ms
91,58.80000000000001 ms
91,65.4 ms
91,68.25 ms
91,82.0 ms
91,101.4 ms
91,115.75 ms
91,130.6 ms
91,132.15 ms
91,149.70000000000002 ms
91,176.75000000000003 ms
91,183.40000000000006 ms
91,202.85000000000005 ms
91,217.40000000000006 ms
91,220.35000000000005 ms
91,228.05000000000004 ms
91,242.79999999999998 ms
91,245.24999999999997 ms
91,246.4 ms
91,253.74999999999997 ms
91,258.79999999999995 ms
91,264.79999999999995 ms
91,275.85 ms
91,282.1 ms
91,285.80000000000007 ms
91,293.85 ms
91,296.4 ms
91,305.1 ms
91,306.15 ms
91,321.0000000000001 ms
91,337.20000000000005 ms
91,343.05000000000007 ms
91,356.95000000000005 ms
91,370.45000000000005 ms
91,373.0 ms
91,373.55000000000007 ms
91,377.95000000000005 ms
91,380.6500000000001 ms
91,390.20000000000005 ms
91,393.45000000000005 ms
91,393.9000000000001 ms
91,400.35 ms
91,459.95000000000005 ms
91,481.5 ms
91,491.10000000000014 ms
91,516.1000000000001 ms
91,518.7 ms
91,571.3000000000002 ms
91,582.0500000000002 ms
91,587.0000000000002 ms
91,595.2500000000002 ms
91,604.4500000000003 ms
91,675.8500000000004 ms
91,693.4000000000001 ms
91,701.3000000000002 ms
91,703.3500000000001 ms
91,752.0500000000002 ms
91,753.7500000000002 ms
91,754.0000000000002 ms
91,777.8000000000002 ms
91,781.2000000000003 ms
91,783.1500000000001 ms
91,798.6500000000001 ms
91,820.3000000000002 ms
91,826.5000000000002 ms
91,861.6500000000003 ms
91,876.7500000000002 ms
91,888.4000000000003 ms
91,890.3500000000001 ms
91,906.5000000000002 ms
91,912.2500000000002 ms
91,916.6500000000003 ms
91,920.5000000000002 ms
91,924.2000000000003 ms
91,931.6000000000004 ms
91,933.8000000000002 ms
91,946.2500000000005 ms
91,948.0500000000002 ms
91,952.9000000000003 ms
91,959.8000000000004 ms
91,973.3000000000004 ms
91,982.6500000000003 ms
91,1005.9500000000003 ms
91,1024.6000000000004 ms
91,1030.1000000000004 ms
91,1033.5000000000005 ms
91,1045.1000000000004 ms
91,1047.3000000000002 ms
91,1086.0000000000005 ms
91,1109.5000000000005 ms
91,1112.8500000000004 ms
91,1131.9000000000005 ms
91,1135.0500000000002 ms
91,1140.3000000000002 ms
91,1141.7500000000005 ms
91,1149.6500000000005 ms
91,1164.4500000000007 ms
91,1173.0500000000002 ms
91,1174.7000000000007 ms
91,1182.9000000000005 ms
91,1183.5000000000005 ms
91,1194.4500000000003 ms
91,1196.5500000000006 ms
91,1242.8500000000004 ms
91,1251.7500000000005 ms
91,1252.3500000000004 ms
91,1272.4000000000005 ms
91,1275.4000000000005 ms
91,1283.2000000000003 ms
91,1290.8500000000004 ms
91,1291.0000000000005 ms
91,1291.3500000000004 ms
91,1352.5000000000005 ms
91,1354.8000000000006 ms
91,1374.5500000000006 ms
91,1375.65 ms
91,1377.15 ms
91,1385.9 ms
91,1396.0500000000006 ms
91,1402.0500000000006 ms
91,1417.15 ms
91,1418.0000000000005 ms
91,1454.7500000000005 ms
91,1489.15 ms
91,1490.7000000000003 ms
91,1550.4 ms
91,1585.2000000000003 ms
91,1590.1000000000004 ms
91,1663.3500000000004 ms
91,1666.8500000000004 ms
91,1688.2000000000003 ms
91,1696.4500000000003 ms
91,1701.0000000000005 ms
91,1702.0500000000002 ms
91,1737.8000000000002 ms
91,1746.25 ms
91,1753.25 ms
91,1767.5 ms
91,1774.6000000000004 ms
91,1775.1000000000004 ms
91,1781.9 ms
91,1786.1 ms
91,1799.1 ms
91,1812.4 ms
91,1813.9500000000003 ms
91,1815.7999999999997 ms
91,1824.7000000000003 ms
91,1852.9 ms
91,1857.3000000000002 ms
91,1861.15 ms
91,1890.4500000000003 ms
91,1890.9500000000003 ms
91,1902.7999999999997 ms
91,1912.0499999999997 ms
91,1934.0499999999997 ms
91,1937.9 ms
91,1969.9 ms
91,1982.7499999999995 ms
91,1990.9 ms
91,2005.5499999999997 ms
91,2025.25 ms
91,2032.75 ms
91,2034.6999999999998 ms
91,2035.5500000000002 ms
91,2048.05 ms
91,2085.95 ms
91,2088.55 ms
91,2096.4000000000005 ms
91,2126.25 ms
91,2131.8 ms
91,2145.1000000000004 ms
91,2145.6000000000004 ms
91,2147.5 ms
91,2151.4500000000007 ms
91,2155.05 ms
91,2160.75 ms
91,2165.6000000000004 ms
91,2192.2 ms
91,2206.25 ms
91,2216.8999999999996 ms
91,2232.6499999999996 ms
91,2243.25 ms
91,2265.75 ms
91,2274.1000000000004 ms
91,2276.1499999999996 ms
91,2278.3999999999996 ms
91,2289.05 ms
91,2289.5 ms
91,2292.75 ms
91,2300.3 ms
91,2306.1000000000004 ms
91,2306.75 ms
91,2339.4000000000005 ms
91,2340.8500000000004 ms
91,2344.1000000000004 ms
91,2350.8 ms
91,2386.9000000000005 ms
91,2391.9000000000005 ms
91,2394.05 ms
91,2399.0 ms
91,2410.6000000000004 ms
91,2431.3999999999996 ms
91,2434.9500000000007 ms
91,2448.5 ms
91,2451.8500000000004 ms
91,2455.5 ms
91,2456.4500000000007 ms
91,2471.05 ms
91,2475.25 ms
91,2500.3999999999996 ms
91,2506.75 ms
91,2537.3999999999996 ms
91,2546.25 ms
91,2558.3500000000004 ms
91,2564.8500000000004 ms
91,2586.8999999999996 ms
91,2601.25 ms
91,2601.8500000000004 ms
91,2615.8500000000004 ms
91,2661.5499999999993 ms
91,2668.2 ms
91,2679.45 ms
91,2684.0 ms
91,2689.6499999999996 ms
91,2730.8500000000004 ms
91,2748.2999999999993 ms
91,2761.1499999999996 ms
91,2797.0 ms
91,2803.0999999999995 ms
91,2807.7 ms
91,2813.45 ms
91,2822.999999999999 ms
91,2843.55 ms
91,2857.499999999999 ms
91,2857.6499999999996 ms
91,2862.0999999999995 ms
91,2866.8499999999995 ms
91,2867.8499999999995 ms
91,2890.999999999999 ms
91,2911.7 ms
91,2924.7999999999993 ms
91,2926.7999999999993 ms
91,2928.499999999999 ms
91,2932.1499999999987 ms
91,2937.7 ms
91,2972.5499999999993 ms
91,2973.1499999999996 ms
91,2973.7999999999993 ms
91,2982.7999999999993 ms
91,2998.999999999999 ms
91,3003.2999999999993 ms
91,3004.3499999999995 ms
91,3029.3499999999995 ms
91,3074.5499999999993 ms
91,3076.0999999999995 ms
91,3077.8999999999996 ms
91,3088.8499999999995 ms
91,3118.6499999999996 ms
91,3124.2 ms
91,3138.1499999999996 ms
91,3187.3499999999995 ms
91,3202.0499999999993 ms
91,3202.999999999999 ms
91,3214.3499999999995 ms
91,3220.0999999999995 ms
91,3222.3999999999987 ms
91,3224.0999999999995 ms
91,3245.449999999999 ms
91,3252.5999999999985 ms
91,3252.699999999999 ms
91,3280.949999999999 ms
91,3293.0999999999985 ms
91,3307.999999999999 ms
91,3322.199999999999 ms
91,3340.1499999999987 ms
91,3347.2999999999984 ms
91,3350.3499999999995 ms
91,3350.5999999999995 ms
91,3353.7999999999984 ms
91,3366.6499999999987 ms
91,3369.8999999999987 ms
91,3395.499999999999 ms
91,3402.3499999999985 ms
91,3404.8999999999987 ms
91,3406.449999999999 ms
91,3422.6499999999987 ms
91,3447.0499999999984 ms
91,3453.5999999999995 ms
91,3456.8499999999995 ms
91,3469.8999999999987 ms
91,3470.0999999999995 ms
91,3478.5499999999984 ms
91,3491.2999999999984 ms
91,3503.2999999999984 ms
91,3513.5999999999995 ms
91,3546.699999999999 ms
91,3552.949999999999 ms
91,3579.8499999999985 ms
91,3584.1499999999996 ms
91,3586.2999999999993 ms
91,3588.0999999999995 ms
91,3591.2 ms
91,3596.3499999999995 ms
91,3610.2999999999993 ms
91,3629.5499999999993 ms
91,3649.749999999999 ms
91,3651.2999999999993 ms
91,3656.3999999999996 ms
91,3663.2999999999993 ms
91,3672.699999999999 ms
91,3686.199999999999 ms
91,3699.5999999999995 ms
91,3709.45 ms
91,3719.7 ms
91,3731.5999999999995 ms
91,3742.5499999999993 ms
91,3742.949999999999 ms
91,3766.199999999999 ms
91,3771.8499999999995 ms
91,3787.7999999999993 ms
91,3790.699999999999 ms
91,3791.5499999999993 ms
91,3794.199999999999 ms
91,3801.5999999999995 ms
91,3802.8999999999996 ms
91,3804.75 ms
91,3822.699999999999 ms
91,3827.8999999999996 ms
91,3830.199999999999 ms
91,3830.8499999999995 ms
91,3848.7999999999993 ms
91,3877.699999999999 ms
91,3883.5999999999995 ms
91,3885.5499999999993 ms
91,3892.6499999999996 ms
91,3894.1499999999996 ms
91,3894.999999999999 ms
91,3899.199999999999 ms
91,3906.699999999999 ms
91,3918.449999999999 ms
91,3926.7999999999993 ms
91,3931.249999999998 ms
91,3931.949999999999 ms
91,3954.5999999999985 ms
91,3957.3999999999987 ms
91,3958.7999999999984 ms
91,3963.999999999999 ms
91,3973.3499999999985 ms
91,3975.999999999998 ms
91,3979.249999999998 ms
91,3982.699999999999 ms
92,6.2 ms
92,11.25 ms
92,42.8 ms
92,47.55 ms
92,54.39999999999999 ms
92,56.89999999999999 ms
92,59.89999999999999 ms
92,113.35000000000001 ms
92,114.05 ms
92,136.84999999999997 ms
92,145.5 ms
92,153.95 ms
92,156.64999999999998 ms
92,158.45 ms
92,163.25 ms
92,186.14999999999998 ms
92,208.85000000000002 ms
92,213.45000000000005 ms
92,220.70000000000005 ms
92,244.20000000000005 ms
92,258.65000000000003 ms
92,263.34999999999997 ms
92,292.24999999999994 ms
92,343.2 ms
92,350.95 ms
92,399.3 ms
92,409.99999999999994 ms
92,437.59999999999997 ms
92,442.74999999999994 ms
92,448.09999999999997 ms
92,450.90000000000003 ms
92,469.55 ms
92,500.65000000000003 ms
92,511.50000000000006 ms
92,513.7 ms
92,558.05 ms
92,560.45 ms
92,569.0 ms
92,614.05 ms
92,653.8499999999999 ms
92,676.9499999999998 ms
92,680.5 ms
92,707.6999999999998 ms
92,719.4000000000001 ms
92,722.25 ms
92,755.1500000000001 ms
92,775.5999999999999 ms
92,782.45 ms
92,793.2 ms
92,812.1500000000001 ms
92,820.3000000000002 ms
92,829.9000000000001 ms
92,830.1000000000001 ms
92,831.2 ms
92,834.4000000000003 ms
92,849.0500000000002 ms
92,896.1500000000001 ms
92,907.6000000000004 ms
92,909.6000000000004 ms
92,915.5000000000002 ms
92,940.3500000000001 ms
92,964.4500000000003 ms
92,975.2500000000002 ms
92,987.2000000000003 ms
92,993.6000000000004 ms
92,995.7000000000003 ms
92,999.0000000000002 ms
92,999.5000000000002 ms
92,1000.1500000000003 ms
92,1016.5000000000002 ms
92,1052.2500000000002 ms
92,1064.55 ms
92,1066.5000000000002 ms
92,1087.55 ms
92,1093.3999999999999 ms
92,1094.6500000000003 ms
92,1115.6499999999999 ms
92,1117.3 ms
92,1128.0000000000002 ms
92,1131.3500000000001 ms
92,1140.3999999999999 ms
92,1146.55 ms
92,1146.8500000000001 ms
92,1148.2500000000002 ms
92,1160.7500000000002 ms
92,1164.4000000000003 ms
92,1181.6000000000006 ms
92,1189.6000000000001 ms
92,1192.0500000000004 ms
92,1243.6500000000003 ms
92,1245.3500000000006 ms
92,1255.5500000000004 ms
92,1266.4500000000005 ms
92,1269.2000000000005 ms
92,1270.6500000000008 ms
92,1271.0000000000007 ms
92,1274.5500000000004 ms
92,1308.7000000000005 ms
92,1322.4000000000008 ms
92,1338.8000000000009 ms
92,1344.5000000000007 ms
92,1379.450000000001 ms
92,1393.4500000000005 ms
92,1397.950000000001 ms
92,1409.3000000000009 ms
92,1418.8500000000006 ms
92,1449.9000000000003 ms
92,1453.5500000000004 ms
92,1461.0500000000009 ms
92,1471.2500000000007 ms
92,1483.1000000000006 ms
92,1498.7000000000005 ms
92,1500.1000000000006 ms
92,1502.7000000000005 ms
92,1506.9000000000008 ms
92,1507.9500000000005 ms
92,1528.0000000000002 ms
92,1534.5000000000007 ms
92,1534.6000000000006 ms
92,1538.6500000000003 ms
92,1545.9000000000003 ms
92,1563.8500000000006 ms
92,1578.0500000000004 ms
92,1580.7500000000007 ms
92,1614.4500000000005 ms
92,1619.1000000000006 ms
92,1630.6500000000003 ms
92,1639.6000000000006 ms
92,1639.7000000000005 ms
92,1667.9000000000008 ms
92,1671.0000000000007 ms
92,1694.0500000000004 ms
92,1697.0500000000004 ms
92,1702.8500000000001 ms
92,1709.1000000000006 ms
92,1722.2000000000005 ms
92,1726.8000000000004 ms
92,1727.2000000000005 ms
92,1728.8500000000006 ms
92,1734.8500000000001 ms
92,1740.8500000000006 ms
92,1753.3000000000004 ms
92,1759.9000000000003 ms
92,1794.1500000000003 ms
92,1806.4000000000003 ms
92,1815.8000000000004 ms
92,1818.3500000000001 ms
92,1852.2 ms
92,1880.9500000000005 ms
92,1881.5500000000004 ms
92,1888.2500000000002 ms
92,1891.7000000000005 ms
92,1913.45 ms
92,1921.7000000000005 ms
92,1942.7500000000002 ms
92,1980.3500000000001 ms
92,1987.7500000000002 ms
92,2004.1000000000001 ms
92,2005.6499999999999 ms
92,2014.8500000000001 ms
92,2027.2500000000002 ms
92,2036.8500000000001 ms
92,2045.0500000000004 ms
92,2049.4500000000007 ms
92,2062.7000000000007 ms
92,2064.5 ms
92,2101.9500000000007 ms
92,2110.0 ms
92,2120.6000000000004 ms
92,2131.8 ms
92,2137.9000000000005 ms
92,2172.3499999999995 ms
92,2177.6500000000005 ms
92,2190.8 ms
92,2231.4000000000005 ms
92,2249.7 ms
92,2265.45 ms
92,2279.6000000000004 ms
92,2279.8 ms
92,2303.3 ms
92,2347.55 ms
92,2364.75 ms
92,2367.95 ms
92,2368.25 ms
92,2401.8999999999996 ms
92,2406.1499999999996 ms
92,2422.25 ms
92,2425.3 ms
92,2429.4000000000005 ms
92,2445.1500000000005 ms
92,2446.75 ms
92,2457.3 ms
92,2464.95 ms
92,2472.45 ms
92,2473.8500000000004 ms
92,2498.2000000000007 ms
92,2501.3999999999996 ms
92,2506.3500000000004 ms
92,2511.8999999999996 ms
92,2546.5 ms
92,2563.1499999999996 ms
92,2595.3 ms
92,2600.6500000000005 ms
92,2657.0999999999995 ms
92,2661.95 ms
92,2663.8499999999995 ms
92,2667.0 ms
92,2680.95 ms
92,2685.5999999999995 ms
92,2697.75 ms
92,2720.55 ms
92,2730.8500000000004 ms
92,2732.4500000000007 ms
92,2743.6499999999996 ms
92,2750.5 ms
92,2766.8999999999996 ms
92,2777.8500000000004 ms
92,2778.45 ms
92,2784.6499999999996 ms
92,2804.2 ms
92,2806.8 ms
92,2818.95 ms
92,2820.7 ms
92,2821.05 ms
92,2831.7 ms
92,2831.8499999999995 ms
92,2840.1500000000005 ms
92,2856.5999999999995 ms
92,2860.9000000000005 ms
92,2863.05 ms
92,2879.8500000000004 ms
92,2886.9000000000005 ms
92,2904.6000000000004 ms
92,2944.55 ms
92,2950.2 ms
92,2970.1000000000004 ms
92,2978.8500000000004 ms
92,2999.4000000000005 ms
92,3013.4000000000005 ms
92,3031.9000000000005 ms
92,3033.8500000000004 ms
92,3057.7000000000007 ms
92,3090.8 ms
92,3108.6000000000004 ms
92,3138.2000000000007 ms
92,3140.8 ms
92,3147.0 ms
92,3147.8999999999996 ms
92,3174.05 ms
92,3191.45 ms
92,3191.7 ms
92,3192.4000000000005 ms
92,3214.4000000000005 ms
92,3223.2 ms
92,3234.750000000001 ms
92,3237.7 ms
92,3239.8 ms
92,3253.8500000000004 ms
92,3282.5 ms
92,3287.0 ms
92,3300.1000000000004 ms
92,3330.1500000000005 ms
92,3335.250000000001 ms
92,3349.4000000000005 ms
92,3351.1000000000004 ms
92,3362.6000000000004 ms
92,3375.25 ms
92,3412.5 ms
92,3412.9000000000005 ms
92,3430.000000000001 ms
92,3437.3 ms
92,3453.3 ms
92,3461.9500000000007 ms
92,3474.750000000001 ms
92,3501.2000000000007 ms
92,3506.250000000001 ms
92,3528.300000000001 ms
92,3547.250000000001 ms
92,3557.4500000000007 ms
92,3560.1000000000004 ms
92,3618.1500000000015 ms
92,3619.6000000000004 ms
92,3629.8500000000004 ms
92,3650.3500000000004 ms
92,3668.2000000000007 ms
92,3686.3500000000004 ms
92,3691.6500000000015 ms
92,3700.7000000000007 ms
92,3728.750000000002 ms
92,3733.000000000002 ms
92,3741.1500000000015 ms
92,3745.6000000000013 ms
92,3773.7000000000016 ms
92,3789.1500000000005 ms
92,3794.9000000000005 ms
92,3796.750000000001 ms
92,3804.050000000001 ms
92,3809.3500000000013 ms
92,3845.550000000001 ms
92,3852.1500000000015 ms
92,3877.4000000000015 ms
92,3896.6500000000015 ms
92,3925.1500000000015 ms
92,3953.7000000000007 ms
93,49.800000000000004 ms
93,67.80000000000001 ms
93,72.95000000000002 ms
93,84.95000000000002 ms
93,97.85000000000002 ms
93,106.70000000000002 ms
93,117.4 ms
93,123.9 ms
93,133.20000000000002 ms
93,154.29999999999998 ms
93,159.05000000000004 ms
93,162.54999999999998 ms
93,169.80000000000004 ms
93,194.29999999999998 ms
93,211.45000000000002 ms
93,227.95000000000002 ms
93,242.20000000000002 ms
93,252.00000000000003 ms
93,256.25 ms
93,258.70000000000005 ms
93,298.79999999999995 ms
93,301.0 ms
93,334.15 ms
93,342.69999999999993 ms
93,362.35 ms
93,389.9 ms
93,390.1 ms
93,399.85 ms
93,432.4999999999999 ms
93,448.9999999999999 ms
93,452.85 ms
93,452.9999999999999 ms
93,455.19999999999993 ms
93,457.8499999999999 ms
93,461.69999999999993 ms
93,472.4 ms
93,477.3499999999999 ms
93,492.29999999999995 ms
93,501.4499999999998 ms
93,513.3999999999999 ms
93,536.05 ms
93,559.5999999999997 ms
93,565.2499999999998 ms
93,572.3499999999997 ms
93,580.05 ms
93,619.4499999999998 ms
93,631.9499999999998 ms
93,657.6499999999999 ms
93,719.8999999999999 ms
93,723.9499999999998 ms
93,735.5999999999999 ms
93,744.8499999999999 ms
93,747.0999999999999 ms
93,765.8499999999999 ms
93,768.7499999999998 ms
93,788.0499999999997 ms
93,795.7499999999998 ms
93,797.9499999999998 ms
93,818.3999999999999 ms
93,819.3 ms
93,822.3 ms
93,822.7499999999998 ms
93,828.9999999999998 ms
93,836.3999999999999 ms
93,859.05 ms
93,866.3499999999997 ms
93,895.3 ms
93,900.9499999999998 ms
93,905.1999999999998 ms
93,905.4999999999998 ms
93,927.1499999999999 ms
93,928.5499999999997 ms
93,933.9499999999998 ms
93,943.6499999999996 ms
93,945.2499999999998 ms
93,970.5499999999997 ms
93,977.7999999999997 ms
93,983.6999999999998 ms
93,990.3499999999997 ms
93,1009.5999999999997 ms
93,1028.5999999999997 ms
93,1031.5999999999997 ms
93,1047.05 ms
93,1058.1499999999999 ms
93,1076.5999999999997 ms
93,1094.6999999999996 ms
93,1118.6999999999996 ms
93,1139.6499999999999 ms
93,1148.6999999999996 ms
93,1176.2999999999995 ms
93,1182.3999999999994 ms
93,1223.8999999999994 ms
93,1245.6999999999991 ms
93,1247.4499999999996 ms
93,1283.4999999999993 ms
93,1301.0999999999992 ms
93,1304.5999999999992 ms
93,1341.6999999999991 ms
93,1361.2499999999989 ms
93,1415.049999999999 ms
93,1467.299999999999 ms
93,1536.549999999999 ms
93,1537.8499999999988 ms
93,1571.3499999999992 ms
93,1573.6999999999991 ms
93,1585.9499999999987 ms
93,1604.149999999999 ms
93,1609.049999999999 ms
93,1623.3499999999988 ms
93,1624.649999999999 ms
93,1631.6999999999987 ms
93,1651.2999999999986 ms
93,1675.1999999999987 ms
93,1692.3499999999988 ms
93,1701.0999999999992 ms
93,1717.4499999999991 ms
93,1749.7499999999989 ms
93,1753.4499999999991 ms
93,1805.7499999999989 ms
93,1825.7499999999989 ms
93,1845.6999999999991 ms
93,1868.0999999999992 ms
93,1875.9999999999993 ms
93,1877.4999999999989 ms
93,1895.4499999999991 ms
93,1922.9499999999991 ms
93,1929.4999999999989 ms
93,1963.149999999999 ms
93,1995.049999999999 ms
93,1998.7499999999993 ms
93,1999.1999999999996 ms
93,2007.1999999999991 ms
93,2025.1499999999994 ms
93,2043.3499999999997 ms
93,2063.3499999999995 ms
93,2105.3499999999995 ms
93,2113.5499999999993 ms
93,2141.6499999999996 ms
93,2156.3499999999985 ms
93,2174.699999999999 ms
93,2182.249999999999 ms
93,2213.449999999999 ms
93,2235.499999999999 ms
93,2241.8499999999995 ms
93,2255.999999999999 ms
93,2263.749999999999 ms
93,2266.0999999999995 ms
93,2267.749999999999 ms
93,2304.8499999999995 ms
93,2305.749999999999 ms
93,2316.7999999999993 ms
93,2320.0999999999995 ms
93,2328.95 ms
93,2334.6499999999987 ms
93,2346.749999999999 ms
93,2367.8499999999995 ms
93,2372.249999999999 ms
93,2383.1499999999987 ms
93,2388.2 ms
93,2398.7999999999993 ms
93,2403.1499999999996 ms
93,2411.2999999999993 ms
93,2415.7999999999993 ms
93,2424.499999999999 ms
93,2429.0999999999995 ms
93,2429.199999999999 ms
93,2431.0999999999985 ms
93,2433.3499999999985 ms
93,2461.0999999999985 ms
93,2468.499999999999 ms
93,2472.0499999999993 ms
93,2502.5499999999993 ms
93,2517.7999999999993 ms
93,2532.8999999999996 ms
93,2552.5999999999985 ms
93,2559.2999999999993 ms
93,2570.249999999998 ms
93,2595.2999999999993 ms
93,2596.6499999999987 ms
93,2601.199999999999 ms
93,2640.7999999999993 ms
93,2659.5499999999993 ms
93,2676.699999999999 ms
93,2696.1499999999987 ms
93,2702.8999999999987 ms
93,2716.8499999999985 ms
93,2748.2999999999984 ms
93,2761.949999999998 ms
93,2763.0999999999985 ms
93,2784.499999999998 ms
93,2822.3499999999985 ms
93,2823.999999999998 ms
93,2847.0499999999993 ms
93,2868.8499999999985 ms
93,2872.5499999999993 ms
93,2878.6499999999987 ms
93,2888.3499999999985 ms
93,2920.0999999999985 ms
93,2931.5499999999984 ms
93,2981.5999999999985 ms
93,2992.949999999999 ms
93,3009.399999999998 ms
93,3025.399999999998 ms
93,3061.449999999999 ms
93,3064.749999999998 ms
93,3078.7999999999993 ms
93,3106.3499999999985 ms
93,3117.449999999999 ms
93,3127.249999999999 ms
93,3137.499999999999 ms
93,3137.699999999999 ms
93,3139.749999999999 ms
93,3150.449999999999 ms
93,3167.999999999999 ms
93,3196.2999999999993 ms
93,3208.6499999999996 ms
93,3221.999999999999 ms
93,3232.1499999999987 ms
93,3234.7999999999993 ms
93,3250.499999999999 ms
93,3295.749999999999 ms
93,3329.1499999999987 ms
93,3333.8499999999995 ms
93,3385.8999999999987 ms
93,3395.0499999999993 ms
93,3427.5999999999995 ms
93,3440.8499999999995 ms
93,3472.45 ms
93,3506.249999999999 ms
93,3516.3499999999995 ms
93,3527.8499999999995 ms
93,3553.5499999999993 ms
93,3560.1499999999996 ms
93,3588.0999999999985 ms
93,3600.499999999999 ms
93,3618.249999999999 ms
93,3626.449999999999 ms
93,3635.949999999999 ms
93,3655.3999999999987 ms
93,3664.0999999999985 ms
93,3673.7999999999984 ms
93,3712.3999999999987 ms
93,3717.1499999999987 ms
93,3736.249999999998 ms
93,3739.399999999998 ms
93,3739.7999999999984 ms
93,3748.5999999999985 ms
93,3771.3999999999987 ms
93,3774.199999999999 ms
93,3781.6499999999987 ms
93,3787.199999999999 ms
93,3811.6499999999987 ms
93,3827.5999999999985 ms
93,3842.999999999998 ms
93,3873.3999999999987 ms
93,3889.5999999999985 ms
93,3896.199999999999 ms
93,3913.149999999998 ms
93,3913.249999999998 ms
93,3930.5999999999985 ms
93,3951.749999999998 ms
93,3955.649999999998 ms
93,3980.0999999999985 ms
93,3981.8499999999985 ms
93,3983.149999999998 ms
93,3983.999999999998 ms
94,18.900000000000002 ms
94,60.95 ms
94,62.10000000000001 ms
94,65.1 ms
94,65.29999999999998 ms
94,80.85 ms
94,93.54999999999998 ms
94,102.85 ms
94,105.25 ms
94,106.5 ms
94,116.15 ms
94,134.70000000000002 ms
94,145.50000000000003 ms
94,150.55000000000004 ms
94,152.70000000000007 ms
94,161.25000000000009 ms
94,168.15000000000006 ms
94,171.10000000000005 ms
94,173.00000000000009 ms
94,185.00000000000003 ms
94,189.40000000000006 ms
94,212.60000000000005 ms
94,221.75000000000009 ms
94,224.90000000000012 ms
94,265.60000000000014 ms
94,268.25 ms
94,275.60000000000014 ms
94,281.05000000000007 ms
94,284.70000000000005 ms
94,294.95000000000005 ms
94,347.0 ms
94,355.55000000000007 ms
94,356.1 ms
94,366.6 ms
94,385.4000000000001 ms
94,400.95000000000005 ms
94,405.10000000000014 ms
94,409.20000000000005 ms
94,424.8000000000002 ms
94,433.0500000000002 ms
94,455.6500000000001 ms
94,461.0000000000002 ms
94,464.1500000000001 ms
94,484.3000000000002 ms
94,493.10000000000014 ms
94,498.2500000000001 ms
94,535.15 ms
94,545.4000000000002 ms
94,554.6000000000003 ms
94,569.9500000000002 ms
94,590.5000000000001 ms
94,610.0000000000001 ms
94,610.3000000000001 ms
94,621.5500000000001 ms
94,653.3000000000001 ms
94,659.9499999999999 ms
94,698.35 ms
94,699.7000000000002 ms
94,701.7500000000001 ms
94,704.35 ms
94,731.5500000000001 ms
94,732.0500000000001 ms
94,733.8000000000001 ms
94,754.0500000000001 ms
94,764.9499999999999 ms
94,770.65 ms
94,797.1999999999999 ms
94,822.4500000000002 ms
94,829.5500000000001 ms
94,830.1500000000002 ms
94,857.2500000000001 ms
94,863.8000000000001 ms
94,871.6 ms
94,882.0500000000001 ms
94,890.6500000000002 ms
94,900.2000000000002 ms
94,920.6 ms
94,942.4 ms
94,943.2999999999998 ms
94,944.6999999999999 ms
94,952.9 ms
94,954.2500000000001 ms
94,958.7499999999999 ms
94,969.7500000000001 ms
94,1010.7499999999999 ms
94,1023.5499999999998 ms
94,1030.0 ms
94,1030.6 ms
94,1032.4 ms
94,1056.5499999999997 ms
94,1124.35 ms
94,1130.2999999999997 ms
94,1170.75 ms
94,1172.3000000000002 ms
94,1172.5 ms
94,1197.85 ms
94,1199.0 ms
94,1204.65 ms
94,1207.1 ms
94,1207.4 ms
94,1211.6 ms
94,1229.7000000000003 ms
94,1232.9 ms
94,1263.85 ms
94,1282.9500000000003 ms
94,1297.9500000000003 ms
94,1320.7000000000003 ms
94,1344.2000000000003 ms
94,1379.2000000000003 ms
94,1382.15 ms
94,1386.6 ms
94,1391.1 ms
94,1393.9 ms
94,1419.9 ms
94,1421.8000000000002 ms
94,1425.4 ms
94,1438.15 ms
94,1470.4500000000003 ms
94,1486.35 ms
94,1486.7000000000003 ms
94,1497.4500000000003 ms
94,1504.75 ms
94,1529.9 ms
94,1576.0500000000002 ms
94,1599.75 ms
94,1608.8500000000004 ms
94,1644.9499999999998 ms
94,1690.4 ms
94,1716.5500000000002 ms
94,1719.6000000000004 ms
94,1736.1000000000004 ms
94,1749.1000000000004 ms
94,1749.75 ms
94,1758.2000000000003 ms
94,1761.8000000000002 ms
94,1763.3000000000002 ms
94,1781.3000000000002 ms
94,1786.3500000000004 ms
94,1806.3000000000002 ms
94,1817.4 ms
94,1818.4 ms
94,1852.25 ms
94,1852.6999999999998 ms
94,1868.8500000000004 ms
94,1884.0 ms
94,1905.8500000000004 ms
94,1920.9499999999998 ms
94,1933.65 ms
94,1939.35 ms
94,1955.2500000000005 ms
94,1967.65 ms
94,1976.7000000000003 ms
94,1988.0500000000002 ms
94,2029.7000000000003 ms
94,2032.2500000000005 ms
94,2032.4500000000003 ms
94,2041.65 ms
94,2046.4500000000003 ms
94,2088.2999999999997 ms
94,2089.7499999999995 ms
94,2148.65 ms
94,2171.9500000000003 ms
94,2184.5499999999997 ms
94,2189.0500000000006 ms
94,2202.100000000001 ms
94,2202.900000000001 ms
94,2217.5500000000006 ms
94,2232.0500000000006 ms
94,2253.200000000001 ms
94,2259.8000000000006 ms
94,2284.0500000000006 ms
94,2298.850000000001 ms
94,2302.5000000000014 ms
94,2308.200000000001 ms
94,2328.9500000000003 ms
94,2336.3000000000006 ms
94,2359.0500000000006 ms
94,2366.950000000001 ms
94,2382.3000000000006 ms
94,2410.950000000001 ms
94,2414.600000000001 ms
94,2421.7500000000014 ms
94,2432.100000000001 ms
94,2450.150000000001 ms
94,2450.350000000001 ms
94,2454.900000000001 ms
94,2478.900000000001 ms
94,2481.150000000001 ms
94,2511.400000000001 ms
94,2515.2500000000005 ms
94,2516.100000000001 ms
94,2537.2000000000003 ms
94,2540.2500000000005 ms
94,2557.900000000001 ms
94,2590.400000000001 ms
94,2621.5500000000015 ms
94,2637.650000000001 ms
94,2659.3000000000015 ms
94,2664.5000000000014 ms
94,2682.5500000000015 ms
94,2689.3000000000006 ms
94,2693.200000000001 ms
94,2694.8000000000006 ms
94,2698.650000000001 ms
94,2708.450000000001 ms
94,2708.950000000001 ms
94,2758.1000000000017 ms
94,2766.650000000002 ms
94,2786.700000000002 ms
94,2805.0500000000015 ms
94,2814.8000000000015 ms
94,2817.8000000000015 ms
94,2825.5500000000015 ms
94,2877.950000000002 ms
94,2886.2500000000023 ms
94,2899.8500000000017 ms
94,2907.400000000002 ms
94,2911.3500000000017 ms
94,2934.950000000001 ms
94,2939.2500000000014 ms
94,2966.950000000001 ms
94,2973.0000000000014 ms
94,2980.8000000000015 ms
94,2988.1000000000017 ms
94,2996.200000000002 ms
94,3010.200000000002 ms
94,3029.7500000000023 ms
94,3036.150000000003 ms
94,3046.0000000000023 ms
94,3049.5500000000025 ms
94,3082.6000000000026 ms
94,3085.750000000003 ms
94,3095.950000000003 ms
94,3124.250000000003 ms
94,3128.5500000000034 ms
94,3136.500000000003 ms
94,3139.8000000000034 ms
94,3156.3500000000035 ms
94,3164.5500000000034 ms
94,3173.400000000003 ms
94,3183.450000000003 ms
94,3201.250000000003 ms
94,3205.3000000000034 ms
94,3208.650000000003 ms
94,3251.250000000003 ms
94,3261.950000000003 ms
94,3354.700000000003 ms
94,3358.750000000003 ms
94,3363.8000000000034 ms
94,3374.650000000003 ms
94,3430.6500000000037 ms
94,3448.150000000003 ms
94,3450.8000000000034 ms
94,3473.0500000000034 ms
94,3492.8500000000035 ms
94,3498.0500000000034 ms
94,3531.400000000003 ms
94,3549.700000000003 ms
94,3576.6000000000035 ms
94,3600.6500000000037 ms
94,3620.8500000000035 ms
94,3647.4000000000037 ms
94,3649.9000000000037 ms
94,3651.750000000003 ms
94,3655.750000000004 ms
94,3661.200000000004 ms
94,3668.200000000003 ms
94,3689.000000000003 ms
94,3699.5500000000034 ms
94,3700.4000000000037 ms
94,3711.6000000000035 ms
94,3723.3000000000034 ms
94,3733.3000000000034 ms
94,3740.3000000000034 ms
94,3742.3500000000035 ms
94,3745.8000000000034 ms
94,3749.750000000003 ms
94,3758.8500000000026 ms
94,3763.200000000003 ms
94,3781.5500000000025 ms
94,3807.0500000000034 ms
94,3815.500000000003 ms
94,3822.8000000000034 ms
94,3860.6000000000035 ms
94,3863.5500000000034 ms
94,3882.5500000000025 ms
94,3887.0000000000023 ms
94,3904.200000000002 ms
94,3905.0000000000023 ms
94,3912.5500000000025 ms
94,3922.5500000000034 ms
94,3924.6000000000035 ms
94,3927.500000000003 ms
94,3928.700000000003 ms
94,3943.400000000003 ms
94,3954.150000000003 ms
94,3965.900000000003 ms
94,3977.3000000000034 ms
94,3979.8500000000035 ms
95,0.30000000000000004 ms
95,22.450000000000003 ms
95,46.0 ms
95,73.85 ms
95,96.75 ms
95,116.5 ms
95,122.1 ms
95,173.85 ms
95,174.79999999999998 ms
95,193.85 ms
95,205.04999999999998 ms
95,206.74999999999997 ms
95,209.69999999999996 ms
95,214.85 ms
95,216.9 ms
95,228.20000000000002 ms
95,238.00000000000003 ms
95,273.45000000000005 ms
95,311.85 ms
95,318.55000000000007 ms
95,320.05000000000007 ms
95,344.35 ms
95,351.95000000000005 ms
95,352.95000000000005 ms
95,353.75 ms
95,375.05000000000007 ms
95,386.20000000000005 ms
95,388.9000000000001 ms
95,404.20000000000005 ms
95,406.4000000000001 ms
95,420.45000000000005 ms
95,425.75 ms
95,430.70000000000005 ms
95,433.80000000000007 ms
95,435.05000000000007 ms
95,464.4000000000001 ms
95,472.30000000000007 ms
95,497.20000000000005 ms
95,500.80000000000007 ms
95,521.1 ms
95,546.9500000000002 ms
95,561.85 ms
95,630.7000000000002 ms
95,641.6500000000002 ms
95,671.5500000000001 ms
95,671.7500000000001 ms
95,679.7000000000002 ms
95,681.7500000000001 ms
95,717.3500000000003 ms
95,718.1500000000002 ms
95,728.7000000000002 ms
95,742.4000000000002 ms
95,744.9 ms
95,748.2500000000001 ms
95,789.7500000000001 ms
95,793.4 ms
95,797.9000000000002 ms
95,804.0000000000001 ms
95,808.2000000000002 ms
95,809.7000000000002 ms
95,811.7000000000002 ms
95,812.4000000000002 ms
95,822.9500000000002 ms
95,824.85 ms
95,825.0500000000001 ms
95,832.9000000000002 ms
95,838.7500000000003 ms
95,856.7500000000001 ms
95,857.7500000000003 ms
95,891.0500000000003 ms
95,894.8000000000001 ms
95,907.4000000000002 ms
95,920.0000000000003 ms
95,947.5500000000003 ms
95,1001.4500000000002 ms
95,1004.0000000000001 ms
95,1034.25 ms
95,1041.1 ms
95,1081.2999999999997 ms
95,1086.75 ms
95,1103.3000000000002 ms
95,1125.85 ms
95,1137.5 ms
95,1152.5 ms
95,1164.4 ms
95,1178.7000000000003 ms
95,1183.9500000000003 ms
95,1192.5499999999997 ms
95,1239.25 ms
95,1270.15 ms
95,1287.8000000000002 ms
95,1291.75 ms
95,1299.3500000000004 ms
95,1300.0 ms
95,1305.5500000000002 ms
95,1343.5 ms
95,1348.3000000000002 ms
95,1368.1000000000004 ms
95,1368.3500000000004 ms
95,1413.1000000000004 ms
95,1418.5500000000002 ms
95,1462.3000000000002 ms
95,1477.1000000000004 ms
95,1486.65 ms
95,1486.85 ms
95,1497.4 ms
95,1516.5 ms
95,1536.4 ms
95,1557.65 ms
95,1565.35 ms
95,1577.4500000000003 ms
95,1593.1 ms
95,1605.5500000000002 ms
95,1612.0500000000002 ms
95,1639.25 ms
95,1644.7000000000003 ms
95,1658.1000000000004 ms
95,1678.8500000000004 ms
95,1693.7000000000003 ms
95,1701.15 ms
95,1702.7500000000005 ms
95,1703.9500000000003 ms
95,1714.5000000000005 ms
95,1723.2500000000005 ms
95,1727.85 ms
95,1753.85 ms
95,1762.4 ms
95,1775.8000000000002 ms
95,1783.15 ms
95,1808.75 ms
95,1833.1 ms
95,1840.4499999999998 ms
95,1859.9499999999998 ms
95,1860.2999999999997 ms
95,1905.9999999999995 ms
95,1910.4999999999995 ms
95,1913.5499999999997 ms
95,1927.8999999999996 ms
95,1939.7999999999997 ms
95,1957.1 ms
95,1957.7999999999997 ms
95,1964.85 ms
95,1978.7499999999995 ms
95,1995.0499999999997 ms
95,1995.9999999999995 ms
95,2009.2499999999995 ms
95,2009.85 ms
95,2012.7499999999995 ms
95,2023.5499999999997 ms
95,2050.7 ms
95,2060.8499999999995 ms
95,2069.1500000000005 ms
95,2091.8 ms
95,2097.3500000000004 ms
95,2099.5 ms
95,2104.9000000000005 ms
95,2118.1000000000004 ms
95,2128.3500000000004 ms
95,2129.9500000000007 ms
95,2130.2000000000007 ms
95,2135.6499999999996 ms
95,2155.9500000000007 ms
95,2172.6499999999996 ms
95,2175.9500000000007 ms
95,2183.25 ms
95,2201.7000000000007 ms
95,2210.8999999999996 ms
95,2218.7000000000007 ms
95,2227.8 ms
95,2229.1000000000004 ms
95,2244.1500000000005 ms
95,2266.2000000000007 ms
95,2282.500000000001 ms
95,2295.250000000001 ms
95,2301.4000000000005 ms
95,2304.3500000000013 ms
95,2333.8500000000013 ms
95,2336.6000000000013 ms
95,2337.000000000001 ms
95,2375.800000000001 ms
95,2376.550000000001 ms
95,2395.6000000000013 ms
95,2398.6500000000015 ms
95,2413.250000000002 ms
95,2422.8500000000013 ms
95,2425.800000000001 ms
95,2434.3500000000013 ms
95,2449.750000000001 ms
95,2451.2000000000016 ms
95,2463.4500000000016 ms
95,2472.4000000000005 ms
95,2485.2000000000016 ms
95,2485.750000000001 ms
95,2491.2000000000016 ms
95,2496.9000000000005 ms
95,2503.300000000001 ms
95,2506.4000000000015 ms
95,2519.3500000000004 ms
95,2529.6500000000015 ms
95,2531.8500000000004 ms
95,2550.9000000000015 ms
95,2556.000000000001 ms
95,2556.9500000000007 ms
95,2558.4000000000005 ms
95,2565.9000000000005 ms
95,2590.4000000000005 ms
95,2590.9000000000005 ms
95,2622.7000000000007 ms
95,2638.500000000001 ms
95,2651.500000000001 ms
95,2655.2000000000007 ms
95,2656.3500000000004 ms
95,2690.4000000000015 ms
95,2705.050000000001 ms
95,2705.800000000001 ms
95,2717.6500000000015 ms
95,2732.4500000000007 ms
95,2736.1000000000013 ms
95,2742.8500000000013 ms
95,2748.1000000000013 ms
95,2754.4000000000015 ms
95,2757.8500000000013 ms
95,2767.250000000001 ms
95,2767.500000000001 ms
95,2771.000000000001 ms
95,2773.750000000001 ms
95,2785.1000000000013 ms
95,2786.550000000001 ms
95,2815.300000000001 ms
95,2824.3500000000013 ms
95,2826.500000000001 ms
95,2839.050000000002 ms
95,2842.6000000000013 ms
95,2846.9500000000016 ms
95,2853.800000000002 ms
95,2865.2000000000016 ms
95,2888.750000000002 ms
95,2919.4500000000016 ms
95,2919.8500000000013 ms
95,2921.4000000000024 ms
95,2966.3500000000013 ms
95,2991.1500000000024 ms
95,3000.4500000000016 ms
95,3001.9000000000024 ms
95,3036.9000000000024 ms
95,3040.9500000000016 ms
95,3055.300000000002 ms
95,3065.500000000002 ms
95,3084.2000000000016 ms
95,3093.050000000002 ms
95,3149.550000000002 ms
95,3150.9500000000016 ms
95,3156.3500000000013 ms
95,3157.800000000002 ms
95,3160.050000000002 ms
95,3166.7000000000016 ms
95,3171.6500000000015 ms
95,3187.9000000000015 ms
95,3192.800000000001 ms
95,3227.300000000001 ms
95,3253.850000000002 ms
95,3255.800000000001 ms
95,3269.2000000000016 ms
95,3280.800000000002 ms
95,3284.1500000000015 ms
95,3285.500000000002 ms
95,3291.050000000001 ms
95,3295.6500000000015 ms
95,3326.800000000001 ms
95,3350.350000000002 ms
95,3359.250000000002 ms
95,3365.4500000000016 ms
95,3367.6000000000013 ms
95,3370.9500000000016 ms
95,3387.9500000000016 ms
95,3393.750000000002 ms
95,3401.350000000002 ms
95,3403.250000000002 ms
95,3415.1500000000015 ms
95,3423.9000000000015 ms
95,3434.4000000000015 ms
95,3443.9500000000025 ms
95,3449.9500000000025 ms
95,3456.250000000002 ms
95,3470.9000000000024 ms
95,3501.9500000000025 ms
95,3504.5000000000027 ms
95,3523.4500000000025 ms
95,3524.0000000000027 ms
95,3525.600000000003 ms
95,3535.4000000000024 ms
95,3543.7500000000027 ms
95,3574.4000000000024 ms
95,3578.0000000000027 ms
95,3590.2500000000027 ms
95,3598.2000000000025 ms
95,3602.7000000000025 ms
95,3609.9500000000025 ms
95,3623.800000000003 ms
95,3644.2000000000025 ms
95,3651.9000000000024 ms
95,3669.100000000002 ms
95,3677.6500000000024 ms
95,3678.2000000000025 ms
95,3680.1500000000024 ms
95,3681.850000000002 ms
95,3684.050000000002 ms
95,3705.9000000000024 ms
95,3706.750000000002 ms
95,3718.350000000002 ms
95,3724.850000000002 ms
95,3727.4500000000016 ms
95,3734.750000000002 ms
95,3758.7000000000016 ms
95,3762.050000000002 ms
95,3773.300000000002 ms
95,3780.6000000000013 ms
95,3787.2000000000016 ms
95,3796.6000000000013 ms
95,3808.550000000002 ms
95,3847.6000000000013 ms
95,3854.1500000000024 ms
95,3863.4500000000016 ms
95,3868.9000000000024 ms
95,3894.1500000000024 ms
95,3895.2000000000016 ms
95,3987.7000000000016 ms
95,3989.2500000000027 ms
95,3989.4500000000016 ms
95,3999.050000000002 ms
96,0.7000000000000001 ms
96,4.4 ms
96,11.950000000000001 ms
96,31.650000000000006 ms
96,55.7 ms
96,57.5 ms
96,61.45 ms
96,66.90000000000002 ms
96,70.75000000000001 ms
96,98.8 ms
96,114.45 ms
96,119.2 ms
96,132.8 ms
96,143.2 ms
96,163.95 ms
96,168.45 ms
96,178.85000000000002 ms
96,189.05 ms
96,192.3 ms
96,194.15000000000003 ms
96,196.09999999999997 ms
96,204.5 ms
96,209.85000000000002 ms
96,224.5 ms
96,260.3 ms
96,266.8500000000001 ms
96,270.50000000000006 ms
96,290.3 ms
96,296.15000000000003 ms
96,306.84999999999997 ms
96,325.8500000000001 ms
96,334.00000000000006 ms
96,379.3500000000001 ms
96,384.3 ms
96,386.90000000000003 ms
96,388.65000000000003 ms
96,394.9500000000001 ms
96,395.40000000000003 ms
96,422.9500000000001 ms
96,442.1000000000001 ms
96,442.3 ms
96,445.95 ms
96,450.55 ms
96,453.24999999999994 ms
96,457.84999999999997 ms
96,480.45 ms
96,485.40000000000003 ms
96,533.45 ms
96,552.8500000000001 ms
96,557.45 ms
96,572.3500000000001 ms
96,608.8500000000001 ms
96,611.8500000000001 ms
96,613.3999999999999 ms
96,622.1499999999999 ms
96,637.8500000000001 ms
96,647.8 ms
96,658.5000000000002 ms
96,674.8500000000001 ms
96,680.5500000000002 ms
96,683.8000000000002 ms
96,684.1000000000001 ms
96,698.1500000000001 ms
96,713.5500000000002 ms
96,718.7 ms
96,770.1500000000001 ms
96,785.1000000000001 ms
96,795.6000000000001 ms
96,796.0500000000002 ms
96,816.8000000000002 ms
96,841.0000000000002 ms
96,856.5000000000002 ms
96,876.6000000000001 ms
96,885.4500000000003 ms
96,892.2500000000002 ms
96,893.2500000000002 ms
96,903.6000000000001 ms
96,923.7000000000003 ms
96,958.7500000000002 ms
96,966.7500000000002 ms
96,967.2500000000002 ms
96,971.5000000000002 ms
96,984.6500000000003 ms
96,987.1000000000001 ms
96,1002.5500000000004 ms
96,1003.2000000000003 ms
96,1015.7000000000003 ms
96,1027.5000000000002 ms
96,1054.7500000000002 ms
96,1061.6500000000003 ms
96,1064.4000000000003 ms
96,1068.8500000000006 ms
96,1085.5500000000004 ms
96,1110.9000000000003 ms
96,1122.6500000000003 ms
96,1132.2 ms
96,1151.05 ms
96,1175.3500000000001 ms
96,1186.7 ms
96,1198.8 ms
96,1203.1499999999999 ms
96,1215.3500000000001 ms
96,1222.8 ms
96,1229.55 ms
96,1232.3 ms
96,1262.3 ms
96,1263.1499999999999 ms
96,1263.8999999999999 ms
96,1276.55 ms
96,1278.2500000000002 ms
96,1298.9999999999998 ms
96,1300.8 ms
96,1307.2500000000002 ms
96,1310.2499999999998 ms
96,1310.55 ms
96,1322.0999999999997 ms
96,1326.7499999999998 ms
96,1332.95 ms
96,1333.4999999999998 ms
96,1334.2 ms
96,1338.2 ms
96,1372.9999999999998 ms
96,1374.1499999999999 ms
96,1384.4999999999998 ms
96,1385.05 ms
96,1387.3499999999997 ms
96,1388.6999999999996 ms
96,1396.5999999999997 ms
96,1438.8 ms
96,1451.0999999999997 ms
96,1454.8999999999999 ms
96,1483.6000000000001 ms
96,1487.7 ms
96,1487.9999999999998 ms
96,1492.3999999999999 ms
96,1533.9499999999996 ms
96,1534.1499999999999 ms
96,1537.4499999999996 ms
96,1543.1499999999999 ms
96,1554.55 ms
96,1560.7 ms
96,1563.55 ms
96,1595.8 ms
96,1610.8999999999999 ms
96,1611.4499999999996 ms
96,1616.2999999999995 ms
96,1638.0999999999997 ms
96,1640.05 ms
96,1652.2999999999995 ms
96,1654.8 ms
96,1656.2999999999995 ms
96,1657.4999999999998 ms
96,1665.2999999999995 ms
96,1679.3499999999997 ms
96,1716.9999999999998 ms
96,1729.5999999999997 ms
96,1756.2499999999998 ms
96,1765.95 ms
96,1781.7499999999998 ms
96,1804.6499999999999 ms
96,1805.8 ms
96,1822.3 ms
96,1827.45 ms
96,1829.2 ms
96,1835.8 ms
96,1855.8 ms
96,1872.3999999999999 ms
96,1883.3 ms
96,1884.3499999999997 ms
96,1900.6999999999996 ms
96,1921.2499999999998 ms
96,1921.8999999999999 ms
96,1929.1499999999999 ms
96,1964.3999999999999 ms
96,1968.8 ms
96,1978.1499999999999 ms
96,1982.6999999999996 ms
96,1992.2499999999998 ms
96,1994.3499999999997 ms
96,2004.3 ms
96,2018.7999999999995 ms
96,2019.8999999999994 ms
96,2023.9999999999993 ms
96,2027.2499999999998 ms
96,2034.7499999999993 ms
96,2037.1999999999996 ms
96,2057.1499999999996 ms
96,2069.7999999999993 ms
96,2081.45 ms
96,2085.3999999999996 ms
96,2085.8499999999995 ms
96,2100.1499999999996 ms
96,2103.6499999999996 ms
96,2109.7999999999993 ms
96,2148.2 ms
96,2171.3 ms
96,2183.05 ms
96,2189.2 ms
96,2204.3999999999996 ms
96,2210.2999999999993 ms
96,2217.8999999999996 ms
96,2251.3499999999995 ms
96,2261.499999999999 ms
96,2261.8999999999996 ms
96,2298.5499999999993 ms
96,2312.75 ms
96,2325.7999999999993 ms
96,2340.2 ms
96,2340.5 ms
96,2350.7 ms
96,2367.7 ms
96,2385.45 ms
96,2387.7 ms
96,2402.55 ms
96,2424.2 ms
96,2439.5 ms
96,2443.3999999999996 ms
96,2444.6000000000004 ms
96,2447.6000000000004 ms
96,2450.1000000000004 ms
96,2450.7 ms
96,2477.6499999999996 ms
96,2483.45 ms
96,2487.7 ms
96,2502.3999999999996 ms
96,2534.0499999999993 ms
96,2536.2 ms
96,2540.6499999999996 ms
96,2542.8999999999996 ms
96,2546.6499999999996 ms
96,2571.5999999999995 ms
96,2580.8999999999996 ms
96,2591.5 ms
96,2613.8999999999996 ms
96,2616.95 ms
96,2620.7 ms
96,2623.55 ms
96,2630.999999999999 ms
96,2642.8999999999996 ms
96,2682.5 ms
96,2700.0999999999995 ms
96,2722.249999999999 ms
96,2727.5999999999995 ms
96,2748.5499999999993 ms
96,2758.0999999999995 ms
96,2778.0999999999995 ms
96,2785.0999999999995 ms
96,2788.0499999999993 ms
96,2835.199999999999 ms
96,2839.949999999999 ms
96,2843.5499999999993 ms
96,2844.3499999999995 ms
96,2848.3499999999995 ms
96,2851.7999999999993 ms
96,2866.0499999999993 ms
96,2885.699999999999 ms
96,2886.3499999999995 ms
96,2892.1499999999996 ms
96,2893.7 ms
96,2903.25 ms
96,2912.8 ms
96,2920.8500000000004 ms
96,2930.4000000000005 ms
96,2939.1000000000004 ms
96,2943.75 ms
96,2955.1000000000004 ms
96,2969.9000000000005 ms
96,2986.500000000001 ms
96,3006.4000000000005 ms
96,3006.750000000001 ms
96,3016.000000000001 ms
96,3023.9000000000005 ms
96,3032.7000000000007 ms
96,3047.000000000001 ms
96,3062.300000000001 ms
96,3079.4500000000007 ms
96,3082.6000000000013 ms
96,3085.750000000001 ms
96,3086.6000000000013 ms
96,3089.550000000001 ms
96,3095.000000000001 ms
96,3101.2000000000007 ms
96,3102.3500000000004 ms
96,3109.9500000000007 ms
96,3157.9500000000007 ms
96,3162.000000000001 ms
96,3171.500000000001 ms
96,3174.500000000001 ms
96,3178.300000000001 ms
96,3187.3500000000013 ms
96,3224.6000000000013 ms
96,3245.2000000000016 ms
96,3249.550000000001 ms
96,3251.6500000000015 ms
96,3264.050000000001 ms
96,3266.1500000000015 ms
96,3280.4000000000015 ms
96,3293.000000000001 ms
96,3332.1000000000013 ms
96,3332.250000000001 ms
96,3343.4500000000007 ms
96,3347.9500000000007 ms
96,3363.1500000000005 ms
96,3367.4500000000007 ms
96,3375.9500000000007 ms
96,3377.3500000000004 ms
96,3378.3500000000004 ms
96,3380.9500000000007 ms
96,3381.6500000000005 ms
96,3383.6500000000005 ms
96,3387.9000000000005 ms
96,3392.2000000000007 ms
96,3428.000000000001 ms
96,3440.250000000001 ms
96,3446.1500000000005 ms
96,3448.750000000001 ms
96,3453.9000000000005 ms
96,3469.000000000001 ms
96,3476.6000000000013 ms
96,3477.05 ms
96,3482.7000000000007 ms
96,3492.550000000001 ms
96,3495.5 ms
96,3495.75 ms
96,3497.300000000001 ms
96,3509.2000000000007 ms
96,3509.500000000001 ms
96,3513.550000000001 ms
96,3515.300000000001 ms
96,3548.1500000000015 ms
96,3555.000000000001 ms
96,3570.9000000000005 ms
96,3578.9000000000005 ms
96,3584.250000000001 ms
96,3608.800000000001 ms
96,3614.1000000000013 ms
96,3616.9500000000016 ms
96,3620.2000000000016 ms
96,3664.6500000000005 ms
96,3666.000000000001 ms
96,3669.9000000000005 ms
96,3673.8500000000013 ms
96,3687.4500000000007 ms
96,3692.800000000001 ms
96,3713.9500000000007 ms
96,3721.4000000000005 ms
96,3729.250000000001 ms
96,3730.3500000000004 ms
96,3746.75 ms
96,3764.1000000000004 ms
96,3768.25 ms
96,3783.4500000000007 ms
96,3786.5 ms
96,3812.6500000000005 ms
96,3838.9500000000007 ms
96,3846.500000000001 ms
96,3854.500000000001 ms
96,3855.750000000001 ms
96,3865.300000000001 ms
96,3895.1000000000013 ms
96,3899.7000000000016 ms
96,3914.1000000000013 ms
96,3921.1500000000015 ms
96,3936.9500000000016 ms
96,3942.750000000002 ms
96,3953.4000000000015 ms
96,3956.1500000000015 ms
96,3960.550000000002 ms
96,3972.350000000002 ms
96,3993.600000000002 ms
97,9.15 ms
97,11.6 ms
97,70.35 ms
97,71.25 ms
97,85.94999999999999 ms
97,94.69999999999999 ms
97,96.15 ms
97,101.1 ms
97,111.6 ms
97,114.80000000000001 ms
97,157.55 ms
97,157.65000000000003 ms
97,159.05 ms
97,166.05 ms
97,171.0 ms
97,174.55 ms
97,192.3 ms
97,206.75 ms
97,210.60000000000002 ms
97,212.79999999999995 ms
97,228.79999999999995 ms
97,234.35000000000002 ms
97,234.79999999999995 ms
97,255.0 ms
97,255.55 ms
97,256.05 ms
97,274.99999999999994 ms
97,277.2 ms
97,280.7 ms
97,285.50000000000006 ms
97,298.40000000000003 ms
97,305.25000000000006 ms
97,312.55 ms
97,327.45 ms
97,329.05 ms
97,330.74999999999994 ms
97,355.50000000000006 ms
97,361.3500000000001 ms
97,384.25000000000006 ms
97,389.40000000000003 ms
97,394.59999999999997 ms
97,419.49999999999994 ms
97,420.09999999999997 ms
97,443.59999999999997 ms
97,458.5499999999999 ms
97,462.1499999999999 ms
97,492.49999999999994 ms
97,517.3 ms
97,531.2 ms
97,552.55 ms
97,552.75 ms
97,571.4000000000001 ms
97,578.25 ms
97,599.7 ms
97,613.45 ms
97,622.7 ms
97,642.9000000000001 ms
97,650.7 ms
97,652.0 ms
97,665.3 ms
97,678.3 ms
97,678.3999999999999 ms
97,697.8999999999999 ms
97,701.55 ms
97,725.45 ms
97,736.2499999999998 ms
97,747.2 ms
97,760.95 ms
97,793.55 ms
97,796.0999999999999 ms
97,821.3999999999999 ms
97,827.1999999999998 ms
97,847.8999999999999 ms
97,850.1999999999998 ms
97,926.2999999999997 ms
97,929.8499999999999 ms
97,964.7499999999998 ms
97,967.6499999999999 ms
97,968.0999999999997 ms
97,987.8 ms
97,992.6499999999999 ms
97,997.1499999999999 ms
97,998.3999999999999 ms
97,1008.5999999999999 ms
97,1028.5 ms
97,1032.75 ms
97,1033.15 ms
97,1049.65 ms
97,1064.35 ms
97,1075.7500000000005 ms
97,1084.1 ms
97,1087.8000000000002 ms
97,1094.4500000000003 ms
97,1101.7000000000003 ms
97,1104.9500000000003 ms
97,1106.0500000000002 ms
97,1107.4 ms
97,1118.3000000000002 ms
97,1191.8000000000002 ms
97,1218.15 ms
97,1222.5 ms
97,1249.4 ms
97,1260.5500000000002 ms
97,1263.5500000000002 ms
97,1268.9 ms
97,1280.4500000000003 ms
97,1287.15 ms
97,1296.0500000000002 ms
97,1299.1000000000004 ms
97,1306.3000000000002 ms
97,1320.5500000000002 ms
97,1324.3000000000002 ms
97,1332.15 ms
97,1336.65 ms
97,1351.0500000000002 ms
97,1387.8000000000002 ms
97,1404.3000000000002 ms
97,1435.25 ms
97,1437.75 ms
97,1465.6500000000005 ms
97,1466.6000000000004 ms
97,1485.3500000000004 ms
97,1487.9000000000005 ms
97,1507.7000000000003 ms
97,1513.0500000000002 ms
97,1513.5500000000002 ms
97,1514.1000000000004 ms
97,1514.3500000000004 ms
97,1520.9 ms
97,1536.0500000000002 ms
97,1546.25 ms
97,1553.1500000000005 ms
97,1563.7000000000003 ms
97,1576.3000000000002 ms
97,1579.4500000000003 ms
97,1600.3000000000002 ms
97,1610.7000000000003 ms
97,1623.7000000000003 ms
97,1624.5500000000002 ms
97,1630.9 ms
97,1631.9 ms
97,1633.6 ms
97,1646.7500000000005 ms
97,1683.5500000000002 ms
97,1687.2000000000003 ms
97,1709.3000000000002 ms
97,1713.9 ms
97,1717.6 ms
97,1735.5000000000005 ms
97,1737.1 ms
97,1738.0000000000005 ms
97,1770.3000000000002 ms
97,1773.3500000000004 ms
97,1806.3000000000002 ms
97,1815.5 ms
97,1832.1500000000005 ms
97,1850.2000000000003 ms
97,1853.4500000000003 ms
97,1872.0000000000005 ms
97,1873.5500000000002 ms
97,1875.5500000000002 ms
97,1883.1000000000004 ms
97,1893.15 ms
97,1894.85 ms
97,1943.6 ms
97,1957.3000000000002 ms
97,1958.3500000000004 ms
97,1960.6999999999998 ms
97,1964.15 ms
97,1972.15 ms
97,1975.6 ms
97,1975.7000000000003 ms
97,1987.5499999999997 ms
97,1990.1 ms
97,1997.75 ms
97,2001.75 ms
97,2005.75 ms
97,2026.4 ms
97,2034.85 ms
97,2040.4500000000003 ms
97,2078.4 ms
97,2102.35 ms
97,2131.85 ms
97,2135.5499999999997 ms
97,2140.399999999999 ms
97,2160.4 ms
97,2164.649999999999 ms
97,2195.849999999999 ms
97,2202.2499999999995 ms
97,2210.9999999999995 ms
97,2214.1999999999994 ms
97,2223.1999999999994 ms
97,2239.1999999999994 ms
97,2261.85 ms
97,2265.849999999999 ms
97,2279.899999999999 ms
97,2280.1999999999994 ms
97,2313.2499999999995 ms
97,2326.7999999999997 ms
97,2336.1 ms
97,2339.0000000000005 ms
97,2358.400000000001 ms
97,2365.0000000000005 ms
97,2375.2000000000003 ms
97,2387.2999999999997 ms
97,2388.2000000000003 ms
97,2391.5000000000005 ms
97,2436.0000000000005 ms
97,2436.7500000000005 ms
97,2438.85 ms
97,2448.7999999999997 ms
97,2461.15 ms
97,2469.9999999999995 ms
97,2473.0000000000005 ms
97,2494.9500000000003 ms
97,2498.4 ms
97,2500.649999999999 ms
97,2503.4999999999995 ms
97,2551.349999999999 ms
97,2564.6999999999994 ms
97,2588.399999999999 ms
97,2603.4999999999986 ms
97,2605.349999999999 ms
97,2638.6999999999985 ms
97,2651.9499999999994 ms
97,2696.4999999999995 ms
97,2700.1999999999994 ms
97,2706.849999999999 ms
97,2719.599999999999 ms
97,2732.799999999999 ms
97,2744.9999999999986 ms
97,2767.349999999998 ms
97,2779.1999999999985 ms
97,2785.4999999999986 ms
97,2798.799999999999 ms
97,2804.049999999999 ms
97,2833.099999999999 ms
97,2845.799999999999 ms
97,2863.849999999999 ms
97,2880.299999999999 ms
97,2900.799999999999 ms
97,2964.1999999999994 ms
97,2966.4999999999995 ms
97,2977.099999999999 ms
97,2978.1999999999985 ms
97,3005.8999999999983 ms
97,3008.899999999999 ms
97,3010.8999999999983 ms
97,3033.549999999999 ms
97,3042.349999999999 ms
97,3049.349999999999 ms
97,3054.099999999999 ms
97,3078.049999999999 ms
97,3086.349999999999 ms
97,3091.9999999999995 ms
97,3128.9999999999986 ms
97,3180.2499999999995 ms
97,3196.4999999999986 ms
97,3199.549999999999 ms
97,3216.7999999999997 ms
97,3229.4999999999995 ms
97,3232.399999999999 ms
97,3251.0499999999997 ms
97,3260.1 ms
97,3267.6999999999994 ms
97,3281.4999999999995 ms
97,3287.7999999999997 ms
97,3292.2000000000003 ms
97,3305.9 ms
97,3321.2499999999995 ms
97,3346.6999999999994 ms
97,3355.4499999999994 ms
97,3373.6999999999994 ms
97,3380.9999999999995 ms
97,3391.849999999999 ms
97,3395.7499999999995 ms
97,3398.4 ms
97,3474.649999999999 ms
97,3478.5499999999997 ms
97,3495.2000000000003 ms
97,3495.7999999999997 ms
97,3538.899999999999 ms
97,3561.7499999999995 ms
97,3574.9999999999995 ms
97,3577.9999999999995 ms
97,3584.6999999999994 ms
97,3586.4999999999995 ms
97,3586.65 ms
97,3602.7000000000003 ms
97,3670.1 ms
97,3679.5499999999997 ms
97,3683.2499999999995 ms
97,3712.9 ms
97,3719.899999999999 ms
97,3721.9 ms
97,3741.35 ms
97,3748.099999999999 ms
97,3751.7499999999995 ms
97,3763.7499999999995 ms
97,3785.9 ms
97,3792.1 ms
97,3819.4 ms
97,3834.149999999999 ms
97,3845.7999999999997 ms
97,3875.7000000000003 ms
97,3880.35 ms
97,3883.7500000000005 ms
97,3891.4 ms
97,3896.1 ms
97,3898.15 ms
97,3910.9999999999995 ms
97,3926.1 ms
97,3931.15 ms
97,3940.35 ms
97,3967.7500000000005 ms
97,3970.5500000000006 ms
97,3986.9500000000003 ms
98,16.8 ms
98,28.600000000000005 ms
98,45.25 ms
98,55.400000000000006 ms
98,57.650000000000006 ms
98,60.94999999999999 ms
98,84.35 ms
98,92.79999999999998 ms
98,118.65 ms
98,123.15 ms
98,125.55000000000001 ms
98,129.95000000000002 ms
98,132.54999999999998 ms
98,138.05000000000004 ms
98,153.00000000000003 ms
98,153.45000000000002 ms
98,175.04999999999998 ms
98,198.95000000000002 ms
98,200.35 ms
98,214.65 ms
98,222.4 ms
98,229.1 ms
98,230.4 ms
98,232.4 ms
98,232.49999999999997 ms
98,239.00000000000003 ms
98,242.05000000000004 ms
98,263.94999999999993 ms
98,264.30000000000007 ms
98,265.05000000000007 ms
98,267.25 ms
98,268.95000000000005 ms
98,273.15 ms
98,284.1 ms
98,290.19999999999993 ms
98,294.55000000000007 ms
98,318.15 ms
98,327.2500000000001 ms
98,336.2500000000001 ms
98,371.6 ms
98,378.35 ms
98,492.05000000000007 ms
98,501.80000000000007 ms
98,516.7500000000001 ms
98,517.8500000000003 ms
98,576.4500000000002 ms
98,577.2500000000001 ms
98,587.4500000000002 ms
98,606.5000000000001 ms
98,613.5000000000001 ms
98,642.15 ms
98,653.1999999999999 ms
98,666.4500000000002 ms
98,670.6500000000002 ms
98,677.0500000000001 ms
98,692.4499999999999 ms
98,699.0500000000001 ms
98,714.4499999999999 ms
98,722.2499999999999 ms
98,738.65 ms
98,745.4 ms
98,766.0499999999998 ms
98,768.4 ms
98,779.5000000000001 ms
98,781.7499999999999 ms
98,852.4 ms
98,852.7500000000001 ms
98,865.65 ms
98,870.4 ms
98,882.15 ms
98,916.6 ms
98,916.9999999999999 ms
98,926.4 ms
98,944.6 ms
98,951.4500000000002 ms
98,958.85 ms
98,964.15 ms
98,979.4499999999999 ms
98,983.6999999999999 ms
98,990.2499999999999 ms
98,1009.6 ms
98,1034.3000000000002 ms
98,1044.5 ms
98,1051.4 ms
98,1060.1 ms
98,1069.3000000000002 ms
98,1071.9 ms
98,1079.5500000000002 ms
98,1082.5500000000002 ms
98,1086.15 ms
98,1094.5500000000002 ms
98,1096.5 ms
98,1159.8500000000004 ms
98,1163.8500000000004 ms
98,1203.5500000000002 ms
98,1204.9 ms
98,1208.0500000000002 ms
98,1208.9500000000003 ms
98,1209.9 ms
98,1268.7500000000005 ms
98,1316.5500000000002 ms
98,1342.3000000000002 ms
98,1367.25 ms
98,1367.3500000000004 ms
98,1388.65 ms
98,1399.6 ms
98,1454.8000000000002 ms
98,1457.25 ms
98,1468.4000000000005 ms
98,1478.4000000000005 ms
98,1509.5500000000002 ms
98,1519.1000000000004 ms
98,1524.2500000000005 ms
98,1555.3500000000004 ms
98,1568.7500000000005 ms
98,1573.5500000000006 ms
98,1576.2000000000003 ms
98,1612.5000000000005 ms
98,1612.6000000000004 ms
98,1636.8500000000004 ms
98,1645.3500000000004 ms
98,1656.8500000000004 ms
98,1662.2000000000003 ms
98,1667.7500000000005 ms
98,1668.6 ms
98,1673.5000000000005 ms
98,1695.4 ms
98,1714.5500000000006 ms
98,1716.3000000000006 ms
98,1720.3000000000006 ms
98,1730.4500000000003 ms
98,1758.9500000000003 ms
98,1765.0000000000005 ms
98,1765.4500000000003 ms
98,1778.7500000000005 ms
98,1801.4000000000005 ms
98,1803.0000000000005 ms
98,1816.6000000000004 ms
98,1818.9500000000003 ms
98,1819.7500000000005 ms
98,1852.65 ms
98,1868.5500000000006 ms
98,1870.3000000000006 ms
98,1875.15 ms
98,1879.65 ms
98,1881.7000000000003 ms
98,1885.65 ms
98,1886.4 ms
98,1916.9 ms
98,1921.15 ms
98,1925.9 ms
98,1953.4500000000003 ms
98,1975.8500000000004 ms
98,1982.3000000000002 ms
98,1994.9500000000007 ms
98,2003.3500000000004 ms
98,2043.3500000000004 ms
98,2044.750000000001 ms
98,2056.3500000000013 ms
98,2110.4500000000007 ms
98,2126.750000000001 ms
98,2134.6500000000005 ms
98,2146.500000000001 ms
98,2161.6500000000005 ms
98,2166.2000000000016 ms
98,2180.1500000000005 ms
98,2180.800000000001 ms
98,2184.7000000000007 ms
98,2193.6500000000015 ms
98,2198.550000000001 ms
98,2202.550000000001 ms
98,2211.300000000001 ms
98,2216.2000000000007 ms
98,2227.500000000002 ms
98,2242.250000000002 ms
98,2256.8500000000013 ms
98,2266.7000000000016 ms
98,2268.300000000001 ms
98,2272.1000000000013 ms
98,2306.4500000000016 ms
98,2316.050000000001 ms
98,2321.9000000000015 ms
98,2322.300000000001 ms
98,2329.250000000001 ms
98,2354.750000000001 ms
98,2359.1500000000005 ms
98,2369.6500000000005 ms
98,2377.550000000001 ms
98,2388.9000000000015 ms
98,2404.6000000000004 ms
98,2416.800000000001 ms
98,2426.25 ms
98,2472.3500000000004 ms
98,2475.5 ms
98,2480.25 ms
98,2516.7000000000007 ms
98,2520.8 ms
98,2536.4000000000005 ms
98,2549.05 ms
98,2578.8500000000004 ms
98,2589.1500000000005 ms
98,2597.8500000000004 ms
98,2602.8500000000004 ms
98,2624.1000000000004 ms
98,2649.4000000000005 ms
98,2650.1500000000005 ms
98,2662.55 ms
98,2679.4000000000005 ms
98,2679.7000000000007 ms
98,2686.550000000001 ms
98,2717.4500000000007 ms
98,2724.9000000000005 ms
98,2732.4500000000007 ms
98,2763.7000000000007 ms
98,2766.8500000000004 ms
98,2770.300000000001 ms
98,2774.75 ms
98,2787.0 ms
98,2804.9500000000007 ms
98,2864.3 ms
98,2864.55 ms
98,2884.6500000000005 ms
98,2898.8 ms
98,2902.05 ms
98,2925.1500000000005 ms
98,2944.1500000000005 ms
98,2949.75 ms
98,2967.25 ms
98,2971.8 ms
98,2972.3 ms
98,2985.8500000000004 ms
98,3009.3 ms
98,3014.0 ms
98,3021.8 ms
98,3028.95 ms
98,3030.250000000001 ms
98,3051.6500000000005 ms
98,3058.8 ms
98,3060.9500000000007 ms
98,3098.1500000000005 ms
98,3106.1000000000004 ms
98,3118.8 ms
98,3152.8 ms
98,3173.1000000000004 ms
98,3177.2000000000007 ms
98,3179.7000000000007 ms
98,3185.9500000000007 ms
98,3191.3999999999996 ms
98,3206.55 ms
98,3222.1000000000004 ms
98,3265.3500000000004 ms
98,3306.5 ms
98,3307.4000000000005 ms
98,3311.000000000001 ms
98,3315.9000000000005 ms
98,3341.000000000001 ms
98,3343.750000000001 ms
98,3370.45 ms
98,3397.1000000000004 ms
98,3413.6000000000004 ms
98,3418.6000000000004 ms
98,3433.05 ms
98,3438.3 ms
98,3452.8500000000004 ms
98,3453.8 ms
98,3462.4000000000005 ms
98,3489.5 ms
98,3533.45 ms
98,3541.95 ms
98,3542.55 ms
98,3572.95 ms
98,3574.95 ms
98,3594.05 ms
98,3634.0999999999995 ms
98,3675.3499999999995 ms
98,3677.8 ms
98,3739.2 ms
98,3753.5999999999995 ms
98,3765.55 ms
98,3783.3499999999995 ms
98,3786.4000000000005 ms
98,3820.5 ms
98,3821.8500000000004 ms
98,3823.25 ms
98,3826.0 ms
98,3826.3999999999996 ms
98,3844.3500000000004 ms
98,3849.2 ms
98,3854.0999999999995 ms
98,3859.55 ms
98,3860.7 ms
98,3873.2 ms
98,3888.0 ms
98,3894.2 ms
98,3899.3999999999996 ms
98,3931.5999999999995 ms
98,3938.0999999999995 ms
98,3942.0999999999995 ms
98,3975.5499999999993 ms
98,3990.499999999999 ms
99,16.900000000000002 ms
99,25.250000000000004 ms
99,56.25 ms
99,67.45 ms
99,69.49999999999999 ms
99,81.05 ms
99,87.14999999999999 ms
99,88.44999999999997 ms
99,90.95 ms
99,111.35000000000001 ms
99,120.14999999999999 ms
99,121.99999999999999 ms
99,132.04999999999995 ms
99,133.39999999999998 ms
99,133.89999999999998 ms
99,139.09999999999997 ms
99,154.84999999999997 ms
99,163.84999999999997 ms
99,172.84999999999997 ms
99,175.2 ms
99,198.09999999999997 ms
99,209.24999999999994 ms
99,220.8 ms
99,226.8 ms
99,228.99999999999994 ms
99,235.34999999999997 ms
99,239.29999999999995 ms
99,250.79999999999995 ms
99,251.14999999999998 ms
99,253.44999999999993 ms
99,275.7499999999999 ms
99,290.1 ms
99,292.35 ms
99,305.2499999999999 ms
99,313.29999999999995 ms
99,334.8499999999999 ms
99,365.15 ms
99,379.65 ms
99,388.0 ms
99,400.79999999999995 ms
99,418.1 ms
99,436.55000000000007 ms
99,438.0 ms
99,448.15 ms
99,458.65 ms
99,497.54999999999995 ms
99,521.4499999999999 ms
99,531.9 ms
99,540.5499999999998 ms
99,546.4 ms
99,565.85 ms
99,575.9 ms
99,579.2500000000001 ms
99,582.35 ms
99,592.9999999999999 ms
99,594.4 ms
99,595.2999999999998 ms
99,608.1999999999999 ms
99,621.7499999999999 ms
99,625.7499999999999 ms
99,645.4499999999999 ms
99,646.3499999999998 ms
99,673.3999999999997 ms
99,676.4999999999999 ms
99,684.7499999999999 ms
99,693.9499999999999 ms
99,716.9499999999999 ms
99,730.6999999999999 ms
99,740.2499999999999 ms
99,744.6 ms
99,745.4499999999999 ms
99,772.3000000000001 ms
99,774.7500000000001 ms
99,777.0500000000001 ms
99,781.0000000000001 ms
99,806.8000000000001 ms
99,812.35 ms
99,814.6999999999999 ms
99,830.9999999999999 ms
99,847.6499999999997 ms
99,851.6999999999997 ms
99,870.4499999999999 ms
99,885.7499999999999 ms
99,891.6499999999997 ms
99,900.5999999999998 ms
99,900.7999999999998 ms
99,903.5499999999998 ms
99,905.5999999999998 ms
99,930.5499999999998 ms
99,952.9999999999999 ms
99,960.6 ms
99,962.9 ms
99,963.9499999999999 ms
99,972.1999999999997 ms
99,993.0499999999998 ms
99,993.1999999999997 ms
99,1041.2499999999995 ms
99,1058.2499999999995 ms
99,1058.6999999999998 ms
99,1060.4499999999998 ms
99,1079.0499999999997 ms
99,1105.5499999999997 ms
99,1129.1499999999996 ms
99,1148.2499999999995 ms
99,1180.5999999999995 ms
99,1182.7499999999995 ms
99,1197.6999999999994 ms
99,1222.8999999999996 ms
99,1234.8999999999996 ms
99,1243.1499999999996 ms
99,1248.1999999999998 ms
99,1252.1499999999996 ms
99,1266.1999999999998 ms
99,1267.0999999999995 ms
99,1270.5499999999997 ms
99,1293.7499999999995 ms
99,1300.9999999999995 ms
99,1305.4999999999995 ms
99,1325.4499999999998 ms
99,1345.75 ms
99,1365.3999999999996 ms
99,1376.5500000000002 ms
99,1390.1999999999998 ms
99,1394.3000000000002 ms
99,1399.6 ms
99,1406.0 ms
99,1413.6 ms
99,1418.65 ms
99,1420.4999999999995 ms
99,1429.35 ms
99,1434.6999999999994 ms
99,1435.1 ms
99,1470.6999999999994 ms
99,1499.1999999999994 ms
99,1523.4499999999994 ms
99,1547.4499999999994 ms
99,1574.0499999999997 ms
99,1578.0999999999995 ms
99,1598.7499999999995 ms
99,1602.2999999999997 ms
99,1603.5999999999995 ms
99,1608.3499999999995 ms
99,1614.6999999999994 ms
99,1628.4999999999995 ms
99,1636.5499999999993 ms
99,1639.5499999999993 ms
99,1643.749999999999 ms
99,1646.499999999999 ms
99,1656.1999999999994 ms
99,1671.1499999999992 ms
99,1685.1999999999994 ms
99,1698.3999999999992 ms
99,1699.4999999999995 ms
99,1714.3999999999992 ms
99,1715.2499999999995 ms
99,1719.099999999999 ms
99,1723.599999999999 ms
99,1728.0499999999993 ms
99,1759.5499999999993 ms
99,1769.4499999999994 ms
99,1777.8499999999995 ms
99,1791.1999999999994 ms
99,1798.4499999999994 ms
99,1825.5999999999995 ms
99,1829.9999999999995 ms
99,1843.0999999999995 ms
99,1869.2499999999995 ms
99,1882.1499999999996 ms
99,1888.6999999999998 ms
99,1904.1999999999998 ms
99,1907.2499999999995 ms
99,1933.0499999999997 ms
99,1938.0499999999997 ms
99,1954.8499999999995 ms
99,1958.2999999999993 ms
99,1978.7999999999993 ms
99,1984.7999999999993 ms
99,1992.1999999999998 ms
99,2016.6999999999998 ms
99,2030.3499999999995 ms
99,2052.6499999999996 ms
99,2057.5499999999993 ms
99,2101.8999999999996 ms
99,2102.45 ms
99,2127.05 ms
99,2136.3 ms
99,2151.2 ms
99,2153.1499999999996 ms
99,2161.5999999999995 ms
99,2175.6499999999996 ms
99,2179.95 ms
99,2180.3999999999996 ms
99,2198.5 ms
99,2205.5999999999995 ms
99,2208.2999999999993 ms
99,2213.699999999999 ms
99,2240.0 ms
99,2262.75 ms
99,2263.199999999999 ms
99,2271.2999999999993 ms
99,2274.449999999999 ms
99,2280.25 ms
99,2317.0999999999995 ms
99,2330.7999999999993 ms
99,2383.5499999999993 ms
99,2398.449999999999 ms
99,2427.8999999999996 ms
99,2436.449999999999 ms
99,2457.5 ms
99,2475.0999999999995 ms
99,2487.2999999999993 ms
99,2489.5999999999995 ms
99,2540.8499999999995 ms
99,2570.749999999999 ms
99,2576.95 ms
99,2598.45 ms
99,2636.999999999999 ms
99,2645.499999999999 ms
99,2651.55 ms
99,2674.3 ms
99,2676.2 ms
99,2677.0 ms
99,2683.75 ms
99,2691.25 ms
99,2698.7 ms
99,2717.05 ms
99,2741.1499999999996 ms
99,2750.5999999999995 ms
99,2758.0499999999993 ms
99,2769.749999999999 ms
99,2773.499999999999 ms
99,2785.7999999999993 ms
99,2824.449999999999 ms
99,2840.7999999999993 ms
99,2855.5499999999993 ms
99,2870.7999999999993 ms
99,2908.8999999999996 ms
99,2914.199999999999 ms
99,2920.0499999999993 ms
99,2961.999999999999 ms
99,2967.8999999999987 ms
99,2969.3999999999987 ms
99,2986.5999999999995 ms
99,2989.499999999999 ms
99,2996.5499999999993 ms
99,3002.949999999999 ms
99,3007.0499999999993 ms
99,3011.999999999999 ms
99,3023.6499999999987 ms
99,3041.5999999999995 ms
99,3045.6499999999987 ms
99,3047.45 ms
99,3056.5999999999995 ms
99,3086.8999999999996 ms
99,3103.5499999999993 ms
99,3105.8999999999996 ms
99,3110.0499999999993 ms
99,3113.1499999999996 ms
99,3113.6499999999996 ms
99,3113.8499999999995 ms
99,3114.0499999999993 ms
99,3152.0999999999995 ms
99,3155.749999999999 ms
99,3161.45 ms
99,3182.0999999999995 ms
99,3184.3999999999996 ms
99,3203.0 ms
99,3247.6499999999996 ms
99,3290.6499999999996 ms
99,3291.2 ms
99,3292.6499999999996 ms
99,3296.0999999999995 ms
99,3299.0499999999993 ms
99,3360.3499999999995 ms
99,3370.249999999999 ms
99,3383.749999999999 ms
99,3387.8 ms
99,3397.1499999999996 ms
99,3406.2999999999993 ms
99,3406.6499999999996 ms
99,3412.0 ms
99,3420.5999999999995 ms
99,3431.8499999999995 ms
99,3460.249999999999 ms
99,3461.3999999999996 ms
99,3512.0999999999995 ms
99,3527.5999999999995 ms
99,3538.8999999999996 ms
99,3539.25 ms
99,3541.8999999999996 ms
99,3542.75 ms
99,3552.949999999999 ms
99,3570.7999999999993 ms
99,3577.3499999999995 ms
99,3592.499999999999 ms
99,3608.1499999999996 ms
99,3619.5999999999995 ms
99,3638.0999999999995 ms
99,3652.5499999999993 ms
99,3657.5499999999993 ms
99,3678.699999999999 ms
99,3687.5999999999995 ms
99,3703.1499999999996 ms
99,3715.3499999999995 ms
99,3719.7999999999993 ms
99,3724.6499999999996 ms
99,3729.999999999999 ms
99,3737.3499999999995 ms
99,3740.6499999999987 ms
99,3762.95 ms
99,3771.95 ms
99,3795.999999999999 ms
99,3801.499999999999 ms
99,3816.8999999999996 ms
99,3825.45 ms
99,3842.1499999999996 ms
99,3850.8999999999996 ms
99,3852.5499999999993 ms
99,3857.45 ms
99,3858.75 ms
99,3886.3500000000004 ms
99,3903.45 ms
99,3907.8 ms
99,3912.3499999999995 ms
99,3915.7 ms
99,3917.3999999999996 ms
99,3920.95 ms
99,3921.2 ms
99,3924.05 ms
99,3928.3499999999995 ms
99,3935.1500000000005 ms
99,3938.75 ms
99,3959.55 ms
99,3964.05 ms
99,3972.7 ms
99,3989.1000000000004 ms
99,3989.6000000000004 ms
100,6.45 ms
100,14.0 ms
100,17.9 ms
100,37.3 ms
100,41.849999999999994 ms
100,58.599999999999994 ms
100,64.14999999999999 ms
100,79.74999999999999 ms
100,87.2 ms
100,87.8 ms
100,101.55 ms
100,106.34999999999998 ms
100,109.85000000000001 ms
100,112.2 ms
100,114.44999999999997 ms
100,120.64999999999999 ms
100,171.60000000000002 ms
100,178.10000000000002 ms
100,185.04999999999995 ms
100,199.75 ms
100,216.5 ms
100,237.75 ms
100,252.69999999999993 ms
100,252.89999999999998 ms
100,259.7499999999999 ms
100,264.15 ms
100,277.94999999999993 ms
100,289.15 ms
100,299.65 ms
100,303.3499999999999 ms
100,315.44999999999993 ms
100,318.0999999999999 ms
100,320.79999999999995 ms
100,323.8499999999999 ms
100,331.5999999999999 ms
100,340.94999999999993 ms
100,370.65 ms
100,384.5999999999999 ms
100,386.04999999999995 ms
100,394.9999999999999 ms
100,401.39999999999986 ms
100,402.0999999999999 ms
100,410.39999999999986 ms
100,433.29999999999984 ms
100,446.0999999999998 ms
100,447.04999999999984 ms
100,450.3499999999998 ms
100,451.9999999999999 ms
100,459.9499999999998 ms
100,465.9999999999998 ms
100,469.14999999999986 ms
100,489.14999999999986 ms
100,502.9999999999998 ms
100,518.7499999999998 ms
100,543.3499999999997 ms
100,548.8 ms
100,552.55 ms
100,559.5999999999997 ms
100,580.9999999999998 ms
100,606.1999999999998 ms
100,627.5499999999997 ms
100,640.8999999999999 ms
100,647.3499999999999 ms
100,685.9499999999998 ms
100,687.55 ms
100,697.7 ms
100,707.2 ms
100,709.3 ms
100,711.55 ms
100,713.2 ms
100,728.1499999999999 ms
100,729.95 ms
100,736.3499999999999 ms
100,748.9499999999998 ms
100,782.3499999999999 ms
100,783.4499999999998 ms
100,784.3 ms
100,784.3999999999999 ms
100,795.1000000000001 ms
100,828.45 ms
100,833.25 ms
100,840.25 ms
100,856.3499999999999 ms
100,898.3499999999999 ms
100,898.45 ms
100,899.55 ms
100,901.1000000000001 ms
100,928.1000000000001 ms
100,948.2 ms
100,970.2 ms
100,999.75 ms
100,1024.65 ms
100,1030.75 ms
100,1055.1999999999998 ms
100,1093.3500000000004 ms
100,1150.0500000000002 ms
100,1151.3500000000004 ms
100,1200.4 ms
100,1209.85 ms
100,1236.9 ms
100,1245.25 ms
100,1245.8000000000002 ms
100,1259.6999999999998 ms
100,1262.9 ms
100,1279.9500000000003 ms
100,1286.85 ms
100,1293.8000000000002 ms
100,1305.5 ms
100,1338.7000000000003 ms
100,1347.7000000000003 ms
100,1361.9 ms
100,1367.8000000000006 ms
100,1409.8500000000004 ms
100,1412.9000000000005 ms
100,1415.8000000000002 ms
100,1435.1000000000004 ms
100,1448.4500000000003 ms
100,1472.65 ms
100,1473.0500000000006 ms
100,1473.7500000000005 ms
100,1475.5500000000006 ms
100,1478.9500000000003 ms
100,1483.7000000000003 ms
100,1520.2500000000005 ms
100,1542.1000000000004 ms
100,1552.9500000000003 ms
100,1572.5000000000005 ms
100,1595.0500000000002 ms
100,1609.3500000000004 ms
100,1612.0 ms
100,1625.7000000000003 ms
100,1628.5500000000002 ms
100,1636.8500000000004 ms
100,1650.25 ms
100,1667.6500000000005 ms
100,1677.4000000000005 ms
100,1681.5 ms
100,1720.6000000000004 ms
100,1753.0500000000002 ms
100,1758.15 ms
100,1761.15 ms
100,1770.5 ms
100,1785.1999999999998 ms
100,1788.0500000000002 ms
100,1792.1 ms
100,1798.5499999999997 ms
100,1805.65 ms
100,1816.65 ms
100,1816.9999999999995 ms
100,1826.85 ms
100,1847.1499999999996 ms
100,1850.8499999999995 ms
100,1868.6999999999998 ms
100,1877.4499999999998 ms
100,1882.0499999999993 ms
100,1884.5999999999995 ms
100,1902.3999999999996 ms
100,1903.9499999999994 ms
100,1905.0499999999993 ms
100,1909.5499999999993 ms
100,1911.3999999999992 ms
100,1915.6999999999994 ms
100,1916.0499999999988 ms
100,1918.9499999999994 ms
100,1943.9499999999994 ms
100,1946.9499999999994 ms
100,1968.1999999999994 ms
100,1970.2999999999988 ms
100,1970.4499999999994 ms
100,1986.849999999999 ms
100,2000.6999999999994 ms
100,2003.7999999999988 ms
100,2007.599999999999 ms
100,2067.449999999999 ms
100,2075.8999999999987 ms
100,2081.249999999999 ms
100,2095.8499999999985 ms
100,2099.949999999999 ms
100,2101.0499999999984 ms
100,2102.249999999998 ms
100,2102.749999999998 ms
100,2127.649999999998 ms
100,2130.0499999999984 ms
100,2158.0499999999984 ms
100,2166.8499999999985 ms
100,2171.699999999999 ms
100,2177.149999999998 ms
100,2196.249999999998 ms
100,2202.2999999999984 ms
100,2211.749999999998 ms
100,2225.199999999998 ms
100,2250.899999999998 ms
100,2271.0999999999976 ms
100,2279.399999999998 ms
100,2304.8499999999976 ms
100,2310.699999999998 ms
100,2315.649999999997 ms
100,2324.9999999999973 ms
100,2341.2999999999975 ms
100,2354.0499999999975 ms
100,2400.399999999998 ms
100,2406.0499999999975 ms
100,2417.149999999998 ms
100,2443.899999999998 ms
100,2452.0499999999975 ms
100,2458.949999999997 ms
100,2489.3499999999976 ms
100,2506.649999999998 ms
100,2515.7999999999975 ms
100,2531.649999999998 ms
100,2552.8499999999976 ms
100,2553.3499999999976 ms
100,2553.649999999998 ms
100,2561.499999999998 ms
100,2562.749999999998 ms
100,2570.8499999999976 ms
100,2573.899999999998 ms
100,2587.2999999999975 ms
100,2587.449999999998 ms
100,2593.5499999999984 ms
100,2595.5999999999976 ms
100,2601.449999999998 ms
100,2607.5999999999976 ms
100,2623.8499999999976 ms
100,2638.8499999999976 ms
100,2660.7999999999984 ms
100,2663.0499999999984 ms
100,2667.399999999998 ms
100,2678.149999999998 ms
100,2679.999999999998 ms
100,2680.899999999998 ms
100,2687.7999999999975 ms
100,2702.3499999999985 ms
100,2709.699999999998 ms
100,2720.0499999999984 ms
100,2720.5999999999976 ms
100,2720.8499999999976 ms
100,2726.2999999999984 ms
100,2730.699999999998 ms
100,2731.149999999998 ms
100,2756.399999999998 ms
100,2760.949999999998 ms
100,2764.5999999999976 ms
100,2764.999999999998 ms
100,2781.199999999998 ms
100,2789.0999999999976 ms
100,2790.699999999998 ms
100,2803.2999999999984 ms
100,2818.5999999999976 ms
100,2823.6499999999987 ms
100,2844.0999999999976 ms
100,2854.999999999998 ms
100,2855.149999999998 ms
100,2857.3499999999985 ms
100,2879.0499999999975 ms
100,2880.149999999998 ms
100,2901.699999999998 ms
100,2956.3499999999976 ms
100,2978.5499999999984 ms
100,2999.4999999999973 ms
100,3011.2499999999973 ms
100,3018.9999999999973 ms
100,3019.4999999999973 ms
100,3026.7499999999973 ms
100,3030.9999999999973 ms
100,3040.7499999999973 ms
100,3053.0999999999976 ms
100,3064.0499999999975 ms
100,3082.649999999998 ms
100,3095.949999999997 ms
100,3096.199999999997 ms
100,3101.5499999999975 ms
100,3118.8499999999976 ms
100,3119.5499999999975 ms
100,3120.0499999999975 ms
100,3121.7999999999975 ms
100,3125.699999999997 ms
100,3132.0999999999976 ms
100,3141.0499999999975 ms
100,3181.5999999999976 ms
100,3182.3499999999976 ms
100,3194.3499999999976 ms
100,3211.149999999998 ms
100,3218.399999999998 ms
100,3243.249999999998 ms
100,3255.699999999997 ms
100,3287.0499999999975 ms
100,3303.949999999997 ms
100,3305.3499999999976 ms
100,3356.7499999999973 ms
100,3386.149999999998 ms
100,3388.699999999998 ms
100,3403.5999999999976 ms
100,3407.5499999999984 ms
100,3412.2499999999973 ms
100,3439.149999999998 ms
100,3439.499999999998 ms
100,3441.8499999999976 ms
100,3464.2999999999975 ms
100,3474.5499999999975 ms
100,3486.649999999998 ms
100,3488.399999999998 ms
100,3496.2999999999975 ms
100,3509.5499999999975 ms
100,3519.2999999999975 ms
100,3520.5999999999976 ms
100,3528.2499999999973 ms
100,3555.449999999998 ms
100,3563.0999999999976 ms
100,3570.5999999999976 ms
100,3620.3499999999976 ms
100,3629.699999999998 ms
100,3633.3499999999976 ms
100,3636.149999999998 ms
100,3668.949999999998 ms
100,3674.0999999999976 ms
100,3677.7999999999984 ms
100,3690.0499999999984 ms
100,3690.5999999999976 ms
100,3699.699999999998 ms
100,3707.449999999998 ms
100,3720.649999999998 ms
100,3726.899999999998 ms
100,3733.699999999998 ms
100,3744.999999999998 ms
100,3763.7999999999984 ms
100,3767.0999999999985 ms
100,3801.3999999999987 ms
100,3804.499999999999 ms
100,3808.199999999998 ms
100,3840.5999999999985 ms
100,3849.449999999999 ms
100,3878.149999999998 ms
100,3908.449999999999 ms
100,3939.449999999999 ms
100,3972.7999999999984 ms
100,3975.0499999999984 ms
100,3981.3999999999987 ms
100,3982.949999999998 ms
100,3991.3999999999987 ms
101,1.0 ms
101,3.3000000000000007 ms
101,10.75 ms
101,17.6 ms
101,26.4 ms
101,30.450000000000003 ms
101,44.85000000000001 ms
101,74.75 ms
101,98.35 ms
101,107.75 ms
101,136.05 ms
101,143.55 ms
101,163.10000000000002 ms
101,187.35000000000002 ms
101,191.25 ms
101,216.85000000000002 ms
101,235.05 ms
101,238.05 ms
101,244.95 ms
101,246.25000000000006 ms
101,247.85000000000002 ms
101,254.35000000000002 ms
101,266.0 ms
101,283.15 ms
101,295.0 ms
101,312.4 ms
101,320.5 ms
101,339.6 ms
101,352.30000000000007 ms
101,353.5 ms
101,367.5 ms
101,369.0 ms
101,391.29999999999995 ms
101,400.0 ms
101,408.25 ms
101,408.6 ms
101,412.05000000000007 ms
101,437.65 ms
101,444.45000000000005 ms
101,458.95000000000005 ms
101,474.45000000000005 ms
101,523.9000000000001 ms
101,529.5 ms
101,534.4000000000001 ms
101,547.45 ms
101,555.3500000000001 ms
101,570.05 ms
101,587.8500000000001 ms
101,623.45 ms
101,681.6500000000001 ms
101,703.0 ms
101,709.9500000000003 ms
101,710.3000000000002 ms
101,723.3500000000001 ms
101,728.8500000000001 ms
101,746.2500000000002 ms
101,770.45 ms
101,775.95 ms
101,798.5500000000002 ms
101,804.3000000000002 ms
101,810.1000000000001 ms
101,819.7 ms
101,873.45 ms
101,879.1000000000001 ms
101,955.45 ms
101,956.1000000000001 ms
101,1001.45 ms
101,1009.4000000000003 ms
101,1018.8000000000002 ms
101,1022.3500000000001 ms
101,1034.2500000000002 ms
101,1039.55 ms
101,1125.0000000000002 ms
101,1125.6000000000001 ms
101,1137.2500000000002 ms
101,1166.1500000000003 ms
101,1173.4000000000003 ms
101,1179.7500000000002 ms
101,1195.2500000000002 ms
101,1229.7000000000005 ms
101,1255.2500000000002 ms
101,1257.3 ms
101,1272.2 ms
101,1307.05 ms
101,1330.45 ms
101,1350.3 ms
101,1364.7 ms
101,1368.7000000000005 ms
101,1372.45 ms
101,1380.1500000000003 ms
101,1399.8500000000006 ms
101,1402.9000000000003 ms
101,1418.2 ms
101,1451.8 ms
101,1471.1499999999999 ms
101,1471.9999999999998 ms
101,1504.8999999999999 ms
101,1512.7 ms
101,1517.6500000000003 ms
101,1522.1000000000001 ms
101,1533.2500000000002 ms
101,1533.8500000000001 ms
101,1541.1499999999999 ms
101,1546.1500000000003 ms
101,1559.95 ms
101,1570.2499999999998 ms
101,1586.3499999999997 ms
101,1596.55 ms
101,1617.05 ms
101,1643.0999999999997 ms
101,1648.3500000000001 ms
101,1660.8499999999997 ms
101,1678.3999999999999 ms
101,1681.3500000000001 ms
101,1681.8499999999997 ms
101,1715.7499999999998 ms
101,1747.3499999999997 ms
101,1747.7499999999998 ms
101,1757.95 ms
101,1811.45 ms
101,1812.1500000000003 ms
101,1834.3999999999999 ms
101,1843.55 ms
101,1848.45 ms
101,1870.7000000000005 ms
101,1873.2500000000002 ms
101,1873.8500000000001 ms
101,1878.0500000000004 ms
101,1952.7500000000002 ms
101,1954.6000000000001 ms
101,1957.3999999999999 ms
101,1970.4000000000003 ms
101,1970.7500000000002 ms
101,1975.7499999999998 ms
101,2054.0 ms
101,2097.3 ms
101,2135.75 ms
101,2138.3500000000004 ms
101,2142.6000000000004 ms
101,2177.25 ms
101,2180.8 ms
101,2181.1500000000005 ms
101,2206.9000000000005 ms
101,2214.05 ms
101,2251.55 ms
101,2256.2 ms
101,2256.500000000001 ms
101,2258.8 ms
101,2264.55 ms
101,2266.8500000000013 ms
101,2284.9000000000005 ms
101,2291.9000000000005 ms
101,2294.4000000000005 ms
101,2314.6500000000005 ms
101,2315.9000000000005 ms
101,2324.2000000000016 ms
101,2330.000000000001 ms
101,2345.000000000001 ms
101,2352.550000000002 ms
101,2384.000000000001 ms
101,2390.9000000000015 ms
101,2407.6500000000015 ms
101,2418.3500000000013 ms
101,2429.6000000000013 ms
101,2453.9500000000016 ms
101,2457.1500000000005 ms
101,2463.050000000001 ms
101,2505.7000000000007 ms
101,2529.800000000001 ms
101,2537.7000000000007 ms
101,2551.6500000000015 ms
101,2608.3500000000004 ms
101,2614.9500000000007 ms
101,2629.8500000000004 ms
101,2633.8500000000004 ms
101,2646.050000000001 ms
101,2648.6000000000004 ms
101,2682.500000000001 ms
101,2687.7000000000007 ms
101,2689.4500000000007 ms
101,2709.1000000000004 ms
101,2713.300000000001 ms
101,2729.550000000001 ms
101,2758.9000000000005 ms
101,2773.3500000000004 ms
101,2782.1000000000004 ms
101,2786.6000000000004 ms
101,2811.4500000000007 ms
101,2823.3 ms
101,2826.8500000000004 ms
101,2846.8 ms
101,2853.4000000000005 ms
101,2860.75 ms
101,2862.7 ms
101,2886.05 ms
101,2895.0999999999995 ms
101,2913.4000000000005 ms
101,2953.0999999999995 ms
101,2956.7 ms
101,2966.1499999999996 ms
101,2969.3999999999996 ms
101,2974.8999999999996 ms
101,2981.0999999999995 ms
101,2985.999999999999 ms
101,2986.0999999999995 ms
101,2993.0999999999995 ms
101,3038.8499999999995 ms
101,3053.8999999999996 ms
101,3054.3999999999996 ms
101,3060.45 ms
101,3061.2 ms
101,3089.75 ms
101,3117.25 ms
101,3131.3999999999996 ms
101,3134.8999999999996 ms
101,3161.3999999999996 ms
101,3186.2000000000007 ms
101,3187.2000000000007 ms
101,3190.3500000000004 ms
101,3211.8500000000004 ms
101,3288.5 ms
101,3295.4000000000005 ms
101,3301.6000000000004 ms
101,3312.8 ms
101,3324.0 ms
101,3328.75 ms
101,3329.1499999999996 ms
101,3338.3500000000004 ms
101,3346.0 ms
101,3365.55 ms
101,3368.0 ms
101,3375.75 ms
101,3393.05 ms
101,3399.55 ms
101,3408.8500000000004 ms
101,3439.3 ms
101,3439.95 ms
101,3448.45 ms
101,3459.1000000000004 ms
101,3473.4000000000005 ms
101,3492.000000000001 ms
101,3494.6000000000004 ms
101,3511.05 ms
101,3538.1000000000004 ms
101,3556.4000000000005 ms
101,3571.55 ms
101,3575.9000000000005 ms
101,3608.2000000000007 ms
101,3613.3500000000004 ms
101,3617.3500000000004 ms
101,3625.250000000001 ms
101,3657.9500000000007 ms
101,3671.8500000000004 ms
101,3710.250000000001 ms
101,3740.2000000000007 ms
101,3743.6500000000005 ms
101,3787.3500000000004 ms
101,3813.8500000000004 ms
101,3823.75 ms
101,3829.2000000000007 ms
101,3841.0 ms
101,3844.0 ms
101,3853.9000000000005 ms
101,3865.3500000000004 ms
101,3866.4000000000005 ms
101,3878.3 ms
101,3884.05 ms
101,3900.7000000000007 ms
101,3942.7000000000007 ms
101,3955.550000000001 ms
101,3960.800000000001 ms
102,13.850000000000001 ms
102,21.9 ms
102,24.000000000000007 ms
102,26.15 ms
102,30.700000000000003 ms
102,37.400000000000006 ms
102,41.55000000000001 ms
102,51.95 ms
102,62.8 ms
102,108.75000000000001 ms
102,128.05 ms
102,164.40000000000003 ms
102,164.7 ms
102,167.7 ms
102,217.35000000000002 ms
102,219.95000000000005 ms
102,224.05 ms
102,236.40000000000003 ms
102,236.7 ms
102,259.95000000000005 ms
102,292.20000000000005 ms
102,334.25 ms
102,348.9000000000001 ms
102,350.04999999999995 ms
102,367.9000000000001 ms
102,368.9000000000001 ms
102,404.5 ms
102,412.4000000000001 ms
102,425.70000000000005 ms
102,437.6 ms
102,483.45000000000005 ms
102,494.75 ms
102,505.45000000000005 ms
102,519.4000000000001 ms
102,533.25 ms
102,534.9000000000001 ms
102,551.4000000000001 ms
102,564.5 ms
102,594.0500000000002 ms
102,596.8499999999999 ms
102,612.3499999999999 ms
102,614.0 ms
102,652.6500000000001 ms
102,678.3 ms
102,704.95 ms
102,729.2499999999998 ms
102,736.0999999999999 ms
102,753.6499999999999 ms
102,780.6999999999998 ms
102,800.2499999999998 ms
102,801.4999999999998 ms
102,807.4499999999998 ms
102,870.7499999999998 ms
102,872.0999999999997 ms
102,878.1499999999999 ms
102,888.7999999999997 ms
102,906.0499999999997 ms
102,911.8499999999997 ms
102,921.9999999999998 ms
102,922.0999999999997 ms
102,931.0999999999997 ms
102,932.7999999999997 ms
102,946.2499999999998 ms
102,975.2499999999998 ms
102,978.1999999999998 ms
102,981.5999999999999 ms
102,994.0999999999999 ms
102,1049.4999999999998 ms
102,1074.3499999999997 ms
102,1081.9499999999996 ms
102,1085.2999999999995 ms
102,1092.0499999999995 ms
102,1103.4499999999996 ms
102,1104.6499999999999 ms
102,1140.2499999999998 ms
102,1159.5999999999997 ms
102,1172.6499999999994 ms
102,1175.2499999999993 ms
102,1176.6999999999996 ms
102,1178.9999999999993 ms
102,1191.2499999999993 ms
102,1194.549999999999 ms
102,1198.2999999999995 ms
102,1236.1999999999996 ms
102,1239.9499999999991 ms
102,1245.3499999999992 ms
102,1251.9999999999993 ms
102,1272.8499999999992 ms
102,1288.3499999999997 ms
102,1295.5499999999995 ms
102,1313.0999999999992 ms
102,1363.0999999999997 ms
102,1367.0999999999992 ms
102,1367.3999999999994 ms
102,1403.0499999999995 ms
102,1411.4499999999996 ms
102,1465.2499999999993 ms
102,1468.7499999999998 ms
102,1476.1999999999996 ms
102,1499.0499999999995 ms
102,1523.7499999999998 ms
102,1549.1999999999996 ms
102,1559.9499999999996 ms
102,1567.6499999999999 ms
102,1576.9999999999998 ms
102,1588.1499999999999 ms
102,1590.3999999999994 ms
102,1591.5999999999997 ms
102,1616.1999999999996 ms
102,1639.3499999999997 ms
102,1639.8999999999994 ms
102,1642.5999999999997 ms
102,1649.8499999999997 ms
102,1665.3999999999994 ms
102,1676.4499999999996 ms
102,1679.3499999999997 ms
102,1681.4499999999996 ms
102,1688.4999999999993 ms
102,1698.8499999999992 ms
102,1709.7999999999995 ms
102,1726.8999999999994 ms
102,1739.8499999999997 ms
102,1782.5999999999992 ms
102,1801.0999999999997 ms
102,1813.0999999999992 ms
102,1813.8499999999997 ms
102,1816.3499999999992 ms
102,1829.1499999999994 ms
102,1829.6499999999994 ms
102,1841.9999999999993 ms
102,1848.3499999999992 ms
102,1859.2999999999995 ms
102,1878.5999999999992 ms
102,1890.3499999999992 ms
102,1897.0999999999992 ms
102,1918.5999999999992 ms
102,1931.7999999999995 ms
102,1937.4499999999996 ms
102,1945.9499999999991 ms
102,1974.799999999999 ms
102,1990.2499999999993 ms
102,2001.4999999999993 ms
102,2007.4499999999996 ms
102,2009.2999999999995 ms
102,2037.0999999999992 ms
102,2039.2499999999993 ms
102,2045.4499999999996 ms
102,2051.3499999999995 ms
102,2054.3499999999995 ms
102,2054.8999999999996 ms
102,2063.25 ms
102,2072.3499999999995 ms
102,2090.45 ms
102,2104.5499999999993 ms
102,2112.949999999999 ms
102,2127.8999999999996 ms
102,2176.3499999999985 ms
102,2219.0499999999993 ms
102,2240.749999999998 ms
102,2241.949999999999 ms
102,2245.899999999998 ms
102,2248.399999999998 ms
102,2257.2999999999984 ms
102,2258.1499999999987 ms
102,2269.5999999999976 ms
102,2284.1499999999987 ms
102,2292.5499999999984 ms
102,2298.0499999999984 ms
102,2313.0499999999984 ms
102,2321.5999999999985 ms
102,2322.499999999998 ms
102,2322.949999999999 ms
102,2339.2999999999984 ms
102,2352.949999999998 ms
102,2381.3999999999987 ms
102,2386.5499999999984 ms
102,2397.0499999999984 ms
102,2410.449999999998 ms
102,2454.949999999998 ms
102,2480.0499999999984 ms
102,2488.999999999998 ms
102,2495.5999999999985 ms
102,2506.749999999998 ms
102,2518.399999999998 ms
102,2519.2999999999984 ms
102,2521.499999999998 ms
102,2525.5999999999985 ms
102,2530.149999999998 ms
102,2530.499999999998 ms
102,2543.5499999999984 ms
102,2585.2999999999984 ms
102,2585.499999999998 ms
102,2587.0499999999984 ms
102,2613.199999999998 ms
102,2622.7999999999984 ms
102,2631.749999999998 ms
102,2656.5999999999985 ms
102,2658.0499999999975 ms
102,2707.199999999998 ms
102,2712.5999999999976 ms
102,2726.199999999998 ms
102,2735.7999999999984 ms
102,2748.9999999999973 ms
102,2775.649999999998 ms
102,2789.3499999999976 ms
102,2797.699999999998 ms
102,2810.7999999999975 ms
102,2824.0499999999975 ms
102,2843.2499999999973 ms
102,2849.449999999997 ms
102,2874.9999999999973 ms
102,2877.7999999999975 ms
102,2889.2499999999973 ms
102,2898.699999999997 ms
102,2900.7999999999975 ms
102,2910.949999999997 ms
102,2923.2499999999973 ms
102,2942.8499999999976 ms
102,2944.2999999999965 ms
102,2956.699999999997 ms
102,2972.399999999997 ms
102,2974.949999999997 ms
102,2977.3499999999967 ms
102,3002.0999999999967 ms
102,3022.2999999999975 ms
102,3030.2999999999975 ms
102,3035.7999999999975 ms
102,3078.5499999999975 ms
102,3080.699999999997 ms
102,3125.149999999997 ms
102,3136.399999999997 ms
102,3139.7499999999973 ms
102,3145.9999999999973 ms
102,3149.199999999996 ms
102,3154.2999999999965 ms
102,3162.9999999999964 ms
102,3173.2999999999965 ms
102,3194.7999999999965 ms
102,3196.2999999999965 ms
102,3208.649999999997 ms
102,3234.399999999997 ms
102,3234.649999999997 ms
102,3246.2499999999964 ms
102,3252.449999999996 ms
102,3261.2999999999965 ms
102,3268.2999999999965 ms
102,3282.2999999999965 ms
102,3285.949999999996 ms
102,3304.2499999999964 ms
102,3314.0499999999965 ms
102,3340.5999999999967 ms
102,3359.0999999999967 ms
102,3375.2499999999964 ms
102,3381.4999999999964 ms
102,3386.399999999997 ms
102,3391.199999999997 ms
102,3409.149999999997 ms
102,3420.4999999999973 ms
102,3420.7999999999965 ms
102,3436.2499999999973 ms
102,3455.399999999997 ms
102,3458.2999999999965 ms
102,3485.3499999999976 ms
102,3491.199999999997 ms
102,3499.3499999999967 ms
102,3503.149999999998 ms
102,3509.0499999999975 ms
102,3514.4999999999973 ms
102,3515.8499999999976 ms
102,3539.8499999999976 ms
102,3544.0999999999976 ms
102,3555.2499999999973 ms
102,3576.899999999997 ms
102,3577.3499999999976 ms
102,3583.0499999999965 ms
102,3593.899999999997 ms
102,3618.5999999999967 ms
102,3618.699999999997 ms
102,3621.649999999996 ms
102,3634.5499999999965 ms
102,3648.949999999996 ms
102,3679.0999999999967 ms
102,3689.9999999999964 ms
102,3698.9999999999964 ms
102,3701.0499999999975 ms
102,3706.7499999999964 ms
102,3719.9999999999964 ms
102,3744.3499999999967 ms
102,3765.5499999999965 ms
102,3768.399999999997 ms
102,3770.4999999999964 ms
102,3799.4999999999964 ms
102,3801.0499999999965 ms
102,3806.3499999999967 ms
102,3807.149999999997 ms
102,3808.3499999999967 ms
102,3922.2999999999965 ms
102,3924.9999999999964 ms
102,3938.899999999996 ms
102,3942.149999999996 ms
102,3971.0499999999965 ms
102,3971.7499999999964 ms
102,3974.2499999999964 ms
103,8.4 ms
103,9.15 ms
103,13.6 ms
103,14.750000000000002 ms
103,15.250000000000002 ms
103,46.0 ms
103,64.4 ms
103,74.0 ms
103,85.5 ms
103,87.75 ms
103,98.5 ms
103,98.80000000000001 ms
103,101.75 ms
103,103.25 ms
103,103.80000000000001 ms
103,106.64999999999998 ms
103,109.75 ms
103,123.6 ms
103,131.1 ms
103,152.15 ms
103,163.24999999999997 ms
103,167.19999999999996 ms
103,183.99999999999997 ms
103,205.9 ms
103,224.30000000000004 ms
103,224.79999999999998 ms
103,246.49999999999997 ms
103,248.1 ms
103,259.0 ms
103,271.70000000000005 ms
103,275.5999999999999 ms
103,304.8499999999999 ms
103,309.5 ms
103,315.69999999999993 ms
103,335.79999999999995 ms
103,336.8499999999999 ms
103,372.54999999999995 ms
103,375.25 ms
103,376.04999999999995 ms
103,391.3499999999999 ms
103,392.9 ms
103,393.79999999999995 ms
103,429.04999999999995 ms
103,440.5999999999999 ms
103,447.4 ms
103,469.0 ms
103,479.5 ms
103,496.9 ms
103,520.4 ms
103,540.0499999999998 ms
103,547.9499999999999 ms
103,555.3000000000001 ms
103,570.15 ms
103,576.6999999999999 ms
103,577.0999999999998 ms
103,582.6499999999997 ms
103,606.2499999999999 ms
103,632.0499999999998 ms
103,680.8499999999998 ms
103,695.8499999999998 ms
103,698.6499999999997 ms
103,705.7999999999996 ms
103,714.8499999999996 ms
103,758.1999999999997 ms
103,782.2499999999997 ms
103,782.7499999999997 ms
103,791.3999999999995 ms
103,800.2499999999997 ms
103,820.3999999999995 ms
103,836.4499999999995 ms
103,851.9499999999997 ms
103,858.6999999999995 ms
103,868.1499999999995 ms
103,875.8999999999997 ms
103,875.9999999999997 ms
103,893.3499999999998 ms
103,905.7999999999998 ms
103,920.1999999999997 ms
103,920.9499999999997 ms
103,922.7499999999997 ms
103,962.7999999999996 ms
103,967.3499999999996 ms
103,974.0999999999996 ms
103,1010.7999999999996 ms
103,1042.3499999999995 ms
103,1054.4499999999998 ms
103,1068.0499999999993 ms
103,1077.6999999999998 ms
103,1085.1499999999996 ms
103,1089.1999999999998 ms
103,1105.1999999999998 ms
103,1110.3999999999996 ms
103,1112.7499999999995 ms
103,1129.6999999999994 ms
103,1133.35 ms
103,1140.7999999999997 ms
103,1164.35 ms
103,1172.8999999999996 ms
103,1184.8999999999996 ms
103,1185.0999999999995 ms
103,1190.4499999999998 ms
103,1200.1499999999996 ms
103,1232.2499999999995 ms
103,1252.9499999999994 ms
103,1261.35 ms
103,1270.2499999999995 ms
103,1306.2999999999997 ms
103,1309.35 ms
103,1309.85 ms
103,1313.4999999999995 ms
103,1323.35 ms
103,1337.5499999999997 ms
103,1339.1499999999996 ms
103,1341.1499999999996 ms
103,1361.4499999999998 ms
103,1366.2999999999993 ms
103,1369.7499999999995 ms
103,1373.5999999999995 ms
103,1374.7999999999993 ms
103,1380.8499999999995 ms
103,1394.2999999999993 ms
103,1394.8999999999996 ms
103,1398.8999999999996 ms
103,1445.2999999999993 ms
103,1457.8499999999995 ms
103,1460.0499999999993 ms
103,1463.2999999999993 ms
103,1494.8999999999996 ms
103,1503.5999999999995 ms
103,1518.6499999999996 ms
103,1548.2999999999993 ms
103,1624.2999999999993 ms
103,1626.0499999999993 ms
103,1626.5999999999995 ms
103,1627.5499999999993 ms
103,1644.5999999999995 ms
103,1645.8999999999996 ms
103,1647.499999999999 ms
103,1658.4499999999994 ms
103,1690.0999999999995 ms
103,1697.6499999999996 ms
103,1714.3999999999996 ms
103,1719.8499999999995 ms
103,1719.9499999999994 ms
103,1748.9499999999994 ms
103,1752.9499999999994 ms
103,1755.0999999999995 ms
103,1774.4499999999994 ms
103,1787.2999999999993 ms
103,1787.8499999999995 ms
103,1793.249999999999 ms
103,1800.4499999999994 ms
103,1803.5499999999993 ms
103,1809.8499999999995 ms
103,1819.499999999999 ms
103,1823.7999999999993 ms
103,1830.3499999999995 ms
103,1856.0499999999993 ms
103,1867.5999999999995 ms
103,1872.5499999999993 ms
103,1892.2999999999993 ms
103,1896.999999999999 ms
103,1910.999999999999 ms
103,1942.4499999999994 ms
103,1946.2999999999993 ms
103,1947.8499999999995 ms
103,1959.3999999999992 ms
103,1984.099999999999 ms
103,1996.9999999999995 ms
103,1998.599999999999 ms
103,2023.0499999999993 ms
103,2037.749999999999 ms
103,2040.499999999999 ms
103,2041.1999999999994 ms
103,2061.2499999999995 ms
103,2069.7499999999995 ms
103,2093.7499999999995 ms
103,2106.9499999999994 ms
103,2124.899999999999 ms
103,2146.9999999999986 ms
103,2151.6999999999985 ms
103,2158.1999999999994 ms
103,2158.599999999999 ms
103,2165.7499999999995 ms
103,2171.2999999999997 ms
103,2172.149999999999 ms
103,2187.399999999999 ms
103,2197.7999999999997 ms
103,2208.6 ms
103,2216.9499999999994 ms
103,2231.9999999999995 ms
103,2320.65 ms
103,2324.0499999999997 ms
103,2333.35 ms
103,2336.7500000000005 ms
103,2344.4999999999995 ms
103,2368.2999999999997 ms
103,2381.5500000000006 ms
103,2392.4 ms
103,2395.7000000000003 ms
103,2418.0499999999997 ms
103,2428.85 ms
103,2443.65 ms
103,2474.7000000000003 ms
103,2490.450000000001 ms
103,2491.2000000000003 ms
103,2495.9 ms
103,2502.400000000001 ms
103,2513.9 ms
103,2582.85 ms
103,2583.2999999999997 ms
103,2584.7499999999995 ms
103,2594.7500000000005 ms
103,2595.65 ms
103,2600.9500000000003 ms
103,2602.100000000001 ms
103,2604.2000000000003 ms
103,2627.7999999999997 ms
103,2629.2000000000003 ms
103,2654.7000000000003 ms
103,2658.2999999999997 ms
103,2660.9999999999995 ms
103,2671.0499999999997 ms
103,2699.65 ms
103,2722.4 ms
103,2736.35 ms
103,2744.2500000000005 ms
103,2747.2499999999995 ms
103,2780.0000000000005 ms
103,2789.8000000000006 ms
103,2797.4500000000003 ms
103,2825.4500000000003 ms
103,2834.850000000001 ms
103,2865.0500000000006 ms
103,2898.5499999999997 ms
103,2900.4999999999995 ms
103,2909.7500000000005 ms
103,2911.3000000000006 ms
103,2919.4 ms
103,2927.15 ms
103,2928.65 ms
103,2959.8000000000006 ms
103,2976.65 ms
103,2988.5500000000006 ms
103,2995.5499999999997 ms
103,3009.4500000000003 ms
103,3011.4 ms
103,3011.7499999999995 ms
103,3013.7999999999997 ms
103,3020.9500000000003 ms
103,3023.2000000000003 ms
103,3028.850000000001 ms
103,3041.400000000001 ms
103,3042.100000000001 ms
103,3069.2000000000003 ms
103,3071.350000000001 ms
103,3080.2500000000005 ms
103,3080.85 ms
103,3104.7999999999997 ms
103,3114.9999999999995 ms
103,3118.65 ms
103,3121.6 ms
103,3134.6 ms
103,3154.5499999999997 ms
103,3158.649999999999 ms
103,3173.0499999999997 ms
103,3185.7999999999997 ms
103,3189.149999999999 ms
103,3189.2499999999995 ms
103,3219.1999999999994 ms
103,3271.149999999999 ms
103,3272.599999999999 ms
103,3278.549999999999 ms
103,3280.6999999999994 ms
103,3288.1999999999985 ms
103,3304.6999999999994 ms
103,3335.649999999999 ms
103,3344.2499999999986 ms
103,3353.4499999999985 ms
103,3354.049999999998 ms
103,3357.6999999999985 ms
103,3369.549999999998 ms
103,3386.9499999999985 ms
103,3415.099999999999 ms
103,3432.349999999998 ms
103,3442.6499999999983 ms
103,3443.299999999999 ms
103,3445.2499999999986 ms
103,3480.049999999999 ms
103,3492.049999999999 ms
103,3495.1999999999994 ms
103,3497.349999999999 ms
103,3516.9499999999985 ms
103,3517.799999999999 ms
103,3520.3999999999983 ms
103,3526.149999999999 ms
103,3528.1999999999994 ms
103,3543.299999999999 ms
103,3545.099999999999 ms
103,3566.2499999999995 ms
103,3647.1999999999994 ms
103,3681.549999999999 ms
103,3705.4499999999994 ms
103,3740.7499999999995 ms
103,3775.849999999999 ms
103,3779.899999999999 ms
103,3781.1999999999994 ms
103,3808.299999999999 ms
103,3810.9999999999986 ms
103,3813.099999999999 ms
103,3815.7499999999995 ms
103,3822.5499999999997 ms
103,3832.049999999999 ms
103,3849.5499999999997 ms
103,3850.399999999999 ms
103,3851.6999999999994 ms
103,3859.399999999999 ms
103,3868.9999999999986 ms
103,3871.9499999999985 ms
103,3881.6999999999994 ms
103,3893.049999999999 ms
103,3939.549999999999 ms
103,3956.9499999999994 ms
103,3968.799999999999 ms
103,3984.2499999999986 ms
103,3988.049999999999 ms
104,2.45 ms
104,29.750000000000004 ms
104,58.7 ms
104,133.40000000000003 ms
104,144.25 ms
104,145.7 ms
104,147.14999999999998 ms
104,156.34999999999997 ms
104,165.09999999999997 ms
104,173.04999999999995 ms
104,181.09999999999997 ms
104,189.64999999999998 ms
104,203.75 ms
104,207.94999999999993 ms
104,227.54999999999995 ms
104,247.24999999999994 ms
104,250.94999999999993 ms
104,255.5999999999999 ms
104,267.29999999999995 ms
104,272.44999999999993 ms
104,280.4999999999999 ms
104,288.4 ms
104,289.8499999999999 ms
104,289.94999999999993 ms
104,316.0999999999999 ms
104,317.39999999999986 ms
104,323.0999999999999 ms
104,327.89999999999986 ms
104,332.39999999999986 ms
104,332.64999999999986 ms
104,338.69999999999993 ms
104,347.7499999999999 ms
104,361.4 ms
104,370.54999999999984 ms
104,387.65 ms
104,426.79999999999995 ms
104,429.54999999999995 ms
104,443.04999999999995 ms
104,446.69999999999993 ms
104,483.8499999999999 ms
104,484.69999999999993 ms
104,517.05 ms
104,525.8999999999999 ms
104,527.8 ms
104,544.6499999999999 ms
104,554.75 ms
104,571.75 ms
104,581.1500000000001 ms
104,585.9000000000001 ms
104,592.75 ms
104,620.9000000000001 ms
104,624.05 ms
104,632.5999999999999 ms
104,636.55 ms
104,655.3 ms
104,671.8 ms
104,675.7 ms
104,678.3999999999999 ms
104,685.3500000000001 ms
104,706.8500000000001 ms
104,719.0 ms
104,726.1500000000001 ms
104,737.05 ms
104,738.45 ms
104,738.95 ms
104,757.5999999999999 ms
104,758.8999999999999 ms
104,768.3 ms
104,768.4999999999998 ms
104,772.95 ms
104,780.3499999999999 ms
104,785.1499999999999 ms
104,786.3499999999999 ms
104,812.8 ms
104,815.25 ms
104,848.0 ms
104,854.0 ms
104,861.7 ms
104,864.6000000000001 ms
104,899.2 ms
104,903.45 ms
104,906.05 ms
104,921.05 ms
104,922.3 ms
104,924.8500000000001 ms
104,925.2 ms
104,927.05 ms
104,956.45 ms
104,984.75 ms
104,990.1500000000001 ms
104,991.4499999999998 ms
104,992.0999999999999 ms
104,1005.4499999999998 ms
104,1031.8 ms
104,1072.7 ms
104,1083.45 ms
104,1088.3 ms
104,1092.8 ms
104,1145.3999999999999 ms
104,1145.8500000000001 ms
104,1153.3499999999997 ms
104,1164.4999999999998 ms
104,1172.3999999999999 ms
104,1184.95 ms
104,1191.2499999999998 ms
104,1210.05 ms
104,1215.3999999999999 ms
104,1221.4999999999998 ms
104,1227.7 ms
104,1245.1999999999996 ms
104,1250.9999999999998 ms
104,1263.2 ms
104,1265.2499999999998 ms
104,1281.7999999999995 ms
104,1288.1999999999996 ms
104,1293.7499999999998 ms
104,1294.7999999999995 ms
104,1296.4999999999998 ms
104,1300.6499999999999 ms
104,1303.4499999999996 ms
104,1306.7 ms
104,1322.9499999999996 ms
104,1333.2 ms
104,1337.2499999999998 ms
104,1340.3999999999999 ms
104,1342.1000000000001 ms
104,1346.05 ms
104,1351.3 ms
104,1360.8499999999997 ms
104,1413.55 ms
104,1432.2500000000002 ms
104,1436.6500000000003 ms
104,1446.45 ms
104,1446.8 ms
104,1454.7500000000002 ms
104,1464.1000000000001 ms
104,1465.05 ms
104,1475.3 ms
104,1504.1499999999999 ms
104,1507.6999999999996 ms
104,1515.7 ms
104,1533.8 ms
104,1536.9999999999998 ms
104,1549.8499999999997 ms
104,1551.0999999999997 ms
104,1556.1999999999996 ms
104,1583.3999999999999 ms
104,1596.6499999999994 ms
104,1597.2499999999993 ms
104,1609.6999999999996 ms
104,1610.6499999999999 ms
104,1620.2499999999998 ms
104,1626.7999999999995 ms
104,1664.1999999999996 ms
104,1702.8499999999997 ms
104,1703.9999999999998 ms
104,1712.2999999999995 ms
104,1733.3 ms
104,1746.3499999999997 ms
104,1777.3499999999997 ms
104,1793.05 ms
104,1793.45 ms
104,1807.05 ms
104,1808.5999999999997 ms
104,1811.2499999999998 ms
104,1846.1499999999999 ms
104,1864.2499999999998 ms
104,1879.7 ms
104,1885.9999999999998 ms
104,1886.5999999999997 ms
104,1893.6999999999996 ms
104,1894.7499999999993 ms
104,1902.8999999999994 ms
104,1910.5499999999995 ms
104,1916.3 ms
104,1936.4999999999998 ms
104,1949.6499999999999 ms
104,1986.3999999999999 ms
104,1997.6000000000001 ms
104,2026.3999999999999 ms
104,2032.7499999999998 ms
104,2034.7 ms
104,2045.6999999999996 ms
104,2058.1499999999996 ms
104,2074.1499999999996 ms
104,2078.8999999999996 ms
104,2085.95 ms
104,2104.5 ms
104,2105.3500000000004 ms
104,2124.25 ms
104,2124.6499999999996 ms
104,2125.9500000000007 ms
104,2147.3500000000004 ms
104,2149.75 ms
104,2166.9500000000007 ms
104,2180.9500000000007 ms
104,2203.8999999999996 ms
104,2205.1000000000004 ms
104,2218.3500000000004 ms
104,2218.8999999999996 ms
104,2232.4500000000007 ms
104,2243.1499999999996 ms
104,2244.3 ms
104,2263.25 ms
104,2269.3500000000004 ms
104,2288.7999999999993 ms
104,2291.5499999999993 ms
104,2317.7999999999993 ms
104,2356.6000000000004 ms
104,2357.7999999999993 ms
104,2360.6000000000004 ms
104,2369.5 ms
104,2372.6000000000004 ms
104,2375.1000000000004 ms
104,2377.8500000000004 ms
104,2393.1000000000004 ms
104,2455.75 ms
104,2462.1499999999996 ms
104,2504.7000000000007 ms
104,2526.25 ms
104,2527.2000000000007 ms
104,2529.8500000000004 ms
104,2572.55 ms
104,2581.2 ms
104,2596.6000000000004 ms
104,2607.8500000000004 ms
104,2610.1500000000005 ms
104,2626.250000000001 ms
104,2630.500000000001 ms
104,2633.3 ms
104,2639.250000000001 ms
104,2642.05 ms
104,2644.4500000000007 ms
104,2713.550000000001 ms
104,2720.300000000001 ms
104,2768.2000000000007 ms
104,2771.1500000000005 ms
104,2771.4500000000007 ms
104,2774.550000000001 ms
104,2774.9500000000007 ms
104,2777.4500000000007 ms
104,2809.800000000001 ms
104,2838.1000000000004 ms
104,2846.1000000000004 ms
104,2858.6000000000004 ms
104,2887.500000000001 ms
104,2896.3500000000013 ms
104,2907.9500000000007 ms
104,2916.300000000001 ms
104,2917.800000000001 ms
104,2924.300000000001 ms
104,2932.9000000000005 ms
104,2943.8 ms
104,2983.7000000000007 ms
104,2985.1500000000005 ms
104,3036.500000000001 ms
104,3039.500000000001 ms
104,3048.2 ms
104,3048.6000000000004 ms
104,3062.6500000000005 ms
104,3066.55 ms
104,3086.500000000001 ms
104,3096.7 ms
104,3100.05 ms
104,3114.1500000000005 ms
104,3128.4000000000005 ms
104,3152.3 ms
104,3154.2 ms
104,3161.1000000000004 ms
104,3162.25 ms
104,3165.2000000000007 ms
104,3185.25 ms
104,3220.800000000001 ms
104,3221.2000000000007 ms
104,3229.800000000001 ms
104,3239.4000000000005 ms
104,3257.05 ms
104,3261.250000000001 ms
104,3280.3 ms
104,3289.55 ms
104,3291.250000000001 ms
104,3294.2 ms
104,3300.250000000001 ms
104,3310.8500000000004 ms
104,3330.05 ms
104,3335.3 ms
104,3339.8 ms
104,3340.05 ms
104,3349.9000000000005 ms
104,3355.05 ms
104,3359.5 ms
104,3381.8999999999996 ms
104,3382.75 ms
104,3384.3500000000004 ms
104,3387.25 ms
104,3423.0 ms
104,3424.25 ms
104,3450.1000000000004 ms
104,3477.7999999999993 ms
104,3490.7 ms
104,3518.45 ms
104,3532.3 ms
104,3533.7 ms
104,3538.3 ms
104,3538.95 ms
104,3548.0 ms
104,3556.05 ms
104,3583.8500000000004 ms
104,3595.5 ms
104,3597.9500000000007 ms
104,3611.55 ms
104,3614.75 ms
104,3629.6499999999996 ms
104,3647.8500000000004 ms
104,3649.6499999999996 ms
104,3654.1499999999996 ms
104,3663.4500000000007 ms
104,3680.8999999999996 ms
104,3689.2000000000007 ms
104,3692.2000000000007 ms
104,3728.0 ms
104,3741.5 ms
104,3767.6000000000004 ms
104,3794.8500000000004 ms
104,3806.8500000000004 ms
104,3809.4000000000005 ms
104,3809.6500000000005 ms
104,3830.500000000001 ms
104,3833.05 ms
104,3835.1000000000013 ms
104,3881.8 ms
104,3892.8500000000013 ms
104,3898.3 ms
104,3901.4000000000005 ms
104,3912.6000000000004 ms
104,3940.75 ms
104,3991.8500000000004 ms
105,4.3500000000000005 ms
105,11.650000000000002 ms
105,29.500000000000004 ms
105,46.0 ms
105,73.1 ms
105,78.9 ms
105,81.65 ms
105,95.5 ms
105,99.5 ms
105,109.1 ms
105,145.5 ms
105,151.5 ms
105,155.55 ms
105,157.05 ms
105,180.45 ms
105,181.95 ms
105,184.65000000000003 ms
105,263.25 ms
105,265.1 ms
105,267.80000000000007 ms
105,289.30000000000007 ms
105,328.55000000000007 ms
105,339.15 ms
105,351.20000000000005 ms
105,378.45000000000005 ms
105,383.4000000000001 ms
105,394.45000000000005 ms
105,414.80000000000007 ms
105,449.6500000000001 ms
105,477.35000000000014 ms
105,478.20000000000005 ms
105,482.1500000000001 ms
105,496.55000000000007 ms
105,515.6500000000001 ms
105,517.1500000000001 ms
105,526.1500000000001 ms
105,540.25 ms
105,546.3000000000002 ms
105,573.45 ms
105,578.4000000000001 ms
105,603.5 ms
105,609.0 ms
105,628.5500000000002 ms
105,634.7 ms
105,637.5 ms
105,647.7 ms
105,652.55 ms
105,667.5000000000002 ms
105,671.5000000000002 ms
105,675.9000000000001 ms
105,695.8000000000002 ms
105,703.5 ms
105,745.8500000000001 ms
105,772.8000000000002 ms
105,775.0000000000002 ms
105,779.9500000000003 ms
105,783.5000000000002 ms
105,853.8500000000001 ms
105,855.9000000000003 ms
105,862.3500000000001 ms
105,877.3500000000001 ms
105,890.1000000000001 ms
105,893.9500000000003 ms
105,896.7000000000003 ms
105,927.1500000000003 ms
105,930.9500000000003 ms
105,944.5500000000002 ms
105,953.9500000000003 ms
105,960.9000000000003 ms
105,962.6500000000003 ms
105,963.6500000000003 ms
105,981.7000000000003 ms
105,989.0000000000002 ms
105,989.9000000000003 ms
105,990.0500000000002 ms
105,991.7000000000003 ms
105,997.7000000000003 ms
105,999.1500000000001 ms
105,999.7000000000003 ms
105,1026.9500000000003 ms
105,1068.0000000000005 ms
105,1096.65 ms
105,1126.2000000000003 ms
105,1131.0000000000005 ms
105,1147.4 ms
105,1149.8000000000006 ms
105,1160.4 ms
105,1188.3000000000006 ms
105,1205.5500000000006 ms
105,1225.0000000000005 ms
105,1229.9500000000003 ms
105,1237.0000000000005 ms
105,1248.3000000000006 ms
105,1260.9500000000003 ms
105,1263.3500000000008 ms
105,1271.0000000000005 ms
105,1285.1000000000008 ms
105,1285.3000000000006 ms
105,1286.4000000000005 ms
105,1288.4500000000007 ms
105,1301.0000000000005 ms
105,1321.3500000000004 ms
105,1324.8500000000004 ms
105,1343.5000000000005 ms
105,1388.6500000000005 ms
105,1401.8000000000006 ms
105,1416.0000000000005 ms
105,1429.4500000000007 ms
105,1466.6000000000008 ms
105,1466.8500000000008 ms
105,1488.150000000001 ms
105,1493.0000000000005 ms
105,1507.1000000000008 ms
105,1530.3000000000006 ms
105,1547.6500000000005 ms
105,1548.0000000000005 ms
105,1558.6000000000004 ms
105,1574.3000000000002 ms
105,1583.6000000000004 ms
105,1603.9000000000005 ms
105,1650.3000000000002 ms
105,1668.3500000000004 ms
105,1679.0500000000002 ms
105,1694.1000000000004 ms
105,1700.3500000000004 ms
105,1725.9500000000003 ms
105,1740.7500000000005 ms
105,1745.1 ms
105,1749.5000000000005 ms
105,1763.2500000000005 ms
105,1763.5000000000005 ms
105,1767.6 ms
105,1777.6 ms
105,1785.0000000000005 ms
105,1786.4 ms
105,1797.7500000000005 ms
105,1813.85 ms
105,1816.65 ms
105,1816.85 ms
105,1837.65 ms
105,1852.2000000000003 ms
105,1862.0 ms
105,1865.1999999999998 ms
105,1879.15 ms
105,1889.6 ms
105,1889.8000000000002 ms
105,1910.7000000000003 ms
105,1934.2500000000005 ms
105,1959.4 ms
105,1962.7500000000005 ms
105,1970.3000000000002 ms
105,1984.3500000000004 ms
105,1992.4 ms
105,1994.0500000000002 ms
105,2018.0500000000002 ms
105,2036.3000000000002 ms
105,2053.3500000000004 ms
105,2063.5 ms
105,2068.800000000001 ms
105,2070.8500000000004 ms
105,2086.8500000000004 ms
105,2108.500000000001 ms
105,2115.500000000001 ms
105,2126.300000000001 ms
105,2132.8500000000013 ms
105,2133.250000000001 ms
105,2136.000000000001 ms
105,2145.6500000000015 ms
105,2157.3500000000013 ms
105,2157.6000000000013 ms
105,2188.7000000000016 ms
105,2195.500000000001 ms
105,2201.050000000002 ms
105,2201.8500000000013 ms
105,2203.550000000002 ms
105,2219.8500000000013 ms
105,2239.8500000000013 ms
105,2242.2000000000016 ms
105,2261.3500000000013 ms
105,2270.9500000000016 ms
105,2272.1000000000013 ms
105,2294.8500000000013 ms
105,2311.250000000002 ms
105,2315.800000000002 ms
105,2333.300000000002 ms
105,2338.350000000002 ms
105,2354.4500000000025 ms
105,2368.750000000002 ms
105,2368.850000000002 ms
105,2369.9000000000024 ms
105,2389.7500000000027 ms
105,2404.1500000000024 ms
105,2407.7000000000025 ms
105,2410.350000000002 ms
105,2426.050000000003 ms
105,2438.850000000002 ms
105,2439.6500000000033 ms
105,2444.600000000002 ms
105,2473.9500000000025 ms
105,2482.7500000000027 ms
105,2500.100000000003 ms
105,2509.2000000000025 ms
105,2509.7500000000027 ms
105,2510.600000000003 ms
105,2542.550000000002 ms
105,2546.7000000000025 ms
105,2548.350000000002 ms
105,2570.4500000000025 ms
105,2573.5000000000027 ms
105,2576.300000000003 ms
105,2583.7500000000027 ms
105,2584.100000000003 ms
105,2602.2000000000025 ms
105,2617.7500000000027 ms
105,2624.6500000000024 ms
105,2638.350000000003 ms
105,2658.1500000000024 ms
105,2659.2000000000035 ms
105,2661.850000000003 ms
105,2664.4500000000035 ms
105,2702.800000000003 ms
105,2721.100000000003 ms
105,2725.5000000000027 ms
105,2731.850000000003 ms
105,2745.550000000003 ms
105,2772.0000000000027 ms
105,2775.100000000003 ms
105,2775.800000000002 ms
105,2782.7500000000027 ms
105,2792.9000000000024 ms
105,2800.5000000000027 ms
105,2805.300000000002 ms
105,2826.600000000003 ms
105,2840.050000000002 ms
105,2870.2500000000027 ms
105,2874.1500000000024 ms
105,2888.300000000002 ms
105,2888.6500000000024 ms
105,2894.5000000000027 ms
105,2910.550000000002 ms
105,2911.850000000003 ms
105,2945.9000000000024 ms
105,2960.6500000000024 ms
105,2965.300000000003 ms
105,2978.300000000003 ms
105,2982.300000000003 ms
105,3001.2000000000025 ms
105,3014.2000000000025 ms
105,3015.4500000000025 ms
105,3018.4000000000033 ms
105,3021.850000000002 ms
105,3024.9000000000033 ms
105,3028.4500000000025 ms
105,3029.9500000000025 ms
105,3035.600000000003 ms
105,3035.7500000000027 ms
105,3041.800000000004 ms
105,3074.850000000003 ms
105,3077.7500000000036 ms
105,3139.050000000004 ms
105,3148.050000000004 ms
105,3155.350000000004 ms
105,3168.550000000004 ms
105,3180.600000000004 ms
105,3220.600000000004 ms
105,3255.300000000004 ms
105,3338.900000000004 ms
105,3363.400000000004 ms
105,3388.5000000000036 ms
105,3393.050000000004 ms
105,3411.300000000004 ms
105,3418.150000000004 ms
105,3428.2500000000036 ms
105,3429.300000000004 ms
105,3434.350000000004 ms
105,3436.0000000000036 ms
105,3443.5500000000047 ms
105,3451.8000000000047 ms
105,3456.100000000004 ms
105,3509.8000000000047 ms
105,3516.3000000000047 ms
105,3520.900000000004 ms
105,3544.150000000004 ms
105,3544.800000000004 ms
105,3559.100000000005 ms
105,3572.650000000004 ms
105,3577.7500000000045 ms
105,3585.0500000000047 ms
105,3616.5000000000045 ms
105,3659.5500000000047 ms
105,3667.9500000000044 ms
105,3743.350000000005 ms
105,3746.4500000000053 ms
105,3746.7500000000045 ms
105,3748.3000000000056 ms
105,3795.600000000005 ms
105,3808.0500000000056 ms
105,3808.150000000005 ms
105,3809.5500000000047 ms
105,3810.150000000005 ms
105,3828.650000000005 ms
105,3835.0500000000047 ms
105,3848.900000000005 ms
105,3883.600000000005 ms
105,3896.850000000005 ms
105,3901.350000000005 ms
105,3903.4500000000053 ms
105,3910.400000000004 ms
105,3916.900000000004 ms
105,3935.5500000000047 ms
105,3936.5000000000045 ms
105,3959.2500000000045 ms
105,3962.150000000004 ms
105,3968.7500000000045 ms
105,3972.8000000000047 ms
105,3990.150000000005 ms
105,3993.2500000000045 ms
105,3999.400000000004 ms
106,14.3 ms
106,32.3 ms
106,37.099999999999994 ms
106,39.44999999999999 ms
106,50.8 ms
106,108.45 ms
106,130.95 ms
106,145.55 ms
106,150.24999999999994 ms
106,169.84999999999997 ms
106,190.49999999999994 ms
106,196.3 ms
106,203.45 ms
106,204.84999999999997 ms
106,220.84999999999997 ms
106,226.15000000000003 ms
106,228.0 ms
106,239.05 ms
106,241.05 ms
106,243.60000000000002 ms
106,250.65000000000003 ms
106,273.90000000000003 ms
106,286.34999999999997 ms
106,290.49999999999994 ms
106,304.95 ms
106,311.3 ms
106,329.95 ms
106,350.00000000000006 ms
106,362.15000000000003 ms
106,368.09999999999997 ms
106,399.90000000000003 ms
106,418.50000000000006 ms
106,429.40000000000003 ms
106,433.8 ms
106,445.99999999999994 ms
106,457.6999999999999 ms
106,474.7 ms
106,477.6499999999999 ms
106,486.24999999999994 ms
106,487.09999999999997 ms
106,488.84999999999997 ms
106,497.24999999999994 ms
106,506.3 ms
106,520.3 ms
106,533.1499999999999 ms
106,544.0 ms
106,547.8499999999999 ms
106,568.75 ms
106,573.0999999999999 ms
106,580.4000000000001 ms
106,580.6500000000001 ms
106,596.25 ms
106,600.0 ms
106,604.55 ms
106,627.95 ms
106,654.95 ms
106,679.0999999999999 ms
106,688.8999999999999 ms
106,714.3499999999999 ms
106,726.8999999999999 ms
106,764.1999999999998 ms
106,800.7499999999998 ms
106,825.5499999999997 ms
106,826.6499999999996 ms
106,827.7999999999997 ms
106,837.2499999999998 ms
106,852.7499999999998 ms
106,879.4999999999998 ms
106,881.8999999999999 ms
106,888.8499999999997 ms
106,898.6499999999999 ms
106,915.5499999999997 ms
106,919.1499999999996 ms
106,945.1999999999998 ms
106,980.0499999999997 ms
106,984.5999999999997 ms
106,1008.3999999999996 ms
106,1014.8999999999996 ms
106,1063.8499999999995 ms
106,1073.5999999999995 ms
106,1076.8999999999996 ms
106,1111.4999999999995 ms
106,1122.5999999999995 ms
106,1124.5999999999995 ms
106,1129.8999999999996 ms
106,1170.2999999999993 ms
106,1176.7499999999995 ms
106,1183.6999999999994 ms
106,1198.1499999999996 ms
106,1198.2499999999995 ms
106,1200.8499999999995 ms
106,1201.0999999999995 ms
106,1201.7499999999995 ms
106,1221.0999999999995 ms
106,1234.2499999999995 ms
106,1259.8499999999995 ms
106,1304.2499999999995 ms
106,1305.7499999999995 ms
106,1321.3499999999995 ms
106,1326.4499999999994 ms
106,1342.9499999999994 ms
106,1368.0499999999993 ms
106,1382.6499999999992 ms
106,1383.099999999999 ms
106,1407.2499999999995 ms
106,1409.0499999999993 ms
106,1419.999999999999 ms
106,1422.0499999999993 ms
106,1435.8499999999995 ms
106,1448.8999999999992 ms
106,1452.6999999999994 ms
106,1470.2999999999988 ms
106,1478.1499999999992 ms
106,1494.349999999999 ms
106,1512.449999999999 ms
106,1514.499999999999 ms
106,1518.2999999999988 ms
106,1523.949999999999 ms
106,1549.449999999999 ms
106,1559.8999999999987 ms
106,1582.599999999999 ms
106,1583.999999999999 ms
106,1587.699999999999 ms
106,1590.6499999999992 ms
106,1593.1999999999994 ms
106,1596.2999999999988 ms
106,1600.0499999999988 ms
106,1613.6999999999994 ms
106,1627.5499999999988 ms
106,1639.3999999999992 ms
106,1639.8999999999992 ms
106,1695.349999999999 ms
106,1726.449999999999 ms
106,1730.5499999999988 ms
106,1735.8999999999987 ms
106,1781.7999999999988 ms
106,1782.0499999999988 ms
106,1807.3999999999987 ms
106,1824.9999999999986 ms
106,1826.7499999999986 ms
106,1833.9999999999986 ms
106,1871.1499999999987 ms
106,1871.449999999999 ms
106,1879.0999999999985 ms
106,1880.0499999999988 ms
106,1883.2999999999988 ms
106,1908.099999999999 ms
106,1915.8999999999987 ms
106,1926.2499999999986 ms
106,1935.2499999999986 ms
106,1938.0499999999988 ms
106,1942.8999999999983 ms
106,1963.4499999999985 ms
106,1964.3499999999985 ms
106,1982.6499999999987 ms
106,1984.1499999999987 ms
106,1986.9999999999982 ms
106,2006.3999999999987 ms
106,2009.1499999999987 ms
106,2039.3999999999987 ms
106,2054.2499999999986 ms
106,2057.599999999998 ms
106,2061.599999999999 ms
106,2069.7499999999986 ms
106,2080.549999999999 ms
106,2081.099999999999 ms
106,2091.9999999999995 ms
106,2096.4499999999994 ms
106,2119.6999999999985 ms
106,2126.6499999999983 ms
106,2128.299999999999 ms
106,2133.049999999999 ms
106,2162.299999999999 ms
106,2233.599999999999 ms
106,2247.049999999999 ms
106,2263.599999999999 ms
106,2273.649999999999 ms
106,2294.399999999999 ms
106,2297.2499999999986 ms
106,2305.649999999999 ms
106,2314.649999999999 ms
106,2323.2999999999997 ms
106,2335.35 ms
106,2335.7999999999997 ms
106,2347.7499999999995 ms
106,2358.649999999999 ms
106,2370.1999999999994 ms
106,2379.899999999999 ms
106,2392.899999999999 ms
106,2403.599999999999 ms
106,2416.149999999999 ms
106,2419.4999999999986 ms
106,2430.599999999999 ms
106,2437.799999999999 ms
106,2458.7499999999986 ms
106,2470.099999999998 ms
106,2472.599999999999 ms
106,2475.349999999998 ms
106,2493.2499999999986 ms
106,2498.1999999999985 ms
106,2523.849999999999 ms
106,2546.899999999999 ms
106,2549.4999999999986 ms
106,2560.049999999999 ms
106,2566.9999999999986 ms
106,2596.2499999999986 ms
106,2629.9999999999986 ms
106,2647.1999999999985 ms
106,2725.849999999999 ms
106,2734.9999999999986 ms
106,2750.9999999999986 ms
106,2765.849999999998 ms
106,2780.799999999998 ms
106,2800.4999999999977 ms
106,2822.1499999999983 ms
106,2826.099999999998 ms
106,2834.9999999999986 ms
106,2862.299999999999 ms
106,2869.849999999999 ms
106,2884.049999999999 ms
106,2893.549999999998 ms
106,2938.299999999999 ms
106,2960.3999999999983 ms
106,2974.799999999999 ms
106,2992.6999999999985 ms
106,2995.4999999999986 ms
106,3000.6999999999985 ms
106,3010.4999999999986 ms
106,3016.349999999998 ms
106,3070.2499999999986 ms
106,3091.2499999999986 ms
106,3096.299999999999 ms
106,3108.049999999999 ms
106,3112.549999999999 ms
106,3119.6999999999994 ms
106,3122.549999999999 ms
106,3130.1499999999983 ms
106,3131.1999999999985 ms
106,3138.9499999999994 ms
106,3157.649999999999 ms
106,3168.4499999999994 ms
106,3177.599999999999 ms
106,3220.9999999999995 ms
106,3225.4499999999994 ms
106,3228.549999999999 ms
106,3246.349999999999 ms
106,3271.799999999999 ms
106,3282.299999999999 ms
106,3301.099999999999 ms
106,3307.6999999999985 ms
106,3319.6999999999994 ms
106,3338.799999999999 ms
106,3347.849999999999 ms
106,3355.9999999999995 ms
106,3377.6999999999994 ms
106,3378.9499999999985 ms
106,3384.6999999999994 ms
106,3387.599999999999 ms
106,3388.299999999999 ms
106,3401.349999999999 ms
106,3403.1999999999985 ms
106,3407.4499999999994 ms
106,3414.399999999999 ms
106,3418.9499999999994 ms
106,3426.849999999999 ms
106,3441.049999999999 ms
106,3445.3999999999983 ms
106,3482.4499999999985 ms
106,3494.599999999999 ms
106,3517.1999999999985 ms
106,3546.1999999999994 ms
106,3548.4999999999995 ms
106,3554.2499999999986 ms
106,3554.649999999999 ms
106,3574.4999999999986 ms
106,3586.649999999999 ms
106,3588.2999999999997 ms
106,3593.6999999999994 ms
106,3594.299999999999 ms
106,3597.1999999999994 ms
106,3613.6999999999994 ms
106,3617.1 ms
106,3626.2999999999997 ms
106,3636.85 ms
106,3665.599999999999 ms
106,3679.799999999999 ms
106,3698.899999999999 ms
106,3711.599999999999 ms
106,3727.399999999999 ms
106,3732.5499999999997 ms
106,3766.4499999999994 ms
106,3769.85 ms
106,3807.0499999999997 ms
106,3815.9499999999994 ms
106,3818.649999999999 ms
106,3821.9999999999986 ms
106,3825.2499999999995 ms
106,3828.6999999999994 ms
106,3831.599999999999 ms
106,3859.7499999999995 ms
106,3873.599999999999 ms
106,3887.799999999999 ms
106,3890.099999999999 ms
106,3892.399999999999 ms
106,3902.599999999999 ms
106,3921.549999999999 ms
106,3922.3999999999983 ms
106,3926.6999999999985 ms
106,3939.9499999999994 ms
106,3941.099999999999 ms
106,3944.4999999999995 ms
106,3947.4999999999986 ms
106,3959.4999999999995 ms
106,3973.899999999999 ms
106,3977.7499999999986 ms
106,3984.299999999999 ms
106,3993.4499999999994 ms
107,22.75 ms
107,57.650000000000006 ms
107,79.85 ms
107,111.15 ms
107,136.75 ms
107,142.85000000000002 ms
107,157.79999999999995 ms
107,166.89999999999998 ms
107,187.45 ms
107,200.45 ms
107,201.64999999999998 ms
107,208.25 ms
107,218.0 ms
107,220.19999999999993 ms
107,225.39999999999998 ms
107,250.29999999999995 ms
107,251.19999999999993 ms
107,258.9 ms
107,270.75 ms
107,285.6 ms
107,288.55000000000007 ms
107,289.80000000000007 ms
107,300.55000000000007 ms
107,312.69999999999993 ms
107,316.19999999999993 ms
107,339.65 ms
107,345.19999999999993 ms
107,350.9 ms
107,365.29999999999995 ms
107,387.5999999999999 ms
107,415.0 ms
107,420.44999999999993 ms
107,437.79999999999995 ms
107,446.0 ms
107,452.39999999999986 ms
107,452.79999999999995 ms
107,458.64999999999986 ms
107,465.25 ms
107,468.39999999999986 ms
107,474.0999999999999 ms
107,476.69999999999993 ms
107,491.9 ms
107,503.04999999999984 ms
107,525.3000000000001 ms
107,541.5499999999998 ms
107,553.8000000000001 ms
107,554.0000000000001 ms
107,558.7499999999999 ms
107,623.9499999999999 ms
107,659.9999999999999 ms
107,665.65 ms
107,686.6999999999999 ms
107,687.8000000000001 ms
107,704.4 ms
107,706.9 ms
107,712.0000000000001 ms
107,739.9500000000002 ms
107,752.1999999999999 ms
107,756.3000000000001 ms
107,756.9499999999999 ms
107,772.8000000000001 ms
107,774.7500000000001 ms
107,808.7000000000002 ms
107,827.1 ms
107,866.6000000000003 ms
107,871.6500000000002 ms
107,873.15 ms
107,879.9499999999999 ms
107,880.9500000000002 ms
107,898.4499999999999 ms
107,909.6 ms
107,919.6 ms
107,928.6 ms
107,936.8000000000001 ms
107,953.9499999999999 ms
107,960.7000000000002 ms
107,970.0000000000001 ms
107,989.7000000000002 ms
107,999.6 ms
107,1002.4500000000002 ms
107,1013.85 ms
107,1016.15 ms
107,1026.15 ms
107,1050.4500000000003 ms
107,1052.35 ms
107,1058.2000000000003 ms
107,1072.0 ms
107,1087.1999999999998 ms
107,1088.65 ms
107,1104.85 ms
107,1160.2500000000005 ms
107,1195.9 ms
107,1214.2500000000005 ms
107,1223.4500000000003 ms
107,1261.0000000000005 ms
107,1271.5000000000005 ms
107,1285.1 ms
107,1290.9500000000003 ms
107,1323.15 ms
107,1325.65 ms
107,1350.9500000000003 ms
107,1358.7000000000003 ms
107,1379.0 ms
107,1407.1999999999998 ms
107,1412.5500000000002 ms
107,1413.5500000000002 ms
107,1416.8000000000002 ms
107,1439.25 ms
107,1455.4 ms
107,1457.25 ms
107,1469.9 ms
107,1487.4500000000003 ms
107,1494.85 ms
107,1506.2500000000005 ms
107,1515.65 ms
107,1584.7500000000005 ms
107,1596.4 ms
107,1601.7000000000003 ms
107,1608.3000000000002 ms
107,1646.25 ms
107,1663.6500000000005 ms
107,1677.1500000000005 ms
107,1684.0500000000002 ms
107,1705.5000000000005 ms
107,1729.0000000000005 ms
107,1747.7000000000003 ms
107,1763.4500000000003 ms
107,1805.2000000000003 ms
107,1819.5500000000006 ms
107,1822.6000000000004 ms
107,1839.8000000000002 ms
107,1846.1000000000004 ms
107,1863.5500000000002 ms
107,1879.2500000000005 ms
107,1899.9000000000005 ms
107,1927.8500000000004 ms
107,1964.500000000001 ms
107,1969.9000000000005 ms
107,1975.6500000000005 ms
107,1983.8500000000008 ms
107,1988.650000000001 ms
107,1993.3500000000008 ms
107,1998.150000000001 ms
107,2012.7000000000007 ms
107,2019.6500000000005 ms
107,2027.1000000000008 ms
107,2032.5500000000006 ms
107,2039.1000000000008 ms
107,2054.0500000000006 ms
107,2065.2500000000005 ms
107,2070.150000000001 ms
107,2096.7500000000005 ms
107,2104.85 ms
107,2126.9500000000003 ms
107,2140.2500000000005 ms
107,2154.85 ms
107,2168.7500000000005 ms
107,2170.150000000001 ms
107,2180.5500000000006 ms
107,2190.5000000000005 ms
107,2193.900000000001 ms
107,2245.15 ms
107,2269.150000000001 ms
107,2276.450000000001 ms
107,2279.850000000001 ms
107,2287.5500000000006 ms
107,2291.100000000001 ms
107,2301.850000000001 ms
107,2303.150000000001 ms
107,2312.900000000001 ms
107,2320.850000000001 ms
107,2322.0000000000014 ms
107,2324.0000000000005 ms
107,2330.5500000000006 ms
107,2344.150000000001 ms
107,2347.650000000001 ms
107,2348.600000000001 ms
107,2364.150000000001 ms
107,2379.2500000000005 ms
107,2409.7500000000014 ms
107,2425.0500000000015 ms
107,2442.2500000000014 ms
107,2442.600000000001 ms
107,2455.650000000001 ms
107,2457.600000000001 ms
107,2491.0000000000014 ms
107,2504.850000000001 ms
107,2510.150000000001 ms
107,2514.450000000001 ms
107,2516.650000000001 ms
107,2530.5000000000005 ms
107,2532.350000000001 ms
107,2537.900000000001 ms
107,2547.150000000001 ms
107,2555.900000000001 ms
107,2583.0500000000015 ms
107,2586.5000000000014 ms
107,2600.0000000000005 ms
107,2612.2000000000003 ms
107,2612.8000000000006 ms
107,2620.0000000000005 ms
107,2630.2000000000003 ms
107,2659.4 ms
107,2683.9500000000003 ms
107,2689.350000000001 ms
107,2693.0000000000005 ms
107,2698.2500000000005 ms
107,2723.2000000000003 ms
107,2729.9500000000003 ms
107,2742.0499999999997 ms
107,2744.35 ms
107,2746.5499999999997 ms
107,2769.65 ms
107,2796.2499999999995 ms
107,2797.2500000000005 ms
107,2801.2499999999995 ms
107,2825.6 ms
107,2827.5000000000005 ms
107,2837.9500000000003 ms
107,2843.7999999999997 ms
107,2852.899999999999 ms
107,2863.2999999999997 ms
107,2863.5499999999997 ms
107,2879.399999999999 ms
107,2894.9999999999995 ms
107,2896.9499999999994 ms
107,2908.049999999999 ms
107,2922.399999999999 ms
107,2927.1999999999994 ms
107,2927.799999999999 ms
107,2939.7999999999997 ms
107,2941.799999999999 ms
107,2949.9999999999986 ms
107,2953.9999999999995 ms
107,2971.599999999999 ms
107,2976.399999999999 ms
107,2990.5499999999997 ms
107,2997.149999999999 ms
107,3012.2999999999997 ms
107,3026.049999999999 ms
107,3029.6999999999994 ms
107,3034.649999999999 ms
107,3084.2499999999986 ms
107,3093.9999999999995 ms
107,3111.0499999999997 ms
107,3141.2499999999995 ms
107,3150.899999999999 ms
107,3163.5499999999997 ms
107,3176.049999999999 ms
107,3216.149999999999 ms
107,3217.2499999999986 ms
107,3217.799999999999 ms
107,3229.1999999999994 ms
107,3235.649999999999 ms
107,3237.9999999999986 ms
107,3238.9999999999995 ms
107,3239.9499999999994 ms
107,3245.1999999999985 ms
107,3247.3999999999983 ms
107,3252.6999999999985 ms
107,3318.9499999999994 ms
107,3320.2499999999995 ms
107,3332.1999999999994 ms
107,3354.099999999999 ms
107,3367.799999999999 ms
107,3384.1499999999983 ms
107,3395.599999999998 ms
107,3399.349999999999 ms
107,3399.7499999999986 ms
107,3416.4499999999985 ms
107,3422.799999999998 ms
107,3428.299999999999 ms
107,3451.8999999999983 ms
107,3453.6999999999985 ms
107,3470.049999999998 ms
107,3470.549999999999 ms
107,3470.9999999999986 ms
107,3481.9499999999985 ms
107,3486.799999999998 ms
107,3511.349999999998 ms
107,3539.849999999998 ms
107,3547.2499999999986 ms
107,3549.2499999999977 ms
107,3562.6999999999975 ms
107,3562.849999999998 ms
107,3570.9999999999986 ms
107,3605.4999999999977 ms
107,3619.9499999999975 ms
107,3635.2499999999977 ms
107,3646.4499999999975 ms
107,3647.3999999999974 ms
107,3659.3999999999983 ms
107,3665.1499999999974 ms
107,3678.299999999998 ms
107,3682.8999999999974 ms
107,3685.549999999998 ms
107,3686.9999999999977 ms
107,3696.3999999999983 ms
107,3698.349999999998 ms
107,3705.549999999998 ms
107,3718.6999999999975 ms
107,3727.1499999999974 ms
107,3745.799999999998 ms
107,3753.3999999999974 ms
107,3757.249999999997 ms
107,3761.8999999999974 ms
107,3765.549999999998 ms
107,3770.8999999999974 ms
107,3786.8999999999974 ms
107,3801.499999999997 ms
107,3802.1499999999974 ms
107,3823.599999999997 ms
107,3860.099999999997 ms
107,3864.4499999999966 ms
107,3868.6499999999965 ms
107,3897.499999999997 ms
107,3901.999999999997 ms
107,3924.049999999997 ms
107,3930.299999999997 ms
107,3939.4499999999975 ms
107,3939.9999999999977 ms
107,3940.299999999998 ms
107,3972.099999999998 ms
108,9.600000000000001 ms
108,37.6 ms
108,45.74999999999999 ms
108,54.65 ms
108,74.69999999999999 ms
108,78.69999999999999 ms
108,88.10000000000002 ms
108,97.10000000000002 ms
108,110.80000000000001 ms
108,115.95000000000002 ms
108,120.30000000000001 ms
108,130.45000000000002 ms
108,139.70000000000002 ms
108,144.15 ms
108,147.55000000000004 ms
108,213.95000000000002 ms
108,218.75000000000003 ms
108,235.90000000000006 ms
108,243.30000000000004 ms
108,250.00000000000003 ms
108,255.15000000000006 ms
108,256.1 ms
108,270.4 ms
108,272.85 ms
108,302.45000000000005 ms
108,307.0 ms
108,371.85000000000014 ms
108,383.20000000000005 ms
108,397.9000000000001 ms
108,406.10000000000014 ms
108,410.6500000000001 ms
108,412.95000000000005 ms
108,420.3000000000002 ms
108,424.0500000000002 ms
108,447.85000000000014 ms
108,460.20000000000016 ms
108,488.7500000000001 ms
108,519.8500000000001 ms
108,522.7500000000002 ms
108,545.9000000000001 ms
108,548.1000000000001 ms
108,556.1000000000001 ms
108,572.6500000000001 ms
108,580.1000000000001 ms
108,580.8500000000001 ms
108,583.1500000000001 ms
108,614.6000000000001 ms
108,616.0000000000002 ms
108,654.1500000000001 ms
108,676.4000000000001 ms
108,687.25 ms
108,695.6500000000001 ms
108,704.5 ms
108,712.3000000000002 ms
108,721.5999999999999 ms
108,731.8000000000002 ms
108,767.4000000000001 ms
108,770.45 ms
108,803.95 ms
108,824.8500000000001 ms
108,825.5 ms
108,830.0 ms
108,841.0999999999999 ms
108,844.95 ms
108,845.8 ms
108,853.4000000000001 ms
108,894.1000000000001 ms
108,926.8500000000001 ms
108,929.9000000000001 ms
108,942.3500000000001 ms
108,954.5000000000002 ms
108,963.1000000000001 ms
108,984.8500000000001 ms
108,990.9000000000001 ms
108,996.2 ms
108,1017.8500000000001 ms
108,1028.65 ms
108,1029.5500000000002 ms
108,1046.8500000000004 ms
108,1052.3000000000002 ms
108,1067.2000000000003 ms
108,1085.3000000000002 ms
108,1121.8500000000004 ms
108,1155.25 ms
108,1167.4500000000003 ms
108,1186.5000000000005 ms
108,1196.5500000000002 ms
108,1221.3000000000002 ms
108,1229.2000000000003 ms
108,1231.4500000000003 ms
108,1234.65 ms
108,1238.4 ms
108,1244.0500000000006 ms
108,1246.4500000000003 ms
108,1276.5000000000005 ms
108,1297.1500000000005 ms
108,1299.8500000000004 ms
108,1322.3000000000006 ms
108,1335.9000000000005 ms
108,1356.1500000000005 ms
108,1367.9000000000005 ms
108,1392.1000000000004 ms
108,1394.2000000000007 ms
108,1411.0500000000002 ms
108,1413.3500000000004 ms
108,1413.9500000000003 ms
108,1420.7000000000003 ms
108,1431.0500000000002 ms
108,1523.8500000000004 ms
108,1550.5 ms
108,1568.9500000000003 ms
108,1593.3000000000002 ms
108,1632.2000000000003 ms
108,1650.2000000000003 ms
108,1687.1000000000004 ms
108,1693.6000000000004 ms
108,1723.9500000000003 ms
108,1729.5500000000002 ms
108,1741.6000000000004 ms
108,1749.6999999999998 ms
108,1781.1000000000004 ms
108,1788.6000000000004 ms
108,1790.3000000000002 ms
108,1813.5500000000002 ms
108,1827.25 ms
108,1864.9500000000003 ms
108,1887.6000000000004 ms
108,1893.4500000000003 ms
108,1944.9500000000003 ms
108,1973.7000000000003 ms
108,2009.2000000000003 ms
108,2024.4500000000003 ms
108,2030.9500000000003 ms
108,2035.2500000000005 ms
108,2036.1 ms
108,2057.65 ms
108,2060.9999999999995 ms
108,2061.9 ms
108,2064.3000000000006 ms
108,2095.5499999999997 ms
108,2104.4500000000003 ms
108,2168.7000000000003 ms
108,2171.5000000000005 ms
108,2188.6 ms
108,2205.0499999999997 ms
108,2238.1 ms
108,2258.0000000000005 ms
108,2260.2500000000005 ms
108,2262.2500000000005 ms
108,2277.9500000000003 ms
108,2283.15 ms
108,2301.2499999999995 ms
108,2302.4 ms
108,2329.4 ms
108,2332.35 ms
108,2336.1 ms
108,2363.85 ms
108,2373.6999999999994 ms
108,2392.7999999999997 ms
108,2402.2499999999995 ms
108,2411.599999999999 ms
108,2421.2499999999995 ms
108,2435.099999999999 ms
108,2439.149999999999 ms
108,2441.4499999999994 ms
108,2456.649999999999 ms
108,2483.349999999999 ms
108,2496.299999999999 ms
108,2525.2499999999986 ms
108,2564.9999999999995 ms
108,2568.899999999999 ms
108,2571.2499999999986 ms
108,2571.899999999999 ms
108,2573.349999999999 ms
108,2574.299999999999 ms
108,2579.1499999999983 ms
108,2579.349999999998 ms
108,2590.4999999999986 ms
108,2593.399999999999 ms
108,2604.099999999999 ms
108,2622.6999999999985 ms
108,2630.1999999999985 ms
108,2642.3999999999983 ms
108,2643.8999999999983 ms
108,2661.6999999999985 ms
108,2691.9499999999985 ms
108,2694.6999999999985 ms
108,2709.1999999999985 ms
108,2709.8999999999983 ms
108,2715.1499999999983 ms
108,2723.4499999999985 ms
108,2732.6999999999985 ms
108,2737.6499999999983 ms
108,2740.799999999999 ms
108,2745.349999999999 ms
108,2750.799999999999 ms
108,2779.799999999998 ms
108,2785.4499999999985 ms
108,2796.349999999999 ms
108,2796.4999999999986 ms
108,2803.1999999999985 ms
108,2804.1499999999983 ms
108,2807.549999999999 ms
108,2807.9499999999985 ms
108,2813.549999999998 ms
108,2816.6499999999983 ms
108,2837.349999999998 ms
108,2838.6499999999983 ms
108,2843.4499999999985 ms
108,2845.4499999999985 ms
108,2848.799999999998 ms
108,2849.1499999999983 ms
108,2857.4999999999977 ms
108,2894.049999999998 ms
108,2896.4499999999985 ms
108,2897.6499999999983 ms
108,2905.4499999999985 ms
108,2917.9499999999985 ms
108,2927.6999999999985 ms
108,2959.349999999999 ms
108,2974.149999999999 ms
108,2981.8999999999983 ms
108,2991.599999999998 ms
108,2996.6499999999983 ms
108,3008.799999999999 ms
108,3021.4499999999994 ms
108,3033.049999999999 ms
108,3045.799999999999 ms
108,3055.4499999999994 ms
108,3068.799999999999 ms
108,3071.2499999999986 ms
108,3073.849999999998 ms
108,3089.349999999999 ms
108,3113.799999999999 ms
108,3120.3999999999983 ms
108,3124.4999999999977 ms
108,3125.4499999999975 ms
108,3127.7499999999977 ms
108,3146.2499999999986 ms
108,3156.1999999999985 ms
108,3163.9499999999975 ms
108,3167.8999999999974 ms
108,3183.7499999999977 ms
108,3196.299999999998 ms
108,3209.4999999999977 ms
108,3216.9499999999975 ms
108,3221.1499999999974 ms
108,3223.049999999998 ms
108,3227.6499999999974 ms
108,3234.549999999998 ms
108,3241.2499999999977 ms
108,3250.799999999998 ms
108,3252.7499999999977 ms
108,3294.349999999997 ms
108,3322.599999999997 ms
108,3357.2499999999977 ms
108,3367.849999999997 ms
108,3408.1499999999974 ms
108,3448.599999999997 ms
108,3459.1499999999974 ms
108,3462.1999999999975 ms
108,3539.6499999999974 ms
108,3581.799999999998 ms
108,3603.1999999999975 ms
108,3605.099999999998 ms
108,3610.1999999999975 ms
108,3612.599999999998 ms
108,3632.1499999999983 ms
108,3633.799999999998 ms
108,3654.849999999998 ms
108,3679.099999999998 ms
108,3686.3999999999983 ms
108,3712.299999999999 ms
108,3722.4499999999985 ms
108,3736.049999999998 ms
108,3744.7499999999977 ms
108,3788.849999999998 ms
108,3789.7499999999986 ms
108,3793.549999999999 ms
108,3818.099999999999 ms
108,3818.9499999999985 ms
108,3827.3999999999983 ms
108,3879.9999999999977 ms
108,3881.049999999998 ms
108,3898.4999999999977 ms
108,3900.4999999999986 ms
108,3921.299999999999 ms
108,3937.1999999999985 ms
108,3938.4999999999986 ms
108,3947.4999999999986 ms
108,3986.149999999999 ms
108,3991.8999999999983 ms
109,0.55 ms
109,20.8 ms
109,82.60000000000001 ms
109,87.39999999999999 ms
109,107.40000000000002 ms
109,116.60000000000001 ms
109,122.10000000000001 ms
109,149.10000000000002 ms
109,150.90000000000003 ms
109,154.20000000000005 ms
109,158.80000000000007 ms
109,161.05000000000007 ms
109,166.15000000000003 ms
109,169.05 ms
109,195.35000000000008 ms
109,204.95000000000005 ms
109,208.35000000000002 ms
109,248.60000000000002 ms
109,264.4 ms
109,265.05000000000007 ms
109,274.65 ms
109,275.35 ms
109,294.05000000000007 ms
109,331.4 ms
109,349.30000000000007 ms
109,372.80000000000007 ms
109,376.94999999999993 ms
109,388.65 ms
109,414.19999999999993 ms
109,421.44999999999993 ms
109,427.85 ms
109,429.79999999999995 ms
109,430.94999999999993 ms
109,436.9 ms
109,441.44999999999993 ms
109,442.4 ms
109,454.65 ms
109,455.8499999999999 ms
109,458.94999999999993 ms
109,470.04999999999995 ms
109,504.25 ms
109,517.9499999999999 ms
109,524.2499999999999 ms
109,538.1999999999999 ms
109,552.6999999999999 ms
109,560.15 ms
109,591.2999999999998 ms
109,609.4999999999999 ms
109,609.65 ms
109,609.9 ms
109,611.6999999999999 ms
109,614.8499999999998 ms
109,617.85 ms
109,629.0999999999998 ms
109,639.2999999999998 ms
109,641.3000000000001 ms
109,652.9499999999999 ms
109,655.7499999999999 ms
109,658.1999999999999 ms
109,667.4 ms
109,670.4 ms
109,682.1999999999999 ms
109,695.4999999999999 ms
109,700.4999999999999 ms
109,720.4499999999999 ms
109,758.8499999999998 ms
109,762.7999999999998 ms
109,777.5500000000001 ms
109,790.2999999999998 ms
109,818.3499999999998 ms
109,830.2999999999998 ms
109,831.9999999999999 ms
109,854.0000000000001 ms
109,868.5500000000001 ms
109,877.5499999999998 ms
109,891.4499999999999 ms
109,943.1999999999999 ms
109,944.9999999999999 ms
109,955.1999999999999 ms
109,976.4 ms
109,976.9 ms
109,991.4499999999999 ms
109,994.9 ms
109,1002.65 ms
109,1033.85 ms
109,1039.4 ms
109,1043.85 ms
109,1077.2999999999997 ms
109,1083.6 ms
109,1095.1999999999998 ms
109,1124.0 ms
109,1137.6999999999998 ms
109,1142.0 ms
109,1143.5499999999997 ms
109,1147.0499999999997 ms
109,1153.3999999999996 ms
109,1160.9499999999998 ms
109,1210.1499999999996 ms
109,1214.9999999999995 ms
109,1217.0999999999995 ms
109,1234.9999999999995 ms
109,1235.1499999999996 ms
109,1272.8499999999995 ms
109,1278.1499999999996 ms
109,1281.5999999999995 ms
109,1283.3499999999995 ms
109,1285.4499999999998 ms
109,1312.6999999999998 ms
109,1349.8499999999995 ms
109,1386.75 ms
109,1400.7999999999997 ms
109,1402.7999999999997 ms
109,1408.7499999999995 ms
109,1417.1999999999998 ms
109,1436.35 ms
109,1437.1 ms
109,1445.6999999999998 ms
109,1456.85 ms
109,1462.15 ms
109,1492.9499999999998 ms
109,1516.1 ms
109,1522.9499999999998 ms
109,1534.75 ms
109,1560.25 ms
109,1563.3499999999995 ms
109,1594.0 ms
109,1609.5999999999995 ms
109,1626.7999999999997 ms
109,1653.1499999999996 ms
109,1663.7999999999997 ms
109,1690.3999999999996 ms
109,1744.8999999999996 ms
109,1745.6499999999996 ms
109,1760.6499999999996 ms
109,1760.8499999999995 ms
109,1787.0499999999997 ms
109,1792.4499999999998 ms
109,1819.85 ms
109,1835.9499999999998 ms
109,1874.75 ms
109,1878.75 ms
109,1889.0999999999995 ms
109,1893.0499999999997 ms
109,1921.4499999999998 ms
109,1933.75 ms
109,1945.9499999999998 ms
109,1947.5499999999997 ms
109,1949.2999999999997 ms
109,1974.9499999999998 ms
109,1986.25 ms
109,1992.5 ms
109,1997.1999999999998 ms
109,1999.6499999999996 ms
109,2015.25 ms
109,2052.5499999999997 ms
109,2063.85 ms
109,2064.0499999999997 ms
109,2064.7999999999997 ms
109,2064.899999999999 ms
109,2118.849999999999 ms
109,2119.549999999999 ms
109,2132.349999999999 ms
109,2134.549999999999 ms
109,2164.649999999999 ms
109,2180.1999999999994 ms
109,2186.2499999999995 ms
109,2197.0499999999997 ms
109,2210.35 ms
109,2214.1999999999994 ms
109,2222.4999999999995 ms
109,2247.7500000000005 ms
109,2252.3000000000006 ms
109,2257.2000000000003 ms
109,2271.350000000001 ms
109,2273.650000000001 ms
109,2277.600000000001 ms
109,2279.7000000000003 ms
109,2283.4 ms
109,2285.9999999999995 ms
109,2292.65 ms
109,2293.1 ms
109,2298.5499999999997 ms
109,2305.6 ms
109,2319.35 ms
109,2328.15 ms
109,2332.85 ms
109,2339.9 ms
109,2348.4 ms
109,2352.35 ms
109,2355.0000000000005 ms
109,2356.4500000000003 ms
109,2358.6 ms
109,2364.9 ms
109,2371.8000000000006 ms
109,2378.2999999999997 ms
109,2381.9999999999995 ms
109,2383.4 ms
109,2412.2499999999995 ms
109,2426.2500000000005 ms
109,2427.2000000000003 ms
109,2428.5499999999997 ms
109,2441.1 ms
109,2449.7500000000005 ms
109,2464.9999999999995 ms
109,2481.7999999999997 ms
109,2484.9999999999995 ms
109,2486.2999999999997 ms
109,2493.0500000000006 ms
109,2520.2000000000003 ms
109,2521.350000000001 ms
109,2524.2000000000003 ms
109,2541.600000000001 ms
109,2571.150000000001 ms
109,2575.950000000001 ms
109,2579.350000000001 ms
109,2593.100000000001 ms
109,2602.4500000000003 ms
109,2606.65 ms
109,2609.5500000000006 ms
109,2644.200000000001 ms
109,2647.8000000000006 ms
109,2653.5500000000006 ms
109,2659.700000000001 ms
109,2662.150000000001 ms
109,2662.450000000001 ms
109,2698.5500000000006 ms
109,2701.600000000001 ms
109,2722.900000000001 ms
109,2735.200000000001 ms
109,2752.700000000001 ms
109,2757.950000000001 ms
109,2763.7500000000014 ms
109,2779.400000000002 ms
109,2787.3000000000015 ms
109,2795.1000000000017 ms
109,2823.200000000001 ms
109,2828.6000000000017 ms
109,2855.150000000002 ms
109,2858.900000000002 ms
109,2859.1000000000017 ms
109,2860.0000000000023 ms
109,2865.700000000002 ms
109,2895.6000000000017 ms
109,2919.150000000002 ms
109,2919.5000000000014 ms
109,2935.200000000001 ms
109,2956.0500000000015 ms
109,2971.700000000002 ms
109,2974.0500000000015 ms
109,2987.6000000000017 ms
109,3001.450000000001 ms
109,3012.0000000000014 ms
109,3014.200000000001 ms
109,3024.450000000002 ms
109,3043.2500000000023 ms
109,3045.650000000002 ms
109,3058.0000000000014 ms
109,3058.5500000000015 ms
109,3106.7500000000014 ms
109,3123.8500000000017 ms
109,3127.400000000002 ms
109,3172.950000000002 ms
109,3179.1000000000026 ms
109,3179.700000000002 ms
109,3187.3000000000015 ms
109,3218.650000000002 ms
109,3225.5500000000025 ms
109,3228.450000000002 ms
109,3253.1000000000026 ms
109,3253.900000000003 ms
109,3278.900000000002 ms
109,3313.0000000000023 ms
109,3323.200000000002 ms
109,3332.6000000000026 ms
109,3348.3000000000025 ms
109,3365.8000000000015 ms
109,3371.150000000002 ms
109,3374.0500000000025 ms
109,3401.8000000000015 ms
109,3411.0000000000014 ms
109,3418.1000000000017 ms
109,3428.8000000000015 ms
109,3432.2500000000014 ms
109,3470.0500000000015 ms
109,3474.2500000000014 ms
109,3481.700000000001 ms
109,3540.1000000000017 ms
109,3540.400000000002 ms
109,3564.5500000000015 ms
109,3577.150000000001 ms
109,3614.0000000000014 ms
109,3635.5500000000015 ms
109,3637.8000000000015 ms
109,3641.5000000000014 ms
109,3654.5000000000014 ms
109,3658.950000000001 ms
109,3662.900000000001 ms
109,3666.400000000001 ms
109,3699.100000000001 ms
109,3709.5500000000006 ms
109,3747.450000000001 ms
109,3755.5500000000006 ms
109,3774.2500000000005 ms
109,3804.1 ms
109,3808.100000000001 ms
109,3810.9500000000003 ms
109,3822.4 ms
109,3834.35 ms
109,3875.7999999999997 ms
109,3881.9999999999995 ms
109,3891.9 ms
109,3925.9500000000003 ms
109,3930.0499999999997 ms
109,3932.9500000000003 ms
109,3943.7999999999997 ms
109,3949.1 ms
109,3987.5499999999997 ms
109,3988.7999999999997 ms
110,13.25 ms
110,18.25 ms
110,24.049999999999997 ms
110,28.799999999999997 ms
110,35.45 ms
110,38.10000000000001 ms
110,41.7 ms
110,47.25 ms
110,65.45 ms
110,66.35000000000001 ms
110,71.14999999999999 ms
110,86.2 ms
110,88.95 ms
110,96.24999999999999 ms
110,97.50000000000001 ms
110,103.85000000000001 ms
110,105.64999999999999 ms
110,106.19999999999997 ms
110,107.89999999999999 ms
110,117.35000000000001 ms
110,120.89999999999999 ms
110,167.14999999999998 ms
110,172.29999999999995 ms
110,173.95 ms
110,198.55 ms
110,201.39999999999998 ms
110,207.09999999999997 ms
110,208.54999999999995 ms
110,228.09999999999997 ms
110,258.65 ms
110,278.25 ms
110,293.85 ms
110,308.0 ms
110,319.9 ms
110,320.29999999999995 ms
110,342.69999999999993 ms
110,347.44999999999993 ms
110,361.54999999999995 ms
110,362.54999999999995 ms
110,363.54999999999995 ms
110,378.8499999999999 ms
110,386.54999999999995 ms
110,408.5 ms
110,447.94999999999993 ms
110,449.4999999999999 ms
110,453.65 ms
110,481.5999999999999 ms
110,484.7499999999999 ms
110,492.0999999999999 ms
110,500.94999999999993 ms
110,528.9 ms
110,538.85 ms
110,550.9999999999999 ms
110,555.0000000000001 ms
110,569.4500000000002 ms
110,572.9499999999999 ms
110,583.1 ms
110,586.0500000000001 ms
110,605.6 ms
110,611.9500000000002 ms
110,620.6500000000002 ms
110,624.7500000000001 ms
110,629.4500000000002 ms
110,662.85 ms
110,680.3000000000001 ms
110,684.0500000000003 ms
110,728.9500000000002 ms
110,740.5000000000001 ms
110,747.15 ms
110,750.8000000000001 ms
110,767.9000000000002 ms
110,775.5000000000001 ms
110,779.4500000000002 ms
110,799.9000000000002 ms
110,811.3500000000003 ms
110,812.2000000000004 ms
110,817.6000000000003 ms
110,840.8000000000003 ms
110,846.2000000000002 ms
110,876.6500000000002 ms
110,899.5500000000003 ms
110,902.4500000000002 ms
110,922.0000000000001 ms
110,932.9500000000002 ms
110,939.0500000000003 ms
110,986.8500000000003 ms
110,992.7000000000004 ms
110,1010.2500000000003 ms
110,1019.7500000000001 ms
110,1024.3500000000004 ms
110,1030.0 ms
110,1058.25 ms
110,1063.4500000000003 ms
110,1067.9 ms
110,1071.3000000000006 ms
110,1103.3000000000006 ms
110,1143.4500000000003 ms
110,1143.8500000000008 ms
110,1144.2500000000005 ms
110,1169.150000000001 ms
110,1196.400000000001 ms
110,1210.5500000000006 ms
110,1216.3500000000008 ms
110,1224.650000000001 ms
110,1246.1000000000008 ms
110,1248.4500000000007 ms
110,1257.5500000000006 ms
110,1257.7500000000005 ms
110,1267.5500000000006 ms
110,1284.2000000000007 ms
110,1290.1000000000008 ms
110,1299.2000000000007 ms
110,1300.9500000000007 ms
110,1304.6500000000005 ms
110,1311.250000000001 ms
110,1329.8500000000004 ms
110,1338.1000000000004 ms
110,1339.4500000000007 ms
110,1357.6000000000004 ms
110,1364.500000000001 ms
110,1365.2000000000007 ms
110,1376.4000000000005 ms
110,1383.6500000000005 ms
110,1396.4000000000005 ms
110,1405.3500000000008 ms
110,1433.4500000000007 ms
110,1441.6500000000005 ms
110,1445.7000000000007 ms
110,1450.500000000001 ms
110,1458.9500000000007 ms
110,1464.4500000000007 ms
110,1468.1500000000005 ms
110,1479.3500000000008 ms
110,1480.150000000001 ms
110,1480.7500000000005 ms
110,1482.8500000000008 ms
110,1491.1500000000005 ms
110,1498.0500000000006 ms
110,1501.5500000000006 ms
110,1510.1500000000005 ms
110,1517.4500000000007 ms
110,1521.6500000000005 ms
110,1525.6500000000005 ms
110,1542.6500000000005 ms
110,1552.7500000000005 ms
110,1558.2500000000005 ms
110,1559.9000000000005 ms
110,1560.0500000000006 ms
110,1560.6500000000005 ms
110,1595.8500000000004 ms
110,1602.1500000000005 ms
110,1608.0000000000005 ms
110,1639.0000000000005 ms
110,1644.4500000000003 ms
110,1657.6000000000008 ms
110,1658.3000000000006 ms
110,1659.6000000000008 ms
110,1661.3000000000006 ms
110,1667.2500000000005 ms
110,1675.2500000000005 ms
110,1681.4500000000007 ms
110,1682.5500000000006 ms
110,1682.9000000000005 ms
110,1685.1000000000004 ms
110,1704.1000000000004 ms
110,1707.1500000000005 ms
110,1710.1500000000005 ms
110,1710.5500000000006 ms
110,1728.7500000000005 ms
110,1734.6000000000008 ms
110,1751.4500000000003 ms
110,1752.2000000000003 ms
110,1776.7000000000003 ms
110,1777.0000000000005 ms
110,1782.2000000000003 ms
110,1788.1500000000005 ms
110,1792.1000000000004 ms
110,1823.7000000000007 ms
110,1827.7500000000005 ms
110,1842.3500000000004 ms
110,1842.8500000000004 ms
110,1848.2500000000005 ms
110,1884.5000000000005 ms
110,1901.1000000000004 ms
110,1934.6500000000005 ms
110,1937.1500000000005 ms
110,1944.7000000000003 ms
110,1947.9500000000003 ms
110,1957.5000000000005 ms
110,1958.0000000000005 ms
110,1966.4500000000003 ms
110,2008.7500000000005 ms
110,2019.65 ms
110,2032.65 ms
110,2036.2000000000003 ms
110,2044.65 ms
110,2056.6 ms
110,2081.100000000001 ms
110,2093.7000000000003 ms
110,2097.5499999999997 ms
110,2100.15 ms
110,2109.85 ms
110,2123.35 ms
110,2126.5499999999997 ms
110,2167.0499999999997 ms
110,2180.7000000000003 ms
110,2201.2999999999997 ms
110,2214.4500000000003 ms
110,2221.85 ms
110,2235.7999999999997 ms
110,2245.85 ms
110,2276.1999999999994 ms
110,2286.899999999999 ms
110,2306.349999999999 ms
110,2307.649999999999 ms
110,2311.9499999999994 ms
110,2335.2499999999995 ms
110,2368.4 ms
110,2368.4999999999995 ms
110,2380.65 ms
110,2381.2000000000003 ms
110,2393.5499999999997 ms
110,2399.3000000000006 ms
110,2444.2000000000003 ms
110,2446.5499999999997 ms
110,2459.5500000000006 ms
110,2462.15 ms
110,2471.3000000000006 ms
110,2523.4500000000003 ms
110,2524.9500000000003 ms
110,2533.65 ms
110,2539.65 ms
110,2548.15 ms
110,2556.15 ms
110,2562.9999999999995 ms
110,2567.0000000000005 ms
110,2584.7499999999995 ms
110,2589.6999999999994 ms
110,2600.4999999999995 ms
110,2607.5000000000005 ms
110,2618.5500000000006 ms
110,2626.0499999999997 ms
110,2633.7499999999995 ms
110,2641.9499999999994 ms
110,2646.399999999999 ms
110,2655.849999999999 ms
110,2670.85 ms
110,2679.1999999999994 ms
110,2683.6999999999994 ms
110,2713.299999999999 ms
110,2720.7499999999986 ms
110,2730.4999999999995 ms
110,2736.6999999999994 ms
110,2754.349999999999 ms
110,2760.2499999999995 ms
110,2766.2499999999986 ms
110,2775.9499999999985 ms
110,2781.849999999999 ms
110,2788.599999999999 ms
110,2797.899999999999 ms
110,2801.0499999999997 ms
110,2831.299999999999 ms
110,2856.849999999999 ms
110,2857.4999999999995 ms
110,2867.15 ms
110,2890.6 ms
110,2903.5499999999997 ms
110,2915.299999999999 ms
110,2915.7499999999986 ms
110,2931.299999999999 ms
110,2954.7499999999986 ms
110,2974.549999999999 ms
110,2982.849999999999 ms
110,2995.899999999999 ms
110,2997.7999999999997 ms
110,3014.149999999999 ms
110,3035.1999999999994 ms
110,3036.899999999999 ms
110,3068.15 ms
110,3105.85 ms
110,3120.5499999999997 ms
110,3138.299999999999 ms
110,3146.4499999999994 ms
110,3161.899999999999 ms
110,3172.149999999999 ms
110,3186.4999999999986 ms
110,3193.149999999999 ms
110,3196.349999999999 ms
110,3231.299999999999 ms
110,3235.549999999999 ms
110,3237.549999999999 ms
110,3247.349999999999 ms
110,3248.799999999999 ms
110,3256.849999999999 ms
110,3260.1999999999985 ms
110,3267.299999999999 ms
110,3271.549999999999 ms
110,3272.4999999999986 ms
110,3289.549999999999 ms
110,3292.1499999999983 ms
110,3292.799999999999 ms
110,3298.9999999999986 ms
110,3330.9999999999986 ms
110,3342.9999999999986 ms
110,3349.7499999999986 ms
110,3360.349999999998 ms
110,3404.3999999999983 ms
110,3438.049999999999 ms
110,3438.3999999999983 ms
110,3439.599999999998 ms
110,3481.8999999999983 ms
110,3482.7499999999986 ms
110,3483.4999999999986 ms
110,3485.4999999999986 ms
110,3488.1999999999985 ms
110,3488.6999999999985 ms
110,3499.2499999999986 ms
110,3500.149999999999 ms
110,3514.1499999999983 ms
110,3515.899999999999 ms
110,3519.849999999999 ms
110,3526.599999999998 ms
110,3528.9499999999985 ms
110,3545.049999999998 ms
110,3549.6999999999985 ms
110,3554.599999999999 ms
110,3554.849999999998 ms
110,3557.349999999999 ms
110,3561.049999999999 ms
110,3634.2499999999986 ms
110,3640.849999999998 ms
110,3651.099999999998 ms
110,3677.8999999999983 ms
110,3691.9999999999977 ms
110,3707.099999999998 ms
110,3714.8999999999983 ms
110,3716.549999999999 ms
110,3717.099999999999 ms
110,3751.799999999999 ms
110,3757.9999999999986 ms
110,3759.799999999999 ms
110,3766.3999999999983 ms
110,3789.4999999999977 ms
110,3798.299999999998 ms
110,3804.8999999999983 ms
110,3813.6999999999985 ms
110,3841.1499999999983 ms
110,3854.299999999999 ms
110,3862.299999999998 ms
110,3876.049999999999 ms
110,3893.1999999999985 ms
110,3914.9499999999985 ms
110,3944.4999999999986 ms
110,3947.099999999998 ms
110,3965.049999999998 ms
110,3969.6999999999985 ms
110,3986.4499999999985 ms
111,24.05 ms
111,25.150000000000002 ms
111,50.55 ms
111,50.7 ms
111,52.5 ms
111,59.55 ms
111,62.64999999999999 ms
111,81.24999999999999 ms
111,89.95 ms
111,91.49999999999999 ms
111,92.95 ms
111,97.05 ms
111,103.3 ms
111,110.8 ms
111,121.25000000000001 ms
111,122.90000000000002 ms
111,139.09999999999997 ms
111,158.7 ms
111,179.59999999999997 ms
111,188.65000000000003 ms
111,203.09999999999997 ms
111,204.45 ms
111,206.5 ms
111,219.3 ms
111,235.65000000000003 ms
111,242.40000000000003 ms
111,270.75000000000006 ms
111,272.45 ms
111,276.25000000000006 ms
111,284.8500000000001 ms
111,298.8 ms
111,358.74999999999994 ms
111,377.09999999999997 ms
111,404.15000000000003 ms
111,407.84999999999997 ms
111,415.6000000000001 ms
111,420.7000000000001 ms
111,428.6000000000001 ms
111,441.65000000000003 ms
111,443.25000000000006 ms
111,449.8000000000001 ms
111,479.1000000000001 ms
111,488.8 ms
111,535.95 ms
111,573.8500000000001 ms
111,581.8999999999999 ms
111,583.55 ms
111,586.5999999999999 ms
111,591.5 ms
111,601.5499999999997 ms
111,605.3999999999999 ms
111,640.6499999999999 ms
111,648.3999999999999 ms
111,739.1999999999998 ms
111,740.8499999999999 ms
111,744.1499999999996 ms
111,745.0499999999997 ms
111,755.6999999999998 ms
111,759.9999999999995 ms
111,776.0499999999997 ms
111,776.6999999999996 ms
111,783.4999999999995 ms
111,793.2499999999995 ms
111,829.2999999999995 ms
111,831.4499999999996 ms
111,842.7999999999995 ms
111,846.9999999999995 ms
111,881.8999999999996 ms
111,897.3499999999995 ms
111,916.3999999999996 ms
111,921.0999999999995 ms
111,923.6499999999996 ms
111,946.0999999999995 ms
111,961.2999999999997 ms
111,961.6999999999996 ms
111,963.8499999999997 ms
111,973.3999999999994 ms
111,985.0499999999995 ms
111,990.7999999999995 ms
111,991.4499999999996 ms
111,999.1999999999996 ms
111,1048.1999999999994 ms
111,1052.3499999999995 ms
111,1063.9999999999995 ms
111,1075.8999999999996 ms
111,1076.1999999999998 ms
111,1093.4499999999998 ms
111,1096.0499999999993 ms
111,1131.1999999999998 ms
111,1156.4499999999998 ms
111,1188.8499999999995 ms
111,1204.25 ms
111,1217.5 ms
111,1223.3499999999995 ms
111,1239.0499999999997 ms
111,1255.9499999999998 ms
111,1270.25 ms
111,1282.2999999999997 ms
111,1306.6999999999998 ms
111,1317.35 ms
111,1343.2999999999997 ms
111,1350.0499999999997 ms
111,1352.75 ms
111,1356.6 ms
111,1361.0499999999997 ms
111,1363.85 ms
111,1385.6 ms
111,1390.1 ms
111,1391.7999999999997 ms
111,1398.0 ms
111,1399.0 ms
111,1402.3000000000002 ms
111,1410.5500000000002 ms
111,1411.85 ms
111,1426.1999999999998 ms
111,1427.2999999999997 ms
111,1446.8999999999996 ms
111,1462.1499999999996 ms
111,1487.9999999999995 ms
111,1488.7499999999995 ms
111,1495.5499999999997 ms
111,1506.0999999999995 ms
111,1515.8499999999995 ms
111,1545.8999999999996 ms
111,1566.8499999999995 ms
111,1575.6999999999994 ms
111,1587.4499999999994 ms
111,1597.2499999999995 ms
111,1608.2499999999995 ms
111,1619.9499999999994 ms
111,1634.9999999999995 ms
111,1639.2999999999993 ms
111,1656.0999999999995 ms
111,1658.5499999999993 ms
111,1673.7999999999993 ms
111,1680.8499999999995 ms
111,1691.999999999999 ms
111,1696.6499999999996 ms
111,1701.9499999999994 ms
111,1704.9999999999995 ms
111,1709.349999999999 ms
111,1737.6999999999994 ms
111,1746.0499999999988 ms
111,1751.749999999999 ms
111,1844.449999999999 ms
111,1855.2999999999993 ms
111,1859.499999999999 ms
111,1869.849999999999 ms
111,1871.999999999999 ms
111,1877.199999999999 ms
111,1884.999999999999 ms
111,1885.699999999999 ms
111,1890.249999999999 ms
111,1925.349999999999 ms
111,1929.349999999999 ms
111,1967.5499999999988 ms
111,2005.7999999999988 ms
111,2023.8999999999992 ms
111,2046.9999999999986 ms
111,2053.4499999999985 ms
111,2058.4499999999994 ms
111,2078.549999999999 ms
111,2097.599999999999 ms
111,2142.349999999999 ms
111,2160.899999999999 ms
111,2173.2499999999986 ms
111,2184.349999999999 ms
111,2188.2499999999995 ms
111,2199.599999999999 ms
111,2202.849999999999 ms
111,2219.1999999999985 ms
111,2225.8999999999983 ms
111,2228.299999999999 ms
111,2243.849999999999 ms
111,2254.899999999999 ms
111,2280.2499999999986 ms
111,2291.149999999999 ms
111,2298.4499999999994 ms
111,2312.899999999999 ms
111,2314.2499999999986 ms
111,2320.099999999999 ms
111,2339.099999999999 ms
111,2339.399999999999 ms
111,2350.7499999999986 ms
111,2384.4499999999985 ms
111,2410.1999999999994 ms
111,2431.649999999999 ms
111,2432.1499999999983 ms
111,2442.649999999999 ms
111,2457.2499999999986 ms
111,2461.4999999999986 ms
111,2470.849999999998 ms
111,2480.849999999999 ms
111,2490.1999999999985 ms
111,2490.799999999998 ms
111,2503.299999999999 ms
111,2508.2499999999986 ms
111,2517.799999999999 ms
111,2525.299999999998 ms
111,2552.7499999999977 ms
111,2560.299999999998 ms
111,2611.7499999999977 ms
111,2626.299999999998 ms
111,2627.599999999998 ms
111,2653.9999999999986 ms
111,2666.4499999999985 ms
111,2690.7499999999986 ms
111,2704.349999999998 ms
111,2706.299999999998 ms
111,2708.6999999999985 ms
111,2711.099999999999 ms
111,2713.349999999998 ms
111,2727.4999999999986 ms
111,2730.099999999998 ms
111,2775.9499999999985 ms
111,2875.849999999999 ms
111,2880.599999999998 ms
111,2891.299999999998 ms
111,2894.349999999998 ms
111,2897.6499999999983 ms
111,2903.9999999999986 ms
111,2910.899999999999 ms
111,2957.9499999999994 ms
111,2983.049999999999 ms
111,3017.6499999999983 ms
111,3018.099999999998 ms
111,3019.6999999999985 ms
111,3033.8999999999983 ms
111,3070.049999999999 ms
111,3070.349999999999 ms
111,3074.149999999999 ms
111,3083.6999999999994 ms
111,3101.4999999999995 ms
111,3112.349999999999 ms
111,3112.7499999999995 ms
111,3113.9999999999986 ms
111,3114.099999999999 ms
111,3114.299999999999 ms
111,3135.2499999999986 ms
111,3151.299999999999 ms
111,3218.3999999999983 ms
111,3221.649999999999 ms
111,3248.6999999999994 ms
111,3254.599999999999 ms
111,3263.649999999999 ms
111,3272.349999999999 ms
111,3275.149999999999 ms
111,3275.2499999999986 ms
111,3314.849999999999 ms
111,3315.4499999999985 ms
111,3330.8999999999983 ms
111,3342.9999999999986 ms
111,3352.649999999999 ms
111,3367.1499999999983 ms
111,3401.399999999999 ms
111,3430.3999999999983 ms
111,3434.799999999999 ms
111,3457.7499999999986 ms
111,3484.2499999999986 ms
111,3488.4499999999985 ms
111,3506.349999999999 ms
111,3521.6999999999985 ms
111,3548.349999999999 ms
111,3554.599999999998 ms
111,3592.9999999999986 ms
111,3618.4999999999986 ms
111,3621.899999999999 ms
111,3626.799999999999 ms
111,3636.349999999999 ms
111,3642.099999999999 ms
111,3645.9999999999995 ms
111,3652.2499999999986 ms
111,3652.899999999999 ms
111,3677.2999999999997 ms
111,3681.9999999999995 ms
111,3686.6999999999994 ms
111,3697.899999999999 ms
111,3703.7499999999986 ms
111,3732.049999999999 ms
111,3734.599999999999 ms
111,3755.799999999999 ms
111,3776.6499999999983 ms
111,3789.649999999999 ms
111,3810.4999999999986 ms
111,3828.4499999999985 ms
111,3830.799999999998 ms
111,3832.6499999999983 ms
111,3839.299999999999 ms
111,3839.9999999999986 ms
111,3847.849999999998 ms
111,3882.099999999998 ms
111,3888.099999999998 ms
111,3888.6999999999975 ms
111,3893.7499999999977 ms
111,3900.9999999999986 ms
111,3902.7499999999977 ms
111,3906.9999999999986 ms
111,3915.049999999999 ms
111,3929.9999999999986 ms
111,3931.099999999998 ms
111,3939.1499999999983 ms
111,3953.3999999999983 ms
112,2.2 ms
112,21.35 ms
112,31.25 ms
112,36.599999999999994 ms
112,65.30000000000001 ms
112,70.05000000000001 ms
112,103.25 ms
112,113.80000000000001 ms
112,115.9 ms
112,139.3 ms
112,156.15000000000003 ms
112,160.8 ms
112,164.2 ms
112,177.50000000000006 ms
112,194.90000000000003 ms
112,199.70000000000005 ms
112,219.90000000000003 ms
112,224.00000000000006 ms
112,259.1 ms
112,270.30000000000007 ms
112,280.6 ms
112,318.80000000000007 ms
112,336.25 ms
112,345.15 ms
112,348.15 ms
112,365.15 ms
112,375.6 ms
112,390.04999999999995 ms
112,416.3499999999999 ms
112,430.45000000000005 ms
112,435.95000000000005 ms
112,439.3499999999999 ms
112,446.3499999999999 ms
112,461.5999999999999 ms
112,462.70000000000005 ms
112,472.0999999999999 ms
112,474.04999999999995 ms
112,499.5 ms
112,509.79999999999995 ms
112,515.0 ms
112,533.75 ms
112,551.0999999999999 ms
112,553.6500000000001 ms
112,555.6500000000001 ms
112,563.1999999999998 ms
112,568.9499999999998 ms
112,575.8 ms
112,578.0999999999999 ms
112,590.5999999999999 ms
112,621.8499999999999 ms
112,636.9499999999998 ms
112,646.4499999999998 ms
112,649.05 ms
112,662.2 ms
112,710.3499999999999 ms
112,718.3499999999999 ms
112,746.5999999999999 ms
112,748.5 ms
112,777.0999999999999 ms
112,786.1499999999999 ms
112,822.4999999999998 ms
112,837.8999999999999 ms
112,838.4499999999998 ms
112,846.4999999999998 ms
112,850.4999999999998 ms
112,858.8499999999997 ms
112,907.9999999999998 ms
112,909.0999999999997 ms
112,909.4499999999998 ms
112,913.7999999999997 ms
112,923.8499999999999 ms
112,924.8999999999996 ms
112,925.3499999999999 ms
112,928.5999999999999 ms
112,929.0999999999999 ms
112,962.1999999999998 ms
112,968.4499999999998 ms
112,975.6999999999998 ms
112,978.2999999999997 ms
112,986.3499999999999 ms
112,995.3999999999996 ms
112,1003.8999999999996 ms
112,1015.2499999999998 ms
112,1030.2499999999998 ms
112,1034.0999999999997 ms
112,1063.4499999999996 ms
112,1083.7499999999993 ms
112,1086.5499999999995 ms
112,1112.2999999999995 ms
112,1132.8499999999992 ms
112,1137.7999999999995 ms
112,1143.8499999999992 ms
112,1144.0499999999995 ms
112,1172.8499999999992 ms
112,1186.3999999999994 ms
112,1203.6499999999994 ms
112,1205.5999999999997 ms
112,1211.1499999999994 ms
112,1218.3499999999997 ms
112,1223.9499999999996 ms
112,1231.6499999999994 ms
112,1235.8499999999997 ms
112,1260.1999999999996 ms
112,1260.4499999999991 ms
112,1276.9499999999996 ms
112,1283.2499999999993 ms
112,1305.6999999999996 ms
112,1319.5999999999997 ms
112,1324.2999999999995 ms
112,1349.9999999999998 ms
112,1352.7499999999993 ms
112,1388.9499999999996 ms
112,1391.6999999999996 ms
112,1398.9499999999996 ms
112,1414.7499999999993 ms
112,1415.8499999999992 ms
112,1422.4999999999993 ms
112,1438.6999999999996 ms
112,1473.3499999999997 ms
112,1475.6999999999996 ms
112,1485.7499999999993 ms
112,1499.0999999999992 ms
112,1505.1499999999994 ms
112,1554.7499999999993 ms
112,1577.1499999999994 ms
112,1586.8999999999994 ms
112,1597.4499999999991 ms
112,1599.299999999999 ms
112,1605.2499999999993 ms
112,1605.3499999999992 ms
112,1608.0999999999992 ms
112,1612.649999999999 ms
112,1613.299999999999 ms
112,1617.2999999999995 ms
112,1623.9999999999993 ms
112,1629.3499999999992 ms
112,1635.1999999999991 ms
112,1641.5999999999992 ms
112,1643.649999999999 ms
112,1646.799999999999 ms
112,1648.9999999999993 ms
112,1665.299999999999 ms
112,1668.649999999999 ms
112,1675.5999999999992 ms
112,1684.4999999999993 ms
112,1689.299999999999 ms
112,1701.8499999999992 ms
112,1703.2499999999993 ms
112,1708.549999999999 ms
112,1741.7499999999993 ms
112,1746.0999999999992 ms
112,1759.5499999999995 ms
112,1790.1999999999996 ms
112,1790.5499999999995 ms
112,1800.9999999999993 ms
112,1803.1999999999996 ms
112,1811.2499999999993 ms
112,1821.4999999999993 ms
112,1840.7499999999993 ms
112,1855.8499999999992 ms
112,1864.5499999999995 ms
112,1868.799999999999 ms
112,1882.3499999999992 ms
112,1886.3499999999992 ms
112,1903.0499999999995 ms
112,1940.9499999999996 ms
112,1957.0499999999995 ms
112,1971.549999999999 ms
112,1974.2999999999995 ms
112,1978.1499999999994 ms
112,1981.0999999999992 ms
112,1986.8499999999992 ms
112,2007.2999999999995 ms
112,2063.3999999999996 ms
112,2071.249999999999 ms
112,2083.5499999999993 ms
112,2086.749999999999 ms
112,2126.6499999999987 ms
112,2127.3499999999995 ms
112,2141.7999999999984 ms
112,2153.6499999999987 ms
112,2186.699999999999 ms
112,2197.6499999999987 ms
112,2213.699999999999 ms
112,2240.8999999999987 ms
112,2251.699999999999 ms
112,2268.249999999999 ms
112,2271.249999999999 ms
112,2272.499999999999 ms
112,2295.6499999999987 ms
112,2303.1499999999987 ms
112,2309.6499999999987 ms
112,2314.8499999999995 ms
112,2321.1499999999987 ms
112,2337.7999999999993 ms
112,2354.3499999999995 ms
112,2366.0999999999995 ms
112,2377.5499999999993 ms
112,2404.0499999999993 ms
112,2409.3999999999996 ms
112,2417.2999999999993 ms
112,2421.0499999999993 ms
112,2421.199999999999 ms
112,2447.6499999999996 ms
112,2453.5999999999985 ms
112,2465.499999999999 ms
112,2477.0499999999993 ms
112,2480.949999999999 ms
112,2485.3499999999995 ms
112,2511.6499999999996 ms
112,2522.7 ms
112,2545.05 ms
112,2546.249999999999 ms
112,2550.3 ms
112,2561.7 ms
112,2595.5999999999995 ms
112,2616.9000000000005 ms
112,2676.5999999999995 ms
112,2678.2 ms
112,2685.8499999999995 ms
112,2686.2 ms
112,2716.45 ms
112,2726.7 ms
112,2727.8999999999996 ms
112,2732.2 ms
112,2735.2 ms
112,2746.05 ms
112,2756.249999999999 ms
112,2777.05 ms
112,2778.3999999999996 ms
112,2780.7 ms
112,2784.8499999999995 ms
112,2796.75 ms
112,2817.75 ms
112,2820.7 ms
112,2851.1499999999996 ms
112,2857.2999999999993 ms
112,2891.0 ms
112,2910.0 ms
112,2912.5999999999995 ms
112,2919.5999999999995 ms
112,2931.249999999999 ms
112,2932.7 ms
112,2934.999999999999 ms
112,2939.7 ms
112,2946.2 ms
112,2995.8999999999987 ms
112,3016.3999999999987 ms
112,3026.8499999999995 ms
112,3042.0999999999995 ms
112,3044.1499999999987 ms
112,3065.1499999999987 ms
112,3094.0499999999993 ms
112,3102.1499999999996 ms
112,3122.199999999999 ms
112,3156.949999999999 ms
112,3170.7999999999993 ms
112,3175.2999999999993 ms
112,3176.0499999999993 ms
112,3183.6499999999996 ms
112,3189.449999999999 ms
112,3230.699999999999 ms
112,3232.1499999999996 ms
112,3243.2999999999993 ms
112,3268.7999999999993 ms
112,3281.8999999999996 ms
112,3314.449999999999 ms
112,3340.5 ms
112,3358.5499999999993 ms
112,3367.95 ms
112,3368.2 ms
112,3370.0 ms
112,3373.5 ms
112,3379.7 ms
112,3389.95 ms
112,3411.95 ms
112,3418.75 ms
112,3421.6000000000004 ms
112,3430.45 ms
112,3435.55 ms
112,3470.8 ms
112,3481.1499999999996 ms
112,3489.0 ms
112,3493.0999999999995 ms
112,3531.7 ms
112,3543.7999999999993 ms
112,3557.8999999999996 ms
112,3573.999999999999 ms
112,3586.199999999999 ms
112,3589.499999999999 ms
112,3590.8499999999995 ms
112,3596.5999999999995 ms
112,3606.8499999999995 ms
112,3618.7999999999984 ms
112,3619.1499999999987 ms
112,3629.3499999999985 ms
112,3675.3499999999985 ms
112,3698.699999999999 ms
112,3712.8499999999985 ms
112,3724.999999999998 ms
112,3735.749999999998 ms
112,3740.1499999999987 ms
112,3751.949999999999 ms
112,3759.949999999999 ms
112,3764.249999999999 ms
112,3779.749999999999 ms
112,3814.949999999999 ms
112,3849.3999999999987 ms
112,3854.8499999999985 ms
112,3866.6499999999987 ms
112,3925.749999999999 ms
112,3925.999999999999 ms
112,3928.999999999999 ms
112,3958.2999999999984 ms
112,3991.449999999999 ms
112,3999.3499999999985 ms
113,20.8 ms
113,35.3 ms
113,36.099999999999994 ms
113,40.39999999999999 ms
113,43.099999999999994 ms
113,47.05 ms
113,99.00000000000001 ms
113,110.60000000000001 ms
113,124.8 ms
113,132.64999999999998 ms
113,146.85000000000002 ms
113,172.0 ms
113,172.55 ms
113,179.55 ms
113,187.7 ms
113,203.45 ms
113,210.15000000000003 ms
113,210.25 ms
113,217.0 ms
113,248.14999999999998 ms
113,256.5 ms
113,261.65 ms
113,270.4 ms
113,272.6 ms
113,272.7499999999999 ms
113,291.4999999999999 ms
113,298.94999999999993 ms
113,302.94999999999993 ms
113,310.04999999999995 ms
113,318.5999999999999 ms
113,372.5 ms
113,381.65 ms
113,391.25 ms
113,394.35 ms
113,401.80000000000007 ms
113,417.05000000000007 ms
113,432.94999999999993 ms
113,435.4 ms
113,455.94999999999993 ms
113,460.75 ms
113,470.35 ms
113,503.70000000000005 ms
113,526.2 ms
113,535.55 ms
113,540.0000000000002 ms
113,543.9000000000001 ms
113,614.0 ms
113,630.75 ms
113,630.8500000000001 ms
113,639.3000000000002 ms
113,657.6000000000001 ms
113,658.5500000000002 ms
113,667.2500000000002 ms
113,674.1500000000003 ms
113,679.6000000000001 ms
113,684.5000000000002 ms
113,686.5000000000002 ms
113,696.0500000000002 ms
113,718.9500000000003 ms
113,739.8500000000001 ms
113,751.3500000000001 ms
113,784.95 ms
113,811.95 ms
113,826.2500000000002 ms
113,827.6500000000001 ms
113,832.9000000000001 ms
113,850.8000000000002 ms
113,854.5 ms
113,861.1000000000001 ms
113,871.2500000000002 ms
113,920.8500000000001 ms
113,930.7500000000002 ms
113,933.2500000000002 ms
113,945.4000000000001 ms
113,960.3000000000002 ms
113,967.7 ms
113,984.1000000000001 ms
113,1001.55 ms
113,1024.15 ms
113,1028.2000000000003 ms
113,1037.1 ms
113,1058.0500000000002 ms
113,1067.5500000000002 ms
113,1072.8000000000002 ms
113,1080.65 ms
113,1082.75 ms
113,1092.35 ms
113,1114.1999999999998 ms
113,1168.0 ms
113,1208.7999999999997 ms
113,1230.0499999999997 ms
113,1250.6499999999996 ms
113,1261.7999999999997 ms
113,1272.1999999999998 ms
113,1274.35 ms
113,1286.2999999999997 ms
113,1349.65 ms
113,1356.4499999999998 ms
113,1374.0499999999997 ms
113,1395.85 ms
113,1423.5499999999997 ms
113,1430.6499999999996 ms
113,1437.8999999999996 ms
113,1438.3499999999995 ms
113,1460.1499999999996 ms
113,1466.3499999999995 ms
113,1478.8999999999996 ms
113,1492.8499999999995 ms
113,1497.1999999999998 ms
113,1499.4999999999995 ms
113,1520.7999999999997 ms
113,1535.5499999999997 ms
113,1535.7499999999995 ms
113,1538.9499999999994 ms
113,1539.6999999999994 ms
113,1569.85 ms
113,1577.6 ms
113,1584.1499999999996 ms
113,1584.5999999999995 ms
113,1598.3499999999995 ms
113,1626.6999999999998 ms
113,1639.9999999999995 ms
113,1650.4499999999994 ms
113,1660.9999999999995 ms
113,1673.0999999999995 ms
113,1675.4499999999994 ms
113,1678.3999999999992 ms
113,1696.0499999999997 ms
113,1698.2999999999997 ms
113,1712.5999999999995 ms
113,1727.5999999999995 ms
113,1734.1999999999994 ms
113,1736.6999999999994 ms
113,1749.2999999999993 ms
113,1749.9499999999994 ms
113,1752.2499999999995 ms
113,1771.8999999999992 ms
113,1785.5499999999997 ms
113,1790.4499999999994 ms
113,1793.1499999999996 ms
113,1795.7499999999995 ms
113,1851.9499999999994 ms
113,1855.1499999999996 ms
113,1859.5999999999995 ms
113,1865.75 ms
113,1902.3999999999996 ms
113,1903.75 ms
113,1932.0999999999995 ms
113,1937.2999999999997 ms
113,1951.6999999999998 ms
113,1964.3999999999996 ms
113,1991.8000000000002 ms
113,2011.25 ms
113,2017.4499999999998 ms
113,2027.65 ms
113,2030.4 ms
113,2034.65 ms
113,2034.9500000000003 ms
113,2051.4 ms
113,2068.15 ms
113,2068.9500000000003 ms
113,2076.7999999999997 ms
113,2078.6 ms
113,2086.15 ms
113,2121.5000000000005 ms
113,2145.5500000000006 ms
113,2152.450000000001 ms
113,2182.850000000001 ms
113,2185.9500000000003 ms
113,2240.9 ms
113,2246.1 ms
113,2255.7000000000003 ms
113,2266.2500000000005 ms
113,2281.5000000000005 ms
113,2289.900000000001 ms
113,2324.850000000001 ms
113,2342.1 ms
113,2342.4 ms
113,2346.35 ms
113,2349.9500000000003 ms
113,2354.7000000000003 ms
113,2359.2999999999997 ms
113,2396.65 ms
113,2398.7499999999995 ms
113,2401.15 ms
113,2434.2000000000003 ms
113,2461.7000000000003 ms
113,2488.5000000000005 ms
113,2513.6 ms
113,2515.4 ms
113,2516.5000000000005 ms
113,2521.4500000000003 ms
113,2546.65 ms
113,2563.1 ms
113,2569.2500000000005 ms
113,2579.4500000000003 ms
113,2583.15 ms
113,2590.2000000000003 ms
113,2604.6 ms
113,2633.5000000000005 ms
113,2635.2000000000003 ms
113,2646.65 ms
113,2653.7000000000003 ms
113,2659.7999999999997 ms
113,2663.35 ms
113,2667.35 ms
113,2673.0499999999997 ms
113,2688.0499999999997 ms
113,2688.399999999999 ms
113,2693.2999999999997 ms
113,2719.4500000000003 ms
113,2723.15 ms
113,2732.7499999999995 ms
113,2736.4999999999995 ms
113,2737.5499999999997 ms
113,2740.2499999999995 ms
113,2753.15 ms
113,2768.1 ms
113,2777.2499999999995 ms
113,2795.1999999999994 ms
113,2820.399999999999 ms
113,2825.5499999999997 ms
113,2858.9999999999995 ms
113,2863.1999999999994 ms
113,2871.849999999999 ms
113,2874.649999999999 ms
113,2877.4499999999994 ms
113,2889.2499999999995 ms
113,2899.7999999999997 ms
113,2904.4500000000003 ms
113,2907.4 ms
113,2909.2000000000003 ms
113,2941.2999999999997 ms
113,2944.7000000000003 ms
113,2945.7999999999997 ms
113,2954.2499999999995 ms
113,2969.2499999999995 ms
113,2980.15 ms
113,2985.4999999999995 ms
113,2987.1999999999994 ms
113,2998.85 ms
113,3006.099999999999 ms
113,3024.149999999999 ms
113,3031.1999999999994 ms
113,3040.4999999999995 ms
113,3048.4 ms
113,3063.4 ms
113,3075.9999999999995 ms
113,3078.1 ms
113,3083.1999999999994 ms
113,3087.9999999999995 ms
113,3095.5499999999997 ms
113,3098.9 ms
113,3144.15 ms
113,3145.8000000000006 ms
113,3156.2500000000005 ms
113,3157.15 ms
113,3164.3000000000006 ms
113,3179.2000000000003 ms
113,3179.2999999999997 ms
113,3180.1 ms
113,3184.350000000001 ms
113,3184.5500000000006 ms
113,3237.4 ms
113,3238.9999999999995 ms
113,3246.2999999999997 ms
113,3270.1 ms
113,3280.600000000001 ms
113,3296.2000000000003 ms
113,3320.100000000001 ms
113,3347.2500000000005 ms
113,3355.1 ms
113,3362.850000000001 ms
113,3373.7000000000003 ms
113,3384.2000000000003 ms
113,3389.5499999999997 ms
113,3408.9 ms
113,3425.5500000000006 ms
113,3480.0000000000005 ms
113,3519.2499999999995 ms
113,3521.4499999999994 ms
113,3524.9999999999995 ms
113,3527.1 ms
113,3552.35 ms
113,3556.2500000000005 ms
113,3559.2000000000003 ms
113,3572.7500000000005 ms
113,3584.3000000000006 ms
113,3636.4500000000003 ms
113,3651.850000000001 ms
113,3660.900000000001 ms
113,3690.0000000000005 ms
113,3693.9500000000003 ms
113,3694.4500000000003 ms
113,3695.4500000000003 ms
113,3697.350000000001 ms
113,3700.5500000000006 ms
113,3722.100000000001 ms
113,3727.8000000000006 ms
113,3757.4500000000003 ms
113,3764.9500000000003 ms
113,3773.65 ms
113,3778.9999999999995 ms
113,3780.65 ms
113,3789.0500000000006 ms
113,3794.5499999999997 ms
113,3795.2499999999995 ms
113,3797.6999999999994 ms
113,3836.7000000000003 ms
113,3836.9 ms
113,3852.149999999999 ms
113,3859.599999999999 ms
113,3862.899999999999 ms
113,3863.9499999999994 ms
113,3870.35 ms
113,3870.5000000000005 ms
113,3875.0500000000006 ms
113,3877.2000000000003 ms
113,3878.350000000001 ms
113,3878.4500000000003 ms
113,3880.0000000000005 ms
113,3881.150000000001 ms
113,3894.5000000000005 ms
113,3970.9500000000003 ms
113,3974.65 ms
113,3980.9 ms
114,8.1 ms
114,45.050000000000004 ms
114,51.25000000000001 ms
114,52.45000000000001 ms
114,70.1 ms
114,71.45000000000002 ms
114,73.70000000000002 ms
114,74.75 ms
114,92.44999999999999 ms
114,92.69999999999999 ms
114,101.05000000000001 ms
114,103.80000000000001 ms
114,108.0 ms
114,111.85 ms
114,112.5 ms
114,116.94999999999999 ms
114,121.0 ms
114,121.15 ms
114,127.0 ms
114,162.39999999999998 ms
114,165.60000000000002 ms
114,176.7 ms
114,185.05 ms
114,203.89999999999998 ms
114,248.09999999999997 ms
114,271.34999999999997 ms
114,305.24999999999994 ms
114,316.55 ms
114,344.2 ms
114,349.05 ms
114,350.7 ms
114,358.4499999999999 ms
114,388.5499999999999 ms
114,392.6999999999999 ms
114,404.1499999999999 ms
114,408.2 ms
114,410.99999999999994 ms
114,414.99999999999994 ms
114,424.99999999999994 ms
114,430.9499999999999 ms
114,437.1499999999999 ms
114,448.2999999999999 ms
114,458.4499999999999 ms
114,461.4499999999999 ms
114,463.24999999999994 ms
114,469.99999999999983 ms
114,470.74999999999994 ms
114,487.6499999999999 ms
114,506.7999999999999 ms
114,513.1999999999998 ms
114,519.8999999999999 ms
114,570.8499999999999 ms
114,583.4499999999998 ms
114,600.55 ms
114,607.05 ms
114,608.7 ms
114,619.6499999999999 ms
114,637.0 ms
114,640.05 ms
114,686.75 ms
114,697.3499999999999 ms
114,717.3000000000002 ms
114,718.75 ms
114,736.25 ms
114,780.2000000000003 ms
114,787.3000000000002 ms
114,814.9000000000001 ms
114,817.9000000000001 ms
114,837.2500000000002 ms
114,840.7500000000002 ms
114,841.7000000000003 ms
114,861.9500000000003 ms
114,868.5500000000002 ms
114,869.5500000000002 ms
114,874.4000000000003 ms
114,884.4000000000003 ms
114,887.3000000000004 ms
114,900.5000000000002 ms
114,902.1000000000004 ms
114,905.7500000000005 ms
114,923.1500000000003 ms
114,926.0500000000004 ms
114,936.2500000000002 ms
114,943.8500000000004 ms
114,944.9500000000003 ms
114,948.0500000000004 ms
114,954.2500000000005 ms
114,954.9500000000005 ms
114,983.1500000000005 ms
114,986.0000000000005 ms
114,1001.0500000000006 ms
114,1006.8500000000004 ms
114,1021.6000000000004 ms
114,1025.1500000000005 ms
114,1031.9000000000005 ms
114,1033.1500000000005 ms
114,1038.9000000000005 ms
114,1047.5500000000006 ms
114,1047.8500000000008 ms
114,1051.4500000000003 ms
114,1072.4000000000005 ms
114,1116.7000000000007 ms
114,1119.4500000000007 ms
114,1123.2000000000007 ms
114,1196.5500000000002 ms
114,1197.7500000000005 ms
114,1206.1000000000004 ms
114,1207.8500000000004 ms
114,1213.5500000000002 ms
114,1233.2000000000007 ms
114,1248.0000000000005 ms
114,1256.9000000000005 ms
114,1263.1000000000004 ms
114,1263.500000000001 ms
114,1265.500000000001 ms
114,1279.5500000000006 ms
114,1280.0000000000005 ms
114,1301.9500000000007 ms
114,1314.750000000001 ms
114,1332.0500000000006 ms
114,1342.6000000000008 ms
114,1357.4000000000005 ms
114,1365.8500000000004 ms
114,1372.000000000001 ms
114,1383.8500000000004 ms
114,1396.6000000000004 ms
114,1406.2000000000007 ms
114,1414.8000000000002 ms
114,1456.0500000000002 ms
114,1476.2500000000005 ms
114,1506.2500000000005 ms
114,1528.3500000000004 ms
114,1546.7500000000005 ms
114,1557.3500000000004 ms
114,1577.1500000000005 ms
114,1589.3500000000004 ms
114,1602.7000000000003 ms
114,1603.5500000000002 ms
114,1615.75 ms
114,1616.9000000000005 ms
114,1634.1000000000004 ms
114,1637.0500000000002 ms
114,1641.4000000000005 ms
114,1669.6500000000005 ms
114,1675.5 ms
114,1680.5 ms
114,1693.8500000000004 ms
114,1694.1000000000004 ms
114,1710.6000000000004 ms
114,1755.0500000000002 ms
114,1786.7000000000003 ms
114,1793.2000000000003 ms
114,1795.6000000000004 ms
114,1801.4500000000003 ms
114,1831.1000000000004 ms
114,1842.5000000000005 ms
114,1873.7500000000005 ms
114,1881.8500000000004 ms
114,1901.3500000000004 ms
114,1903.9500000000003 ms
114,1928.9500000000003 ms
114,1943.2000000000003 ms
114,1948.7500000000005 ms
114,1957.15 ms
114,1961.4 ms
114,1966.4 ms
114,1991.5000000000005 ms
114,1992.35 ms
114,1995.15 ms
114,2000.9 ms
114,2011.0 ms
114,2029.4499999999998 ms
114,2038.6999999999998 ms
114,2042.1999999999998 ms
114,2042.9 ms
114,2049.15 ms
114,2049.4500000000003 ms
114,2050.350000000001 ms
114,2051.7000000000003 ms
114,2059.0499999999997 ms
114,2059.9500000000003 ms
114,2079.600000000001 ms
114,2094.0000000000005 ms
114,2107.7500000000005 ms
114,2109.9500000000003 ms
114,2113.600000000001 ms
114,2136.150000000001 ms
114,2138.450000000001 ms
114,2143.100000000001 ms
114,2144.0000000000014 ms
114,2179.700000000001 ms
114,2183.600000000001 ms
114,2197.600000000001 ms
114,2209.850000000001 ms
114,2213.9500000000003 ms
114,2215.15 ms
114,2226.6 ms
114,2266.4500000000003 ms
114,2281.850000000001 ms
114,2282.5000000000005 ms
114,2285.35 ms
114,2302.350000000001 ms
114,2306.35 ms
114,2308.850000000001 ms
114,2311.2500000000005 ms
114,2317.0500000000006 ms
114,2338.65 ms
114,2342.7500000000005 ms
114,2348.0500000000006 ms
114,2348.65 ms
114,2381.0500000000006 ms
114,2384.7500000000005 ms
114,2404.2500000000005 ms
114,2420.150000000001 ms
114,2421.200000000001 ms
114,2448.0500000000006 ms
114,2480.2500000000005 ms
114,2484.400000000001 ms
114,2503.5500000000006 ms
114,2505.9 ms
114,2529.2000000000003 ms
114,2555.0000000000005 ms
114,2578.850000000001 ms
114,2593.7500000000014 ms
114,2596.450000000001 ms
114,2599.150000000001 ms
114,2600.0500000000006 ms
114,2604.8000000000006 ms
114,2618.9 ms
114,2633.3000000000006 ms
114,2641.200000000001 ms
114,2647.8000000000006 ms
114,2648.700000000001 ms
114,2656.8000000000006 ms
114,2659.5000000000005 ms
114,2687.400000000001 ms
114,2690.0500000000006 ms
114,2691.3000000000006 ms
114,2696.200000000001 ms
114,2707.850000000001 ms
114,2710.0500000000006 ms
114,2751.950000000001 ms
114,2759.8000000000006 ms
114,2772.8000000000006 ms
114,2788.350000000001 ms
114,2822.9500000000003 ms
114,2825.3000000000006 ms
114,2845.450000000001 ms
114,2850.2500000000014 ms
114,2865.8000000000015 ms
114,2866.0500000000006 ms
114,2885.200000000001 ms
114,2889.700000000001 ms
114,2897.400000000001 ms
114,2912.200000000001 ms
114,2928.950000000001 ms
114,2975.1000000000017 ms
114,2982.150000000002 ms
114,2992.5500000000015 ms
114,3040.200000000002 ms
114,3041.6000000000017 ms
114,3064.450000000001 ms
114,3094.950000000002 ms
114,3103.0000000000023 ms
114,3107.1000000000017 ms
114,3113.8500000000017 ms
114,3117.3500000000017 ms
114,3142.650000000002 ms
114,3183.1000000000017 ms
114,3198.900000000002 ms
114,3203.700000000002 ms
114,3210.5500000000015 ms
114,3213.3500000000017 ms
114,3216.8000000000015 ms
114,3237.8000000000025 ms
114,3238.150000000002 ms
114,3240.5500000000025 ms
114,3273.8000000000015 ms
114,3292.8000000000025 ms
114,3297.8500000000026 ms
114,3313.7500000000023 ms
114,3319.150000000003 ms
114,3348.7500000000023 ms
114,3399.0000000000023 ms
114,3406.650000000003 ms
114,3413.400000000002 ms
114,3431.900000000003 ms
114,3432.8500000000026 ms
114,3452.8000000000025 ms
114,3491.200000000002 ms
114,3524.150000000002 ms
114,3530.200000000002 ms
114,3536.200000000002 ms
114,3536.7500000000023 ms
114,3541.150000000003 ms
114,3562.6000000000026 ms
114,3573.0000000000023 ms
114,3611.1000000000017 ms
114,3611.650000000002 ms
114,3613.0500000000025 ms
114,3628.950000000003 ms
114,3642.500000000003 ms
114,3643.2500000000023 ms
114,3658.0500000000025 ms
114,3661.700000000003 ms
114,3674.1000000000035 ms
114,3675.950000000003 ms
114,3688.650000000003 ms
114,3694.400000000003 ms
114,3707.400000000003 ms
114,3715.200000000003 ms
114,3715.750000000003 ms
114,3734.000000000003 ms
114,3738.950000000003 ms
114,3754.200000000003 ms
114,3762.250000000003 ms
114,3766.700000000003 ms
114,3782.450000000003 ms
114,3784.900000000003 ms
114,3785.2500000000023 ms
114,3797.000000000003 ms
114,3800.0500000000034 ms
114,3813.500000000003 ms
114,3828.6000000000026 ms
114,3841.6000000000026 ms
114,3842.500000000003 ms
114,3849.0500000000034 ms
114,3850.0500000000025 ms
114,3871.8000000000034 ms
114,3874.8000000000025 ms
114,3892.950000000003 ms
114,3895.750000000003 ms
114,3897.000000000003 ms
114,3904.700000000003 ms
114,3904.950000000003 ms
114,3909.950000000003 ms
114,3917.200000000003 ms
114,3918.900000000003 ms
114,3937.150000000003 ms
114,3938.8000000000034 ms
114,3944.0500000000025 ms
114,3986.200000000003 ms
114,3989.700000000003 ms
114,3993.650000000003 ms
115,13.55 ms
115,19.150000000000002 ms
115,41.3 ms
115,43.2 ms
115,79.15 ms
115,92.80000000000001 ms
115,101.70000000000002 ms
115,104.25000000000003 ms
115,115.60000000000002 ms
115,121.25000000000003 ms
115,122.85000000000002 ms
115,127.85000000000002 ms
115,134.3 ms
115,150.60000000000002 ms
115,154.40000000000003 ms
115,166.3 ms
115,181.20000000000005 ms
115,194.05000000000007 ms
115,206.75 ms
115,212.55000000000007 ms
115,216.65000000000003 ms
115,241.3 ms
115,277.3000000000001 ms
115,298.55 ms
115,303.45 ms
115,312.2000000000001 ms
115,326.00000000000006 ms
115,334.50000000000006 ms
115,357.1000000000001 ms
115,369.6000000000001 ms
115,373.05 ms
115,375.65000000000003 ms
115,392.00000000000006 ms
115,411.15000000000003 ms
115,454.25000000000006 ms
115,458.9500000000001 ms
115,460.8000000000001 ms
115,479.0500000000001 ms
115,489.00000000000006 ms
115,490.8000000000001 ms
115,493.00000000000006 ms
115,507.3500000000001 ms
115,511.9500000000001 ms
115,517.6500000000003 ms
115,517.95 ms
115,522.8000000000002 ms
115,540.4500000000003 ms
115,560.9000000000001 ms
115,570.7500000000002 ms
115,574.9000000000003 ms
115,579.4000000000003 ms
115,588.3500000000001 ms
115,607.9000000000003 ms
115,640.7500000000002 ms
115,709.8500000000001 ms
115,714.4500000000003 ms
115,715.0000000000002 ms
115,735.0000000000002 ms
115,736.7500000000002 ms
115,739.8000000000002 ms
115,743.2500000000002 ms
115,761.8000000000002 ms
115,762.4500000000003 ms
115,769.6000000000001 ms
115,797.4000000000001 ms
115,812.25 ms
115,831.4500000000003 ms
115,849.8000000000002 ms
115,871.5000000000002 ms
115,874.8000000000002 ms
115,875.3000000000002 ms
115,876.3000000000002 ms
115,899.8500000000001 ms
115,901.7500000000002 ms
115,918.2 ms
115,920.0500000000002 ms
115,923.4500000000003 ms
115,924.9500000000003 ms
115,934.3500000000001 ms
115,951.7 ms
115,959.5000000000002 ms
115,976.95 ms
115,978.6000000000001 ms
115,986.6000000000001 ms
115,989.1000000000001 ms
115,990.7 ms
115,1005.1000000000001 ms
115,1008.95 ms
115,1013.5000000000002 ms
115,1014.95 ms
115,1037.7500000000002 ms
115,1050.2000000000005 ms
115,1084.1500000000003 ms
115,1087.7500000000002 ms
115,1102.7000000000005 ms
115,1104.5500000000004 ms
115,1111.05 ms
115,1135.3500000000001 ms
115,1161.8999999999999 ms
115,1166.7499999999998 ms
115,1172.95 ms
115,1183.4999999999998 ms
115,1206.0999999999997 ms
115,1209.1499999999999 ms
115,1217.2499999999998 ms
115,1225.0999999999997 ms
115,1226.6499999999994 ms
115,1234.3999999999999 ms
115,1236.8499999999997 ms
115,1237.8499999999997 ms
115,1242.8999999999994 ms
115,1243.8499999999997 ms
115,1244.8499999999997 ms
115,1263.3499999999997 ms
115,1264.3 ms
115,1269.0999999999997 ms
115,1279.4499999999996 ms
115,1292.1999999999996 ms
115,1296.6999999999996 ms
115,1302.3499999999997 ms
115,1310.8499999999997 ms
115,1335.8999999999994 ms
115,1354.1499999999999 ms
115,1357.7499999999998 ms
115,1360.5499999999995 ms
115,1367.5499999999995 ms
115,1379.2999999999995 ms
115,1393.8499999999992 ms
115,1395.1999999999991 ms
115,1404.6499999999994 ms
115,1407.1499999999994 ms
115,1420.1999999999991 ms
115,1463.0999999999992 ms
115,1469.7499999999993 ms
115,1474.5499999999995 ms
115,1476.7499999999998 ms
115,1483.6499999999999 ms
115,1485.7499999999998 ms
115,1506.8499999999997 ms
115,1527.8499999999992 ms
115,1531.5499999999995 ms
115,1534.2499999999998 ms
115,1537.4499999999996 ms
115,1546.8999999999999 ms
115,1579.3499999999997 ms
115,1580.0999999999997 ms
115,1580.1999999999996 ms
115,1584.7499999999993 ms
115,1594.2499999999998 ms
115,1599.0499999999995 ms
115,1599.8999999999994 ms
115,1603.5499999999995 ms
115,1638.5499999999995 ms
115,1654.1999999999996 ms
115,1665.1999999999996 ms
115,1681.1499999999999 ms
115,1700.9499999999996 ms
115,1736.8999999999999 ms
115,1784.9999999999998 ms
115,1811.7999999999995 ms
115,1819.3999999999994 ms
115,1820.4999999999993 ms
115,1841.8999999999994 ms
115,1846.9499999999991 ms
115,1847.7499999999993 ms
115,1864.6999999999996 ms
115,1870.3999999999994 ms
115,1873.4999999999993 ms
115,1879.1499999999994 ms
115,1901.8999999999994 ms
115,1905.2999999999995 ms
115,1907.6499999999994 ms
115,1920.7499999999993 ms
115,1935.3999999999994 ms
115,1944.5499999999995 ms
115,1967.5999999999992 ms
115,1972.5499999999995 ms
115,1992.2499999999998 ms
115,1996.1499999999999 ms
115,2003.1499999999994 ms
115,2051.2 ms
115,2053.75 ms
115,2063.05 ms
115,2074.6500000000005 ms
115,2082.05 ms
115,2101.1500000000005 ms
115,2102.75 ms
115,2128.05 ms
115,2170.5 ms
115,2174.55 ms
115,2177.0 ms
115,2194.6499999999996 ms
115,2201.0 ms
115,2208.7 ms
115,2215.8 ms
115,2223.3999999999996 ms
115,2236.5999999999995 ms
115,2250.0999999999995 ms
115,2337.999999999999 ms
115,2342.2 ms
115,2355.95 ms
115,2356.6499999999987 ms
115,2398.3499999999995 ms
115,2406.199999999999 ms
115,2427.999999999999 ms
115,2433.0499999999993 ms
115,2438.949999999999 ms
115,2452.3499999999995 ms
115,2490.2 ms
115,2492.6499999999987 ms
115,2496.3999999999987 ms
115,2512.249999999999 ms
115,2513.199999999999 ms
115,2537.999999999999 ms
115,2559.2999999999993 ms
115,2567.5499999999993 ms
115,2575.5999999999995 ms
115,2577.8999999999996 ms
115,2578.5 ms
115,2594.0499999999993 ms
115,2594.7 ms
115,2612.0 ms
115,2627.3 ms
115,2630.1500000000005 ms
115,2639.6500000000005 ms
115,2639.8 ms
115,2689.3 ms
115,2691.75 ms
115,2714.7 ms
115,2726.0 ms
115,2728.2 ms
115,2763.45 ms
115,2764.75 ms
115,2790.45 ms
115,2802.0 ms
115,2818.45 ms
115,2821.2 ms
115,2829.7 ms
115,2843.0 ms
115,2856.5 ms
115,2858.6499999999996 ms
115,2867.2000000000007 ms
115,2878.8 ms
115,2881.9000000000005 ms
115,2882.05 ms
115,2919.5 ms
115,2937.55 ms
115,2954.95 ms
115,2963.1500000000005 ms
115,2964.45 ms
115,2974.45 ms
115,2978.000000000001 ms
115,2994.3500000000004 ms
115,3010.6000000000004 ms
115,3026.6500000000005 ms
115,3033.9000000000005 ms
115,3038.1000000000004 ms
115,3048.4000000000005 ms
115,3060.55 ms
115,3061.05 ms
115,3062.250000000001 ms
115,3070.9000000000005 ms
115,3088.750000000001 ms
115,3102.4000000000005 ms
115,3104.000000000001 ms
115,3122.05 ms
115,3122.9000000000005 ms
115,3124.500000000001 ms
115,3128.45 ms
115,3131.2 ms
115,3149.500000000001 ms
115,3181.05 ms
115,3190.6500000000005 ms
115,3192.2000000000007 ms
115,3195.800000000001 ms
115,3217.1500000000005 ms
115,3229.05 ms
115,3242.750000000001 ms
115,3267.8 ms
115,3272.9000000000005 ms
115,3275.3500000000004 ms
115,3279.0 ms
115,3279.8500000000004 ms
115,3304.1000000000004 ms
115,3305.3500000000004 ms
115,3310.4500000000007 ms
115,3316.3 ms
115,3322.7 ms
115,3326.750000000001 ms
115,3339.3 ms
115,3343.3500000000013 ms
115,3349.05 ms
115,3393.9500000000007 ms
115,3407.8500000000004 ms
115,3425.300000000001 ms
115,3428.4500000000007 ms
115,3441.250000000001 ms
115,3444.500000000001 ms
115,3448.1500000000005 ms
115,3464.9000000000005 ms
115,3482.3500000000013 ms
115,3482.9500000000007 ms
115,3498.550000000001 ms
115,3510.7000000000007 ms
115,3563.050000000001 ms
115,3588.4000000000005 ms
115,3616.6000000000004 ms
115,3630.3500000000004 ms
115,3633.7000000000007 ms
115,3636.3 ms
115,3646.6000000000004 ms
115,3650.6500000000005 ms
115,3655.750000000001 ms
115,3662.2 ms
115,3668.000000000001 ms
115,3686.05 ms
115,3694.7000000000007 ms
115,3696.7000000000007 ms
115,3699.050000000001 ms
115,3699.2000000000007 ms
115,3708.1000000000004 ms
115,3723.800000000001 ms
115,3725.6500000000005 ms
115,3735.8500000000004 ms
115,3745.6500000000005 ms
115,3762.250000000001 ms
115,3765.750000000001 ms
115,3782.55 ms
115,3791.6000000000013 ms
115,3802.6500000000005 ms
115,3805.6500000000005 ms
115,3844.7000000000016 ms
115,3847.1000000000013 ms
115,3851.750000000001 ms
115,3858.050000000002 ms
115,3868.3500000000013 ms
115,3906.500000000002 ms
115,3914.850000000002 ms
115,3931.750000000002 ms
115,3949.000000000002 ms
115,3953.350000000002 ms
115,3964.4500000000016 ms
115,3968.3500000000013 ms
115,3969.8500000000013 ms
115,3978.4500000000016 ms
115,3984.8500000000013 ms
115,3998.000000000002 ms
116,11.65 ms
116,19.65 ms
116,22.5 ms
116,23.25 ms
116,39.1 ms
116,42.1 ms
116,54.20000000000001 ms
116,56.949999999999996 ms
116,64.45000000000002 ms
116,74.15 ms
116,103.20000000000002 ms
116,103.29999999999998 ms
116,127.9 ms
116,129.30000000000004 ms
116,133.20000000000002 ms
116,134.45000000000002 ms
116,143.95000000000002 ms
116,144.85000000000005 ms
116,156.75000000000003 ms
116,170.20000000000002 ms
116,181.60000000000005 ms
116,215.1 ms
116,223.95000000000002 ms
116,226.35000000000005 ms
116,242.90000000000006 ms
116,245.75000000000003 ms
116,260.80000000000007 ms
116,283.5 ms
116,326.15 ms
116,357.0 ms
116,392.85 ms
116,400.20000000000005 ms
116,428.1500000000001 ms
116,431.25 ms
116,435.4000000000001 ms
116,436.85 ms
116,441.1 ms
116,450.55000000000007 ms
116,452.5 ms
116,452.85 ms
116,466.6 ms
116,480.05000000000007 ms
116,511.85 ms
116,535.8000000000001 ms
116,563.5000000000001 ms
116,588.7500000000001 ms
116,599.7000000000002 ms
116,616.4000000000002 ms
116,635.7500000000003 ms
116,647.3500000000003 ms
116,675.0500000000003 ms
116,684.6000000000003 ms
116,692.7500000000001 ms
116,693.7000000000002 ms
116,695.6500000000002 ms
116,700.7500000000003 ms
116,742.5500000000003 ms
116,766.8500000000003 ms
116,784.1500000000002 ms
116,790.0000000000003 ms
116,808.5000000000001 ms
116,815.5500000000001 ms
116,844.4500000000002 ms
116,852.2000000000002 ms
116,862.0000000000001 ms
116,875.4 ms
116,885.2500000000001 ms
116,890.1000000000003 ms
116,897.85 ms
116,904.65 ms
116,915.2500000000001 ms
116,937.5500000000001 ms
116,991.8000000000001 ms
116,999.0500000000001 ms
116,1008.4499999999999 ms
116,1027.3000000000002 ms
116,1027.6 ms
116,1047.9 ms
116,1074.5499999999997 ms
116,1075.4500000000003 ms
116,1078.75 ms
116,1090.0 ms
116,1108.9499999999998 ms
116,1119.15 ms
116,1127.6 ms
116,1150.2000000000003 ms
116,1156.75 ms
116,1180.6 ms
116,1180.6999999999998 ms
116,1204.5 ms
116,1211.7999999999997 ms
116,1239.9999999999995 ms
116,1250.6 ms
116,1285.35 ms
116,1288.6499999999996 ms
116,1291.1999999999998 ms
116,1295.1499999999996 ms
116,1304.0999999999995 ms
116,1306.6499999999996 ms
116,1313.6499999999996 ms
116,1323.8999999999996 ms
116,1326.5499999999997 ms
116,1327.1999999999998 ms
116,1350.6999999999998 ms
116,1378.75 ms
116,1382.0499999999997 ms
116,1382.6999999999998 ms
116,1423.85 ms
116,1435.2999999999997 ms
116,1442.1 ms
116,1447.35 ms
116,1459.85 ms
116,1464.6 ms
116,1479.6999999999998 ms
116,1481.85 ms
116,1483.5 ms
116,1501.3000000000002 ms
116,1514.1499999999996 ms
116,1515.9499999999998 ms
116,1524.6999999999998 ms
116,1539.0499999999997 ms
116,1539.6499999999996 ms
116,1541.2999999999997 ms
116,1568.6 ms
116,1571.5499999999997 ms
116,1571.6999999999998 ms
116,1572.1 ms
116,1590.5 ms
116,1599.4499999999998 ms
116,1618.65 ms
116,1631.6 ms
116,1632.6 ms
116,1661.2000000000003 ms
116,1668.2999999999997 ms
116,1674.65 ms
116,1695.0499999999997 ms
116,1711.4500000000003 ms
116,1743.4500000000003 ms
116,1749.0 ms
116,1775.5500000000002 ms
116,1778.9499999999998 ms
116,1810.75 ms
116,1822.4499999999998 ms
116,1824.9499999999998 ms
116,1836.0 ms
116,1864.85 ms
116,1889.4499999999998 ms
116,1891.2999999999997 ms
116,1892.9999999999995 ms
116,1904.7499999999995 ms
116,1906.15 ms
116,1927.15 ms
116,1938.1 ms
116,1940.6999999999998 ms
116,1953.6999999999998 ms
116,1965.25 ms
116,1981.0499999999997 ms
116,1982.1999999999998 ms
116,1985.85 ms
116,1994.7999999999997 ms
116,2038.25 ms
116,2049.3 ms
116,2061.4000000000005 ms
116,2076.4000000000005 ms
116,2105.3 ms
116,2107.0 ms
116,2147.5 ms
116,2149.75 ms
116,2196.95 ms
116,2230.75 ms
116,2242.6000000000004 ms
116,2276.2 ms
116,2282.45 ms
116,2294.0999999999995 ms
116,2311.4000000000005 ms
116,2313.7 ms
116,2343.8500000000004 ms
116,2348.05 ms
116,2362.5 ms
116,2368.6000000000004 ms
116,2384.2999999999993 ms
116,2388.0 ms
116,2389.3999999999996 ms
116,2390.7 ms
116,2390.95 ms
116,2398.1499999999996 ms
116,2398.3499999999995 ms
116,2416.8999999999996 ms
116,2427.45 ms
116,2445.8 ms
116,2502.7 ms
116,2504.0 ms
116,2510.45 ms
116,2512.5999999999995 ms
116,2519.3499999999995 ms
116,2521.3499999999995 ms
116,2521.7 ms
116,2530.3 ms
116,2556.3 ms
116,2567.3999999999996 ms
116,2575.5 ms
116,2608.199999999999 ms
116,2620.5499999999993 ms
116,2623.449999999999 ms
116,2663.8499999999995 ms
116,2672.5999999999995 ms
116,2677.0499999999993 ms
116,2681.0499999999993 ms
116,2752.8499999999995 ms
116,2763.5499999999993 ms
116,2769.5499999999993 ms
116,2770.2999999999993 ms
116,2771.5499999999993 ms
116,2781.5999999999995 ms
116,2811.7 ms
116,2817.6499999999987 ms
116,2826.0999999999995 ms
116,2840.5499999999984 ms
116,2848.8499999999995 ms
116,2853.6499999999987 ms
116,2863.499999999999 ms
116,2870.5999999999995 ms
116,2873.6499999999987 ms
116,2976.5999999999995 ms
116,2989.2999999999984 ms
116,3010.949999999999 ms
116,3025.999999999999 ms
116,3026.749999999999 ms
116,3031.7999999999993 ms
116,3046.3999999999996 ms
116,3054.3499999999985 ms
116,3057.2999999999993 ms
116,3068.3999999999987 ms
116,3074.1499999999987 ms
116,3096.499999999999 ms
116,3108.949999999998 ms
116,3112.6499999999987 ms
116,3139.6499999999987 ms
116,3148.249999999998 ms
116,3149.949999999998 ms
116,3174.0999999999976 ms
116,3176.5999999999976 ms
116,3188.449999999998 ms
116,3219.249999999998 ms
116,3228.7999999999984 ms
116,3236.249999999998 ms
116,3248.3499999999985 ms
116,3248.749999999998 ms
116,3269.649999999998 ms
116,3285.3499999999985 ms
116,3300.899999999998 ms
116,3311.199999999999 ms
116,3317.399999999998 ms
116,3318.249999999998 ms
116,3324.8499999999985 ms
116,3329.2999999999975 ms
116,3366.149999999998 ms
116,3368.5999999999976 ms
116,3383.649999999998 ms
116,3386.949999999998 ms
116,3406.199999999998 ms
116,3407.199999999998 ms
116,3411.649999999998 ms
116,3417.949999999998 ms
116,3420.949999999998 ms
116,3442.0499999999984 ms
116,3442.7499999999973 ms
116,3449.7499999999973 ms
116,3503.8499999999976 ms
116,3506.0999999999976 ms
116,3527.0499999999975 ms
116,3534.399999999998 ms
116,3543.7999999999975 ms
116,3552.449999999997 ms
116,3572.899999999998 ms
116,3590.949999999997 ms
116,3596.8499999999976 ms
116,3618.449999999998 ms
116,3631.5499999999975 ms
116,3648.699999999997 ms
116,3652.199999999997 ms
116,3653.199999999997 ms
116,3681.999999999998 ms
116,3702.499999999998 ms
116,3719.149999999998 ms
116,3722.949999999998 ms
116,3730.149999999998 ms
116,3745.699999999998 ms
116,3760.749999999998 ms
116,3791.5499999999984 ms
116,3800.1499999999987 ms
116,3812.7999999999984 ms
116,3817.449999999998 ms
116,3849.949999999998 ms
116,3852.699999999998 ms
116,3861.1499999999987 ms
116,3863.8499999999976 ms
116,3868.3499999999976 ms
116,3872.699999999998 ms
116,3898.499999999998 ms
116,3923.749999999998 ms
116,3936.5999999999985 ms
116,3944.899999999998 ms
116,3953.699999999999 ms
116,3957.499999999998 ms
116,3975.999999999998 ms
117,11.950000000000001 ms
117,28.35 ms
117,36.6 ms
117,36.85 ms
117,40.20000000000001 ms
117,47.15000000000001 ms
117,51.25000000000001 ms
117,53.70000000000001 ms
117,55.40000000000001 ms
117,69.4 ms
117,70.20000000000002 ms
117,96.0 ms
117,96.55000000000001 ms
117,97.85 ms
117,105.35 ms
117,111.4 ms
117,155.89999999999995 ms
117,155.99999999999997 ms
117,171.94999999999996 ms
117,172.74999999999997 ms
117,219.09999999999994 ms
117,228.85 ms
117,246.9 ms
117,254.54999999999998 ms
117,261.45000000000005 ms
117,273.15 ms
117,285.0 ms
117,296.65 ms
117,298.0 ms
117,305.5 ms
117,311.25 ms
117,330.95000000000005 ms
117,332.5999999999999 ms
117,350.54999999999995 ms
117,375.04999999999995 ms
117,377.04999999999995 ms
117,403.75 ms
117,420.94999999999993 ms
117,452.94999999999993 ms
117,456.9 ms
117,460.9999999999999 ms
117,464.94999999999993 ms
117,474.4999999999999 ms
117,483.44999999999993 ms
117,485.19999999999993 ms
117,503.29999999999995 ms
117,504.25 ms
117,512.65 ms
117,528.1999999999999 ms
117,530.5999999999998 ms
117,532.7999999999998 ms
117,539.5500000000001 ms
117,541.2999999999998 ms
117,553.65 ms
117,559.2999999999998 ms
117,574.2499999999999 ms
117,584.0000000000001 ms
117,584.7499999999999 ms
117,600.6999999999999 ms
117,603.15 ms
117,610.1999999999999 ms
117,630.9 ms
117,640.85 ms
117,659.0500000000001 ms
117,662.3000000000003 ms
117,662.8500000000003 ms
117,688.1 ms
117,698.9500000000002 ms
117,718.1 ms
117,720.8500000000003 ms
117,759.8000000000003 ms
117,760.6500000000002 ms
117,769.2000000000002 ms
117,769.3000000000003 ms
117,770.0500000000001 ms
117,784.85 ms
117,789.65 ms
117,819.4499999999999 ms
117,840.15 ms
117,878.0500000000001 ms
117,896.3000000000001 ms
117,898.1500000000002 ms
117,899.2500000000001 ms
117,905.9500000000002 ms
117,910.1500000000002 ms
117,934.0500000000001 ms
117,939.8000000000003 ms
117,959.5000000000003 ms
117,964.2500000000001 ms
117,970.2500000000003 ms
117,971.1500000000002 ms
117,977.0500000000001 ms
117,979.2000000000002 ms
117,983.3000000000003 ms
117,984.8000000000001 ms
117,1000.5500000000003 ms
117,1001.6000000000003 ms
117,1003.2500000000001 ms
117,1006.4 ms
117,1014.1 ms
117,1041.0000000000005 ms
117,1041.8000000000002 ms
117,1049.0500000000002 ms
117,1059.15 ms
117,1101.7000000000003 ms
117,1113.85 ms
117,1121.6 ms
117,1137.2000000000003 ms
117,1150.85 ms
117,1154.2000000000003 ms
117,1156.1 ms
117,1159.4500000000003 ms
117,1168.2000000000003 ms
117,1178.25 ms
117,1197.5 ms
117,1200.4 ms
117,1204.7000000000003 ms
117,1206.2999999999997 ms
117,1211.7000000000003 ms
117,1219.2000000000003 ms
117,1228.75 ms
117,1230.8000000000002 ms
117,1237.1999999999998 ms
117,1239.9 ms
117,1242.0 ms
117,1258.65 ms
117,1260.15 ms
117,1260.6 ms
117,1266.9 ms
117,1298.9500000000003 ms
117,1304.35 ms
117,1333.7500000000005 ms
117,1355.2500000000005 ms
117,1359.15 ms
117,1359.7000000000003 ms
117,1370.8500000000004 ms
117,1375.5000000000005 ms
117,1390.8500000000004 ms
117,1405.6500000000005 ms
117,1454.1000000000004 ms
117,1455.3500000000004 ms
117,1455.6000000000004 ms
117,1467.6000000000004 ms
117,1471.3000000000002 ms
117,1475.9000000000005 ms
117,1481.3500000000004 ms
117,1486.2000000000003 ms
117,1493.5000000000005 ms
117,1515.2000000000003 ms
117,1557.4500000000003 ms
117,1561.5500000000002 ms
117,1569.2000000000003 ms
117,1603.9500000000003 ms
117,1609.2000000000003 ms
117,1626.7500000000005 ms
117,1649.5000000000005 ms
117,1657.7000000000003 ms
117,1686.5000000000005 ms
117,1702.6 ms
117,1719.7000000000003 ms
117,1745.85 ms
117,1792.35 ms
117,1792.65 ms
117,1794.3000000000002 ms
117,1794.75 ms
117,1796.7000000000003 ms
117,1803.0500000000002 ms
117,1807.1000000000004 ms
117,1810.3500000000004 ms
117,1853.6999999999998 ms
117,1885.65 ms
117,1901.0500000000002 ms
117,1904.3000000000002 ms
117,1931.3000000000002 ms
117,1946.15 ms
117,1946.5 ms
117,1968.65 ms
117,1979.5 ms
117,1979.6999999999998 ms
117,2029.25 ms
117,2029.4499999999998 ms
117,2041.1000000000004 ms
117,2052.5 ms
117,2055.5 ms
117,2065.75 ms
117,2070.55 ms
117,2098.1000000000004 ms
117,2111.6500000000005 ms
117,2116.6500000000005 ms
117,2136.8500000000004 ms
117,2140.4000000000005 ms
117,2150.8 ms
117,2152.6000000000013 ms
117,2161.4000000000005 ms
117,2183.300000000001 ms
117,2194.7000000000007 ms
117,2199.800000000001 ms
117,2201.8500000000013 ms
117,2208.3500000000013 ms
117,2212.3500000000013 ms
117,2217.4000000000015 ms
117,2220.500000000002 ms
117,2233.9500000000007 ms
117,2251.4000000000015 ms
117,2254.800000000001 ms
117,2258.1500000000015 ms
117,2259.3500000000004 ms
117,2262.000000000001 ms
117,2278.6500000000005 ms
117,2302.6500000000005 ms
117,2312.3500000000013 ms
117,2314.750000000001 ms
117,2316.000000000001 ms
117,2319.300000000001 ms
117,2319.6000000000013 ms
117,2347.800000000001 ms
117,2352.050000000001 ms
117,2364.300000000001 ms
117,2365.000000000001 ms
117,2375.1500000000005 ms
117,2378.3500000000013 ms
117,2406.7000000000007 ms
117,2445.3500000000004 ms
117,2459.750000000001 ms
117,2481.1000000000013 ms
117,2487.500000000001 ms
117,2500.7000000000007 ms
117,2526.050000000001 ms
117,2526.7000000000007 ms
117,2559.1500000000005 ms
117,2570.4000000000005 ms
117,2582.55 ms
117,2587.250000000001 ms
117,2588.45 ms
117,2596.8 ms
117,2618.8500000000004 ms
117,2623.25 ms
117,2635.8500000000004 ms
117,2656.4500000000007 ms
117,2679.9500000000007 ms
117,2690.4500000000007 ms
117,2710.1499999999996 ms
117,2719.75 ms
117,2721.0 ms
117,2726.1000000000004 ms
117,2731.7 ms
117,2745.3999999999996 ms
117,2745.5999999999995 ms
117,2748.7 ms
117,2754.1499999999987 ms
117,2766.45 ms
117,2796.1499999999987 ms
117,2803.0999999999995 ms
117,2876.249999999999 ms
117,2897.449999999999 ms
117,2902.449999999999 ms
117,2908.8999999999987 ms
117,2916.5999999999985 ms
117,2917.199999999999 ms
117,2941.199999999999 ms
117,2943.5499999999984 ms
117,2946.999999999998 ms
117,2953.249999999998 ms
117,2981.199999999998 ms
117,2981.7999999999984 ms
117,2992.5499999999984 ms
117,2994.0499999999984 ms
117,2996.2999999999984 ms
117,3002.4999999999973 ms
117,3006.0999999999976 ms
117,3010.7999999999975 ms
117,3019.0999999999976 ms
117,3043.2999999999975 ms
117,3055.899999999998 ms
117,3077.199999999997 ms
117,3077.3499999999976 ms
117,3078.2999999999975 ms
117,3082.9999999999973 ms
117,3088.449999999997 ms
117,3089.0999999999967 ms
117,3106.0499999999975 ms
117,3113.0999999999967 ms
117,3130.7999999999975 ms
117,3152.949999999997 ms
117,3162.0999999999967 ms
117,3167.5999999999967 ms
117,3168.7999999999975 ms
117,3173.0499999999975 ms
117,3175.949999999997 ms
117,3177.3499999999967 ms
117,3223.899999999998 ms
117,3225.4999999999973 ms
117,3231.8499999999976 ms
117,3237.7999999999965 ms
117,3275.149999999997 ms
117,3277.2999999999965 ms
117,3294.5499999999965 ms
117,3302.3499999999976 ms
117,3308.7499999999973 ms
117,3315.0499999999975 ms
117,3318.399999999998 ms
117,3319.0499999999975 ms
117,3365.149999999998 ms
117,3382.899999999998 ms
117,3403.0999999999967 ms
117,3426.199999999997 ms
117,3430.2499999999973 ms
117,3438.899999999997 ms
117,3445.7499999999973 ms
117,3461.5499999999975 ms
117,3476.0999999999976 ms
117,3477.8499999999976 ms
117,3481.649999999998 ms
117,3482.749999999998 ms
117,3492.199999999997 ms
117,3502.499999999998 ms
117,3531.949999999997 ms
117,3537.0499999999975 ms
117,3557.699999999997 ms
117,3563.8499999999976 ms
117,3586.949999999998 ms
117,3604.5999999999976 ms
117,3610.2499999999973 ms
117,3612.5499999999984 ms
117,3614.699999999998 ms
117,3621.3499999999976 ms
117,3635.8499999999976 ms
117,3644.5999999999976 ms
117,3657.0499999999984 ms
117,3665.149999999998 ms
117,3708.0999999999976 ms
117,3709.8499999999976 ms
117,3710.7999999999975 ms
117,3713.7999999999975 ms
117,3723.0999999999976 ms
117,3727.699999999998 ms
117,3729.949999999998 ms
117,3745.199999999998 ms
117,3753.199999999998 ms
117,3754.399999999997 ms
117,3802.2499999999973 ms
117,3823.449999999997 ms
117,3825.2499999999973 ms
117,3849.699999999997 ms
117,3857.8499999999967 ms
117,3892.3499999999967 ms
117,3893.7499999999973 ms
117,3901.9999999999973 ms
117,3908.2999999999975 ms
117,3910.449999999997 ms
117,3921.399999999998 ms
117,3935.699999999997 ms
117,3940.249999999998 ms
117,3962.149999999998 ms
117,3986.5999999999976 ms
117,3992.399999999998 ms
117,3994.3499999999976 ms
118,2.6500000000000004 ms
118,4.15 ms
118,10.850000000000001 ms
118,14.25 ms
118,38.150000000000006 ms
118,40.60000000000001 ms
118,43.30000000000001 ms
118,44.10000000000001 ms
118,56.05000000000001 ms
118,61.000000000000014 ms
118,111.00000000000001 ms
118,147.95000000000005 ms
118,148.70000000000005 ms
118,155.64999999999998 ms
118,161.64999999999998 ms
118,186.10000000000002 ms
118,196.45000000000005 ms
118,246.95000000000005 ms
118,250.55 ms
118,256.95 ms
118,263.95 ms
118,271.3 ms
118,293.05 ms
118,300.65000000000003 ms
118,304.65000000000003 ms
118,308.75000000000006 ms
118,341.25000000000006 ms
118,343.3500000000001 ms
118,350.1000000000001 ms
118,352.25000000000006 ms
118,356.40000000000003 ms
118,357.34999999999997 ms
118,386.7 ms
118,396.25000000000006 ms
118,417.95 ms
118,420.59999999999997 ms
118,437.1000000000001 ms
118,440.09999999999997 ms
118,447.90000000000003 ms
118,467.65000000000003 ms
118,481.34999999999997 ms
118,492.8500000000001 ms
118,510.3 ms
118,520.5 ms
118,534.95 ms
118,547.1000000000001 ms
118,553.5 ms
118,577.95 ms
118,580.1000000000001 ms
118,596.6499999999999 ms
118,597.45 ms
118,597.95 ms
118,602.2 ms
118,663.7499999999998 ms
118,671.8499999999999 ms
118,675.3 ms
118,685.8499999999999 ms
118,691.3 ms
118,703.5 ms
118,709.4000000000001 ms
118,733.75 ms
118,742.45 ms
118,761.7 ms
118,768.45 ms
118,769.45 ms
118,793.8500000000001 ms
118,799.3999999999999 ms
118,802.75 ms
118,803.6500000000001 ms
118,823.4499999999998 ms
118,828.8499999999999 ms
118,843.25 ms
118,847.0999999999999 ms
118,859.6499999999999 ms
118,870.1999999999998 ms
118,884.3999999999999 ms
118,904.1499999999999 ms
118,931.3 ms
118,945.9499999999998 ms
118,953.8999999999999 ms
118,994.8 ms
118,996.5999999999997 ms
118,1039.4499999999998 ms
118,1057.35 ms
118,1063.65 ms
118,1079.6 ms
118,1142.0 ms
118,1144.4499999999998 ms
118,1181.6000000000004 ms
118,1184.25 ms
118,1187.8000000000002 ms
118,1194.4 ms
118,1198.9 ms
118,1213.4500000000003 ms
118,1218.7999999999997 ms
118,1226.4500000000003 ms
118,1233.0 ms
118,1235.4499999999998 ms
118,1249.8000000000002 ms
118,1253.3000000000002 ms
118,1258.3000000000002 ms
118,1273.1 ms
118,1285.1 ms
118,1294.15 ms
118,1305.4499999999998 ms
118,1334.5 ms
118,1351.0999999999995 ms
118,1351.5499999999997 ms
118,1358.8999999999996 ms
118,1367.7499999999995 ms
118,1375.2999999999997 ms
118,1376.4999999999995 ms
118,1380.3999999999996 ms
118,1404.7999999999997 ms
118,1426.2499999999995 ms
118,1430.15 ms
118,1441.6999999999998 ms
118,1451.1999999999998 ms
118,1452.6499999999996 ms
118,1495.35 ms
118,1527.4 ms
118,1583.7499999999995 ms
118,1596.5499999999997 ms
118,1600.2499999999995 ms
118,1603.4999999999995 ms
118,1604.6 ms
118,1656.2999999999997 ms
118,1685.3999999999996 ms
118,1688.4499999999998 ms
118,1704.2499999999995 ms
118,1704.8499999999995 ms
118,1715.0499999999993 ms
118,1735.9999999999995 ms
118,1756.6499999999996 ms
118,1766.4499999999998 ms
118,1794.3499999999995 ms
118,1809.3999999999996 ms
118,1831.4999999999995 ms
118,1843.3999999999996 ms
118,1848.8999999999996 ms
118,1869.0499999999997 ms
118,1872.1499999999996 ms
118,1891.4999999999995 ms
118,1894.4999999999995 ms
118,1903.8999999999996 ms
118,1912.6999999999998 ms
118,1918.9999999999995 ms
118,1922.4499999999994 ms
118,1924.0499999999997 ms
118,1987.2999999999997 ms
118,1988.5999999999995 ms
118,2008.1999999999994 ms
118,2016.3499999999995 ms
118,2033.0999999999995 ms
118,2058.6999999999994 ms
118,2060.549999999999 ms
118,2062.0499999999997 ms
118,2070.299999999999 ms
118,2072.1999999999994 ms
118,2073.549999999999 ms
118,2117.9499999999994 ms
118,2121.149999999999 ms
118,2141.7999999999997 ms
118,2156.299999999999 ms
118,2159.399999999999 ms
118,2161.5499999999997 ms
118,2168.1 ms
118,2168.599999999999 ms
118,2180.4499999999994 ms
118,2190.4499999999994 ms
118,2198.9499999999994 ms
118,2213.399999999999 ms
118,2216.6999999999994 ms
118,2231.049999999999 ms
118,2269.9999999999986 ms
118,2274.2499999999995 ms
118,2283.599999999999 ms
118,2303.149999999999 ms
118,2307.599999999999 ms
118,2314.799999999999 ms
118,2317.8999999999983 ms
118,2350.899999999999 ms
118,2350.9999999999986 ms
118,2375.599999999998 ms
118,2389.3999999999983 ms
118,2409.299999999999 ms
118,2431.799999999999 ms
118,2447.299999999999 ms
118,2459.2499999999986 ms
118,2463.2499999999986 ms
118,2474.149999999999 ms
118,2474.6499999999983 ms
118,2484.349999999998 ms
118,2507.6999999999985 ms
118,2511.4999999999986 ms
118,2521.149999999999 ms
118,2543.599999999999 ms
118,2549.4999999999986 ms
118,2550.399999999999 ms
118,2565.799999999999 ms
118,2569.1499999999983 ms
118,2573.099999999998 ms
118,2584.7499999999986 ms
118,2590.349999999998 ms
118,2612.2499999999986 ms
118,2652.6999999999985 ms
118,2656.6999999999985 ms
118,2660.6499999999983 ms
118,2673.6999999999985 ms
118,2691.7499999999986 ms
118,2696.149999999999 ms
118,2718.4499999999994 ms
118,2720.2499999999995 ms
118,2727.899999999999 ms
118,2729.399999999999 ms
118,2748.599999999999 ms
118,2791.2499999999995 ms
118,2801.399999999999 ms
118,2808.399999999999 ms
118,2814.2999999999997 ms
118,2820.9499999999994 ms
118,2839.9999999999995 ms
118,2859.2999999999997 ms
118,2873.7999999999997 ms
118,2909.0499999999997 ms
118,2928.9500000000003 ms
118,2932.5000000000005 ms
118,2935.7000000000003 ms
118,2935.85 ms
118,2947.35 ms
118,2956.7500000000005 ms
118,2964.15 ms
118,2973.65 ms
118,2982.9500000000003 ms
118,2988.0499999999997 ms
118,2994.7499999999995 ms
118,2998.4499999999994 ms
118,3022.2999999999997 ms
118,3036.9999999999995 ms
118,3050.9999999999995 ms
118,3052.2999999999997 ms
118,3062.1 ms
118,3063.5499999999997 ms
118,3066.85 ms
118,3090.1999999999994 ms
118,3117.2000000000003 ms
118,3188.9499999999994 ms
118,3198.6 ms
118,3200.0000000000005 ms
118,3226.6 ms
118,3226.6999999999994 ms
118,3240.149999999999 ms
118,3247.9 ms
118,3250.649999999999 ms
118,3257.849999999999 ms
118,3270.1 ms
118,3344.599999999999 ms
118,3356.2499999999995 ms
118,3407.9 ms
118,3422.2499999999995 ms
118,3425.0499999999997 ms
118,3451.0499999999997 ms
118,3468.35 ms
118,3484.6999999999994 ms
118,3487.7000000000003 ms
118,3494.0000000000005 ms
118,3522.4999999999995 ms
118,3529.15 ms
118,3540.8000000000006 ms
118,3553.7500000000005 ms
118,3560.2000000000003 ms
118,3601.2500000000005 ms
118,3607.15 ms
118,3611.0500000000006 ms
118,3622.2500000000005 ms
118,3626.1 ms
118,3627.6 ms
118,3639.0499999999997 ms
118,3640.2000000000003 ms
118,3652.4 ms
118,3677.35 ms
118,3686.349999999999 ms
118,3687.4499999999994 ms
118,3690.35 ms
118,3692.7499999999995 ms
118,3715.2499999999995 ms
118,3716.599999999999 ms
118,3719.35 ms
118,3720.349999999999 ms
118,3725.1 ms
118,3740.099999999999 ms
118,3743.549999999999 ms
118,3744.6999999999994 ms
118,3745.6 ms
118,3749.9499999999994 ms
118,3768.799999999999 ms
118,3789.849999999999 ms
118,3796.85 ms
118,3812.9499999999994 ms
118,3814.1999999999994 ms
118,3827.4999999999995 ms
118,3842.849999999999 ms
118,3880.1 ms
118,3910.7499999999995 ms
118,3922.65 ms
118,3932.0499999999997 ms
118,3950.399999999999 ms
118,3971.1999999999994 ms
118,3988.9999999999995 ms
118,3996.15 ms
119,2.1 ms
119,3.4999999999999996 ms
119,14.149999999999999 ms
119,14.399999999999999 ms
119,26.35 ms
119,40.800000000000004 ms
119,49.00000000000001 ms
119,60.70000000000001 ms
119,60.90000000000001 ms
119,88.70000000000002 ms
119,101.70000000000002 ms
119,103.00000000000003 ms
119,116.30000000000001 ms
119,121.45000000000002 ms
119,128.95000000000002 ms
119,132.35000000000005 ms
119,169.35 ms
119,199.35000000000005 ms
119,235.65000000000006 ms
119,267.85 ms
119,272.80000000000007 ms
119,302.80000000000007 ms
119,305.9 ms
119,312.85 ms
119,317.30000000000007 ms
119,332.9 ms
119,338.80000000000007 ms
119,345.75 ms
119,353.35 ms
119,377.5 ms
119,389.1 ms
119,396.4 ms
119,402.85 ms
119,404.70000000000005 ms
119,447.45000000000005 ms
119,451.95000000000005 ms
119,467.1500000000001 ms
119,476.70000000000005 ms
119,490.05000000000007 ms
119,493.30000000000007 ms
119,515.7500000000001 ms
119,519.0500000000001 ms
119,519.1999999999999 ms
119,532.65 ms
119,543.4499999999999 ms
119,555.4 ms
119,569.6500000000002 ms
119,580.0500000000001 ms
119,585.5500000000001 ms
119,588.3000000000001 ms
119,591.85 ms
119,593.8000000000001 ms
119,595.85 ms
119,598.7499999999999 ms
119,615.85 ms
119,621.15 ms
119,631.2500000000001 ms
119,635.15 ms
119,649.85 ms
119,653.2000000000002 ms
119,660.6500000000002 ms
119,667.3500000000003 ms
119,671.6500000000002 ms
119,678.5000000000001 ms
119,685.7500000000001 ms
119,691.7000000000002 ms
119,705.5500000000003 ms
119,722.5000000000003 ms
119,729.8500000000003 ms
119,731.1500000000002 ms
119,731.7000000000002 ms
119,732.6 ms
119,737.15 ms
119,758.4499999999999 ms
119,767.0500000000001 ms
119,775.0500000000001 ms
119,816.2500000000001 ms
119,829.1000000000003 ms
119,858.2000000000002 ms
119,874.9500000000002 ms
119,884.2500000000001 ms
119,885.65 ms
119,909.35 ms
119,914.4500000000002 ms
119,964.1 ms
119,971.5000000000001 ms
119,972.15 ms
119,974.3000000000001 ms
119,984.85 ms
119,988.0500000000001 ms
119,997.1 ms
119,1019.2499999999999 ms
119,1021.1999999999999 ms
119,1033.0500000000002 ms
119,1054.9499999999998 ms
119,1070.6000000000004 ms
119,1076.9 ms
119,1082.2000000000003 ms
119,1124.25 ms
119,1145.15 ms
119,1150.1 ms
119,1203.2000000000003 ms
119,1222.2999999999997 ms
119,1223.4 ms
119,1225.2999999999997 ms
119,1239.25 ms
119,1258.35 ms
119,1259.0 ms
119,1271.0500000000002 ms
119,1308.6499999999996 ms
119,1308.9499999999998 ms
119,1334.35 ms
119,1346.1 ms
119,1361.4 ms
119,1378.15 ms
119,1415.1999999999998 ms
119,1441.9499999999998 ms
119,1457.25 ms
119,1470.2999999999997 ms
119,1476.0499999999997 ms
119,1490.0499999999997 ms
119,1498.6499999999996 ms
119,1511.5499999999997 ms
119,1533.1499999999996 ms
119,1546.9499999999998 ms
119,1553.2499999999995 ms
119,1558.1499999999996 ms
119,1567.3999999999996 ms
119,1594.6499999999996 ms
119,1594.9999999999995 ms
119,1595.3999999999996 ms
119,1595.9499999999998 ms
119,1608.9499999999998 ms
119,1617.5999999999995 ms
119,1629.0999999999995 ms
119,1630.5999999999995 ms
119,1653.1999999999998 ms
119,1671.5999999999995 ms
119,1696.1499999999996 ms
119,1700.5499999999997 ms
119,1729.6999999999998 ms
119,1757.9499999999998 ms
119,1765.4499999999998 ms
119,1787.8999999999996 ms
119,1796.1 ms
119,1805.9 ms
119,1818.7499999999995 ms
119,1837.5499999999997 ms
119,1847.2999999999997 ms
119,1859.9999999999995 ms
119,1861.6999999999998 ms
119,1866.0499999999997 ms
119,1885.7499999999995 ms
119,1886.2999999999997 ms
119,1887.85 ms
119,1892.85 ms
119,1898.0499999999997 ms
119,1910.4999999999995 ms
119,1918.0499999999997 ms
119,1920.2499999999995 ms
119,1920.5499999999997 ms
119,1920.7999999999997 ms
119,1936.1999999999998 ms
119,1936.7999999999997 ms
119,1967.3999999999996 ms
119,1996.0999999999995 ms
119,2019.75 ms
119,2022.0499999999997 ms
119,2031.1999999999998 ms
119,2040.5 ms
119,2061.3999999999996 ms
119,2075.0499999999993 ms
119,2080.7999999999993 ms
119,2130.75 ms
119,2138.5999999999995 ms
119,2141.5499999999993 ms
119,2161.749999999999 ms
119,2196.3499999999995 ms
119,2225.5499999999984 ms
119,2228.0999999999995 ms
119,2242.8499999999995 ms
119,2242.949999999999 ms
119,2249.449999999999 ms
119,2249.949999999999 ms
119,2253.449999999999 ms
119,2255.199999999999 ms
119,2257.3999999999987 ms
119,2258.699999999999 ms
119,2270.749999999999 ms
119,2283.6499999999987 ms
119,2285.6499999999987 ms
119,2293.2 ms
119,2301.7999999999993 ms
119,2326.5999999999995 ms
119,2345.3499999999995 ms
119,2345.999999999999 ms
119,2349.499999999999 ms
119,2360.8999999999996 ms
119,2363.7999999999993 ms
119,2381.0 ms
119,2384.5499999999993 ms
119,2398.2999999999993 ms
119,2404.45 ms
119,2409.3 ms
119,2424.8499999999995 ms
119,2429.1500000000005 ms
119,2436.2 ms
119,2438.000000000001 ms
119,2452.9000000000005 ms
119,2457.1000000000004 ms
119,2469.75 ms
119,2489.6000000000004 ms
119,2499.3500000000004 ms
119,2508.3 ms
119,2563.3 ms
119,2589.5 ms
119,2591.2 ms
119,2597.55 ms
119,2627.55 ms
119,2628.999999999999 ms
119,2629.45 ms
119,2656.5499999999993 ms
119,2682.6499999999996 ms
119,2687.8499999999985 ms
119,2688.1499999999996 ms
119,2690.6499999999996 ms
119,2717.249999999999 ms
119,2734.0999999999995 ms
119,2750.449999999999 ms
119,2751.499999999999 ms
119,2779.8499999999995 ms
119,2799.0999999999995 ms
119,2800.199999999999 ms
119,2802.3499999999985 ms
119,2841.1499999999996 ms
119,2847.3999999999996 ms
119,2855.3499999999985 ms
119,2857.8499999999985 ms
119,2866.6499999999996 ms
119,2869.249999999999 ms
119,2881.0999999999995 ms
119,2886.7999999999984 ms
119,2903.3999999999987 ms
119,2952.749999999999 ms
119,2986.449999999998 ms
119,3013.199999999998 ms
119,3014.1499999999987 ms
119,3014.499999999998 ms
119,3016.699999999998 ms
119,3023.949999999998 ms
119,3038.0999999999976 ms
119,3048.1499999999987 ms
119,3062.999999999998 ms
119,3064.699999999998 ms
119,3077.649999999998 ms
119,3099.0999999999976 ms
119,3109.8499999999976 ms
119,3146.4999999999973 ms
119,3146.7499999999973 ms
119,3157.199999999998 ms
119,3175.649999999997 ms
119,3188.5499999999975 ms
119,3194.9999999999973 ms
119,3205.2999999999975 ms
119,3221.699999999997 ms
119,3230.5499999999975 ms
119,3246.399999999998 ms
119,3250.9999999999973 ms
119,3255.949999999997 ms
119,3275.449999999997 ms
119,3283.949999999997 ms
119,3300.2999999999975 ms
119,3301.0499999999975 ms
119,3302.199999999997 ms
119,3312.4999999999973 ms
119,3317.0499999999975 ms
119,3345.449999999997 ms
119,3349.199999999997 ms
119,3360.7999999999975 ms
119,3385.199999999997 ms
119,3387.999999999998 ms
119,3404.0499999999975 ms
119,3404.399999999998 ms
119,3417.999999999998 ms
119,3428.249999999998 ms
119,3436.2999999999975 ms
119,3446.749999999998 ms
119,3478.899999999998 ms
119,3481.649999999998 ms
119,3564.249999999998 ms
119,3564.3499999999976 ms
119,3571.149999999998 ms
119,3607.2999999999975 ms
119,3627.199999999998 ms
119,3639.7999999999984 ms
119,3641.899999999998 ms
119,3673.149999999998 ms
119,3676.699999999998 ms
119,3697.3499999999976 ms
119,3719.8499999999976 ms
119,3724.2999999999984 ms
119,3729.8499999999976 ms
119,3740.8999999999987 ms
119,3780.749999999998 ms
119,3782.899999999998 ms
119,3790.499999999998 ms
119,3813.2999999999984 ms
119,3815.6499999999987 ms
119,3835.249999999998 ms
119,3835.499999999998 ms
119,3838.2999999999984 ms
119,3839.3999999999987 ms
119,3852.5499999999984 ms
119,3888.449999999998 ms
119,3910.499999999999 ms
119,3911.8499999999985 ms
119,3912.499999999998 ms
119,3914.5499999999993 ms
119,3941.8999999999987 ms
119,3946.6499999999987 ms
119,3946.7999999999984 ms
119,3967.8499999999995 ms
119,3972.8499999999995 ms
119,3978.5999999999995 ms
119,3989.949999999999 ms
119,3992.0499999999993 ms
119,3997.3999999999987 ms
120,14.3 ms
120,14.45 ms
120,16.55 ms
120,27.150000000000002 ms
120,45.150000000000006 ms
120,46.900000000000006 ms
120,50.85000000000001 ms
120,79.05000000000003 ms
120,80.55 ms
120,88.7 ms
120,94.05 ms
120,100.05000000000003 ms
120,111.15000000000002 ms
120,111.45 ms
120,115.35000000000001 ms
120,119.55000000000003 ms
120,132.65000000000003 ms
120,135.3 ms
120,144.95 ms
120,169.10000000000002 ms
120,201.85000000000002 ms
120,203.5 ms
120,206.40000000000003 ms
120,210.85000000000002 ms
120,214.05 ms
120,230.2 ms
120,236.35000000000002 ms
120,236.45000000000005 ms
120,237.3 ms
120,248.2 ms
120,256.65000000000003 ms
120,311.75000000000006 ms
120,312.45 ms
120,313.75000000000006 ms
120,317.6000000000001 ms
120,321.3 ms
120,321.40000000000003 ms
120,321.7000000000001 ms
120,358.0500000000001 ms
120,373.90000000000015 ms
120,376.3000000000001 ms
120,386.9500000000001 ms
120,404.8000000000001 ms
120,431.00000000000006 ms
120,451.1000000000001 ms
120,452.2000000000001 ms
120,469.6000000000001 ms
120,473.9500000000001 ms
120,496.75000000000017 ms
120,531.5000000000002 ms
120,542.7000000000003 ms
120,545.0000000000002 ms
120,563.8500000000001 ms
120,576.9500000000003 ms
120,577.8500000000004 ms
120,594.8000000000002 ms
120,619.6500000000003 ms
120,624.0000000000002 ms
120,631.4500000000005 ms
120,636.2000000000005 ms
120,658.2000000000005 ms
120,662.0500000000004 ms
120,664.6000000000004 ms
120,666.1000000000004 ms
120,673.8000000000004 ms
120,732.9000000000003 ms
120,750.1500000000003 ms
120,803.2000000000005 ms
120,830.2000000000005 ms
120,835.6000000000004 ms
120,844.2000000000003 ms
120,849.7500000000005 ms
120,863.7500000000005 ms
120,876.9500000000003 ms
120,895.3000000000004 ms
120,896.7500000000005 ms
120,909.5500000000004 ms
120,910.5000000000005 ms
120,928.7000000000005 ms
120,932.9500000000005 ms
120,940.8000000000004 ms
120,943.4500000000005 ms
120,944.1000000000006 ms
120,947.0500000000004 ms
120,980.9000000000005 ms
120,981.2500000000005 ms
120,1005.0000000000005 ms
120,1034.7500000000005 ms
120,1038.7000000000003 ms
120,1046.3000000000006 ms
120,1054.65 ms
120,1068.4500000000003 ms
120,1085.0500000000002 ms
120,1103.1000000000004 ms
120,1108.25 ms
120,1114.0500000000002 ms
120,1114.8500000000004 ms
120,1121.0 ms
120,1125.5 ms
120,1135.1000000000004 ms
120,1148.0 ms
120,1161.0 ms
120,1177.75 ms
120,1198.1000000000004 ms
120,1202.5 ms
120,1210.5500000000002 ms
120,1241.8000000000002 ms
120,1244.2000000000003 ms
120,1250.2000000000003 ms
120,1250.8000000000002 ms
120,1259.7000000000003 ms
120,1261.3500000000004 ms
120,1286.4500000000003 ms
120,1286.8000000000002 ms
120,1288.25 ms
120,1324.1500000000005 ms
120,1325.75 ms
120,1330.6500000000005 ms
120,1333.4500000000003 ms
120,1350.15 ms
120,1359.8000000000006 ms
120,1371.9500000000003 ms
120,1372.1500000000005 ms
120,1379.6500000000005 ms
120,1390.4000000000005 ms
120,1418.1500000000005 ms
120,1439.4500000000007 ms
120,1441.6000000000004 ms
120,1460.3500000000004 ms
120,1461.3000000000006 ms
120,1463.7000000000007 ms
120,1469.1000000000008 ms
120,1472.650000000001 ms
120,1480.650000000001 ms
120,1490.3500000000008 ms
120,1505.400000000001 ms
120,1511.650000000001 ms
120,1516.150000000001 ms
120,1555.5000000000005 ms
120,1570.8500000000008 ms
120,1580.7500000000005 ms
120,1596.5000000000005 ms
120,1607.2000000000007 ms
120,1609.1000000000008 ms
120,1627.500000000001 ms
120,1630.4500000000007 ms
120,1650.7000000000007 ms
120,1659.250000000001 ms
120,1665.400000000001 ms
120,1674.150000000001 ms
120,1690.2000000000012 ms
120,1715.3500000000008 ms
120,1727.4500000000012 ms
120,1729.3500000000008 ms
120,1731.2500000000014 ms
120,1741.150000000001 ms
120,1770.7000000000012 ms
120,1821.300000000001 ms
120,1871.7000000000012 ms
120,1891.300000000001 ms
120,1910.550000000001 ms
120,1911.6000000000013 ms
120,1923.800000000001 ms
120,1935.3500000000013 ms
120,1959.250000000001 ms
120,1970.9000000000015 ms
120,1971.1500000000015 ms
120,1986.800000000001 ms
120,1987.7000000000016 ms
120,1995.1500000000015 ms
120,2003.1000000000013 ms
120,2017.5000000000018 ms
120,2022.0000000000018 ms
120,2030.7000000000016 ms
120,2056.0500000000015 ms
120,2061.650000000001 ms
120,2063.0000000000014 ms
120,2071.400000000002 ms
120,2072.3500000000017 ms
120,2078.700000000001 ms
120,2083.5000000000014 ms
120,2088.5500000000015 ms
120,2112.1000000000017 ms
120,2118.400000000002 ms
120,2119.2500000000014 ms
120,2124.700000000001 ms
120,2137.5000000000014 ms
120,2142.950000000001 ms
120,2185.3500000000017 ms
120,2202.8000000000015 ms
120,2206.3500000000017 ms
120,2208.7500000000023 ms
120,2218.400000000002 ms
120,2225.3500000000017 ms
120,2228.7500000000023 ms
120,2244.7500000000014 ms
120,2251.8000000000015 ms
120,2263.900000000002 ms
120,2268.2500000000014 ms
120,2270.3500000000017 ms
120,2276.400000000002 ms
120,2291.200000000002 ms
120,2301.2500000000023 ms
120,2306.3000000000025 ms
120,2318.200000000003 ms
120,2336.0500000000025 ms
120,2345.200000000003 ms
120,2356.900000000003 ms
120,2360.2500000000023 ms
120,2390.650000000003 ms
120,2395.2500000000023 ms
120,2406.950000000002 ms
120,2408.450000000002 ms
120,2424.1000000000026 ms
120,2436.450000000002 ms
120,2440.0500000000015 ms
120,2457.0500000000025 ms
120,2458.150000000002 ms
120,2476.200000000002 ms
120,2477.3000000000015 ms
120,2483.0500000000025 ms
120,2527.700000000002 ms
120,2553.900000000002 ms
120,2555.8000000000025 ms
120,2568.7500000000023 ms
120,2574.450000000002 ms
120,2580.700000000001 ms
120,2582.650000000001 ms
120,2598.3000000000015 ms
120,2643.450000000002 ms
120,2648.150000000002 ms
120,2687.6000000000017 ms
120,2717.600000000001 ms
120,2720.8000000000006 ms
120,2723.2500000000005 ms
120,2724.5000000000014 ms
120,2729.7500000000005 ms
120,2731.850000000001 ms
120,2748.7000000000003 ms
120,2782.350000000001 ms
120,2793.150000000001 ms
120,2801.900000000001 ms
120,2806.600000000001 ms
120,2811.2500000000014 ms
120,2851.600000000001 ms
120,2863.0000000000014 ms
120,2863.100000000001 ms
120,2904.5500000000006 ms
120,2916.950000000001 ms
120,2928.0500000000006 ms
120,2928.950000000001 ms
120,2935.2500000000014 ms
120,2945.400000000001 ms
120,2946.100000000001 ms
120,2951.7500000000014 ms
120,2958.350000000001 ms
120,2965.4500000000003 ms
120,2983.4 ms
120,3002.1 ms
120,3013.600000000001 ms
120,3020.2000000000003 ms
120,3027.7999999999997 ms
120,3033.7000000000003 ms
120,3044.5000000000005 ms
120,3062.7500000000005 ms
120,3068.85 ms
120,3097.15 ms
120,3101.400000000001 ms
120,3110.450000000001 ms
120,3111.150000000001 ms
120,3133.450000000001 ms
120,3146.100000000001 ms
120,3150.150000000001 ms
120,3169.100000000001 ms
120,3183.100000000001 ms
120,3188.850000000001 ms
120,3224.3000000000006 ms
120,3225.950000000001 ms
120,3228.100000000001 ms
120,3235.5000000000014 ms
120,3249.900000000001 ms
120,3252.8000000000015 ms
120,3258.150000000001 ms
120,3305.7500000000005 ms
120,3309.350000000001 ms
120,3316.5000000000014 ms
120,3319.850000000001 ms
120,3324.900000000001 ms
120,3336.150000000001 ms
120,3341.600000000001 ms
120,3345.2000000000003 ms
120,3355.450000000001 ms
120,3356.4500000000003 ms
120,3358.2500000000005 ms
120,3381.2500000000014 ms
120,3390.8000000000015 ms
120,3398.0500000000006 ms
120,3421.950000000001 ms
120,3425.8000000000006 ms
120,3436.350000000001 ms
120,3445.450000000001 ms
120,3474.450000000001 ms
120,3479.200000000001 ms
120,3509.1000000000017 ms
120,3517.650000000002 ms
120,3519.5500000000015 ms
120,3532.900000000001 ms
120,3533.100000000001 ms
120,3533.2500000000014 ms
120,3536.400000000002 ms
120,3542.3000000000015 ms
120,3558.950000000002 ms
120,3559.1000000000017 ms
120,3561.400000000002 ms
120,3562.400000000002 ms
120,3563.8000000000025 ms
120,3564.3000000000015 ms
120,3592.950000000002 ms
120,3608.950000000002 ms
120,3616.5500000000015 ms
120,3640.8500000000017 ms
120,3645.7500000000023 ms
120,3646.5000000000023 ms
120,3648.1000000000017 ms
120,3648.900000000002 ms
120,3653.5000000000023 ms
120,3660.2500000000023 ms
120,3666.2500000000023 ms
120,3684.8000000000025 ms
120,3704.8500000000026 ms
120,3715.0500000000025 ms
120,3719.650000000002 ms
120,3724.7500000000023 ms
120,3736.150000000003 ms
120,3744.3000000000025 ms
120,3766.3000000000025 ms
120,3776.150000000002 ms
120,3776.3000000000025 ms
120,3795.0500000000025 ms
120,3806.5500000000025 ms
120,3820.150000000002 ms
120,3836.2500000000023 ms
120,3839.6000000000017 ms
120,3859.7500000000023 ms
120,3862.8500000000017 ms
120,3865.700000000002 ms
120,3912.950000000002 ms
120,3967.7500000000023 ms
120,3974.0500000000025 ms
120,3980.200000000003 ms
121,21.0 ms
121,27.299999999999997 ms
121,29.900000000000006 ms
121,34.95 ms
121,41.55 ms
121,64.5 ms
121,65.0 ms
121,85.35 ms
121,85.9 ms
121,94.85 ms
121,97.1 ms
121,104.79999999999998 ms
121,105.35 ms
121,134.2 ms
121,148.59999999999997 ms
121,148.7 ms
121,171.95 ms
121,174.45 ms
121,200.14999999999998 ms
121,214.79999999999995 ms
121,271.54999999999995 ms
121,284.4 ms
121,287.35 ms
121,309.9 ms
121,310.44999999999993 ms
121,313.0 ms
121,314.0 ms
121,319.65 ms
121,322.15 ms
121,334.75 ms
121,394.65 ms
121,408.29999999999995 ms
121,408.4 ms
121,413.35 ms
121,419.9999999999999 ms
121,420.4999999999999 ms
121,425.1 ms
121,436.19999999999993 ms
121,468.0 ms
121,515.65 ms
121,522.9499999999999 ms
121,533.2499999999999 ms
121,554.35 ms
121,568.3000000000001 ms
121,572.7999999999998 ms
121,581.3499999999998 ms
121,583.0499999999998 ms
121,612.15 ms
121,618.6999999999999 ms
121,628.9499999999999 ms
121,635.0999999999998 ms
121,649.6999999999999 ms
121,656.6999999999999 ms
121,657.4 ms
121,679.2999999999998 ms
121,718.6999999999999 ms
121,721.7499999999999 ms
121,724.4499999999999 ms
121,725.4499999999999 ms
121,745.0999999999998 ms
121,806.7499999999999 ms
121,807.0499999999998 ms
121,826.0999999999998 ms
121,828.1499999999997 ms
121,854.8999999999997 ms
121,856.8999999999997 ms
121,899.8499999999998 ms
121,912.8999999999997 ms
121,916.9999999999999 ms
121,923.6999999999999 ms
121,924.4999999999999 ms
121,931.9499999999999 ms
121,938.5999999999998 ms
121,971.3999999999997 ms
121,980.5499999999996 ms
121,981.4999999999997 ms
121,1006.4999999999999 ms
121,1025.4999999999995 ms
121,1030.6 ms
121,1032.35 ms
121,1050.6999999999994 ms
121,1054.6999999999994 ms
121,1094.2999999999997 ms
121,1097.7499999999995 ms
121,1125.0499999999997 ms
121,1126.0999999999995 ms
121,1147.4999999999995 ms
121,1158.8499999999995 ms
121,1161.1999999999994 ms
121,1179.5499999999993 ms
121,1203.6499999999992 ms
121,1214.499999999999 ms
121,1228.1499999999992 ms
121,1253.3999999999992 ms
121,1258.849999999999 ms
121,1269.4499999999994 ms
121,1279.2999999999988 ms
121,1310.249999999999 ms
121,1320.949999999999 ms
121,1327.449999999999 ms
121,1339.8999999999992 ms
121,1366.0499999999993 ms
121,1383.0499999999993 ms
121,1383.999999999999 ms
121,1397.8499999999995 ms
121,1412.999999999999 ms
121,1413.3999999999996 ms
121,1416.6999999999994 ms
121,1442.8499999999995 ms
121,1447.6499999999996 ms
121,1449.1499999999996 ms
121,1456.249999999999 ms
121,1468.0999999999995 ms
121,1472.199999999999 ms
121,1485.5499999999993 ms
121,1504.2999999999993 ms
121,1524.5499999999993 ms
121,1527.599999999999 ms
121,1534.6499999999992 ms
121,1545.6499999999992 ms
121,1548.1499999999992 ms
121,1560.2499999999986 ms
121,1570.2499999999986 ms
121,1580.449999999999 ms
121,1583.849999999999 ms
121,1592.1499999999992 ms
121,1627.9999999999986 ms
121,1637.449999999999 ms
121,1663.6499999999987 ms
121,1673.499999999999 ms
121,1689.449999999999 ms
121,1719.099999999999 ms
121,1730.2999999999988 ms
121,1748.249999999999 ms
121,1779.3999999999992 ms
121,1781.599999999999 ms
121,1785.8999999999992 ms
121,1798.8999999999992 ms
121,1803.499999999999 ms
121,1818.199999999999 ms
121,1836.8499999999995 ms
121,1839.749999999999 ms
121,1842.6499999999996 ms
121,1853.1499999999996 ms
121,1860.6999999999994 ms
121,1889.4499999999994 ms
121,1893.6499999999992 ms
121,1904.3999999999992 ms
121,1909.6999999999994 ms
121,1913.3499999999995 ms
121,1916.7999999999993 ms
121,1924.5999999999995 ms
121,1936.4999999999995 ms
121,1969.2499999999995 ms
121,1980.6999999999994 ms
121,2013.7999999999997 ms
121,2041.1499999999992 ms
121,2047.6499999999992 ms
121,2067.2499999999995 ms
121,2075.349999999999 ms
121,2084.7499999999995 ms
121,2091.0499999999997 ms
121,2131.5499999999997 ms
121,2133.2000000000003 ms
121,2142.2999999999997 ms
121,2142.899999999999 ms
121,2154.7499999999995 ms
121,2186.849999999999 ms
121,2218.399999999999 ms
121,2232.9499999999994 ms
121,2246.7000000000003 ms
121,2251.0000000000005 ms
121,2262.0500000000006 ms
121,2271.65 ms
121,2279.9999999999995 ms
121,2302.1 ms
121,2318.15 ms
121,2327.9500000000003 ms
121,2329.7500000000005 ms
121,2331.35 ms
121,2358.5499999999997 ms
121,2415.7000000000003 ms
121,2455.2500000000005 ms
121,2477.2000000000003 ms
121,2482.65 ms
121,2506.5500000000006 ms
121,2509.9500000000003 ms
121,2524.2999999999997 ms
121,2558.4 ms
121,2558.7499999999995 ms
121,2571.2999999999997 ms
121,2580.85 ms
121,2591.9500000000003 ms
121,2618.65 ms
121,2621.4500000000003 ms
121,2621.5499999999997 ms
121,2633.2499999999995 ms
121,2651.1 ms
121,2659.0000000000005 ms
121,2670.4 ms
121,2675.4500000000003 ms
121,2680.0000000000005 ms
121,2690.5500000000006 ms
121,2700.5000000000005 ms
121,2704.150000000001 ms
121,2710.5000000000005 ms
121,2716.5000000000005 ms
121,2724.900000000001 ms
121,2735.0500000000006 ms
121,2741.7500000000005 ms
121,2750.7500000000005 ms
121,2757.4500000000003 ms
121,2775.7000000000003 ms
121,2786.7000000000003 ms
121,2787.0499999999997 ms
121,2809.9999999999995 ms
121,2846.4 ms
121,2851.9999999999995 ms
121,2875.1999999999994 ms
121,2888.4999999999995 ms
121,2890.2500000000005 ms
121,2906.3000000000006 ms
121,2920.7500000000005 ms
121,2929.35 ms
121,2940.4 ms
121,2958.4500000000003 ms
121,2961.850000000001 ms
121,2977.2500000000005 ms
121,2979.0500000000006 ms
121,2991.950000000001 ms
121,2993.7500000000014 ms
121,3004.3000000000015 ms
121,3022.6000000000017 ms
121,3027.0000000000014 ms
121,3036.950000000001 ms
121,3092.6000000000017 ms
121,3096.3000000000015 ms
121,3102.7500000000014 ms
121,3129.400000000001 ms
121,3142.5000000000005 ms
121,3143.4500000000003 ms
121,3151.3000000000006 ms
121,3161.3000000000006 ms
121,3161.850000000001 ms
121,3163.2500000000014 ms
121,3166.2500000000005 ms
121,3173.150000000001 ms
121,3186.950000000001 ms
121,3204.3500000000017 ms
121,3204.7500000000014 ms
121,3212.5000000000014 ms
121,3222.5000000000014 ms
121,3237.700000000001 ms
121,3245.200000000001 ms
121,3249.3500000000017 ms
121,3278.2500000000014 ms
121,3294.2500000000014 ms
121,3296.200000000001 ms
121,3303.150000000001 ms
121,3305.350000000001 ms
121,3310.600000000001 ms
121,3319.5000000000014 ms
121,3328.0500000000015 ms
121,3335.1000000000017 ms
121,3338.400000000002 ms
121,3347.6000000000017 ms
121,3357.3000000000015 ms
121,3374.8000000000006 ms
121,3388.0000000000005 ms
121,3390.350000000001 ms
121,3391.2000000000003 ms
121,3401.0500000000006 ms
121,3415.4 ms
121,3426.0500000000006 ms
121,3430.950000000001 ms
121,3445.7000000000003 ms
121,3446.850000000001 ms
121,3490.150000000001 ms
121,3493.600000000001 ms
121,3507.0500000000006 ms
121,3515.350000000001 ms
121,3553.900000000001 ms
121,3556.8000000000015 ms
121,3557.5500000000006 ms
121,3575.700000000001 ms
121,3582.950000000001 ms
121,3586.450000000001 ms
121,3586.6000000000017 ms
121,3594.100000000001 ms
121,3595.6000000000017 ms
121,3613.3000000000015 ms
121,3631.700000000001 ms
121,3643.0500000000006 ms
121,3663.100000000001 ms
121,3675.2500000000014 ms
121,3675.450000000001 ms
121,3683.0000000000014 ms
121,3691.450000000001 ms
121,3728.5000000000014 ms
121,3728.600000000001 ms
121,3731.5500000000006 ms
121,3737.8000000000015 ms
121,3738.8000000000006 ms
121,3755.650000000001 ms
121,3770.400000000001 ms
121,3783.850000000001 ms
121,3790.850000000001 ms
121,3793.900000000001 ms
121,3808.400000000001 ms
121,3817.3000000000015 ms
121,3838.1000000000017 ms
121,3856.2500000000014 ms
121,3861.400000000002 ms
121,3873.3000000000015 ms
121,3883.1000000000017 ms
121,3898.0500000000015 ms
121,3901.950000000002 ms
121,3923.8500000000017 ms
121,3930.6000000000017 ms
121,3935.3500000000017 ms
121,3935.650000000002 ms
121,3972.700000000002 ms
121,3974.1000000000026 ms
121,3996.400000000003 ms
122,0.2 ms
122,7.999999999999999 ms
122,23.950000000000003 ms
122,37.1 ms
122,41.15 ms
122,44.699999999999996 ms
122,53.09999999999999 ms
122,60.699999999999996 ms
122,71.15 ms
122,71.49999999999997 ms
122,80.94999999999999 ms
122,83.75 ms
122,86.75 ms
122,97.69999999999999 ms
122,107.89999999999998 ms
122,120.44999999999999 ms
122,124.69999999999999 ms
122,126.69999999999999 ms
122,130.3 ms
122,154.5 ms
122,169.95 ms
122,170.39999999999998 ms
122,198.2 ms
122,217.55 ms
122,225.89999999999998 ms
122,247.75 ms
122,249.54999999999995 ms
122,262.45 ms
122,272.55 ms
122,297.3500000000001 ms
122,305.2000000000001 ms
122,321.00000000000006 ms
122,330.75000000000006 ms
122,346.5500000000001 ms
122,347.15000000000015 ms
122,359.3000000000001 ms
122,359.65000000000015 ms
122,369.40000000000003 ms
122,388.6000000000001 ms
122,417.3500000000001 ms
122,433.40000000000015 ms
122,453.00000000000017 ms
122,454.1000000000002 ms
122,473.15000000000015 ms
122,510.75000000000017 ms
122,544.3500000000001 ms
122,546.3500000000001 ms
122,548.0000000000002 ms
122,554.9000000000001 ms
122,573.75 ms
122,593.75 ms
122,631.0 ms
122,641.4000000000001 ms
122,642.3500000000001 ms
122,643.0500000000002 ms
122,651.3500000000001 ms
122,652.8000000000002 ms
122,662.0000000000002 ms
122,670.5500000000002 ms
122,685.5000000000002 ms
122,685.8000000000002 ms
122,688.1000000000001 ms
122,690.0500000000002 ms
122,698.3500000000001 ms
122,737.7500000000002 ms
122,783.7 ms
122,784.4000000000003 ms
122,797.0000000000002 ms
122,814.9500000000003 ms
122,816.9500000000003 ms
122,859.9000000000003 ms
122,866.8500000000004 ms
122,874.4500000000003 ms
122,880.4500000000003 ms
122,881.1000000000004 ms
122,881.5500000000004 ms
122,896.3500000000004 ms
122,913.4500000000003 ms
122,917.7000000000003 ms
122,919.5000000000005 ms
122,925.6000000000004 ms
122,933.2500000000005 ms
122,941.3500000000004 ms
122,958.1500000000003 ms
122,963.6500000000003 ms
122,974.4000000000003 ms
122,986.1500000000003 ms
122,993.3500000000004 ms
122,1006.7000000000003 ms
122,1011.3000000000004 ms
122,1024.8000000000004 ms
122,1044.5000000000007 ms
122,1070.3500000000006 ms
122,1096.8500000000001 ms
122,1099.1500000000003 ms
122,1115.5500000000004 ms
122,1123.8500000000001 ms
122,1144.2500000000002 ms
122,1147.2000000000005 ms
122,1153.6500000000008 ms
122,1158.7500000000007 ms
122,1160.4000000000008 ms
122,1165.2500000000007 ms
122,1166.2500000000002 ms
122,1169.6000000000001 ms
122,1171.5500000000004 ms
122,1189.9000000000003 ms
122,1214.1500000000003 ms
122,1229.9000000000003 ms
122,1267.3000000000004 ms
122,1338.2500000000007 ms
122,1368.4000000000008 ms
122,1375.9500000000005 ms
122,1376.2000000000005 ms
122,1378.3000000000004 ms
122,1388.6500000000003 ms
122,1403.6000000000006 ms
122,1411.7000000000005 ms
122,1420.0500000000004 ms
122,1425.3500000000001 ms
122,1431.7500000000002 ms
122,1438.55 ms
122,1442.0500000000004 ms
122,1469.1000000000001 ms
122,1477.1000000000001 ms
122,1499.1000000000001 ms
122,1503.6000000000001 ms
122,1518.1000000000001 ms
122,1550.5500000000004 ms
122,1573.1500000000003 ms
122,1581.3000000000004 ms
122,1611.0000000000002 ms
122,1611.4500000000005 ms
122,1615.4000000000003 ms
122,1618.7500000000002 ms
122,1673.8 ms
122,1675.6499999999999 ms
122,1678.3500000000001 ms
122,1680.0500000000004 ms
122,1692.3 ms
122,1734.0500000000004 ms
122,1747.7500000000002 ms
122,1751.3500000000001 ms
122,1757.8000000000004 ms
122,1766.9000000000003 ms
122,1773.1000000000001 ms
122,1776.0500000000004 ms
122,1776.4000000000003 ms
122,1778.0500000000004 ms
122,1791.0000000000002 ms
122,1802.2000000000005 ms
122,1817.95 ms
122,1861.3 ms
122,1867.3000000000004 ms
122,1886.05 ms
122,1888.3999999999999 ms
122,1894.95 ms
122,1895.3 ms
122,1899.5000000000002 ms
122,1921.2 ms
122,1948.7499999999998 ms
122,1948.95 ms
122,1958.7 ms
122,1963.3500000000001 ms
122,1975.3500000000001 ms
122,1977.3000000000004 ms
122,1984.6500000000003 ms
122,2013.95 ms
122,2054.3 ms
122,2062.5 ms
122,2063.5 ms
122,2077.3 ms
122,2102.6500000000005 ms
122,2103.5 ms
122,2116.6499999999996 ms
122,2136.55 ms
122,2142.6000000000004 ms
122,2174.6500000000005 ms
122,2177.3500000000004 ms
122,2206.05 ms
122,2217.1500000000005 ms
122,2217.3 ms
122,2235.2 ms
122,2270.1500000000005 ms
122,2274.9000000000005 ms
122,2275.55 ms
122,2278.25 ms
122,2282.8 ms
122,2288.55 ms
122,2293.9000000000005 ms
122,2324.8499999999995 ms
122,2325.8 ms
122,2329.55 ms
122,2357.8 ms
122,2360.05 ms
122,2362.249999999999 ms
122,2370.8499999999995 ms
122,2381.2 ms
122,2397.3999999999987 ms
122,2399.3499999999995 ms
122,2412.8999999999987 ms
122,2447.5999999999995 ms
122,2459.0499999999984 ms
122,2471.3999999999987 ms
122,2485.2999999999984 ms
122,2516.5499999999984 ms
122,2525.499999999999 ms
122,2526.5999999999985 ms
122,2534.8999999999987 ms
122,2557.999999999999 ms
122,2613.5999999999985 ms
122,2616.2999999999984 ms
122,2626.749999999998 ms
122,2640.3499999999985 ms
122,2653.0499999999975 ms
122,2669.499999999998 ms
122,2671.449999999997 ms
122,2692.249999999998 ms
122,2694.249999999998 ms
122,2711.449999999997 ms
122,2729.249999999998 ms
122,2734.0999999999976 ms
122,2735.649999999998 ms
122,2751.5999999999976 ms
122,2763.199999999998 ms
122,2765.199999999998 ms
122,2769.5499999999975 ms
122,2784.8499999999976 ms
122,2785.0999999999976 ms
122,2786.0499999999975 ms
122,2792.2499999999973 ms
122,2815.7499999999973 ms
122,2818.8499999999976 ms
122,2831.7499999999973 ms
122,2833.7999999999975 ms
122,2838.2999999999975 ms
122,2857.5499999999975 ms
122,2858.149999999998 ms
122,2860.2499999999973 ms
122,2861.649999999997 ms
122,2868.4999999999973 ms
122,2886.2499999999973 ms
122,2895.5499999999975 ms
122,2914.0499999999975 ms
122,2930.0499999999975 ms
122,2955.449999999997 ms
122,2969.7999999999975 ms
122,2974.0999999999976 ms
122,2976.7499999999973 ms
122,2998.8499999999976 ms
122,2999.199999999998 ms
122,3020.8499999999976 ms
122,3039.7499999999973 ms
122,3050.8499999999976 ms
122,3052.5999999999976 ms
122,3058.2499999999973 ms
122,3073.9999999999973 ms
122,3076.2499999999973 ms
122,3105.0499999999984 ms
122,3123.699999999998 ms
122,3126.699999999998 ms
122,3130.749999999998 ms
122,3149.8499999999985 ms
122,3150.649999999998 ms
122,3175.649999999998 ms
122,3180.0999999999985 ms
122,3207.5499999999975 ms
122,3217.2999999999975 ms
122,3220.199999999998 ms
122,3265.449999999998 ms
122,3323.149999999998 ms
122,3325.999999999998 ms
122,3328.5499999999975 ms
122,3365.3499999999985 ms
122,3371.999999999998 ms
122,3373.699999999998 ms
122,3379.499999999998 ms
122,3416.649999999998 ms
122,3419.699999999999 ms
122,3420.149999999998 ms
122,3422.2999999999984 ms
122,3440.3999999999987 ms
122,3446.5999999999976 ms
122,3449.8499999999976 ms
122,3452.449999999998 ms
122,3455.949999999998 ms
122,3460.749999999998 ms
122,3475.7999999999984 ms
122,3481.5499999999984 ms
122,3501.0999999999985 ms
122,3511.2999999999984 ms
122,3512.0499999999984 ms
122,3522.0999999999985 ms
122,3544.499999999998 ms
122,3556.0499999999993 ms
122,3558.6499999999987 ms
122,3568.3999999999987 ms
122,3577.8999999999987 ms
122,3602.199999999999 ms
122,3603.8499999999985 ms
122,3609.999999999999 ms
122,3629.999999999999 ms
122,3630.5499999999993 ms
122,3656.999999999999 ms
122,3659.6499999999987 ms
122,3678.5999999999995 ms
122,3689.999999999999 ms
122,3691.0999999999995 ms
122,3692.449999999999 ms
122,3700.499999999999 ms
122,3708.8499999999995 ms
122,3726.3499999999995 ms
122,3755.249999999999 ms
122,3768.999999999999 ms
122,3778.1499999999987 ms
122,3780.749999999999 ms
122,3798.999999999999 ms
122,3800.8999999999987 ms
122,3818.5499999999993 ms
122,3823.8499999999995 ms
122,3834.1499999999996 ms
122,3855.2 ms
122,3892.5999999999995 ms
122,3898.5999999999995 ms
122,3910.3 ms
122,3917.3 ms
122,3936.45 ms
122,3961.3 ms
122,3961.5999999999995 ms
122,3991.45 ms
123,4.65 ms
123,5.6 ms
123,20.15 ms
123,22.500000000000007 ms
123,41.850000000000016 ms
123,55.85 ms
123,62.25000000000001 ms
123,68.05000000000001 ms
123,93.5 ms
123,106.65000000000003 ms
123,130.95000000000002 ms
123,139.54999999999998 ms
123,170.20000000000002 ms
123,182.54999999999998 ms
123,182.9 ms
123,202.95000000000002 ms
123,208.85000000000005 ms
123,211.6 ms
123,235.00000000000003 ms
123,236.00000000000003 ms
123,236.65000000000006 ms
123,251.4 ms
123,258.6500000000001 ms
123,263.1 ms
123,287.5 ms
123,296.9 ms
123,318.85 ms
123,326.9999999999999 ms
123,327.85 ms
123,338.44999999999993 ms
123,355.85 ms
123,364.29999999999995 ms
123,372.3499999999999 ms
123,376.0 ms
123,392.04999999999995 ms
123,404.94999999999993 ms
123,412.15 ms
123,421.44999999999993 ms
123,421.9999999999999 ms
123,428.9 ms
123,433.8499999999999 ms
123,436.14999999999986 ms
123,437.89999999999986 ms
123,438.0 ms
123,439.8499999999999 ms
123,456.4 ms
123,467.5 ms
123,468.75 ms
123,483.70000000000005 ms
123,500.54999999999995 ms
123,505.1 ms
123,506.65 ms
123,524.3000000000001 ms
123,531.9499999999999 ms
123,534.8000000000001 ms
123,538.6 ms
123,545.8000000000001 ms
123,547.1999999999999 ms
123,558.9500000000002 ms
123,570.0500000000001 ms
123,590.6500000000002 ms
123,594.8500000000003 ms
123,612.3000000000003 ms
123,614.4500000000002 ms
123,620.0000000000001 ms
123,627.2500000000001 ms
123,627.4 ms
123,628.3000000000001 ms
123,655.1500000000002 ms
123,681.3500000000003 ms
123,695.9000000000002 ms
123,711.8000000000001 ms
123,720.8000000000001 ms
123,732.35 ms
123,735.15 ms
123,752.7500000000001 ms
123,756.3000000000001 ms
123,798.2999999999998 ms
123,802.7499999999999 ms
123,808.65 ms
123,835.1 ms
123,849.35 ms
123,864.1 ms
123,865.5500000000001 ms
123,869.3000000000001 ms
123,872.6999999999999 ms
123,893.1 ms
123,911.4500000000002 ms
123,934.5500000000001 ms
123,965.85 ms
123,969.7499999999999 ms
123,997.5499999999998 ms
123,998.8499999999998 ms
123,1014.2999999999998 ms
123,1024.7000000000003 ms
123,1048.9500000000003 ms
123,1051.25 ms
123,1054.5 ms
123,1057.1 ms
123,1068.7999999999997 ms
123,1077.15 ms
123,1092.6 ms
123,1094.9 ms
123,1096.4499999999998 ms
123,1107.6499999999996 ms
123,1139.35 ms
123,1150.15 ms
123,1154.15 ms
123,1170.6999999999998 ms
123,1172.0499999999997 ms
123,1180.35 ms
123,1181.1999999999994 ms
123,1186.0499999999997 ms
123,1188.4499999999994 ms
123,1190.35 ms
123,1242.2499999999995 ms
123,1281.65 ms
123,1289.4999999999995 ms
123,1312.15 ms
123,1318.1 ms
123,1321.15 ms
123,1321.4 ms
123,1322.2999999999997 ms
123,1330.6 ms
123,1343.35 ms
123,1348.4 ms
123,1351.5499999999997 ms
123,1354.9500000000003 ms
123,1362.15 ms
123,1363.85 ms
123,1367.15 ms
123,1368.25 ms
123,1372.4 ms
123,1403.4500000000003 ms
123,1455.15 ms
123,1459.75 ms
123,1477.3000000000002 ms
123,1483.5500000000002 ms
123,1487.8000000000002 ms
123,1507.5500000000002 ms
123,1518.0 ms
123,1523.4499999999998 ms
123,1528.3500000000004 ms
123,1537.0500000000002 ms
123,1542.5 ms
123,1550.8000000000002 ms
123,1552.15 ms
123,1559.0500000000002 ms
123,1562.3500000000004 ms
123,1574.6000000000004 ms
123,1614.65 ms
123,1618.35 ms
123,1678.85 ms
123,1680.5500000000002 ms
123,1719.7000000000003 ms
123,1731.7500000000005 ms
123,1740.5000000000005 ms
123,1744.4 ms
123,1748.6000000000004 ms
123,1778.1000000000004 ms
123,1778.4000000000005 ms
123,1779.1500000000005 ms
123,1790.6000000000004 ms
123,1839.0000000000005 ms
123,1847.2500000000005 ms
123,1860.1000000000004 ms
123,1878.6000000000004 ms
123,1881.3000000000002 ms
123,1887.1500000000005 ms
123,1891.9000000000005 ms
123,1898.0 ms
123,1903.1000000000004 ms
123,1922.65 ms
123,1935.9 ms
123,1951.75 ms
123,1981.65 ms
123,1986.85 ms
123,2015.5500000000002 ms
123,2049.8 ms
123,2055.2 ms
123,2063.05 ms
123,2063.2 ms
123,2077.9000000000005 ms
123,2085.6500000000005 ms
123,2110.95 ms
123,2168.6500000000005 ms
123,2170.95 ms
123,2173.8500000000004 ms
123,2176.4000000000005 ms
123,2188.9500000000007 ms
123,2198.6500000000005 ms
123,2200.05 ms
123,2207.250000000001 ms
123,2216.4000000000005 ms
123,2230.7000000000007 ms
123,2234.2000000000007 ms
123,2235.750000000001 ms
123,2259.4000000000005 ms
123,2279.6500000000005 ms
123,2284.9500000000016 ms
123,2302.500000000001 ms
123,2314.500000000001 ms
123,2318.250000000001 ms
123,2341.500000000001 ms
123,2348.4000000000015 ms
123,2352.6000000000013 ms
123,2361.750000000001 ms
123,2412.300000000002 ms
123,2412.800000000002 ms
123,2416.1000000000013 ms
123,2420.6000000000013 ms
123,2427.4000000000024 ms
123,2454.050000000002 ms
123,2519.500000000002 ms
123,2539.4500000000016 ms
123,2539.6000000000013 ms
123,2557.250000000002 ms
123,2559.9000000000015 ms
123,2562.050000000002 ms
123,2575.4000000000024 ms
123,2611.6000000000013 ms
123,2612.800000000002 ms
123,2619.4500000000016 ms
123,2625.9500000000016 ms
123,2648.3500000000013 ms
123,2654.9000000000024 ms
123,2695.9500000000016 ms
123,2696.600000000002 ms
123,2705.550000000002 ms
123,2706.2000000000016 ms
123,2725.550000000002 ms
123,2728.9500000000016 ms
123,2740.4000000000024 ms
123,2750.1000000000013 ms
123,2751.6000000000013 ms
123,2779.1500000000024 ms
123,2808.4000000000024 ms
123,2831.500000000002 ms
123,2832.850000000002 ms
123,2853.000000000002 ms
123,2858.050000000002 ms
123,2867.750000000002 ms
123,2874.4500000000016 ms
123,2884.800000000002 ms
123,2888.000000000001 ms
123,2890.1000000000013 ms
123,2902.750000000001 ms
123,2906.800000000002 ms
123,2926.000000000001 ms
123,2937.800000000002 ms
123,2943.3500000000013 ms
123,2958.3500000000013 ms
123,2961.7000000000016 ms
123,2963.7000000000016 ms
123,2991.9000000000015 ms
123,3019.300000000001 ms
123,3028.7000000000016 ms
123,3053.250000000002 ms
123,3055.800000000002 ms
123,3076.300000000002 ms
123,3086.100000000002 ms
123,3092.6500000000024 ms
123,3117.9000000000024 ms
123,3120.050000000002 ms
123,3130.800000000002 ms
123,3153.850000000003 ms
123,3168.550000000002 ms
123,3168.7000000000025 ms
123,3197.050000000003 ms
123,3209.7000000000025 ms
123,3212.9500000000025 ms
123,3216.7000000000025 ms
123,3222.050000000003 ms
123,3228.2000000000025 ms
123,3236.800000000003 ms
123,3240.600000000002 ms
123,3259.2500000000027 ms
123,3295.550000000003 ms
123,3296.850000000003 ms
123,3316.7000000000035 ms
123,3324.100000000003 ms
123,3335.4000000000033 ms
123,3338.4500000000035 ms
123,3344.5000000000036 ms
123,3348.850000000004 ms
123,3359.850000000004 ms
123,3386.600000000004 ms
123,3392.4000000000033 ms
123,3393.9000000000033 ms
123,3411.300000000004 ms
123,3431.7500000000036 ms
123,3433.0000000000036 ms
123,3433.9000000000033 ms
123,3440.7500000000036 ms
123,3450.350000000004 ms
123,3452.800000000003 ms
123,3465.7500000000036 ms
123,3471.850000000003 ms
123,3479.7500000000027 ms
123,3487.9000000000033 ms
123,3499.9000000000033 ms
123,3528.1500000000033 ms
123,3534.100000000003 ms
123,3535.1500000000033 ms
123,3550.300000000003 ms
123,3558.350000000004 ms
123,3560.550000000003 ms
123,3582.4000000000033 ms
123,3598.850000000003 ms
123,3607.4500000000035 ms
123,3609.050000000003 ms
123,3615.0000000000027 ms
123,3623.050000000003 ms
123,3624.1500000000033 ms
123,3652.7000000000025 ms
123,3656.5000000000036 ms
123,3660.7500000000036 ms
123,3666.6500000000033 ms
123,3681.350000000003 ms
123,3705.4000000000033 ms
123,3725.850000000003 ms
123,3738.850000000003 ms
123,3744.5000000000027 ms
123,3759.9000000000033 ms
123,3782.9500000000035 ms
123,3819.7000000000035 ms
123,3837.850000000003 ms
123,3857.150000000004 ms
123,3863.350000000003 ms
123,3873.100000000003 ms
123,3883.150000000004 ms
123,3900.7500000000036 ms
123,3904.7500000000036 ms
123,3908.9000000000033 ms
123,3922.800000000004 ms
123,3933.2500000000036 ms
123,3971.300000000004 ms
123,3977.100000000004 ms
123,3987.800000000004 ms
124,64.05 ms
124,70.14999999999999 ms
124,79.3 ms
124,87.25000000000001 ms
124,90.99999999999999 ms
124,98.75000000000001 ms
124,111.7 ms
124,124.3 ms
124,126.2 ms
124,130.35000000000002 ms
124,144.05 ms
124,150.90000000000003 ms
124,155.34999999999997 ms
124,158.84999999999997 ms
124,162.7 ms
124,169.09999999999997 ms
124,171.95 ms
124,193.64999999999998 ms
124,195.75 ms
124,213.44999999999993 ms
124,216.04999999999995 ms
124,226.09999999999997 ms
124,231.14999999999998 ms
124,232.84999999999997 ms
124,234.79999999999995 ms
124,244.39999999999998 ms
124,260.59999999999997 ms
124,260.7999999999999 ms
124,262.4499999999999 ms
124,283.3999999999999 ms
124,287.5499999999999 ms
124,294.6499999999999 ms
124,303.0499999999999 ms
124,314.6499999999999 ms
124,332.45 ms
124,343.84999999999997 ms
124,352.7999999999999 ms
124,357.9499999999999 ms
124,360.49999999999994 ms
124,364.7999999999999 ms
124,367.0499999999999 ms
124,386.7999999999999 ms
124,406.1999999999999 ms
124,409.7999999999999 ms
124,424.74999999999983 ms
124,444.9499999999999 ms
124,462.99999999999994 ms
124,467.2999999999999 ms
124,509.84999999999997 ms
124,512.25 ms
124,524.6499999999999 ms
124,544.9499999999998 ms
124,546.4499999999998 ms
124,551.8499999999999 ms
124,553.4999999999998 ms
124,569.3999999999999 ms
124,571.5499999999997 ms
124,578.6999999999998 ms
124,584.7499999999995 ms
124,591.2499999999995 ms
124,606.3499999999997 ms
124,609.8999999999996 ms
124,618.7999999999997 ms
124,641.2999999999997 ms
124,642.7499999999995 ms
124,647.8499999999997 ms
124,652.2999999999997 ms
124,657.2499999999998 ms
124,678.0499999999997 ms
124,699.3999999999996 ms
124,705.2999999999997 ms
124,732.7999999999997 ms
124,751.3499999999997 ms
124,774.6999999999996 ms
124,794.4499999999996 ms
124,809.5999999999997 ms
124,818.0499999999997 ms
124,847.0499999999997 ms
124,871.4999999999998 ms
124,884.2999999999997 ms
124,889.6999999999998 ms
124,900.1999999999998 ms
124,919.7499999999995 ms
124,948.0499999999997 ms
124,950.6999999999996 ms
124,973.3499999999997 ms
124,986.1999999999996 ms
124,997.6999999999996 ms
124,1004.0999999999997 ms
124,1033.7499999999995 ms
124,1039.6999999999994 ms
124,1039.8999999999996 ms
124,1066.2999999999997 ms
124,1069.4999999999995 ms
124,1118.2999999999997 ms
124,1118.85 ms
124,1133.1 ms
124,1141.0499999999997 ms
124,1143.35 ms
124,1147.85 ms
124,1169.1499999999996 ms
124,1174.1999999999998 ms
124,1191.2999999999993 ms
124,1200.2999999999993 ms
124,1205.2499999999995 ms
124,1233.4999999999995 ms
124,1250.0999999999995 ms
124,1274.0999999999995 ms
124,1277.8499999999995 ms
124,1287.2499999999995 ms
124,1307.3499999999995 ms
124,1316.8499999999995 ms
124,1340.8499999999995 ms
124,1371.6499999999996 ms
124,1452.3499999999995 ms
124,1459.6999999999994 ms
124,1499.3499999999995 ms
124,1526.0999999999995 ms
124,1531.5499999999993 ms
124,1552.4499999999998 ms
124,1559.4499999999998 ms
124,1567.5499999999993 ms
124,1580.0999999999995 ms
124,1582.1999999999994 ms
124,1588.5499999999993 ms
124,1590.1499999999992 ms
124,1602.3999999999992 ms
124,1620.849999999999 ms
124,1621.3999999999992 ms
124,1626.1999999999994 ms
124,1626.8999999999992 ms
124,1644.1999999999994 ms
124,1650.499999999999 ms
124,1651.349999999999 ms
124,1653.7999999999988 ms
124,1669.0499999999988 ms
124,1680.099999999999 ms
124,1696.849999999999 ms
124,1701.2999999999988 ms
124,1703.249999999999 ms
124,1768.599999999999 ms
124,1780.5499999999988 ms
124,1795.749999999999 ms
124,1799.2999999999993 ms
124,1809.499999999999 ms
124,1813.8999999999992 ms
124,1818.599999999999 ms
124,1820.9499999999994 ms
124,1836.099999999999 ms
124,1840.0499999999993 ms
124,1868.3999999999992 ms
124,1868.499999999999 ms
124,1868.599999999999 ms
124,1876.3999999999992 ms
124,1879.2999999999988 ms
124,1879.8999999999992 ms
124,1880.1499999999992 ms
124,1882.099999999999 ms
124,1896.499999999999 ms
124,1934.7999999999993 ms
124,1939.849999999999 ms
124,1951.249999999999 ms
124,1953.099999999999 ms
124,1971.7999999999988 ms
124,2064.449999999999 ms
124,2081.8499999999985 ms
124,2141.8499999999985 ms
124,2144.699999999999 ms
124,2145.449999999999 ms
124,2172.499999999999 ms
124,2179.8499999999995 ms
124,2187.1499999999987 ms
124,2192.2 ms
124,2196.999999999999 ms
124,2219.499999999999 ms
124,2222.3 ms
124,2240.499999999999 ms
124,2244.5999999999995 ms
124,2249.5499999999993 ms
124,2257.199999999999 ms
124,2261.3999999999996 ms
124,2278.699999999999 ms
124,2287.3499999999995 ms
124,2300.0999999999995 ms
124,2329.95 ms
124,2336.6499999999987 ms
124,2350.749999999999 ms
124,2354.449999999999 ms
124,2369.5499999999993 ms
124,2376.499999999998 ms
124,2387.249999999998 ms
124,2392.2999999999993 ms
124,2402.6499999999987 ms
124,2423.499999999999 ms
124,2450.5499999999984 ms
124,2468.949999999999 ms
124,2471.499999999999 ms
124,2481.449999999999 ms
124,2484.3999999999987 ms
124,2515.8999999999987 ms
124,2525.5999999999985 ms
124,2526.7999999999984 ms
124,2555.3499999999985 ms
124,2556.1499999999987 ms
124,2560.249999999999 ms
124,2572.3999999999987 ms
124,2583.7999999999984 ms
124,2589.5999999999995 ms
124,2594.2999999999984 ms
124,2607.3999999999987 ms
124,2619.199999999999 ms
124,2629.1499999999987 ms
124,2629.6499999999987 ms
124,2657.249999999999 ms
124,2663.8999999999987 ms
124,2680.0499999999984 ms
124,2688.1499999999987 ms
124,2705.2999999999984 ms
124,2735.8499999999995 ms
124,2749.3999999999987 ms
124,2750.1499999999987 ms
124,2760.999999999999 ms
124,2781.699999999999 ms
124,2783.8499999999985 ms
124,2786.3499999999985 ms
124,2790.5499999999993 ms
124,2801.249999999998 ms
124,2810.1499999999987 ms
124,2812.3499999999985 ms
124,2828.0499999999984 ms
124,2860.1499999999987 ms
124,2884.949999999998 ms
124,2910.2999999999984 ms
124,2913.699999999998 ms
124,2919.749999999999 ms
124,2968.699999999998 ms
124,2977.199999999998 ms
124,2998.749999999999 ms
124,3008.8999999999987 ms
124,3012.3999999999987 ms
124,3018.499999999999 ms
124,3021.949999999998 ms
124,3066.949999999998 ms
124,3073.249999999999 ms
124,3077.499999999999 ms
124,3085.249999999999 ms
124,3091.8999999999987 ms
124,3094.699999999999 ms
124,3131.499999999999 ms
124,3156.3999999999987 ms
124,3160.0999999999995 ms
124,3161.8999999999987 ms
124,3164.5499999999993 ms
124,3170.8499999999995 ms
124,3185.8999999999996 ms
124,3190.8499999999995 ms
124,3221.5999999999995 ms
124,3237.499999999999 ms
124,3258.3499999999995 ms
124,3277.7 ms
124,3293.249999999999 ms
124,3311.999999999999 ms
124,3325.95 ms
124,3368.8999999999987 ms
124,3397.8499999999995 ms
124,3399.199999999999 ms
124,3405.5499999999993 ms
124,3410.0999999999985 ms
124,3413.949999999999 ms
124,3434.3499999999985 ms
124,3496.5499999999993 ms
124,3509.5499999999993 ms
124,3531.199999999999 ms
124,3534.3499999999985 ms
124,3537.999999999999 ms
124,3569.6499999999987 ms
124,3572.999999999999 ms
124,3577.8499999999995 ms
124,3621.5999999999995 ms
124,3624.2999999999984 ms
124,3625.8499999999995 ms
124,3644.2999999999984 ms
124,3647.1499999999987 ms
124,3651.249999999999 ms
124,3664.999999999999 ms
124,3665.949999999998 ms
124,3666.749999999999 ms
124,3674.199999999998 ms
124,3703.249999999999 ms
124,3733.749999999999 ms
124,3738.3499999999985 ms
124,3745.0499999999984 ms
124,3784.749999999998 ms
124,3787.499999999998 ms
124,3797.0999999999985 ms
124,3817.0999999999985 ms
124,3817.449999999998 ms
124,3829.949999999998 ms
124,3842.449999999998 ms
124,3843.149999999998 ms
124,3846.5499999999975 ms
124,3885.7999999999975 ms
124,3887.999999999998 ms
124,3889.8499999999976 ms
124,3944.3499999999976 ms
124,3944.5499999999975 ms
124,3951.7999999999975 ms
124,3959.3499999999976 ms
124,3959.949999999998 ms
124,3972.2999999999975 ms
124,3990.4999999999973 ms
125,7.4 ms
125,18.300000000000004 ms
125,49.199999999999996 ms
125,52.24999999999999 ms
125,66.35 ms
125,74.65 ms
125,78.19999999999999 ms
125,88.19999999999999 ms
125,91.69999999999999 ms
125,93.54999999999998 ms
125,105.1 ms
125,128.64999999999998 ms
125,153.34999999999997 ms
125,166.64999999999998 ms
125,170.0 ms
125,176.19999999999993 ms
125,184.09999999999997 ms
125,204.84999999999997 ms
125,207.45 ms
125,228.89999999999998 ms
125,236.64999999999998 ms
125,241.39999999999998 ms
125,243.89999999999998 ms
125,245.04999999999995 ms
125,249.29999999999995 ms
125,256.79999999999995 ms
125,262.75 ms
125,284.25 ms
125,293.14999999999986 ms
125,303.8499999999999 ms
125,321.69999999999993 ms
125,328.65 ms
125,357.29999999999984 ms
125,362.7499999999999 ms
125,384.3499999999999 ms
125,392.04999999999995 ms
125,403.64999999999986 ms
125,408.04999999999995 ms
125,412.4999999999999 ms
125,426.19999999999993 ms
125,454.04999999999984 ms
125,498.7499999999999 ms
125,506.54999999999984 ms
125,507.2499999999999 ms
125,508.9999999999999 ms
125,519.6999999999999 ms
125,528.3000000000001 ms
125,546.9 ms
125,558.65 ms
125,576.6 ms
125,586.4 ms
125,602.6 ms
125,603.8000000000001 ms
125,671.6500000000002 ms
125,673.6000000000003 ms
125,702.9000000000002 ms
125,759.0000000000001 ms
125,768.5500000000001 ms
125,808.6 ms
125,813.7000000000002 ms
125,815.85 ms
125,825.65 ms
125,827.85 ms
125,871.9500000000002 ms
125,881.35 ms
125,893.4999999999999 ms
125,895.4 ms
125,906.7999999999998 ms
125,917.3000000000001 ms
125,919.6 ms
125,944.6999999999999 ms
125,979.7499999999999 ms
125,989.7499999999999 ms
125,1008.1 ms
125,1022.5500000000001 ms
125,1036.4499999999998 ms
125,1036.9499999999998 ms
125,1043.8500000000004 ms
125,1044.9 ms
125,1066.9500000000003 ms
125,1072.5499999999997 ms
125,1159.25 ms
125,1159.35 ms
125,1169.4499999999998 ms
125,1192.6999999999998 ms
125,1199.5 ms
125,1225.3499999999995 ms
125,1228.1999999999998 ms
125,1229.7499999999995 ms
125,1230.4999999999995 ms
125,1231.8999999999996 ms
125,1239.4999999999995 ms
125,1264.6999999999994 ms
125,1266.9499999999994 ms
125,1275.9999999999995 ms
125,1285.8999999999996 ms
125,1287.5499999999997 ms
125,1290.3999999999996 ms
125,1290.9999999999995 ms
125,1294.6999999999994 ms
125,1304.6999999999994 ms
125,1311.7499999999995 ms
125,1312.6499999999996 ms
125,1323.4499999999998 ms
125,1352.0999999999995 ms
125,1359.7999999999997 ms
125,1378.35 ms
125,1399.1999999999994 ms
125,1404.6999999999994 ms
125,1423.9499999999994 ms
125,1427.7499999999995 ms
125,1445.3499999999995 ms
125,1481.6999999999994 ms
125,1481.8499999999995 ms
125,1486.7499999999995 ms
125,1493.3999999999996 ms
125,1515.8499999999995 ms
125,1542.6499999999996 ms
125,1543.4499999999998 ms
125,1562.0499999999993 ms
125,1564.2999999999993 ms
125,1570.5499999999993 ms
125,1582.0999999999995 ms
125,1584.7499999999995 ms
125,1586.0999999999995 ms
125,1596.8499999999995 ms
125,1611.9999999999995 ms
125,1616.3999999999996 ms
125,1628.6999999999998 ms
125,1630.8999999999996 ms
125,1659.5499999999997 ms
125,1677.1 ms
125,1680.2499999999995 ms
125,1680.9499999999998 ms
125,1700.6499999999996 ms
125,1703.5500000000002 ms
125,1728.1999999999998 ms
125,1729.25 ms
125,1740.15 ms
125,1747.7000000000003 ms
125,1787.75 ms
125,1813.9 ms
125,1820.5500000000002 ms
125,1838.7000000000003 ms
125,1838.8000000000002 ms
125,1841.4500000000003 ms
125,1862.15 ms
125,1867.15 ms
125,1867.4500000000003 ms
125,1879.4 ms
125,1889.65 ms
125,1937.9 ms
125,1976.7500000000005 ms
125,1987.65 ms
125,2013.0500000000006 ms
125,2023.2000000000003 ms
125,2045.8500000000008 ms
125,2046.3500000000008 ms
125,2064.3000000000006 ms
125,2070.3000000000006 ms
125,2087.850000000001 ms
125,2088.3000000000006 ms
125,2106.2500000000005 ms
125,2135.6 ms
125,2138.0000000000005 ms
125,2155.1 ms
125,2165.100000000001 ms
125,2171.150000000001 ms
125,2187.100000000001 ms
125,2191.5000000000005 ms
125,2195.0500000000006 ms
125,2251.600000000001 ms
125,2253.600000000001 ms
125,2264.850000000001 ms
125,2279.2000000000003 ms
125,2291.850000000001 ms
125,2299.3000000000006 ms
125,2307.450000000001 ms
125,2316.150000000001 ms
125,2336.0500000000006 ms
125,2365.4 ms
125,2413.7000000000003 ms
125,2440.0500000000006 ms
125,2453.5000000000005 ms
125,2458.85 ms
125,2470.0499999999997 ms
125,2504.0500000000006 ms
125,2505.2999999999997 ms
125,2548.15 ms
125,2550.4 ms
125,2559.0500000000006 ms
125,2572.0000000000005 ms
125,2574.7000000000003 ms
125,2581.7500000000005 ms
125,2632.4500000000003 ms
125,2649.6 ms
125,2668.6999999999994 ms
125,2672.2499999999995 ms
125,2700.85 ms
125,2704.35 ms
125,2715.85 ms
125,2722.9 ms
125,2724.4999999999995 ms
125,2765.85 ms
125,2770.2999999999997 ms
125,2772.4999999999995 ms
125,2773.4 ms
125,2785.85 ms
125,2791.099999999999 ms
125,2837.799999999999 ms
125,2841.2499999999986 ms
125,2850.649999999999 ms
125,2863.4999999999986 ms
125,2872.9499999999985 ms
125,2897.6499999999983 ms
125,2913.149999999999 ms
125,2915.599999999999 ms
125,2925.849999999998 ms
125,2927.9499999999985 ms
125,2928.3999999999983 ms
125,2938.4499999999985 ms
125,2944.1499999999983 ms
125,2967.599999999998 ms
125,2982.599999999998 ms
125,3004.349999999998 ms
125,3031.4999999999986 ms
125,3036.2499999999977 ms
125,3052.8999999999983 ms
125,3064.1999999999985 ms
125,3077.8999999999983 ms
125,3083.9999999999977 ms
125,3086.2499999999986 ms
125,3092.049999999999 ms
125,3094.4499999999985 ms
125,3101.049999999998 ms
125,3116.9999999999977 ms
125,3120.3999999999983 ms
125,3128.599999999998 ms
125,3132.9999999999986 ms
125,3137.9499999999985 ms
125,3173.4499999999975 ms
125,3174.549999999998 ms
125,3182.6499999999974 ms
125,3184.299999999998 ms
125,3189.049999999998 ms
125,3221.9999999999977 ms
125,3223.349999999997 ms
125,3226.549999999997 ms
125,3251.1499999999974 ms
125,3266.549999999998 ms
125,3274.049999999997 ms
125,3316.299999999998 ms
125,3324.9499999999975 ms
125,3355.349999999998 ms
125,3386.299999999998 ms
125,3397.6499999999974 ms
125,3418.6999999999975 ms
125,3437.099999999998 ms
125,3437.2499999999977 ms
125,3438.299999999998 ms
125,3446.299999999998 ms
125,3461.2499999999977 ms
125,3477.099999999997 ms
125,3483.049999999997 ms
125,3528.6999999999975 ms
125,3541.849999999998 ms
125,3544.349999999997 ms
125,3559.8999999999974 ms
125,3610.349999999997 ms
125,3616.049999999997 ms
125,3641.8999999999974 ms
125,3654.9499999999975 ms
125,3660.4999999999977 ms
125,3685.299999999998 ms
125,3688.099999999998 ms
125,3691.4999999999986 ms
125,3702.349999999998 ms
125,3705.849999999998 ms
125,3722.799999999998 ms
125,3729.6499999999974 ms
125,3739.2499999999977 ms
125,3747.7499999999977 ms
125,3748.4999999999977 ms
125,3795.6999999999975 ms
125,3810.1999999999975 ms
125,3812.849999999998 ms
125,3817.7499999999977 ms
125,3822.299999999998 ms
125,3824.7499999999977 ms
125,3829.1999999999975 ms
125,3845.599999999998 ms
125,3846.599999999997 ms
125,3898.549999999997 ms
125,3902.4499999999975 ms
125,3915.799999999997 ms
125,3928.6499999999974 ms
125,3929.049999999998 ms
125,3933.4499999999975 ms
125,3936.2499999999977 ms
125,3942.299999999998 ms
125,3945.549999999998 ms
125,3950.299999999998 ms
125,3971.349999999998 ms
125,3973.6499999999983 ms
125,3991.9499999999985 ms
126,36.15 ms
126,37.25000000000001 ms
126,57.6 ms
126,61.300000000000004 ms
126,83.0 ms
126,83.1 ms
126,90.6 ms
126,128.75 ms
126,131.39999999999998 ms
126,134.95000000000005 ms
126,165.3 ms
126,184.7 ms
126,185.45 ms
126,201.2 ms
126,201.40000000000003 ms
126,204.25 ms
126,208.14999999999998 ms
126,212.0 ms
126,216.5 ms
126,235.60000000000002 ms
126,243.85000000000002 ms
126,283.1 ms
126,284.75 ms
126,285.45000000000005 ms
126,293.3499999999999 ms
126,296.0999999999999 ms
126,306.75 ms
126,308.29999999999995 ms
126,311.4 ms
126,357.19999999999993 ms
126,360.6 ms
126,362.65 ms
126,362.75 ms
126,392.95000000000005 ms
126,420.15 ms
126,435.1 ms
126,438.9 ms
126,445.25 ms
126,460.20000000000005 ms
126,486.15 ms
126,496.69999999999993 ms
126,526.35 ms
126,527.2499999999999 ms
126,531.1999999999999 ms
126,541.4999999999999 ms
126,548.65 ms
126,553.4499999999999 ms
126,568.9999999999999 ms
126,578.6 ms
126,600.5500000000001 ms
126,606.35 ms
126,614.8000000000001 ms
126,626.7500000000001 ms
126,636.0500000000001 ms
126,656.0000000000001 ms
126,659.2499999999999 ms
126,673.4499999999999 ms
126,717.9500000000002 ms
126,718.6999999999999 ms
126,740.2499999999999 ms
126,745.9499999999999 ms
126,753.0500000000001 ms
126,791.85 ms
126,799.4999999999999 ms
126,805.2500000000001 ms
126,820.9 ms
126,828.4 ms
126,851.4499999999999 ms
126,865.7499999999999 ms
126,873.5499999999998 ms
126,895.0499999999998 ms
126,906.2499999999999 ms
126,914.1499999999997 ms
126,919.9999999999999 ms
126,931.8999999999997 ms
126,937.5499999999998 ms
126,977.9999999999999 ms
126,978.2499999999999 ms
126,981.5499999999998 ms
126,984.0999999999998 ms
126,986.2499999999997 ms
126,986.7499999999999 ms
126,1015.0999999999998 ms
126,1016.2499999999997 ms
126,1023.0499999999996 ms
126,1025.4999999999995 ms
126,1027.2999999999997 ms
126,1029.7999999999997 ms
126,1059.1999999999998 ms
126,1067.8999999999996 ms
126,1071.5 ms
126,1090.0 ms
126,1094.0 ms
126,1096.25 ms
126,1112.5499999999997 ms
126,1135.85 ms
126,1168.2999999999997 ms
126,1175.6499999999996 ms
126,1177.4999999999995 ms
126,1183.0499999999997 ms
126,1197.7499999999995 ms
126,1203.2499999999995 ms
126,1220.9999999999995 ms
126,1235.5999999999995 ms
126,1238.0999999999995 ms
126,1251.7499999999995 ms
126,1287.8499999999995 ms
126,1309.2499999999995 ms
126,1322.7499999999995 ms
126,1324.4499999999994 ms
126,1340.1499999999996 ms
126,1347.8999999999996 ms
126,1356.5999999999995 ms
126,1359.9499999999998 ms
126,1405.8499999999995 ms
126,1411.5499999999997 ms
126,1412.8999999999996 ms
126,1434.6999999999998 ms
126,1441.2499999999995 ms
126,1465.6999999999994 ms
126,1467.9999999999995 ms
126,1506.4999999999995 ms
126,1530.0999999999995 ms
126,1546.9999999999995 ms
126,1562.1499999999996 ms
126,1578.1999999999998 ms
126,1618.6499999999996 ms
126,1640.4999999999995 ms
126,1656.1499999999996 ms
126,1675.6999999999998 ms
126,1692.0999999999995 ms
126,1692.5 ms
126,1697.9499999999998 ms
126,1702.75 ms
126,1704.0 ms
126,1711.0499999999997 ms
126,1712.2499999999995 ms
126,1715.4999999999995 ms
126,1716.6 ms
126,1722.2499999999995 ms
126,1748.2499999999995 ms
126,1751.9999999999995 ms
126,1758.5499999999997 ms
126,1798.7499999999995 ms
126,1801.7999999999997 ms
126,1807.6 ms
126,1811.4499999999994 ms
126,1819.6499999999996 ms
126,1829.9499999999998 ms
126,1837.2499999999995 ms
126,1842.2999999999997 ms
126,1899.0999999999995 ms
126,1900.5999999999995 ms
126,1944.0499999999993 ms
126,1949.8999999999996 ms
126,1956.0499999999993 ms
126,1981.0999999999995 ms
126,1986.4499999999994 ms
126,2007.2999999999993 ms
126,2011.7999999999993 ms
126,2049.7999999999993 ms
126,2077.0999999999995 ms
126,2099.2 ms
126,2102.5499999999993 ms
126,2106.5499999999993 ms
126,2108.8499999999995 ms
126,2129.6499999999996 ms
126,2153.7999999999993 ms
126,2155.45 ms
126,2188.0999999999995 ms
126,2189.25 ms
126,2190.6499999999996 ms
126,2192.8500000000004 ms
126,2193.8999999999996 ms
126,2194.9500000000007 ms
126,2201.8 ms
126,2227.3500000000004 ms
126,2238.3500000000004 ms
126,2246.6000000000004 ms
126,2250.6500000000005 ms
126,2252.1500000000005 ms
126,2253.750000000001 ms
126,2270.55 ms
126,2280.9500000000007 ms
126,2303.7000000000007 ms
126,2314.000000000001 ms
126,2319.1500000000005 ms
126,2373.1000000000013 ms
126,2376.55 ms
126,2381.9000000000005 ms
126,2384.8 ms
126,2390.6000000000013 ms
126,2398.750000000001 ms
126,2405.6000000000013 ms
126,2415.8500000000013 ms
126,2441.3 ms
126,2443.7000000000007 ms
126,2454.7000000000007 ms
126,2479.9000000000005 ms
126,2489.8500000000004 ms
126,2497.8500000000004 ms
126,2500.8 ms
126,2508.5 ms
126,2510.75 ms
126,2511.0 ms
126,2512.45 ms
126,2520.45 ms
126,2532.75 ms
126,2537.6499999999996 ms
126,2544.75 ms
126,2546.5 ms
126,2552.3999999999996 ms
126,2559.8999999999996 ms
126,2560.25 ms
126,2581.7 ms
126,2587.05 ms
126,2596.05 ms
126,2636.5999999999995 ms
126,2643.0999999999995 ms
126,2643.3499999999995 ms
126,2658.95 ms
126,2690.3 ms
126,2691.2 ms
126,2705.8499999999995 ms
126,2719.3 ms
126,2734.1499999999996 ms
126,2765.3499999999995 ms
126,2765.749999999999 ms
126,2776.8 ms
126,2814.8499999999995 ms
126,2816.95 ms
126,2817.25 ms
126,2822.8500000000004 ms
126,2823.1000000000004 ms
126,2830.2999999999993 ms
126,2834.3999999999996 ms
126,2838.8999999999996 ms
126,2850.0999999999995 ms
126,2888.3999999999996 ms
126,2890.5999999999995 ms
126,2919.499999999999 ms
126,2951.3499999999995 ms
126,2957.749999999999 ms
126,3033.3 ms
126,3108.7 ms
126,3111.6499999999996 ms
126,3113.6499999999996 ms
126,3116.8999999999996 ms
126,3124.3999999999996 ms
126,3131.2 ms
126,3198.8 ms
126,3202.45 ms
126,3203.25 ms
126,3208.1000000000004 ms
126,3211.0 ms
126,3222.8 ms
126,3223.0 ms
126,3226.45 ms
126,3246.8999999999996 ms
126,3248.75 ms
126,3286.5999999999995 ms
126,3291.999999999999 ms
126,3294.45 ms
126,3307.249999999999 ms
126,3320.7 ms
126,3322.7999999999993 ms
126,3323.0499999999993 ms
126,3327.3499999999995 ms
126,3356.2 ms
126,3358.6499999999987 ms
126,3362.249999999999 ms
126,3367.0499999999993 ms
126,3397.199999999999 ms
126,3403.699999999999 ms
126,3410.1499999999996 ms
126,3412.5999999999985 ms
126,3426.5499999999993 ms
126,3433.3999999999987 ms
126,3441.2999999999984 ms
126,3448.3499999999995 ms
126,3451.2999999999984 ms
126,3451.8499999999995 ms
126,3458.8499999999995 ms
126,3461.499999999999 ms
126,3484.699999999999 ms
126,3490.8499999999985 ms
126,3491.3999999999996 ms
126,3508.5499999999993 ms
126,3521.0999999999995 ms
126,3524.749999999999 ms
126,3538.7 ms
126,3579.2999999999993 ms
126,3585.749999999999 ms
126,3589.6499999999987 ms
126,3597.0499999999993 ms
126,3648.7999999999993 ms
126,3649.0499999999993 ms
126,3650.699999999999 ms
126,3651.699999999999 ms
126,3660.0499999999993 ms
126,3664.0499999999993 ms
126,3687.0999999999995 ms
126,3688.45 ms
126,3706.249999999999 ms
126,3717.499999999999 ms
126,3725.6499999999996 ms
126,3729.7999999999993 ms
126,3730.6499999999996 ms
126,3742.25 ms
126,3754.75 ms
126,3761.7999999999993 ms
126,3762.7 ms
126,3804.3999999999996 ms
126,3831.8499999999995 ms
126,3858.499999999999 ms
126,3859.5999999999995 ms
126,3861.5999999999995 ms
126,3867.5999999999995 ms
126,3882.6499999999996 ms
126,3885.1499999999996 ms
126,3888.5999999999995 ms
126,3889.999999999999 ms
126,3894.8999999999996 ms
126,3905.75 ms
126,3912.5999999999995 ms
126,3916.7 ms
126,3936.0999999999995 ms
126,3950.0499999999993 ms
126,3950.249999999999 ms
126,3958.2999999999993 ms
126,3989.249999999999 ms
126,3999.749999999999 ms
127,7.75 ms
127,11.75 ms
127,12.05 ms
127,13.600000000000001 ms
127,20.15 ms
127,35.300000000000004 ms
127,38.699999999999996 ms
127,78.20000000000002 ms
127,82.25 ms
127,98.25 ms
127,115.15 ms
127,116.80000000000001 ms
127,132.9 ms
127,134.6 ms
127,148.04999999999998 ms
127,154.6 ms
127,195.54999999999998 ms
127,215.9 ms
127,234.85 ms
127,259.94999999999993 ms
127,265.15 ms
127,273.94999999999993 ms
127,277.75 ms
127,289.4 ms
127,300.04999999999995 ms
127,313.94999999999993 ms
127,320.9999999999999 ms
127,326.65 ms
127,326.8499999999999 ms
127,340.3499999999999 ms
127,343.8499999999999 ms
127,347.04999999999995 ms
127,356.9499999999998 ms
127,357.0999999999999 ms
127,362.4999999999998 ms
127,373.14999999999986 ms
127,381.7999999999997 ms
127,386.1999999999998 ms
127,391.39999999999975 ms
127,397.14999999999975 ms
127,401.7999999999997 ms
127,412.8499999999997 ms
127,420.7499999999998 ms
127,456.0499999999997 ms
127,460.9999999999998 ms
127,488.14999999999964 ms
127,489.7499999999998 ms
127,497.9499999999997 ms
127,539.0999999999996 ms
127,549.8499999999998 ms
127,557.0499999999998 ms
127,561.7999999999996 ms
127,564.7499999999997 ms
127,574.4999999999999 ms
127,583.9499999999999 ms
127,596.4499999999997 ms
127,608.1999999999999 ms
127,608.8499999999998 ms
127,609.0499999999998 ms
127,615.7999999999998 ms
127,633.0999999999998 ms
127,646.1999999999999 ms
127,654.7499999999999 ms
127,656.4499999999999 ms
127,660.5999999999998 ms
127,667.9499999999999 ms
127,690.4499999999997 ms
127,710.1499999999997 ms
127,716.9 ms
127,731.85 ms
127,748.5999999999998 ms
127,783.4999999999999 ms
127,785.9999999999999 ms
127,816.1 ms
127,820.3499999999998 ms
127,840.1999999999999 ms
127,862.8000000000001 ms
127,863.0000000000001 ms
127,863.1 ms
127,868.7499999999999 ms
127,891.1999999999999 ms
127,894.6 ms
127,911.4500000000002 ms
127,933.0500000000001 ms
127,943.1500000000002 ms
127,955.6000000000003 ms
127,958.5000000000001 ms
127,983.0000000000001 ms
127,999.2500000000001 ms
127,1001.6000000000003 ms
127,1015.6500000000002 ms
127,1020.2000000000002 ms
127,1031.4499999999998 ms
127,1039.4 ms
127,1039.9500000000003 ms
127,1053.9 ms
127,1076.75 ms
127,1094.5 ms
127,1100.6999999999998 ms
127,1116.5 ms
127,1129.0 ms
127,1155.4499999999998 ms
127,1186.4499999999998 ms
127,1198.0500000000002 ms
127,1201.1499999999996 ms
127,1219.3000000000002 ms
127,1220.75 ms
127,1224.3000000000002 ms
127,1228.4499999999998 ms
127,1231.1000000000004 ms
127,1231.9499999999998 ms
127,1270.3000000000002 ms
127,1286.6999999999998 ms
127,1289.0500000000002 ms
127,1321.6499999999996 ms
127,1330.5 ms
127,1346.3499999999995 ms
127,1347.6499999999996 ms
127,1363.1999999999998 ms
127,1391.1999999999998 ms
127,1391.7999999999993 ms
127,1400.7999999999993 ms
127,1401.5999999999995 ms
127,1404.0999999999995 ms
127,1412.5999999999995 ms
127,1430.6499999999996 ms
127,1477.4499999999994 ms
127,1478.3999999999992 ms
127,1502.4999999999995 ms
127,1507.9999999999995 ms
127,1513.9999999999995 ms
127,1526.5499999999993 ms
127,1544.999999999999 ms
127,1563.3499999999995 ms
127,1576.0999999999995 ms
127,1587.249999999999 ms
127,1603.8999999999996 ms
127,1619.1999999999994 ms
127,1645.2999999999993 ms
127,1646.0499999999993 ms
127,1675.3499999999995 ms
127,1717.449999999999 ms
127,1721.5999999999995 ms
127,1723.5499999999993 ms
127,1733.4499999999994 ms
127,1741.3499999999995 ms
127,1751.8999999999996 ms
127,1760.2999999999993 ms
127,1767.3499999999995 ms
127,1772.1499999999996 ms
127,1779.8499999999995 ms
127,1784.8499999999995 ms
127,1803.5999999999995 ms
127,1803.6999999999994 ms
127,1824.1999999999994 ms
127,1836.9999999999995 ms
127,1837.599999999999 ms
127,1858.1999999999994 ms
127,1858.6999999999994 ms
127,1869.3999999999992 ms
127,1877.499999999999 ms
127,1889.599999999999 ms
127,1904.749999999999 ms
127,1911.449999999999 ms
127,1914.8999999999992 ms
127,1916.6499999999992 ms
127,1920.5499999999993 ms
127,1922.249999999999 ms
127,1932.249999999999 ms
127,1946.0499999999993 ms
127,1969.6499999999992 ms
127,1978.1999999999994 ms
127,1996.8999999999992 ms
127,2017.6999999999994 ms
127,2050.599999999999 ms
127,2060.899999999999 ms
127,2069.1999999999994 ms
127,2071.6 ms
127,2074.849999999999 ms
127,2074.9999999999995 ms
127,2075.7499999999995 ms
127,2095.65 ms
127,2097.2000000000003 ms
127,2116.15 ms
127,2124.2999999999997 ms
127,2127.2999999999997 ms
127,2168.2000000000003 ms
127,2169.15 ms
127,2194.149999999999 ms
127,2205.15 ms
127,2211.399999999999 ms
127,2217.4999999999995 ms
127,2225.2499999999995 ms
127,2239.15 ms
127,2241.2000000000003 ms
127,2248.2500000000005 ms
127,2266.7499999999995 ms
127,2267.2500000000005 ms
127,2320.35 ms
127,2331.15 ms
127,2331.4999999999995 ms
127,2342.4 ms
127,2342.4999999999995 ms
127,2354.85 ms
127,2373.15 ms
127,2375.4 ms
127,2396.6 ms
127,2421.6 ms
127,2433.5499999999997 ms
127,2455.4500000000003 ms
127,2458.9 ms
127,2468.7999999999997 ms
127,2488.0499999999997 ms
127,2489.7499999999995 ms
127,2490.1999999999994 ms
127,2490.799999999999 ms
127,2497.7499999999986 ms
127,2507.099999999999 ms
127,2508.4499999999985 ms
127,2556.4999999999986 ms
127,2562.399999999999 ms
127,2566.149999999999 ms
127,2569.6999999999994 ms
127,2575.049999999999 ms
127,2576.0499999999997 ms
127,2589.399999999999 ms
127,2621.9999999999986 ms
127,2646.849999999999 ms
127,2651.1999999999985 ms
127,2659.8999999999983 ms
127,2665.349999999998 ms
127,2678.9999999999986 ms
127,2692.1999999999985 ms
127,2710.9499999999985 ms
127,2718.3999999999983 ms
127,2721.2499999999977 ms
127,2729.4999999999986 ms
127,2743.2499999999977 ms
127,2749.549999999998 ms
127,2752.4999999999977 ms
127,2761.049999999998 ms
127,2797.299999999999 ms
127,2880.349999999999 ms
127,2895.599999999998 ms
127,2902.7499999999986 ms
127,2903.549999999999 ms
127,2923.799999999999 ms
127,2924.6499999999983 ms
127,2937.599999999998 ms
127,2941.4999999999986 ms
127,2950.349999999998 ms
127,2976.349999999999 ms
127,2988.099999999998 ms
127,2990.849999999999 ms
127,2998.1999999999985 ms
127,3026.299999999998 ms
127,3041.349999999998 ms
127,3043.599999999999 ms
127,3047.4499999999985 ms
127,3064.849999999999 ms
127,3071.549999999999 ms
127,3108.3999999999983 ms
127,3112.6999999999985 ms
127,3122.7499999999986 ms
127,3125.7499999999986 ms
127,3126.549999999999 ms
127,3136.799999999999 ms
127,3146.4499999999994 ms
127,3153.149999999999 ms
127,3161.049999999999 ms
127,3178.849999999999 ms
127,3209.9999999999995 ms
127,3214.349999999999 ms
127,3223.9499999999985 ms
127,3240.599999999999 ms
127,3246.9499999999985 ms
127,3271.4999999999986 ms
127,3284.849999999999 ms
127,3289.799999999999 ms
127,3295.4499999999994 ms
127,3304.9499999999985 ms
127,3329.7499999999986 ms
127,3341.049999999999 ms
127,3345.599999999999 ms
127,3372.799999999999 ms
127,3379.7999999999997 ms
127,3422.9499999999994 ms
127,3445.149999999999 ms
127,3446.149999999999 ms
127,3457.9499999999994 ms
127,3471.9499999999994 ms
127,3485.549999999999 ms
127,3501.149999999999 ms
127,3501.5499999999997 ms
127,3513.149999999999 ms
127,3516.1999999999994 ms
127,3525.7499999999995 ms
127,3539.7499999999995 ms
127,3540.7499999999995 ms
127,3549.2999999999997 ms
127,3554.2499999999995 ms
127,3558.4999999999995 ms
127,3559.7999999999997 ms
127,3570.7999999999997 ms
127,3611.2499999999995 ms
127,3623.599999999999 ms
127,3629.6 ms
127,3630.2999999999997 ms
127,3635.2499999999995 ms
127,3640.849999999999 ms
127,3652.2499999999995 ms
127,3657.599999999999 ms
127,3661.649999999999 ms
127,3680.099999999999 ms
127,3695.4999999999995 ms
127,3708.099999999999 ms
127,3718.9999999999995 ms
127,3720.5499999999997 ms
127,3741.6 ms
127,3745.9 ms
127,3747.7999999999997 ms
127,3753.7999999999997 ms
127,3754.85 ms
127,3764.7999999999997 ms
127,3775.4500000000003 ms
127,3802.0499999999997 ms
127,3814.9999999999995 ms
127,3820.65 ms
127,3825.7000000000003 ms
127,3827.85 ms
127,3839.1 ms
127,3852.1999999999994 ms
127,3855.899999999999 ms
127,3859.599999999999 ms
127,3875.049999999999 ms
127,3875.7999999999997 ms
127,3905.2499999999995 ms
127,3912.0499999999997 ms
127,3925.7499999999995 ms
127,3938.9499999999994 ms
127,3939.649999999999 ms
127,3941.9999999999986 ms
127,3967.299999999999 ms
127,3979.2499999999986 ms
127,3986.349999999998 ms
127,3987.1499999999983 ms
128,26.200000000000003 ms
128,31.400000000000006 ms
128,32.300000000000004 ms
128,36.35 ms
128,38.4 ms
128,45.75000000000001 ms
128,45.9 ms
128,55.65 ms
128,88.6 ms
128,105.79999999999998 ms
128,109.1 ms
128,123.0 ms
128,123.9 ms
128,139.35 ms
128,153.50000000000003 ms
128,179.6 ms
128,191.4 ms
128,221.85 ms
128,237.25000000000003 ms
128,246.45000000000002 ms
128,256.29999999999995 ms
128,300.95000000000005 ms
128,305.35 ms
128,317.55000000000007 ms
128,318.85 ms
128,338.9 ms
128,344.05000000000007 ms
128,355.65 ms
128,359.20000000000005 ms
128,396.80000000000007 ms
128,414.6 ms
128,421.80000000000007 ms
128,435.1 ms
128,452.20000000000016 ms
128,455.0000000000001 ms
128,457.55000000000007 ms
128,459.55000000000007 ms
128,462.0000000000001 ms
128,480.70000000000016 ms
128,485.45000000000016 ms
128,485.55000000000007 ms
128,493.4000000000002 ms
128,502.30000000000007 ms
128,507.7500000000001 ms
128,526.3500000000003 ms
128,536.6500000000002 ms
128,542.9 ms
128,548.1500000000002 ms
128,558.8500000000003 ms
128,563.4000000000002 ms
128,579.7000000000002 ms
128,584.1999999999999 ms
128,609.0500000000001 ms
128,621.6500000000002 ms
128,628.3500000000003 ms
128,628.7000000000002 ms
128,644.2500000000001 ms
128,649.3500000000003 ms
128,663.8000000000003 ms
128,674.2000000000002 ms
128,698.1500000000002 ms
128,704.2500000000003 ms
128,716.2500000000001 ms
128,716.5500000000001 ms
128,718.5500000000003 ms
128,721.2500000000003 ms
128,725.8500000000003 ms
128,739.1500000000002 ms
128,763.4500000000002 ms
128,778.8000000000003 ms
128,808.0000000000003 ms
128,849.2500000000001 ms
128,862.8000000000001 ms
128,877.7000000000002 ms
128,902.7000000000002 ms
128,909.5000000000001 ms
128,916.0500000000001 ms
128,917.5000000000001 ms
128,922.7500000000001 ms
128,936.1000000000003 ms
128,983.5500000000003 ms
128,993.9000000000002 ms
128,1003.7000000000002 ms
128,1019.35 ms
128,1024.2000000000003 ms
128,1041.0499999999997 ms
128,1042.9500000000003 ms
128,1061.35 ms
128,1069.6 ms
128,1085.0500000000002 ms
128,1089.3500000000004 ms
128,1106.3500000000004 ms
128,1106.9499999999998 ms
128,1112.9499999999998 ms
128,1119.3000000000002 ms
128,1141.3999999999996 ms
128,1177.1499999999996 ms
128,1185.1999999999998 ms
128,1235.35 ms
128,1249.5 ms
128,1254.65 ms
128,1280.0 ms
128,1285.9499999999998 ms
128,1296.9 ms
128,1298.3000000000002 ms
128,1304.0500000000002 ms
128,1319.6000000000004 ms
128,1342.6000000000004 ms
128,1364.4 ms
128,1365.0500000000002 ms
128,1397.7000000000003 ms
128,1457.6000000000004 ms
128,1459.4500000000003 ms
128,1478.0000000000005 ms
128,1485.9 ms
128,1486.2000000000003 ms
128,1503.5500000000002 ms
128,1532.0 ms
128,1536.25 ms
128,1558.0 ms
128,1581.9000000000005 ms
128,1598.3500000000004 ms
128,1650.0000000000005 ms
128,1652.6000000000004 ms
128,1671.1000000000004 ms
128,1679.3000000000002 ms
128,1681.8500000000004 ms
128,1694.1000000000004 ms
128,1700.4500000000003 ms
128,1707.9 ms
128,1717.2000000000003 ms
128,1718.4 ms
128,1780.8000000000006 ms
128,1784.7000000000003 ms
128,1803.3500000000008 ms
128,1804.1000000000008 ms
128,1843.9000000000005 ms
128,1845.6000000000004 ms
128,1862.000000000001 ms
128,1887.7000000000007 ms
128,1888.4000000000005 ms
128,1892.9500000000007 ms
128,1899.3000000000006 ms
128,1906.8000000000006 ms
128,1927.8500000000008 ms
128,1929.0000000000005 ms
128,1929.7500000000005 ms
128,1937.8000000000006 ms
128,1954.1500000000005 ms
128,1956.6000000000004 ms
128,1976.3000000000006 ms
128,1982.5500000000006 ms
128,1994.8500000000008 ms
128,1996.0500000000006 ms
128,2004.4000000000005 ms
128,2016.6500000000005 ms
128,2021.3500000000004 ms
128,2029.3000000000006 ms
128,2033.7000000000007 ms
128,2047.1500000000005 ms
128,2061.3500000000013 ms
128,2073.2000000000007 ms
128,2077.8500000000004 ms
128,2117.4000000000015 ms
128,2130.7000000000007 ms
128,2140.300000000001 ms
128,2149.050000000001 ms
128,2168.6500000000015 ms
128,2169.9500000000007 ms
128,2232.7000000000007 ms
128,2242.6000000000013 ms
128,2242.800000000001 ms
128,2246.800000000001 ms
128,2255.250000000001 ms
128,2257.1000000000013 ms
128,2270.9000000000005 ms
128,2307.4000000000005 ms
128,2309.550000000001 ms
128,2326.1500000000015 ms
128,2338.6500000000015 ms
128,2349.550000000001 ms
128,2400.8500000000013 ms
128,2415.4000000000015 ms
128,2415.6000000000013 ms
128,2433.800000000001 ms
128,2436.6500000000015 ms
128,2445.9500000000007 ms
128,2454.500000000002 ms
128,2466.300000000001 ms
128,2472.050000000001 ms
128,2489.250000000002 ms
128,2514.6500000000015 ms
128,2537.500000000002 ms
128,2541.300000000001 ms
128,2559.850000000002 ms
128,2565.1500000000015 ms
128,2571.7000000000025 ms
128,2591.800000000002 ms
128,2620.350000000002 ms
128,2638.6500000000024 ms
128,2666.350000000002 ms
128,2691.050000000002 ms
128,2691.350000000002 ms
128,2693.7000000000025 ms
128,2695.550000000002 ms
128,2702.000000000002 ms
128,2713.050000000002 ms
128,2719.7000000000016 ms
128,2721.4500000000016 ms
128,2732.550000000002 ms
128,2736.9000000000024 ms
128,2764.1000000000013 ms
128,2770.550000000002 ms
128,2782.2000000000016 ms
128,2783.2000000000016 ms
128,2783.9000000000015 ms
128,2787.6500000000015 ms
128,2790.8500000000013 ms
128,2795.8500000000013 ms
128,2798.6000000000013 ms
128,2805.7000000000016 ms
128,2825.4000000000005 ms
128,2836.300000000001 ms
128,2839.6000000000013 ms
128,2849.8500000000013 ms
128,2853.6000000000013 ms
128,2855.800000000001 ms
128,2857.1000000000013 ms
128,2869.8500000000013 ms
128,2877.000000000001 ms
128,2887.1000000000013 ms
128,2890.1000000000013 ms
128,2891.550000000001 ms
128,2919.4500000000007 ms
128,2927.7000000000007 ms
128,2944.050000000001 ms
128,2967.9000000000015 ms
128,2981.6000000000004 ms
128,2983.3500000000004 ms
128,2989.3500000000004 ms
128,3003.750000000001 ms
128,3013.000000000001 ms
128,3038.4500000000007 ms
128,3040.9000000000005 ms
128,3058.1500000000005 ms
128,3064.250000000001 ms
128,3064.8 ms
128,3065.750000000001 ms
128,3067.2 ms
128,3068.05 ms
128,3080.4000000000005 ms
128,3082.2 ms
128,3084.3500000000004 ms
128,3089.05 ms
128,3090.2 ms
128,3090.9000000000005 ms
128,3093.5999999999995 ms
128,3098.5999999999995 ms
128,3112.9000000000005 ms
128,3130.0 ms
128,3140.75 ms
128,3157.6000000000004 ms
128,3172.45 ms
128,3188.55 ms
128,3195.3499999999995 ms
128,3201.8 ms
128,3214.1499999999996 ms
128,3242.7999999999993 ms
128,3249.95 ms
128,3267.0999999999995 ms
128,3268.55 ms
128,3277.95 ms
128,3290.75 ms
128,3297.55 ms
128,3298.3500000000004 ms
128,3300.9000000000005 ms
128,3329.9000000000005 ms
128,3339.8 ms
128,3362.9000000000005 ms
128,3366.6500000000005 ms
128,3371.250000000001 ms
128,3406.05 ms
128,3411.05 ms
128,3433.1000000000013 ms
128,3444.3 ms
128,3456.8 ms
128,3525.4500000000007 ms
128,3549.1500000000005 ms
128,3561.1000000000004 ms
128,3564.7000000000007 ms
128,3565.1000000000004 ms
128,3585.75 ms
128,3586.9000000000005 ms
128,3599.9500000000007 ms
128,3615.4000000000005 ms
128,3620.7000000000007 ms
128,3624.800000000001 ms
128,3645.4500000000007 ms
128,3647.550000000001 ms
128,3655.550000000001 ms
128,3659.300000000001 ms
128,3704.800000000001 ms
128,3705.25 ms
128,3724.9000000000005 ms
128,3733.6500000000005 ms
128,3753.1000000000004 ms
128,3758.5 ms
128,3760.25 ms
128,3762.2000000000007 ms
128,3774.3999999999996 ms
128,3778.3999999999996 ms
128,3792.4500000000007 ms
128,3797.9500000000007 ms
128,3801.75 ms
128,3811.9500000000007 ms
128,3833.8999999999996 ms
128,3840.9500000000007 ms
128,3857.4500000000007 ms
128,3868.8500000000004 ms
128,3876.3500000000004 ms
128,3885.4500000000007 ms
128,3893.55 ms
128,3897.6000000000004 ms
128,3905.6500000000005 ms
128,3942.250000000001 ms
128,3971.000000000001 ms
128,3983.05 ms
128,3990.1500000000005 ms
128,3995.3500000000004 ms
128,3999.0 ms
129,1.25 ms
129,10.05 ms
129,11.0 ms
129,23.9 ms
129,29.85 ms
129,37.59999999999999 ms
129,39.04999999999999 ms
129,41.949999999999996 ms
129,46.550000000000004 ms
129,48.6 ms
129,48.84999999999999 ms
129,51.35 ms
129,56.050000000000004 ms
129,60.50000000000001 ms
129,67.15 ms
129,75.1 ms
129,96.35 ms
129,111.1 ms
129,113.20000000000002 ms
129,125.35 ms
129,128.25 ms
129,150.35000000000002 ms
129,168.14999999999998 ms
129,198.75 ms
129,209.89999999999998 ms
129,217.55 ms
129,226.7 ms
129,230.00000000000006 ms
129,242.3 ms
129,281.90000000000003 ms
129,292.9500000000001 ms
129,293.75000000000006 ms
129,307.8000000000001 ms
129,323.40000000000015 ms
129,325.2000000000001 ms
129,349.0500000000001 ms
129,351.75000000000006 ms
129,353.2000000000001 ms
129,353.4500000000001 ms
129,364.3000000000001 ms
129,388.65000000000015 ms
129,422.90000000000015 ms
129,427.75000000000017 ms
129,450.4500000000001 ms
129,462.0500000000001 ms
129,470.80000000000024 ms
129,471.4500000000002 ms
129,482.55000000000024 ms
129,518.2000000000003 ms
129,519.2000000000003 ms
129,555.4000000000001 ms
129,564.0500000000002 ms
129,572.1500000000001 ms
129,585.6000000000004 ms
129,588.5000000000002 ms
129,598.2000000000003 ms
129,663.6000000000004 ms
129,702.3500000000004 ms
129,706.4500000000003 ms
129,729.7500000000002 ms
129,753.1000000000001 ms
129,790.8500000000001 ms
129,811.8500000000001 ms
129,847.2000000000003 ms
129,857.1000000000004 ms
129,864.4500000000003 ms
129,881.7500000000002 ms
129,894.0000000000002 ms
129,900.2500000000002 ms
129,910.9000000000003 ms
129,914.6500000000003 ms
129,926.4000000000003 ms
129,947.7 ms
129,957.7500000000002 ms
129,988.2 ms
129,988.95 ms
129,992.3000000000002 ms
129,998.4000000000001 ms
129,1005.2000000000003 ms
129,1010.5 ms
129,1018.75 ms
129,1034.3500000000004 ms
129,1046.65 ms
129,1048.3000000000002 ms
129,1065.0 ms
129,1065.5500000000002 ms
129,1068.5 ms
129,1085.1500000000005 ms
129,1086.3000000000002 ms
129,1094.6000000000004 ms
129,1120.6500000000005 ms
129,1152.1500000000005 ms
129,1163.9500000000003 ms
129,1172.0000000000005 ms
129,1187.9 ms
129,1215.8000000000006 ms
129,1221.3000000000006 ms
129,1225.5500000000006 ms
129,1254.4 ms
129,1270.15 ms
129,1285.7000000000003 ms
129,1319.7500000000005 ms
129,1335.65 ms
129,1340.2000000000003 ms
129,1345.2500000000005 ms
129,1350.3000000000002 ms
129,1357.25 ms
129,1357.3500000000004 ms
129,1388.15 ms
129,1408.25 ms
129,1420.8000000000002 ms
129,1444.5 ms
129,1448.5500000000002 ms
129,1455.8000000000002 ms
129,1498.9499999999998 ms
129,1508.4499999999998 ms
129,1517.1000000000004 ms
129,1552.1999999999998 ms
129,1575.9 ms
129,1584.0 ms
129,1594.4 ms
129,1606.3000000000002 ms
129,1611.4500000000003 ms
129,1619.65 ms
129,1623.7500000000005 ms
129,1649.15 ms
129,1692.15 ms
129,1700.3000000000006 ms
129,1728.7000000000003 ms
129,1732.1000000000008 ms
129,1754.0000000000005 ms
129,1758.7500000000005 ms
129,1760.9500000000007 ms
129,1771.9500000000007 ms
129,1781.9000000000005 ms
129,1786.8500000000008 ms
129,1788.7000000000007 ms
129,1800.8500000000008 ms
129,1807.5500000000006 ms
129,1813.0500000000006 ms
129,1819.0500000000006 ms
129,1819.6000000000008 ms
129,1826.750000000001 ms
129,1829.300000000001 ms
129,1868.2000000000007 ms
129,1871.9500000000007 ms
129,1873.150000000001 ms
129,1873.300000000001 ms
129,1879.900000000001 ms
129,1908.2000000000012 ms
129,1929.8500000000008 ms
129,1954.9500000000012 ms
129,1962.250000000001 ms
129,1963.8500000000008 ms
129,1981.4500000000007 ms
129,1982.9500000000007 ms
129,1990.6000000000008 ms
129,2003.400000000001 ms
129,2023.5000000000005 ms
129,2031.4500000000007 ms
129,2059.600000000001 ms
129,2061.7500000000014 ms
129,2073.950000000001 ms
129,2122.650000000001 ms
129,2127.850000000001 ms
129,2130.900000000001 ms
129,2164.0000000000005 ms
129,2174.4500000000003 ms
129,2195.5000000000005 ms
129,2204.650000000001 ms
129,2233.950000000001 ms
129,2253.8000000000006 ms
129,2259.100000000001 ms
129,2288.0000000000014 ms
129,2307.600000000001 ms
129,2325.150000000001 ms
129,2329.950000000001 ms
129,2336.7500000000014 ms
129,2367.200000000001 ms
129,2376.650000000001 ms
129,2381.150000000001 ms
129,2401.0000000000005 ms
129,2406.100000000001 ms
129,2421.150000000001 ms
129,2434.600000000001 ms
129,2440.850000000001 ms
129,2441.4500000000003 ms
129,2463.15 ms
129,2470.2500000000005 ms
129,2506.7000000000003 ms
129,2513.100000000001 ms
129,2531.0500000000006 ms
129,2536.9500000000003 ms
129,2554.4500000000003 ms
129,2557.4 ms
129,2575.85 ms
129,2586.35 ms
129,2588.35 ms
129,2588.5000000000005 ms
129,2598.2499999999995 ms
129,2601.6999999999994 ms
129,2628.7000000000003 ms
129,2630.5499999999997 ms
129,2631.149999999999 ms
129,2637.9999999999995 ms
129,2661.4 ms
129,2662.399999999999 ms
129,2671.2499999999995 ms
129,2672.1999999999994 ms
129,2679.2499999999995 ms
129,2706.9499999999994 ms
129,2709.6999999999994 ms
129,2720.9499999999994 ms
129,2728.299999999999 ms
129,2753.4999999999986 ms
129,2754.899999999999 ms
129,2793.2999999999997 ms
129,2816.149999999999 ms
129,2818.7999999999997 ms
129,2826.35 ms
129,2829.6999999999994 ms
129,2830.049999999999 ms
129,2835.2999999999997 ms
129,2843.649999999999 ms
129,2848.349999999999 ms
129,2850.649999999999 ms
129,2879.149999999999 ms
129,2906.099999999999 ms
129,2914.6999999999985 ms
129,2938.3999999999983 ms
129,2940.4999999999986 ms
129,2966.7499999999986 ms
129,2980.9499999999985 ms
129,2986.299999999998 ms
129,2990.049999999999 ms
129,2990.1499999999983 ms
129,2997.8999999999983 ms
129,3011.299999999999 ms
129,3018.599999999999 ms
129,3022.1999999999985 ms
129,3026.299999999998 ms
129,3033.599999999998 ms
129,3043.6999999999985 ms
129,3057.1999999999985 ms
129,3097.3999999999983 ms
129,3147.3999999999983 ms
129,3149.6499999999983 ms
129,3155.349999999998 ms
129,3157.4999999999986 ms
129,3166.4499999999985 ms
129,3167.799999999998 ms
129,3178.4999999999977 ms
129,3181.1999999999975 ms
129,3213.9999999999977 ms
129,3224.3999999999983 ms
129,3235.099999999998 ms
129,3248.9999999999977 ms
129,3257.6999999999975 ms
129,3265.2499999999977 ms
129,3271.9999999999977 ms
129,3273.9499999999975 ms
129,3275.3999999999974 ms
129,3276.549999999998 ms
129,3280.049999999997 ms
129,3310.349999999997 ms
129,3314.4499999999975 ms
129,3317.6999999999975 ms
129,3331.7499999999977 ms
129,3331.9499999999975 ms
129,3340.2499999999977 ms
129,3376.6499999999983 ms
129,3380.599999999998 ms
129,3394.799999999998 ms
129,3408.1999999999975 ms
129,3444.4999999999977 ms
129,3458.1499999999983 ms
129,3474.099999999998 ms
129,3476.1999999999975 ms
129,3479.849999999998 ms
129,3490.1499999999983 ms
129,3527.3999999999974 ms
129,3565.9499999999975 ms
129,3568.349999999998 ms
129,3594.349999999998 ms
129,3602.099999999998 ms
129,3610.9499999999975 ms
129,3611.6999999999985 ms
129,3628.2499999999986 ms
129,3636.9999999999977 ms
129,3662.849999999998 ms
129,3702.6999999999975 ms
129,3709.9499999999985 ms
129,3728.549999999998 ms
129,3743.8999999999974 ms
129,3746.349999999997 ms
129,3751.1499999999974 ms
129,3753.549999999998 ms
129,3776.299999999998 ms
129,3780.9999999999977 ms
129,3801.3999999999983 ms
129,3806.1499999999974 ms
129,3837.7499999999977 ms
129,3846.4499999999975 ms
129,3855.6499999999974 ms
129,3861.499999999997 ms
129,3873.1499999999974 ms
129,3911.349999999997 ms
129,3935.4499999999966 ms
129,3937.499999999997 ms
129,3938.599999999997 ms
129,3940.4999999999977 ms
129,3953.8999999999974 ms
129,3962.349999999997 ms
129,3962.4499999999966 ms
129,3978.9499999999975 ms
129,3997.9999999999977 ms
129,3998.999999999997 ms
130,6.550000000000001 ms
130,12.350000000000001 ms
130,32.650000000000006 ms
130,36.0 ms
130,37.400000000000006 ms
130,39.7 ms
130,55.10000000000001 ms
130,106.89999999999999 ms
130,109.24999999999999 ms
130,120.89999999999999 ms
130,127.55 ms
130,132.35000000000002 ms
130,141.20000000000005 ms
130,165.25 ms
130,166.15000000000003 ms
130,173.25000000000006 ms
130,178.05 ms
130,200.20000000000005 ms
130,221.05000000000007 ms
130,230.40000000000003 ms
130,251.40000000000003 ms
130,253.65000000000003 ms
130,265.55 ms
130,274.3500000000001 ms
130,291.4500000000001 ms
130,294.45 ms
130,324.65000000000003 ms
130,327.90000000000003 ms
130,332.9500000000001 ms
130,354.1000000000001 ms
130,369.05 ms
130,413.24999999999994 ms
130,425.6499999999999 ms
130,441.7 ms
130,445.59999999999997 ms
130,451.0499999999999 ms
130,456.3999999999999 ms
130,457.49999999999994 ms
130,457.75000000000006 ms
130,479.6000000000001 ms
130,488.75000000000006 ms
130,525.6000000000001 ms
130,528.6499999999999 ms
130,543.5 ms
130,554.75 ms
130,565.2 ms
130,586.1500000000001 ms
130,589.3500000000001 ms
130,591.2500000000002 ms
130,595.1500000000001 ms
130,603.5 ms
130,624.6000000000001 ms
130,625.1000000000001 ms
130,642.8000000000002 ms
130,651.2500000000002 ms
130,664.3500000000001 ms
130,672.1500000000003 ms
130,691.5000000000002 ms
130,706.8000000000002 ms
130,708.6500000000001 ms
130,719.7500000000002 ms
130,738.2000000000003 ms
130,777.1500000000003 ms
130,788.9000000000003 ms
130,821.8000000000004 ms
130,845.4500000000003 ms
130,852.1500000000003 ms
130,852.5000000000002 ms
130,854.1000000000004 ms
130,854.9500000000003 ms
130,872.0500000000004 ms
130,917.4500000000005 ms
130,930.6000000000004 ms
130,941.1500000000003 ms
130,946.9500000000003 ms
130,953.1000000000004 ms
130,969.8500000000004 ms
130,989.2000000000003 ms
130,994.3500000000004 ms
130,1019.0500000000002 ms
130,1027.2500000000002 ms
130,1033.9000000000003 ms
130,1035.3000000000004 ms
130,1036.1500000000003 ms
130,1054.95 ms
130,1057.0000000000002 ms
130,1072.0000000000002 ms
130,1074.6000000000001 ms
130,1109.95 ms
130,1132.1500000000003 ms
130,1144.8000000000004 ms
130,1147.3 ms
130,1170.8500000000001 ms
130,1192.8000000000004 ms
130,1198.9500000000005 ms
130,1236.3000000000004 ms
130,1242.6000000000001 ms
130,1256.95 ms
130,1266.2499999999998 ms
130,1282.95 ms
130,1289.6500000000003 ms
130,1317.8500000000001 ms
130,1338.0500000000004 ms
130,1346.1000000000001 ms
130,1359.95 ms
130,1368.9000000000003 ms
130,1373.2500000000002 ms
130,1373.7499999999998 ms
130,1383.2 ms
130,1390.3500000000001 ms
130,1398.8500000000001 ms
130,1400.1499999999999 ms
130,1403.45 ms
130,1415.3500000000001 ms
130,1421.3000000000004 ms
130,1437.4500000000005 ms
130,1468.0500000000004 ms
130,1504.4000000000003 ms
130,1528.1499999999999 ms
130,1575.4000000000003 ms
130,1576.3999999999999 ms
130,1583.3 ms
130,1611.0500000000004 ms
130,1614.6000000000001 ms
130,1620.2500000000002 ms
130,1623.2500000000002 ms
130,1625.7500000000002 ms
130,1628.2000000000005 ms
130,1628.3500000000006 ms
130,1664.0000000000007 ms
130,1680.9500000000005 ms
130,1692.7000000000005 ms
130,1700.3000000000004 ms
130,1705.9000000000003 ms
130,1725.7500000000002 ms
130,1737.3500000000001 ms
130,1779.95 ms
130,1841.1000000000001 ms
130,1851.7 ms
130,1869.55 ms
130,1878.55 ms
130,1901.2 ms
130,1922.6000000000001 ms
130,1951.8500000000001 ms
130,1952.7500000000002 ms
130,1966.4000000000003 ms
130,1966.9000000000003 ms
130,1982.7 ms
130,1995.9500000000005 ms
130,1999.3000000000004 ms
130,2009.1500000000003 ms
130,2015.3999999999999 ms
130,2022.3 ms
130,2025.8999999999999 ms
130,2029.3 ms
130,2038.7 ms
130,2077.9000000000005 ms
130,2101.45 ms
130,2102.3500000000004 ms
130,2111.3500000000004 ms
130,2118.7000000000007 ms
130,2130.6499999999996 ms
130,2152.5 ms
130,2157.1000000000004 ms
130,2161.5 ms
130,2181.1000000000004 ms
130,2201.7999999999993 ms
130,2218.0 ms
130,2223.2999999999993 ms
130,2223.5499999999993 ms
130,2227.0 ms
130,2236.0999999999995 ms
130,2245.0499999999993 ms
130,2252.3999999999996 ms
130,2254.5499999999993 ms
130,2255.3499999999995 ms
130,2287.3499999999995 ms
130,2290.3499999999995 ms
130,2308.45 ms
130,2318.8499999999995 ms
130,2322.5499999999993 ms
130,2327.0999999999995 ms
130,2328.249999999999 ms
130,2331.95 ms
130,2338.2999999999993 ms
130,2364.8499999999995 ms
130,2367.2 ms
130,2373.0999999999995 ms
130,2377.8999999999996 ms
130,2398.7999999999993 ms
130,2404.6499999999996 ms
130,2414.5 ms
130,2430.5 ms
130,2434.1499999999996 ms
130,2465.5 ms
130,2467.699999999999 ms
130,2474.6499999999996 ms
130,2491.3999999999996 ms
130,2513.449999999999 ms
130,2517.2999999999993 ms
130,2527.8999999999996 ms
130,2535.8999999999996 ms
130,2562.749999999999 ms
130,2586.5499999999993 ms
130,2592.749999999999 ms
130,2625.6499999999987 ms
130,2634.0499999999993 ms
130,2642.199999999999 ms
130,2649.8999999999996 ms
130,2651.5999999999985 ms
130,2657.1499999999996 ms
130,2675.3999999999996 ms
130,2675.8499999999985 ms
130,2689.6499999999996 ms
130,2699.699999999999 ms
130,2710.25 ms
130,2711.0 ms
130,2711.6499999999996 ms
130,2712.5 ms
130,2719.199999999999 ms
130,2722.449999999999 ms
130,2724.2999999999993 ms
130,2755.8499999999995 ms
130,2769.8499999999995 ms
130,2786.45 ms
130,2800.45 ms
130,2815.3499999999995 ms
130,2816.2 ms
130,2835.6499999999987 ms
130,2856.1499999999987 ms
130,2860.2999999999993 ms
130,2901.499999999999 ms
130,2902.499999999999 ms
130,2904.749999999999 ms
130,2914.999999999999 ms
130,2919.3499999999995 ms
130,2931.3499999999995 ms
130,2938.749999999999 ms
130,3000.249999999999 ms
130,3065.2999999999993 ms
130,3074.3999999999996 ms
130,3076.699999999999 ms
130,3094.2999999999993 ms
130,3113.949999999999 ms
130,3122.699999999999 ms
130,3134.5499999999993 ms
130,3134.8999999999996 ms
130,3137.249999999999 ms
130,3150.999999999999 ms
130,3152.449999999999 ms
130,3157.3499999999985 ms
130,3160.8999999999996 ms
130,3161.749999999999 ms
130,3180.949999999999 ms
130,3186.0999999999985 ms
130,3187.2999999999993 ms
130,3205.249999999998 ms
130,3205.8999999999987 ms
130,3233.0499999999984 ms
130,3235.499999999999 ms
130,3268.949999999998 ms
130,3273.749999999999 ms
130,3275.0499999999984 ms
130,3278.499999999999 ms
130,3281.0999999999985 ms
130,3289.3499999999985 ms
130,3319.6499999999987 ms
130,3350.0499999999984 ms
130,3377.499999999999 ms
130,3402.8499999999985 ms
130,3406.449999999999 ms
130,3426.749999999998 ms
130,3444.199999999999 ms
130,3465.7999999999984 ms
130,3502.949999999998 ms
130,3516.5999999999985 ms
130,3553.3999999999987 ms
130,3585.749999999999 ms
130,3593.8999999999987 ms
130,3599.0499999999984 ms
130,3601.2999999999984 ms
130,3606.449999999999 ms
130,3613.999999999999 ms
130,3617.1499999999987 ms
130,3640.249999999999 ms
130,3645.6499999999987 ms
130,3661.749999999999 ms
130,3665.5499999999993 ms
130,3668.499999999999 ms
130,3673.199999999999 ms
130,3704.249999999999 ms
130,3709.1499999999987 ms
130,3713.7 ms
130,3728.8499999999995 ms
130,3760.7999999999993 ms
130,3768.0999999999995 ms
130,3781.2 ms
130,3786.249999999999 ms
130,3791.0999999999995 ms
130,3795.0999999999995 ms
130,3802.499999999999 ms
130,3814.499999999999 ms
130,3822.5999999999995 ms
130,3838.3499999999995 ms
130,3865.3999999999996 ms
130,3894.3999999999996 ms
130,3899.8499999999995 ms
130,3917.499999999999 ms
130,3937.249999999999 ms
130,3957.2 ms
130,3961.5499999999993 ms
130,3971.3999999999996 ms
130,3977.5999999999985 ms
131,7.300000000000001 ms
131,32.85000000000001 ms
131,48.85000000000001 ms
131,49.10000000000001 ms
131,53.05 ms
131,61.250000000000014 ms
131,77.49999999999999 ms
131,80.50000000000001 ms
131,93.95 ms
131,122.7 ms
131,140.8 ms
131,162.45 ms
131,163.3 ms
131,193.35000000000002 ms
131,205.40000000000003 ms
131,211.35000000000002 ms
131,246.8 ms
131,247.85000000000002 ms
131,256.40000000000003 ms
131,271.40000000000003 ms
131,279.7000000000001 ms
131,306.25000000000006 ms
131,328.45 ms
131,330.55 ms
131,356.8500000000001 ms
131,377.3500000000001 ms
131,380.8500000000001 ms
131,391.65000000000015 ms
131,434.1000000000001 ms
131,456.1000000000001 ms
131,467.05 ms
131,468.65000000000003 ms
131,526.75 ms
131,538.1500000000001 ms
131,543.0500000000002 ms
131,566.75 ms
131,578.8000000000002 ms
131,608.2 ms
131,635.7 ms
131,639.3500000000001 ms
131,643.7 ms
131,656.45 ms
131,656.8 ms
131,669.2 ms
131,673.55 ms
131,679.6000000000001 ms
131,681.45 ms
131,711.6000000000001 ms
131,711.7 ms
131,749.05 ms
131,758.4000000000001 ms
131,758.6500000000001 ms
131,881.3000000000002 ms
131,895.1500000000001 ms
131,918.45 ms
131,935.6000000000001 ms
131,963.1000000000001 ms
131,984.55 ms
131,992.6500000000001 ms
131,1015.1000000000001 ms
131,1023.6500000000001 ms
131,1029.75 ms
131,1031.6 ms
131,1040.0499999999997 ms
131,1041.35 ms
131,1071.35 ms
131,1087.0 ms
131,1097.6 ms
131,1101.0 ms
131,1106.4499999999998 ms
131,1109.5500000000002 ms
131,1123.1 ms
131,1124.25 ms
131,1133.4499999999998 ms
131,1146.9 ms
131,1160.9 ms
131,1207.25 ms
131,1218.4499999999998 ms
131,1244.75 ms
131,1256.6 ms
131,1263.7999999999997 ms
131,1271.5499999999997 ms
131,1288.7000000000003 ms
131,1297.5499999999997 ms
131,1313.9500000000003 ms
131,1319.75 ms
131,1320.75 ms
131,1334.35 ms
131,1371.0 ms
131,1373.75 ms
131,1382.6 ms
131,1395.0 ms
131,1395.65 ms
131,1395.85 ms
131,1409.3000000000002 ms
131,1417.3000000000002 ms
131,1430.4 ms
131,1433.3000000000002 ms
131,1437.6000000000004 ms
131,1455.9 ms
131,1473.9 ms
131,1477.4500000000003 ms
131,1500.7999999999997 ms
131,1504.6 ms
131,1514.6 ms
131,1523.2999999999997 ms
131,1532.4 ms
131,1563.15 ms
131,1568.6 ms
131,1630.25 ms
131,1663.1 ms
131,1684.6999999999998 ms
131,1688.0499999999997 ms
131,1728.1499999999996 ms
131,1731.8499999999995 ms
131,1774.5499999999997 ms
131,1781.35 ms
131,1791.4499999999994 ms
131,1797.0499999999997 ms
131,1797.3999999999992 ms
131,1815.7999999999997 ms
131,1817.4499999999994 ms
131,1834.2999999999997 ms
131,1835.3499999999995 ms
131,1843.3999999999996 ms
131,1919.0999999999995 ms
131,1972.6999999999994 ms
131,2001.6499999999992 ms
131,2024.5999999999995 ms
131,2031.6999999999994 ms
131,2051.7499999999995 ms
131,2065.1999999999994 ms
131,2076.6999999999994 ms
131,2082.049999999999 ms
131,2090.899999999999 ms
131,2093.9999999999986 ms
131,2119.399999999999 ms
131,2140.149999999999 ms
131,2146.7999999999997 ms
131,2168.1999999999994 ms
131,2179.799999999999 ms
131,2193.2499999999986 ms
131,2203.849999999999 ms
131,2204.149999999999 ms
131,2207.4999999999986 ms
131,2234.9499999999985 ms
131,2236.299999999999 ms
131,2253.2499999999986 ms
131,2257.1999999999985 ms
131,2266.7499999999986 ms
131,2290.4999999999986 ms
131,2318.299999999999 ms
131,2329.049999999999 ms
131,2331.799999999999 ms
131,2333.6499999999983 ms
131,2343.149999999999 ms
131,2353.9999999999986 ms
131,2362.849999999998 ms
131,2376.9999999999986 ms
131,2389.4499999999985 ms
131,2390.7499999999986 ms
131,2392.2499999999986 ms
131,2398.9999999999986 ms
131,2399.9999999999986 ms
131,2411.049999999999 ms
131,2413.349999999999 ms
131,2421.9499999999985 ms
131,2434.1499999999983 ms
131,2436.599999999998 ms
131,2448.3999999999983 ms
131,2449.899999999999 ms
131,2453.8999999999983 ms
131,2454.1999999999985 ms
131,2469.1999999999994 ms
131,2483.899999999999 ms
131,2498.9999999999986 ms
131,2527.099999999998 ms
131,2545.599999999999 ms
131,2558.7499999999986 ms
131,2569.549999999999 ms
131,2570.4499999999994 ms
131,2587.9999999999995 ms
131,2603.1999999999994 ms
131,2603.4999999999995 ms
131,2611.7999999999997 ms
131,2637.799999999999 ms
131,2673.0499999999997 ms
131,2707.1 ms
131,2722.65 ms
131,2730.399999999999 ms
131,2735.099999999999 ms
131,2739.049999999999 ms
131,2740.2499999999986 ms
131,2741.849999999999 ms
131,2743.4999999999995 ms
131,2752.6999999999994 ms
131,2756.549999999999 ms
131,2803.3999999999983 ms
131,2818.899999999999 ms
131,2862.4499999999994 ms
131,2867.2499999999995 ms
131,2869.099999999999 ms
131,2871.4499999999985 ms
131,2883.2499999999986 ms
131,2884.7499999999995 ms
131,2922.0499999999997 ms
131,2930.299999999999 ms
131,2930.7499999999986 ms
131,2933.599999999999 ms
131,2942.6999999999985 ms
131,2965.9499999999994 ms
131,2978.599999999999 ms
131,2985.4999999999995 ms
131,2990.399999999999 ms
131,2998.1999999999994 ms
131,3016.299999999999 ms
131,3019.9999999999986 ms
131,3030.4999999999995 ms
131,3034.149999999999 ms
131,3042.399999999999 ms
131,3059.849999999999 ms
131,3073.9999999999995 ms
131,3092.899999999999 ms
131,3097.099999999999 ms
131,3104.9499999999985 ms
131,3107.9999999999986 ms
131,3115.349999999999 ms
131,3117.349999999999 ms
131,3128.1999999999985 ms
131,3129.9999999999986 ms
131,3142.6999999999985 ms
131,3145.4499999999994 ms
131,3146.9999999999995 ms
131,3148.2999999999997 ms
131,3153.899999999999 ms
131,3177.7999999999997 ms
131,3188.9999999999995 ms
131,3193.1999999999994 ms
131,3193.649999999999 ms
131,3213.1999999999994 ms
131,3223.399999999999 ms
131,3251.2499999999986 ms
131,3289.049999999999 ms
131,3315.049999999999 ms
131,3325.4499999999994 ms
131,3339.6999999999985 ms
131,3376.299999999999 ms
131,3416.9499999999994 ms
131,3420.399999999999 ms
131,3436.2499999999986 ms
131,3491.2499999999986 ms
131,3491.549999999999 ms
131,3523.8999999999983 ms
131,3537.549999999999 ms
131,3547.1499999999983 ms
131,3574.899999999999 ms
131,3581.349999999999 ms
131,3596.4999999999986 ms
131,3607.6999999999985 ms
131,3617.799999999998 ms
131,3636.599999999998 ms
131,3637.349999999999 ms
131,3643.549999999999 ms
131,3658.599999999999 ms
131,3672.099999999998 ms
131,3683.1499999999983 ms
131,3690.549999999999 ms
131,3703.599999999999 ms
131,3729.049999999999 ms
131,3737.6999999999994 ms
131,3738.299999999999 ms
131,3766.9999999999986 ms
131,3770.099999999998 ms
131,3790.9999999999986 ms
131,3802.149999999999 ms
131,3804.1499999999983 ms
131,3816.799999999999 ms
131,3819.2499999999986 ms
131,3824.9999999999986 ms
131,3825.849999999998 ms
131,3826.1999999999985 ms
131,3877.549999999998 ms
131,3878.049999999999 ms
131,3898.549999999998 ms
131,3912.849999999998 ms
131,3940.1999999999985 ms
131,3943.9999999999986 ms
131,3984.599999999998 ms
131,3985.099999999999 ms
131,3993.9499999999985 ms
131,3995.849999999999 ms
132,8.450000000000001 ms
132,29.85 ms
132,31.4 ms
132,31.9 ms
132,35.949999999999996 ms
132,39.300000000000004 ms
132,52.65000000000001 ms
132,57.100000000000016 ms
132,57.95000000000001 ms
132,63.70000000000001 ms
132,101.85 ms
132,108.50000000000003 ms
132,144.20000000000002 ms
132,148.9 ms
132,162.15 ms
132,171.70000000000002 ms
132,173.70000000000002 ms
132,180.20000000000002 ms
132,184.60000000000005 ms
132,197.85 ms
132,217.60000000000005 ms
132,219.1 ms
132,225.35000000000005 ms
132,244.15000000000006 ms
132,272.54999999999995 ms
132,275.9000000000001 ms
132,284.45000000000005 ms
132,308.45000000000005 ms
132,328.1 ms
132,340.75 ms
132,360.1 ms
132,377.20000000000005 ms
132,378.85 ms
132,395.5 ms
132,422.5 ms
132,453.75 ms
132,479.6 ms
132,490.65 ms
132,493.70000000000005 ms
132,505.0 ms
132,506.95000000000005 ms
132,508.85 ms
132,523.9 ms
132,534.0499999999998 ms
132,541.9499999999999 ms
132,545.9499999999999 ms
132,547.5999999999998 ms
132,573.6 ms
132,585.1999999999999 ms
132,587.3499999999998 ms
132,602.7999999999998 ms
132,612.15 ms
132,613.0499999999998 ms
132,613.8499999999998 ms
132,627.1999999999999 ms
132,634.1999999999999 ms
132,646.3499999999998 ms
132,647.4999999999999 ms
132,670.6 ms
132,677.9999999999999 ms
132,694.8999999999997 ms
132,703.1999999999997 ms
132,709.3999999999997 ms
132,712.4 ms
132,744.4999999999999 ms
132,748.5499999999998 ms
132,775.15 ms
132,785.4999999999999 ms
132,804.3999999999997 ms
132,804.65 ms
132,813.4499999999999 ms
132,829.2499999999999 ms
132,854.7499999999997 ms
132,860.0499999999996 ms
132,865.7499999999997 ms
132,876.3499999999998 ms
132,887.0999999999998 ms
132,888.1499999999997 ms
132,891.1999999999997 ms
132,908.6999999999997 ms
132,912.3999999999997 ms
132,917.5999999999998 ms
132,919.7499999999997 ms
132,937.2499999999999 ms
132,943.4999999999997 ms
132,955.3499999999998 ms
132,962.0999999999998 ms
132,1016.4999999999997 ms
132,1029.9 ms
132,1043.35 ms
132,1048.6999999999998 ms
132,1052.35 ms
132,1052.7999999999997 ms
132,1060.35 ms
132,1093.6999999999998 ms
132,1099.1 ms
132,1105.85 ms
132,1117.1 ms
132,1125.6 ms
132,1150.35 ms
132,1157.6 ms
132,1164.5 ms
132,1195.6 ms
132,1204.6999999999998 ms
132,1217.3999999999996 ms
132,1249.6499999999996 ms
132,1249.8000000000002 ms
132,1260.0500000000002 ms
132,1262.1 ms
132,1266.7999999999997 ms
132,1282.65 ms
132,1301.5499999999997 ms
132,1317.0499999999997 ms
132,1339.5 ms
132,1348.6999999999998 ms
132,1369.6000000000004 ms
132,1384.1000000000004 ms
132,1421.6999999999998 ms
132,1425.1000000000004 ms
132,1430.8000000000002 ms
132,1460.6000000000004 ms
132,1464.15 ms
132,1469.4500000000003 ms
132,1478.25 ms
132,1482.3000000000002 ms
132,1487.75 ms
132,1496.9 ms
132,1521.65 ms
132,1522.7000000000003 ms
132,1534.25 ms
132,1536.8000000000002 ms
132,1553.25 ms
132,1583.5500000000002 ms
132,1584.8999999999996 ms
132,1588.0 ms
132,1604.8999999999996 ms
132,1605.0 ms
132,1645.3999999999996 ms
132,1650.0 ms
132,1650.5 ms
132,1657.4499999999998 ms
132,1661.1 ms
132,1687.1 ms
132,1688.5 ms
132,1698.75 ms
132,1700.1 ms
132,1716.9 ms
132,1727.4999999999995 ms
132,1733.2499999999995 ms
132,1733.9 ms
132,1741.9999999999995 ms
132,1751.9 ms
132,1755.9 ms
132,1760.65 ms
132,1770.9499999999998 ms
132,1783.8999999999996 ms
132,1784.0500000000002 ms
132,1810.6499999999996 ms
132,1816.3999999999996 ms
132,1818.1999999999998 ms
132,1846.8999999999996 ms
132,1864.8000000000002 ms
132,1880.6499999999996 ms
132,1888.5 ms
132,1889.0499999999997 ms
132,1907.35 ms
132,1907.4999999999995 ms
132,1915.4999999999995 ms
132,1933.15 ms
132,1965.1999999999998 ms
132,1976.7999999999997 ms
132,1981.2499999999995 ms
132,1987.4 ms
132,1994.7499999999995 ms
132,2001.4 ms
132,2023.7499999999995 ms
132,2034.85 ms
132,2047.1499999999996 ms
132,2051.8499999999995 ms
132,2053.2999999999993 ms
132,2066.199999999999 ms
132,2080.449999999999 ms
132,2095.0499999999993 ms
132,2096.7999999999993 ms
132,2115.3499999999995 ms
132,2129.3999999999996 ms
132,2136.8499999999995 ms
132,2166.3999999999996 ms
132,2168.3999999999996 ms
132,2170.8999999999996 ms
132,2174.0999999999995 ms
132,2184.8999999999996 ms
132,2192.0 ms
132,2211.5999999999995 ms
132,2218.1499999999996 ms
132,2236.6499999999996 ms
132,2264.5999999999995 ms
132,2295.2999999999993 ms
132,2306.0999999999995 ms
132,2332.8999999999996 ms
132,2342.0499999999993 ms
132,2349.6000000000004 ms
132,2360.95 ms
132,2372.25 ms
132,2382.6000000000004 ms
132,2386.3500000000004 ms
132,2388.6000000000004 ms
132,2392.0 ms
132,2413.75 ms
132,2492.8999999999996 ms
132,2512.3500000000004 ms
132,2523.5 ms
132,2543.25 ms
132,2564.25 ms
132,2597.0 ms
132,2598.8500000000004 ms
132,2604.45 ms
132,2611.3499999999995 ms
132,2639.5 ms
132,2639.6499999999996 ms
132,2642.2000000000007 ms
132,2642.3500000000004 ms
132,2665.1500000000005 ms
132,2667.500000000001 ms
132,2672.1000000000004 ms
132,2701.9000000000005 ms
132,2713.1500000000005 ms
132,2717.250000000001 ms
132,2732.6500000000005 ms
132,2743.500000000001 ms
132,2744.4000000000005 ms
132,2745.3 ms
132,2766.05 ms
132,2796.2000000000007 ms
132,2801.1500000000005 ms
132,2806.500000000001 ms
132,2813.500000000001 ms
132,2830.250000000001 ms
132,2831.500000000001 ms
132,2842.6500000000005 ms
132,2869.1500000000005 ms
132,2879.8 ms
132,2885.7000000000007 ms
132,2890.250000000001 ms
132,2903.9500000000007 ms
132,2910.250000000001 ms
132,2916.550000000001 ms
132,2937.1500000000015 ms
132,2944.7000000000007 ms
132,2953.4500000000007 ms
132,2991.800000000001 ms
132,2999.050000000001 ms
132,3010.750000000001 ms
132,3035.4000000000005 ms
132,3043.000000000001 ms
132,3058.6000000000013 ms
132,3065.7000000000007 ms
132,3107.300000000001 ms
132,3123.5 ms
132,3127.8500000000004 ms
132,3152.9500000000007 ms
132,3160.3500000000004 ms
132,3176.05 ms
132,3181.3500000000004 ms
132,3224.1000000000004 ms
132,3225.6500000000005 ms
132,3237.250000000001 ms
132,3260.250000000001 ms
132,3261.8500000000004 ms
132,3280.3500000000004 ms
132,3284.3500000000004 ms
132,3284.9000000000005 ms
132,3289.250000000001 ms
132,3295.3 ms
132,3323.4500000000007 ms
132,3330.8500000000004 ms
132,3339.500000000001 ms
132,3347.3500000000013 ms
132,3351.000000000001 ms
132,3357.800000000001 ms
132,3371.550000000001 ms
132,3398.4000000000015 ms
132,3421.9500000000007 ms
132,3431.500000000002 ms
132,3446.7000000000007 ms
132,3448.4000000000015 ms
132,3455.6500000000015 ms
132,3466.050000000001 ms
132,3476.6500000000015 ms
132,3476.8500000000004 ms
132,3485.750000000001 ms
132,3528.4000000000005 ms
132,3544.1000000000013 ms
132,3553.05 ms
132,3572.55 ms
132,3572.8 ms
132,3579.1000000000013 ms
132,3645.3 ms
132,3707.4000000000005 ms
132,3712.1500000000005 ms
132,3712.8 ms
132,3732.9000000000005 ms
132,3745.3 ms
132,3747.6500000000005 ms
132,3751.4500000000007 ms
132,3757.000000000001 ms
132,3760.2000000000007 ms
132,3771.000000000001 ms
132,3776.250000000001 ms
132,3783.9000000000005 ms
132,3784.6500000000005 ms
132,3785.9000000000005 ms
132,3790.1000000000013 ms
132,3798.8 ms
132,3834.750000000001 ms
132,3862.750000000001 ms
132,3872.45 ms
132,3876.95 ms
132,3897.2 ms
132,3924.3500000000004 ms
132,3953.2000000000007 ms
132,3964.2000000000007 ms
132,3983.6499999999996 ms
132,3993.7000000000007 ms
132,3997.4500000000007 ms
133,2.5500000000000003 ms
133,4.800000000000001 ms
133,7.050000000000001 ms
133,11.0 ms
133,15.55 ms
133,17.749999999999996 ms
133,54.3 ms
133,54.400000000000006 ms
133,70.65 ms
133,93.15 ms
133,146.95000000000002 ms
133,149.75000000000003 ms
133,163.50000000000003 ms
133,168.70000000000002 ms
133,182.15 ms
133,186.30000000000004 ms
133,187.45000000000002 ms
133,190.60000000000005 ms
133,205.80000000000004 ms
133,225.54999999999998 ms
133,233.6 ms
133,241.45000000000002 ms
133,255.45000000000002 ms
133,256.95000000000005 ms
133,272.85 ms
133,288.20000000000005 ms
133,291.0 ms
133,292.55000000000007 ms
133,302.4000000000001 ms
133,309.95000000000005 ms
133,327.70000000000005 ms
133,340.45000000000005 ms
133,340.85000000000014 ms
133,351.30000000000007 ms
133,376.1 ms
133,389.0000000000001 ms
133,396.4 ms
133,396.80000000000007 ms
133,405.05000000000007 ms
133,413.85 ms
133,415.5 ms
133,441.9 ms
133,449.0 ms
133,490.9 ms
133,496.44999999999993 ms
133,496.6 ms
133,518.9499999999999 ms
133,528.3499999999998 ms
133,532.9499999999999 ms
133,536.0500000000001 ms
133,545.35 ms
133,564.8000000000001 ms
133,569.7500000000001 ms
133,572.0500000000001 ms
133,573.15 ms
133,573.5000000000001 ms
133,578.8000000000001 ms
133,581.6999999999999 ms
133,624.4 ms
133,630.2999999999998 ms
133,640.0999999999998 ms
133,646.85 ms
133,707.7499999999999 ms
133,715.1499999999997 ms
133,724.5999999999998 ms
133,727.6999999999999 ms
133,731.3499999999998 ms
133,731.7999999999998 ms
133,756.6999999999999 ms
133,782.7499999999999 ms
133,803.7999999999998 ms
133,819.0499999999998 ms
133,829.15 ms
133,857.7999999999998 ms
133,864.2999999999998 ms
133,865.4499999999997 ms
133,870.1999999999999 ms
133,900.7999999999998 ms
133,910.0999999999998 ms
133,911.3499999999998 ms
133,913.5499999999998 ms
133,931.7499999999999 ms
133,936.3999999999997 ms
133,965.9 ms
133,971.3999999999997 ms
133,976.0499999999998 ms
133,990.5999999999998 ms
133,992.4499999999999 ms
133,998.0999999999998 ms
133,999.8999999999997 ms
133,1005.7499999999999 ms
133,1024.9499999999998 ms
133,1029.1999999999998 ms
133,1034.8999999999996 ms
133,1035.9499999999998 ms
133,1046.75 ms
133,1049.0499999999997 ms
133,1055.85 ms
133,1057.4999999999995 ms
133,1069.5499999999997 ms
133,1088.0499999999997 ms
133,1107.4999999999995 ms
133,1107.85 ms
133,1113.7499999999995 ms
133,1128.2999999999997 ms
133,1137.7499999999995 ms
133,1161.5499999999997 ms
133,1176.6 ms
133,1188.1999999999994 ms
133,1201.9499999999994 ms
133,1203.3999999999996 ms
133,1207.9999999999995 ms
133,1210.6999999999994 ms
133,1228.2499999999995 ms
133,1252.6499999999996 ms
133,1267.9499999999998 ms
133,1283.1499999999996 ms
133,1290.7999999999997 ms
133,1294.0499999999997 ms
133,1304.5499999999997 ms
133,1304.8999999999996 ms
133,1311.7499999999995 ms
133,1316.0499999999997 ms
133,1337.3999999999992 ms
133,1383.4999999999995 ms
133,1399.349999999999 ms
133,1405.849999999999 ms
133,1420.7999999999993 ms
133,1442.9499999999994 ms
133,1519.1999999999994 ms
133,1523.4999999999995 ms
133,1530.2999999999993 ms
133,1535.6499999999992 ms
133,1559.249999999999 ms
133,1578.449999999999 ms
133,1592.249999999999 ms
133,1592.3999999999992 ms
133,1593.2999999999993 ms
133,1598.4499999999994 ms
133,1613.0499999999993 ms
133,1621.8999999999992 ms
133,1629.5499999999993 ms
133,1648.2999999999993 ms
133,1661.4499999999994 ms
133,1662.1499999999992 ms
133,1666.5999999999995 ms
133,1677.2499999999995 ms
133,1696.0999999999995 ms
133,1731.6499999999996 ms
133,1733.2999999999993 ms
133,1734.8999999999996 ms
133,1762.6499999999996 ms
133,1765.1499999999996 ms
133,1774.249999999999 ms
133,1775.6999999999994 ms
133,1832.0499999999993 ms
133,1836.5999999999995 ms
133,1875.5999999999995 ms
133,1893.0499999999993 ms
133,1899.6999999999994 ms
133,1910.1499999999992 ms
133,1915.6999999999994 ms
133,1935.6499999999992 ms
133,1969.5499999999997 ms
133,2006.7999999999997 ms
133,2050.6499999999996 ms
133,2061.5499999999993 ms
133,2088.8999999999996 ms
133,2089.0999999999995 ms
133,2092.2999999999993 ms
133,2107.699999999999 ms
133,2127.8999999999996 ms
133,2144.5499999999993 ms
133,2163.3499999999995 ms
133,2168.749999999999 ms
133,2180.749999999999 ms
133,2189.249999999999 ms
133,2196.249999999999 ms
133,2207.499999999999 ms
133,2223.3499999999995 ms
133,2229.7 ms
133,2271.0999999999995 ms
133,2303.95 ms
133,2313.3499999999995 ms
133,2316.249999999999 ms
133,2323.1499999999996 ms
133,2334.7 ms
133,2336.55 ms
133,2367.8 ms
133,2369.2 ms
133,2372.75 ms
133,2380.3999999999996 ms
133,2381.55 ms
133,2384.2 ms
133,2384.55 ms
133,2400.05 ms
133,2402.25 ms
133,2415.8500000000004 ms
133,2427.45 ms
133,2430.75 ms
133,2437.45 ms
133,2442.8999999999996 ms
133,2464.75 ms
133,2502.699999999999 ms
133,2518.0499999999993 ms
133,2534.3499999999995 ms
133,2559.6499999999996 ms
133,2573.75 ms
133,2584.25 ms
133,2609.2999999999993 ms
133,2613.0 ms
133,2622.8499999999995 ms
133,2649.7999999999993 ms
133,2658.199999999999 ms
133,2674.0999999999995 ms
133,2680.499999999999 ms
133,2715.95 ms
133,2718.2999999999993 ms
133,2719.8999999999996 ms
133,2724.449999999999 ms
133,2781.25 ms
133,2800.6499999999996 ms
133,2805.45 ms
133,2808.5999999999995 ms
133,2827.75 ms
133,2829.6000000000004 ms
133,2840.6499999999996 ms
133,2871.6000000000004 ms
133,2894.75 ms
133,2910.1499999999996 ms
133,2914.6499999999996 ms
133,2929.9500000000007 ms
133,2955.3 ms
133,2955.6000000000004 ms
133,2959.6000000000004 ms
133,2990.9500000000007 ms
133,2998.6000000000004 ms
133,3045.5 ms
133,3061.300000000001 ms
133,3063.2000000000007 ms
133,3069.9000000000005 ms
133,3073.3500000000004 ms
133,3090.8500000000004 ms
133,3101.8 ms
133,3105.9000000000005 ms
133,3111.1500000000005 ms
133,3137.8 ms
133,3163.45 ms
133,3171.750000000001 ms
133,3173.8500000000004 ms
133,3175.0 ms
133,3185.800000000001 ms
133,3188.800000000001 ms
133,3193.7000000000007 ms
133,3196.2000000000007 ms
133,3203.1500000000005 ms
133,3229.4500000000007 ms
133,3252.300000000001 ms
133,3270.300000000001 ms
133,3278.4500000000007 ms
133,3294.000000000001 ms
133,3322.1500000000005 ms
133,3335.000000000001 ms
133,3355.050000000001 ms
133,3362.6500000000015 ms
133,3369.300000000001 ms
133,3370.050000000001 ms
133,3395.750000000001 ms
133,3403.4000000000005 ms
133,3403.750000000001 ms
133,3413.050000000001 ms
133,3428.2000000000007 ms
133,3428.9500000000007 ms
133,3468.9500000000007 ms
133,3491.7000000000007 ms
133,3495.6500000000015 ms
133,3509.6000000000004 ms
133,3533.4500000000007 ms
133,3536.250000000001 ms
133,3538.2000000000007 ms
133,3539.3500000000004 ms
133,3552.3500000000004 ms
133,3578.3500000000004 ms
133,3592.3500000000004 ms
133,3597.6000000000004 ms
133,3600.050000000001 ms
133,3608.050000000001 ms
133,3616.8500000000004 ms
133,3618.1500000000015 ms
133,3631.8500000000004 ms
133,3648.050000000001 ms
133,3654.0 ms
133,3661.7000000000007 ms
133,3691.55 ms
133,3721.8 ms
133,3728.1500000000005 ms
133,3745.55 ms
133,3748.25 ms
133,3772.05 ms
133,3774.3 ms
133,3796.0 ms
133,3798.8 ms
133,3800.75 ms
133,3816.05 ms
133,3852.1500000000005 ms
133,3855.2 ms
133,3899.45 ms
133,3917.750000000001 ms
133,3931.05 ms
133,3939.000000000001 ms
133,3953.45 ms
133,3959.55 ms
134,1.3 ms
134,34.449999999999996 ms
134,34.9 ms
134,37.1 ms
134,51.99999999999999 ms
134,54.29999999999999 ms
134,56.4 ms
134,64.1 ms
134,65.85 ms
134,67.04999999999998 ms
134,109.15 ms
134,120.9 ms
134,122.35 ms
134,129.95000000000002 ms
134,175.04999999999998 ms
134,188.65 ms
134,189.70000000000002 ms
134,222.75000000000003 ms
134,252.15000000000006 ms
134,254.55000000000004 ms
134,266.85 ms
134,268.35 ms
134,277.65 ms
134,282.4 ms
134,308.20000000000005 ms
134,311.55000000000007 ms
134,320.0000000000001 ms
134,322.0000000000001 ms
134,327.6 ms
134,332.6 ms
134,336.95000000000016 ms
134,343.0000000000001 ms
134,380.4000000000001 ms
134,380.80000000000007 ms
134,380.9000000000001 ms
134,389.95000000000005 ms
134,411.35000000000014 ms
134,411.95000000000005 ms
134,456.0500000000002 ms
134,463.0500000000002 ms
134,479.60000000000014 ms
134,496.0500000000002 ms
134,499.60000000000014 ms
134,520.1500000000001 ms
134,521.0500000000002 ms
134,540.4000000000001 ms
134,542.1000000000001 ms
134,599.7 ms
134,617.7 ms
134,641.8500000000001 ms
134,658.5000000000002 ms
134,670.8 ms
134,694.2500000000002 ms
134,699.2500000000002 ms
134,702.4000000000001 ms
134,708.5500000000002 ms
134,709.9000000000001 ms
134,731.25 ms
134,736.2000000000003 ms
134,736.9000000000001 ms
134,739.3500000000004 ms
134,740.9500000000003 ms
134,761.1000000000004 ms
134,763.1500000000001 ms
134,784.3000000000002 ms
134,794.9000000000001 ms
134,808.3500000000004 ms
134,820.2500000000002 ms
134,839.3500000000001 ms
134,861.6000000000001 ms
134,905.2500000000002 ms
134,932.2500000000002 ms
134,932.4500000000003 ms
134,939.2500000000002 ms
134,966.6500000000003 ms
134,982.8000000000002 ms
134,994.7500000000002 ms
134,1021.6000000000001 ms
134,1031.0500000000004 ms
134,1045.6000000000001 ms
134,1049.1000000000001 ms
134,1059.8999999999999 ms
134,1069.55 ms
134,1080.8999999999999 ms
134,1092.45 ms
134,1103.1500000000003 ms
134,1110.1000000000001 ms
134,1152.5500000000004 ms
134,1158.3 ms
134,1181.8000000000004 ms
134,1202.1000000000001 ms
134,1218.3500000000001 ms
134,1219.8999999999999 ms
134,1220.4000000000003 ms
134,1246.5000000000002 ms
134,1285.1000000000001 ms
134,1327.55 ms
134,1336.8999999999999 ms
134,1340.8 ms
134,1377.05 ms
134,1381.2 ms
134,1383.1000000000001 ms
134,1385.3000000000004 ms
134,1402.1500000000003 ms
134,1406.3000000000004 ms
134,1454.7000000000005 ms
134,1459.7500000000002 ms
134,1461.3 ms
134,1462.95 ms
134,1479.8500000000001 ms
134,1513.5500000000004 ms
134,1522.1500000000003 ms
134,1543.8000000000004 ms
134,1549.0500000000004 ms
134,1559.3500000000001 ms
134,1572.1000000000006 ms
134,1589.6500000000003 ms
134,1591.8500000000006 ms
134,1619.5500000000004 ms
134,1644.8000000000004 ms
134,1667.8000000000004 ms
134,1668.1000000000001 ms
134,1674.6500000000003 ms
134,1696.9000000000003 ms
134,1723.3000000000004 ms
134,1732.3000000000004 ms
134,1737.5500000000004 ms
134,1756.8000000000004 ms
134,1761.7500000000007 ms
134,1768.5500000000004 ms
134,1786.8500000000001 ms
134,1815.95 ms
134,1816.6000000000001 ms
134,1846.2500000000002 ms
134,1860.9000000000003 ms
134,1865.2500000000002 ms
134,1878.1000000000001 ms
134,1909.95 ms
134,1918.6500000000003 ms
134,1943.8000000000004 ms
134,1946.0500000000004 ms
134,1948.9500000000005 ms
134,1950.1000000000006 ms
134,1960.1500000000003 ms
134,1961.6500000000008 ms
134,1964.0000000000007 ms
134,1974.1500000000008 ms
134,1996.5000000000007 ms
134,2010.4500000000005 ms
134,2026.4000000000008 ms
134,2028.5500000000009 ms
134,2081.9500000000007 ms
134,2086.800000000001 ms
134,2096.4000000000005 ms
134,2115.2000000000007 ms
134,2116.000000000001 ms
134,2141.6000000000013 ms
134,2144.1000000000013 ms
134,2174.6000000000013 ms
134,2182.9000000000005 ms
134,2211.3500000000013 ms
134,2217.1000000000013 ms
134,2253.2000000000007 ms
134,2256.800000000001 ms
134,2258.9500000000007 ms
134,2270.250000000001 ms
134,2270.800000000001 ms
134,2303.300000000001 ms
134,2309.1500000000015 ms
134,2313.500000000001 ms
134,2321.6500000000005 ms
134,2328.300000000001 ms
134,2337.550000000001 ms
134,2350.9000000000015 ms
134,2395.000000000001 ms
134,2421.050000000001 ms
134,2433.7000000000007 ms
134,2446.4500000000007 ms
134,2449.550000000001 ms
134,2472.050000000001 ms
134,2473.7000000000007 ms
134,2492.6000000000013 ms
134,2498.4500000000016 ms
134,2500.3500000000013 ms
134,2547.1500000000015 ms
134,2550.9500000000016 ms
134,2556.6500000000015 ms
134,2561.050000000001 ms
134,2597.850000000002 ms
134,2598.750000000002 ms
134,2623.1500000000015 ms
134,2626.4000000000015 ms
134,2650.250000000002 ms
134,2662.250000000002 ms
134,2665.300000000002 ms
134,2669.250000000002 ms
134,2669.350000000002 ms
134,2678.000000000002 ms
134,2690.1500000000015 ms
134,2691.250000000002 ms
134,2722.550000000002 ms
134,2725.600000000002 ms
134,2754.1500000000024 ms
134,2770.5000000000027 ms
134,2781.5000000000027 ms
134,2782.9000000000024 ms
134,2829.050000000002 ms
134,2831.050000000002 ms
134,2835.9000000000024 ms
134,2845.4500000000025 ms
134,2852.4000000000024 ms
134,2876.9500000000025 ms
134,2878.9000000000024 ms
134,2882.350000000002 ms
134,2895.850000000002 ms
134,2900.300000000002 ms
134,2904.000000000002 ms
134,2904.850000000002 ms
134,2922.550000000001 ms
134,2943.6500000000015 ms
134,2947.4000000000015 ms
134,2979.6500000000015 ms
134,2980.250000000002 ms
134,2989.8500000000013 ms
134,3054.6500000000015 ms
134,3075.2000000000016 ms
134,3080.1500000000015 ms
134,3096.6000000000013 ms
134,3117.000000000001 ms
134,3123.1000000000013 ms
134,3136.7000000000016 ms
134,3142.1500000000005 ms
134,3142.4500000000016 ms
134,3184.050000000001 ms
134,3186.9500000000007 ms
134,3210.1000000000013 ms
134,3213.4500000000016 ms
134,3214.9500000000016 ms
134,3215.7000000000016 ms
134,3240.1500000000005 ms
134,3297.7000000000016 ms
134,3323.6500000000005 ms
134,3326.500000000001 ms
134,3349.9500000000007 ms
134,3399.1500000000005 ms
134,3409.4500000000007 ms
134,3410.800000000001 ms
134,3416.9500000000007 ms
134,3418.4500000000007 ms
134,3433.4500000000007 ms
134,3442.4500000000007 ms
134,3458.4500000000007 ms
134,3485.9000000000005 ms
134,3492.55 ms
134,3499.9500000000007 ms
134,3503.250000000001 ms
134,3504.000000000001 ms
134,3553.9500000000007 ms
134,3562.8500000000004 ms
134,3563.6000000000004 ms
134,3581.9000000000015 ms
134,3586.6000000000004 ms
134,3600.000000000001 ms
134,3612.2000000000007 ms
134,3615.1000000000004 ms
134,3616.4500000000007 ms
134,3622.300000000001 ms
134,3668.0 ms
134,3673.0 ms
134,3674.0 ms
134,3678.75 ms
134,3686.5 ms
134,3686.6000000000004 ms
134,3696.4000000000005 ms
134,3702.6000000000004 ms
134,3705.3500000000004 ms
134,3719.1500000000005 ms
134,3720.500000000001 ms
134,3724.750000000001 ms
134,3731.45 ms
134,3768.2 ms
134,3791.1500000000005 ms
134,3829.9000000000005 ms
134,3842.45 ms
134,3848.8500000000004 ms
134,3851.0 ms
134,3873.8500000000004 ms
134,3881.4500000000007 ms
134,3882.3999999999996 ms
134,3886.9500000000007 ms
134,3918.5 ms
134,3933.25 ms
134,3934.050000000001 ms
134,3942.4000000000005 ms
134,3970.6500000000005 ms
134,3973.1000000000004 ms
134,3975.4500000000007 ms
134,3977.4500000000007 ms
134,3978.2000000000007 ms
134,3997.1499999999996 ms
135,6.45 ms
135,22.8 ms
135,27.999999999999996 ms
135,31.3 ms
135,37.35000000000001 ms
135,38.39999999999999 ms
135,42.14999999999999 ms
135,47.8 ms
135,50.7 ms
135,55.7 ms
135,84.40000000000002 ms
135,97.55000000000003 ms
135,98.65000000000002 ms
135,102.2 ms
135,109.24999999999999 ms
135,116.05 ms
135,124.84999999999998 ms
135,130.7 ms
135,136.45 ms
135,178.64999999999998 ms
135,184.54999999999995 ms
135,209.89999999999998 ms
135,211.5 ms
135,213.5 ms
135,224.54999999999995 ms
135,227.85000000000002 ms
135,293.75 ms
135,298.75 ms
135,320.75 ms
135,330.4 ms
135,342.79999999999995 ms
135,346.15 ms
135,355.44999999999993 ms
135,362.9 ms
135,363.54999999999995 ms
135,369.0 ms
135,375.04999999999995 ms
135,385.0999999999999 ms
135,419.54999999999995 ms
135,420.65 ms
135,433.54999999999995 ms
135,448.5 ms
135,454.44999999999993 ms
135,461.19999999999993 ms
135,477.69999999999993 ms
135,478.15 ms
135,513.05 ms
135,515.8 ms
135,529.6499999999999 ms
135,529.8999999999999 ms
135,558.05 ms
135,559.25 ms
135,565.6500000000001 ms
135,566.6999999999998 ms
135,571.05 ms
135,574.75 ms
135,630.0999999999999 ms
135,644.75 ms
135,650.75 ms
135,668.5 ms
135,675.5999999999999 ms
135,700.7 ms
135,701.25 ms
135,708.4000000000001 ms
135,708.5 ms
135,727.9000000000001 ms
135,729.3 ms
135,748.05 ms
135,752.45 ms
135,785.6499999999999 ms
135,787.8999999999999 ms
135,793.8 ms
135,806.55 ms
135,812.0 ms
135,859.0999999999999 ms
135,859.6500000000001 ms
135,865.3 ms
135,868.7 ms
135,877.6499999999999 ms
135,888.25 ms
135,891.0 ms
135,894.8 ms
135,897.0 ms
135,898.5999999999999 ms
135,905.75 ms
135,927.6500000000001 ms
135,931.0999999999999 ms
135,967.8000000000002 ms
135,990.4000000000001 ms
135,994.5 ms
135,995.5 ms
135,1009.8500000000001 ms
135,1019.4000000000001 ms
135,1059.65 ms
135,1071.75 ms
135,1080.15 ms
135,1088.9 ms
135,1101.4500000000003 ms
135,1103.15 ms
135,1110.1 ms
135,1120.5000000000005 ms
135,1125.2000000000003 ms
135,1133.5500000000002 ms
135,1165.1000000000004 ms
135,1174.65 ms
135,1187.0 ms
135,1216.9499999999998 ms
135,1223.25 ms
135,1238.6999999999998 ms
135,1244.8000000000002 ms
135,1254.1 ms
135,1255.6 ms
135,1263.75 ms
135,1271.0 ms
135,1277.5 ms
135,1282.0 ms
135,1289.8000000000002 ms
135,1293.25 ms
135,1322.25 ms
135,1323.5500000000002 ms
135,1328.1499999999996 ms
135,1344.8999999999996 ms
135,1390.5500000000002 ms
135,1392.5500000000002 ms
135,1406.0500000000002 ms
135,1428.5500000000002 ms
135,1442.1499999999996 ms
135,1460.1499999999996 ms
135,1463.75 ms
135,1464.6999999999998 ms
135,1473.7999999999997 ms
135,1475.3999999999996 ms
135,1495.4999999999995 ms
135,1505.9499999999994 ms
135,1520.3999999999996 ms
135,1549.3999999999996 ms
135,1589.5999999999995 ms
135,1595.1499999999996 ms
135,1596.0499999999997 ms
135,1627.0499999999997 ms
135,1634.7499999999995 ms
135,1646.4999999999995 ms
135,1662.0499999999997 ms
135,1691.1999999999998 ms
135,1691.3999999999996 ms
135,1702.1999999999998 ms
135,1715.1 ms
135,1727.35 ms
135,1737.65 ms
135,1747.4999999999995 ms
135,1747.9 ms
135,1772.35 ms
135,1782.75 ms
135,1799.9499999999998 ms
135,1806.6000000000004 ms
135,1808.1999999999998 ms
135,1823.1999999999998 ms
135,1848.15 ms
135,1873.5 ms
135,1878.5 ms
135,1885.65 ms
135,1889.5500000000002 ms
135,1900.15 ms
135,1912.9 ms
135,1913.8000000000002 ms
135,1927.15 ms
135,1929.2000000000003 ms
135,1955.15 ms
135,1959.0 ms
135,1986.5 ms
135,1990.6999999999998 ms
135,2012.6999999999998 ms
135,2017.5 ms
135,2030.35 ms
135,2037.0 ms
135,2039.25 ms
135,2050.2 ms
135,2088.6499999999996 ms
135,2113.25 ms
135,2119.8499999999995 ms
135,2134.2999999999993 ms
135,2138.1499999999996 ms
135,2144.699999999999 ms
135,2189.5499999999993 ms
135,2199.3499999999995 ms
135,2250.999999999999 ms
135,2264.05 ms
135,2265.05 ms
135,2276.05 ms
135,2291.05 ms
135,2298.0999999999995 ms
135,2306.5999999999995 ms
135,2312.3 ms
135,2323.7 ms
135,2332.05 ms
135,2345.8 ms
135,2346.45 ms
135,2363.5 ms
135,2377.3999999999996 ms
135,2391.3500000000004 ms
135,2394.5499999999993 ms
135,2401.5499999999993 ms
135,2417.0499999999993 ms
135,2427.0499999999993 ms
135,2454.45 ms
135,2480.5999999999995 ms
135,2500.6500000000005 ms
135,2511.5 ms
135,2511.75 ms
135,2521.1499999999996 ms
135,2545.3500000000004 ms
135,2556.8500000000004 ms
135,2560.7999999999993 ms
135,2576.7999999999993 ms
135,2582.0 ms
135,2594.699999999999 ms
135,2601.199999999999 ms
135,2644.7999999999993 ms
135,2677.999999999999 ms
135,2686.8999999999987 ms
135,2693.6499999999987 ms
135,2718.749999999999 ms
135,2719.2999999999993 ms
135,2742.449999999999 ms
135,2750.5499999999993 ms
135,2772.0499999999993 ms
135,2784.5999999999995 ms
135,2787.3499999999995 ms
135,2820.6499999999996 ms
135,2826.1499999999996 ms
135,2855.7999999999993 ms
135,2868.6499999999996 ms
135,2888.7 ms
135,2922.75 ms
135,2937.8500000000004 ms
135,2954.8999999999996 ms
135,2955.8500000000004 ms
135,2976.6000000000004 ms
135,2997.5 ms
135,2999.8999999999996 ms
135,3011.0 ms
135,3013.8500000000004 ms
135,3014.2 ms
135,3017.6499999999996 ms
135,3042.8499999999995 ms
135,3063.6499999999996 ms
135,3074.7 ms
135,3079.1499999999996 ms
135,3093.6499999999996 ms
135,3110.7999999999993 ms
135,3148.8999999999996 ms
135,3152.5 ms
135,3160.449999999999 ms
135,3162.0499999999993 ms
135,3174.749999999999 ms
135,3174.8999999999987 ms
135,3175.5999999999995 ms
135,3178.449999999999 ms
135,3180.5499999999993 ms
135,3192.199999999999 ms
135,3200.7999999999993 ms
135,3213.8499999999985 ms
135,3227.0499999999993 ms
135,3271.0499999999993 ms
135,3301.5999999999985 ms
135,3334.5499999999993 ms
135,3357.249999999998 ms
135,3365.5499999999993 ms
135,3381.199999999999 ms
135,3383.5499999999993 ms
135,3388.5499999999993 ms
135,3408.6499999999987 ms
135,3423.7999999999984 ms
135,3426.7999999999984 ms
135,3429.7999999999984 ms
135,3485.949999999999 ms
135,3507.499999999999 ms
135,3511.199999999999 ms
135,3514.6499999999987 ms
135,3570.699999999999 ms
135,3586.999999999999 ms
135,3593.7999999999993 ms
135,3611.7999999999993 ms
135,3630.249999999999 ms
135,3637.249999999999 ms
135,3640.8999999999987 ms
135,3654.5999999999995 ms
135,3688.699999999999 ms
135,3700.3499999999985 ms
135,3709.949999999999 ms
135,3714.2999999999993 ms
135,3730.0499999999993 ms
135,3733.5499999999993 ms
135,3746.7999999999993 ms
135,3781.7999999999993 ms
135,3783.249999999998 ms
135,3788.449999999999 ms
135,3789.8499999999985 ms
135,3793.2999999999984 ms
135,3795.949999999998 ms
135,3799.8999999999987 ms
135,3806.8499999999976 ms
135,3810.449999999998 ms
135,3811.199999999998 ms
135,3821.3499999999976 ms
135,3825.449999999998 ms
135,3829.449999999998 ms
135,3832.499999999998 ms
135,3848.3499999999985 ms
135,3852.699999999998 ms
135,3855.999999999998 ms
135,3859.749999999998 ms
135,3867.5499999999984 ms
135,3870.2999999999984 ms
135,3877.249999999998 ms
135,3880.999999999998 ms
135,3897.0499999999984 ms
135,3901.699999999998 ms
135,3922.0499999999984 ms
135,3922.449999999998 ms
135,3964.5499999999984 ms
135,3972.3999999999987 ms
135,3992.699999999998 ms
135,3997.5999999999985 ms
135,3999.0499999999984 ms
136,12.200000000000001 ms
136,13.15 ms
136,18.550000000000004 ms
136,25.9 ms
136,32.6 ms
136,33.6 ms
136,44.20000000000001 ms
136,50.00000000000001 ms
136,58.300000000000004 ms
136,65.44999999999999 ms
136,71.0 ms
136,93.30000000000001 ms
136,98.55000000000001 ms
136,117.85 ms
136,119.85 ms
136,122.9 ms
136,124.69999999999999 ms
136,135.55 ms
136,140.59999999999997 ms
136,160.95 ms
136,171.8 ms
136,185.95 ms
136,216.59999999999997 ms
136,251.7 ms
136,284.50000000000006 ms
136,290.15000000000003 ms
136,291.8999999999999 ms
136,296.5499999999999 ms
136,297.8999999999999 ms
136,300.59999999999997 ms
136,331.5499999999999 ms
136,343.4499999999999 ms
136,355.99999999999994 ms
136,363.24999999999994 ms
136,366.6999999999999 ms
136,367.49999999999994 ms
136,374.09999999999997 ms
136,383.5499999999999 ms
136,384.09999999999997 ms
136,389.5499999999999 ms
136,390.3999999999999 ms
136,447.59999999999997 ms
136,447.99999999999994 ms
136,458.3 ms
136,466.90000000000003 ms
136,472.3999999999999 ms
136,477.45 ms
136,505.59999999999997 ms
136,514.5999999999999 ms
136,515.8999999999999 ms
136,521.4499999999998 ms
136,533.6999999999998 ms
136,539.2999999999997 ms
136,587.5499999999997 ms
136,610.3999999999999 ms
136,655.0999999999999 ms
136,662.5 ms
136,672.1999999999998 ms
136,707.0 ms
136,782.5999999999999 ms
136,788.05 ms
136,801.0 ms
136,810.5999999999999 ms
136,822.5500000000002 ms
136,834.5 ms
136,834.7000000000003 ms
136,842.6000000000001 ms
136,846.3000000000002 ms
136,895.1500000000001 ms
136,897.2500000000002 ms
136,922.7500000000002 ms
136,940.0500000000002 ms
136,944.6000000000001 ms
136,951.2 ms
136,955.8000000000002 ms
136,957.1500000000001 ms
136,959.0500000000002 ms
136,960.6000000000001 ms
136,974.3500000000001 ms
136,990.45 ms
136,1003.1500000000003 ms
136,1006.3000000000002 ms
136,1007.0500000000002 ms
136,1011.5500000000002 ms
136,1012.4500000000003 ms
136,1023.8000000000002 ms
136,1041.2000000000003 ms
136,1052.9500000000003 ms
136,1067.4 ms
136,1104.2000000000003 ms
136,1141.8500000000004 ms
136,1152.8000000000002 ms
136,1167.1000000000004 ms
136,1188.0000000000005 ms
136,1199.1000000000004 ms
136,1203.2000000000003 ms
136,1228.2500000000005 ms
136,1230.15 ms
136,1250.15 ms
136,1250.3500000000004 ms
136,1252.3500000000004 ms
136,1252.7000000000003 ms
136,1265.7000000000003 ms
136,1269.7500000000005 ms
136,1276.7000000000003 ms
136,1277.2500000000005 ms
136,1280.5000000000005 ms
136,1287.2000000000003 ms
136,1298.8500000000004 ms
136,1310.9500000000003 ms
136,1315.3500000000004 ms
136,1330.9000000000005 ms
136,1359.6500000000005 ms
136,1379.9000000000005 ms
136,1382.0500000000002 ms
136,1396.6500000000005 ms
136,1402.6500000000005 ms
136,1415.25 ms
136,1419.75 ms
136,1422.5 ms
136,1442.8000000000002 ms
136,1444.8000000000002 ms
136,1449.3000000000002 ms
136,1463.0 ms
136,1472.9000000000005 ms
136,1475.25 ms
136,1478.8500000000004 ms
136,1483.25 ms
136,1526.8000000000002 ms
136,1532.65 ms
136,1539.3000000000002 ms
136,1591.6000000000004 ms
136,1606.65 ms
136,1617.35 ms
136,1631.9 ms
136,1654.9500000000003 ms
136,1663.35 ms
136,1709.1 ms
136,1710.85 ms
136,1732.1 ms
136,1732.9 ms
136,1748.15 ms
136,1754.15 ms
136,1754.3000000000002 ms
136,1801.4500000000003 ms
136,1816.9500000000003 ms
136,1820.7500000000005 ms
136,1845.2000000000003 ms
136,1850.4 ms
136,1859.3000000000006 ms
136,1868.15 ms
136,1884.6000000000004 ms
136,1886.8000000000002 ms
136,1888.9500000000007 ms
136,1899.2500000000005 ms
136,1940.3000000000006 ms
136,1942.0500000000006 ms
136,1962.5000000000005 ms
136,1966.4000000000005 ms
136,1969.9000000000005 ms
136,2001.8000000000006 ms
136,2018.3500000000008 ms
136,2018.8000000000006 ms
136,2024.2500000000005 ms
136,2066.100000000001 ms
136,2093.350000000001 ms
136,2164.650000000001 ms
136,2165.8000000000015 ms
136,2186.950000000001 ms
136,2189.1000000000017 ms
136,2208.650000000002 ms
136,2232.3500000000017 ms
136,2271.5000000000014 ms
136,2291.8000000000015 ms
136,2318.8000000000015 ms
136,2325.200000000002 ms
136,2326.400000000002 ms
136,2330.900000000001 ms
136,2332.7500000000014 ms
136,2336.0500000000015 ms
136,2338.1000000000017 ms
136,2356.200000000001 ms
136,2361.6000000000017 ms
136,2362.900000000002 ms
136,2374.650000000002 ms
136,2394.1000000000017 ms
136,2404.5500000000015 ms
136,2436.3500000000017 ms
136,2437.1000000000017 ms
136,2454.650000000002 ms
136,2469.3500000000017 ms
136,2471.5000000000023 ms
136,2472.3000000000025 ms
136,2503.700000000002 ms
136,2504.400000000002 ms
136,2532.8000000000025 ms
136,2544.650000000002 ms
136,2561.0500000000025 ms
136,2583.5000000000023 ms
136,2591.8000000000025 ms
136,2616.150000000002 ms
136,2620.8000000000025 ms
136,2627.3000000000015 ms
136,2628.7500000000014 ms
136,2631.2500000000023 ms
136,2638.650000000002 ms
136,2640.5000000000014 ms
136,2650.3500000000017 ms
136,2694.1000000000017 ms
136,2734.400000000002 ms
136,2736.3000000000025 ms
136,2740.950000000002 ms
136,2763.8000000000015 ms
136,2778.950000000002 ms
136,2793.0000000000023 ms
136,2807.200000000002 ms
136,2807.7500000000023 ms
136,2811.0000000000023 ms
136,2818.5500000000025 ms
136,2819.2500000000023 ms
136,2845.3500000000017 ms
136,2854.200000000002 ms
136,2864.8500000000026 ms
136,2868.7500000000023 ms
136,2871.1000000000017 ms
136,2873.5500000000015 ms
136,2879.5500000000025 ms
136,2902.3500000000026 ms
136,2915.8000000000025 ms
136,2916.0000000000023 ms
136,2919.200000000002 ms
136,2933.0500000000015 ms
136,2958.700000000002 ms
136,2960.5500000000015 ms
136,2963.700000000002 ms
136,2965.700000000001 ms
136,2966.200000000002 ms
136,2979.7500000000023 ms
136,2981.8000000000025 ms
136,2982.2500000000023 ms
136,2986.0500000000025 ms
136,2990.5000000000023 ms
136,2997.900000000002 ms
136,3043.2500000000014 ms
136,3082.3500000000017 ms
136,3150.7500000000023 ms
136,3151.900000000002 ms
136,3173.200000000002 ms
136,3192.650000000002 ms
136,3196.200000000002 ms
136,3200.900000000002 ms
136,3211.8000000000025 ms
136,3226.2500000000023 ms
136,3243.2500000000014 ms
136,3253.7500000000023 ms
136,3283.8000000000025 ms
136,3307.950000000002 ms
136,3322.3500000000026 ms
136,3324.5500000000025 ms
136,3341.8500000000026 ms
136,3351.650000000003 ms
136,3361.2500000000023 ms
136,3366.5500000000025 ms
136,3367.650000000002 ms
136,3416.200000000002 ms
136,3418.3000000000025 ms
136,3431.150000000002 ms
136,3464.1000000000017 ms
136,3466.3000000000015 ms
136,3475.3500000000017 ms
136,3497.650000000002 ms
136,3503.2500000000023 ms
136,3506.400000000003 ms
136,3514.0500000000025 ms
136,3523.450000000003 ms
136,3540.900000000003 ms
136,3566.2500000000023 ms
136,3588.3000000000025 ms
136,3602.6000000000026 ms
136,3605.1000000000026 ms
136,3611.250000000003 ms
136,3628.5000000000023 ms
136,3640.8000000000025 ms
136,3693.0000000000023 ms
136,3737.150000000003 ms
136,3740.150000000003 ms
136,3754.200000000003 ms
136,3762.450000000003 ms
136,3765.200000000003 ms
136,3771.000000000003 ms
136,3785.450000000003 ms
136,3788.400000000003 ms
136,3792.3500000000026 ms
136,3795.8500000000026 ms
136,3798.700000000002 ms
136,3809.5000000000023 ms
136,3809.750000000003 ms
136,3818.7500000000023 ms
136,3831.400000000003 ms
136,3833.0500000000034 ms
136,3844.500000000003 ms
136,3845.400000000003 ms
136,3885.150000000003 ms
136,3899.3000000000034 ms
136,3900.650000000003 ms
136,3906.700000000003 ms
136,3917.250000000003 ms
136,3924.200000000003 ms
136,3933.5500000000025 ms
136,3957.1000000000026 ms
137,7.300000000000001 ms
137,8.5 ms
137,10.55 ms
137,14.350000000000001 ms
137,35.150000000000006 ms
137,36.75 ms
137,39.85000000000001 ms
137,55.95 ms
137,95.75000000000001 ms
137,101.70000000000003 ms
137,129.90000000000003 ms
137,135.00000000000006 ms
137,142.40000000000003 ms
137,143.05 ms
137,147.45000000000005 ms
137,151.95000000000005 ms
137,158.75000000000006 ms
137,165.55000000000007 ms
137,179.6500000000001 ms
137,193.80000000000007 ms
137,198.20000000000005 ms
137,206.10000000000008 ms
137,228.60000000000008 ms
137,231.9500000000001 ms
137,235.9500000000001 ms
137,239.25000000000006 ms
137,243.80000000000013 ms
137,245.1500000000001 ms
137,247.5000000000001 ms
137,258.0000000000001 ms
137,258.95000000000016 ms
137,272.1 ms
137,300.0000000000001 ms
137,342.6 ms
137,345.1500000000001 ms
137,361.7500000000001 ms
137,364.1500000000001 ms
137,367.05000000000007 ms
137,379.05000000000007 ms
137,382.6 ms
137,384.2500000000001 ms
137,392.80000000000007 ms
137,422.1 ms
137,424.6 ms
137,451.05000000000007 ms
137,456.0000000000001 ms
137,458.65 ms
137,460.0000000000001 ms
137,486.9 ms
137,521.0500000000001 ms
137,523.35 ms
137,534.4 ms
137,562.1999999999999 ms
137,569.6999999999999 ms
137,576.8000000000001 ms
137,581.1 ms
137,589.3000000000001 ms
137,590.5000000000001 ms
137,592.7000000000002 ms
137,617.6500000000002 ms
137,624.8000000000001 ms
137,629.35 ms
137,632.7499999999999 ms
137,652.4499999999999 ms
137,671.5500000000001 ms
137,699.8000000000001 ms
137,704.4499999999999 ms
137,705.9 ms
137,708.1999999999999 ms
137,712.9500000000002 ms
137,730.5000000000001 ms
137,734.6 ms
137,737.3000000000001 ms
137,737.5000000000001 ms
137,750.2000000000002 ms
137,754.6 ms
137,758.7500000000001 ms
137,783.9 ms
137,784.0500000000001 ms
137,804.6999999999999 ms
137,814.4 ms
137,870.9499999999999 ms
137,878.15 ms
137,880.4000000000002 ms
137,894.4 ms
137,933.1500000000002 ms
137,936.2500000000001 ms
137,944.4500000000002 ms
137,952.2500000000001 ms
137,960.7500000000001 ms
137,964.1000000000003 ms
137,968.7500000000001 ms
137,990.5500000000001 ms
137,991.4499999999999 ms
137,995.0500000000001 ms
137,995.8000000000001 ms
137,1001.3000000000001 ms
137,1032.5500000000002 ms
137,1032.8500000000004 ms
137,1050.75 ms
137,1063.0500000000002 ms
137,1077.7000000000003 ms
137,1088.7000000000003 ms
137,1135.7500000000005 ms
137,1137.5500000000002 ms
137,1147.75 ms
137,1163.2000000000003 ms
137,1163.3500000000004 ms
137,1175.8500000000004 ms
137,1184.6500000000005 ms
137,1196.6000000000004 ms
137,1206.3000000000002 ms
137,1211.7000000000007 ms
137,1233.8500000000004 ms
137,1238.1000000000004 ms
137,1241.0500000000006 ms
137,1245.6000000000008 ms
137,1272.9500000000003 ms
137,1289.4500000000003 ms
137,1303.3500000000008 ms
137,1309.9000000000005 ms
137,1317.6500000000005 ms
137,1325.6500000000005 ms
137,1328.4000000000005 ms
137,1332.7500000000005 ms
137,1334.3500000000004 ms
137,1369.2500000000005 ms
137,1403.1000000000004 ms
137,1414.6500000000005 ms
137,1422.6500000000005 ms
137,1423.75 ms
137,1456.6000000000004 ms
137,1481.5 ms
137,1498.9000000000005 ms
137,1503.1500000000005 ms
137,1507.3500000000004 ms
137,1511.2500000000005 ms
137,1513.3000000000006 ms
137,1518.5000000000005 ms
137,1526.1500000000005 ms
137,1537.4000000000005 ms
137,1538.8500000000004 ms
137,1542.0500000000006 ms
137,1548.7500000000005 ms
137,1565.0500000000006 ms
137,1575.8000000000006 ms
137,1588.5500000000006 ms
137,1637.0000000000005 ms
137,1656.4500000000007 ms
137,1668.6000000000008 ms
137,1670.500000000001 ms
137,1680.4500000000007 ms
137,1686.550000000001 ms
137,1700.050000000001 ms
137,1708.2000000000007 ms
137,1721.4500000000007 ms
137,1729.750000000001 ms
137,1756.400000000001 ms
137,1777.300000000001 ms
137,1785.800000000001 ms
137,1786.800000000001 ms
137,1811.500000000001 ms
137,1815.2000000000012 ms
137,1826.400000000001 ms
137,1827.5000000000014 ms
137,1837.300000000001 ms
137,1841.1000000000013 ms
137,1843.8500000000013 ms
137,1854.8500000000013 ms
137,1864.3500000000013 ms
137,1869.6000000000013 ms
137,1872.650000000001 ms
137,1874.9500000000012 ms
137,1883.3000000000006 ms
137,1893.8000000000006 ms
137,1903.2000000000012 ms
137,1921.7000000000012 ms
137,1924.6000000000008 ms
137,1932.050000000001 ms
137,1947.400000000001 ms
137,1962.400000000001 ms
137,1974.6000000000008 ms
137,1990.4500000000012 ms
137,1991.250000000001 ms
137,2008.8500000000008 ms
137,2014.150000000001 ms
137,2068.850000000001 ms
137,2074.2000000000003 ms
137,2079.700000000001 ms
137,2081.9500000000003 ms
137,2096.4 ms
137,2112.400000000001 ms
137,2122.350000000001 ms
137,2127.400000000001 ms
137,2133.8000000000006 ms
137,2140.4 ms
137,2158.0500000000006 ms
137,2179.65 ms
137,2206.5500000000006 ms
137,2227.5500000000006 ms
137,2254.2500000000005 ms
137,2267.5000000000005 ms
137,2271.3000000000006 ms
137,2289.8000000000006 ms
137,2290.350000000001 ms
137,2306.5500000000006 ms
137,2343.0000000000005 ms
137,2348.6 ms
137,2354.2500000000005 ms
137,2355.8000000000006 ms
137,2362.2500000000005 ms
137,2364.35 ms
137,2377.2999999999997 ms
137,2398.4 ms
137,2407.9 ms
137,2414.4999999999995 ms
137,2425.2999999999997 ms
137,2448.35 ms
137,2479.2999999999997 ms
137,2496.4999999999995 ms
137,2510.9 ms
137,2515.9500000000003 ms
137,2526.100000000001 ms
137,2547.0000000000005 ms
137,2553.150000000001 ms
137,2557.200000000001 ms
137,2569.4500000000003 ms
137,2583.600000000001 ms
137,2603.900000000001 ms
137,2606.650000000001 ms
137,2607.350000000001 ms
137,2623.150000000001 ms
137,2627.7500000000005 ms
137,2643.2000000000003 ms
137,2646.0000000000005 ms
137,2661.7500000000014 ms
137,2666.0500000000015 ms
137,2667.3000000000006 ms
137,2687.600000000001 ms
137,2703.8500000000017 ms
137,2706.950000000001 ms
137,2712.7500000000014 ms
137,2722.700000000001 ms
137,2732.1000000000017 ms
137,2739.650000000002 ms
137,2754.5500000000015 ms
137,2789.7500000000014 ms
137,2839.150000000002 ms
137,2841.5000000000014 ms
137,2859.600000000001 ms
137,2861.7500000000014 ms
137,2890.900000000002 ms
137,2920.0500000000015 ms
137,2926.200000000002 ms
137,2931.1000000000017 ms
137,2946.400000000002 ms
137,2956.650000000002 ms
137,2981.3500000000017 ms
137,2983.5500000000015 ms
137,2984.3000000000015 ms
137,2987.450000000002 ms
137,3002.3500000000017 ms
137,3010.200000000001 ms
137,3011.650000000001 ms
137,3016.0500000000015 ms
137,3033.0500000000015 ms
137,3039.700000000002 ms
137,3050.5000000000023 ms
137,3058.7500000000014 ms
137,3070.450000000001 ms
137,3070.950000000002 ms
137,3079.3500000000017 ms
137,3109.200000000001 ms
137,3115.200000000002 ms
137,3178.0500000000015 ms
137,3179.700000000002 ms
137,3180.650000000002 ms
137,3190.5000000000014 ms
137,3193.950000000001 ms
137,3197.6000000000017 ms
137,3203.150000000002 ms
137,3203.650000000001 ms
137,3205.2500000000014 ms
137,3223.950000000001 ms
137,3237.5500000000006 ms
137,3256.5500000000015 ms
137,3264.3500000000017 ms
137,3272.900000000002 ms
137,3276.0000000000014 ms
137,3295.400000000002 ms
137,3300.200000000002 ms
137,3301.0000000000023 ms
137,3314.900000000002 ms
137,3338.3000000000025 ms
137,3339.5500000000015 ms
137,3346.3000000000025 ms
137,3346.5000000000023 ms
137,3366.2500000000014 ms
137,3377.7500000000023 ms
137,3380.650000000002 ms
137,3400.8500000000017 ms
137,3420.0500000000015 ms
137,3422.950000000002 ms
137,3438.8500000000017 ms
137,3457.650000000002 ms
137,3498.2500000000014 ms
137,3512.700000000001 ms
137,3515.950000000002 ms
137,3516.6000000000017 ms
137,3535.200000000001 ms
137,3536.650000000001 ms
137,3556.150000000002 ms
137,3570.900000000001 ms
137,3577.350000000001 ms
137,3594.900000000001 ms
137,3602.8000000000015 ms
137,3605.200000000002 ms
137,3618.6000000000017 ms
137,3626.5000000000023 ms
137,3647.200000000002 ms
137,3651.5000000000023 ms
137,3703.3000000000025 ms
137,3705.3500000000026 ms
137,3710.0000000000023 ms
137,3715.700000000002 ms
137,3736.3000000000015 ms
137,3751.0000000000014 ms
137,3755.1000000000017 ms
137,3761.150000000002 ms
137,3807.0000000000014 ms
137,3808.3500000000017 ms
137,3849.950000000001 ms
137,3856.5000000000014 ms
137,3873.3000000000015 ms
137,3875.7500000000014 ms
137,3883.5000000000023 ms
137,3896.650000000002 ms
137,3911.0500000000025 ms
137,3939.8000000000015 ms
137,3950.950000000002 ms
137,3958.700000000002 ms
137,3963.0000000000023 ms
137,3976.7500000000023 ms
137,3982.0000000000023 ms
137,3983.900000000003 ms
138,0.4 ms
138,2.95 ms
138,12.650000000000002 ms
138,19.849999999999998 ms
138,31.150000000000002 ms
138,39.5 ms
138,54.7 ms
138,87.99999999999999 ms
138,89.55 ms
138,94.75000000000001 ms
138,108.74999999999999 ms
138,131.89999999999998 ms
138,136.10000000000002 ms
138,147.10000000000002 ms
138,187.89999999999998 ms
138,188.3 ms
138,191.90000000000003 ms
138,200.15000000000003 ms
138,207.15000000000003 ms
138,217.05 ms
138,222.10000000000002 ms
138,224.10000000000002 ms
138,228.85000000000002 ms
138,233.20000000000005 ms
138,244.89999999999998 ms
138,251.45000000000005 ms
138,256.8 ms
138,271.8 ms
138,274.45 ms
138,278.45 ms
138,291.45 ms
138,300.8999999999999 ms
138,314.2999999999999 ms
138,318.9499999999999 ms
138,321.8999999999999 ms
138,324.84999999999985 ms
138,340.34999999999997 ms
138,348.3999999999999 ms
138,359.1499999999999 ms
138,393.1499999999999 ms
138,408.7999999999999 ms
138,415.7999999999999 ms
138,419.0499999999999 ms
138,429.84999999999997 ms
138,437.45 ms
138,438.3 ms
138,443.95 ms
138,444.74999999999994 ms
138,447.6499999999999 ms
138,457.49999999999994 ms
138,463.55 ms
138,472.45 ms
138,474.4499999999999 ms
138,492.0499999999999 ms
138,493.09999999999997 ms
138,506.59999999999997 ms
138,509.15000000000003 ms
138,510.00000000000006 ms
138,512.6500000000001 ms
138,519.25 ms
138,523.25 ms
138,531.3499999999999 ms
138,550.5 ms
138,551.8499999999999 ms
138,560.2 ms
138,570.7 ms
138,584.7 ms
138,586.4000000000001 ms
138,607.25 ms
138,627.75 ms
138,631.1500000000001 ms
138,647.0 ms
138,653.5500000000002 ms
138,656.4000000000001 ms
138,676.5500000000002 ms
138,681.6500000000001 ms
138,694.45 ms
138,708.6000000000001 ms
138,712.2 ms
138,722.9000000000001 ms
138,756.1500000000001 ms
138,766.8500000000001 ms
138,768.2 ms
138,769.95 ms
138,795.8000000000002 ms
138,809.3000000000002 ms
138,814.6000000000001 ms
138,825.9000000000001 ms
138,828.0500000000002 ms
138,833.3000000000002 ms
138,839.0500000000002 ms
138,841.9000000000001 ms
138,851.9000000000001 ms
138,853.6000000000001 ms
138,856.6500000000001 ms
138,857.5 ms
138,861.9000000000001 ms
138,866.95 ms
138,878.95 ms
138,907.6000000000001 ms
138,908.3 ms
138,934.2500000000002 ms
138,943.4000000000001 ms
138,951.2 ms
138,951.3 ms
138,959.8500000000001 ms
138,961.2 ms
138,980.3500000000001 ms
138,982.3 ms
138,985.7500000000002 ms
138,996.55 ms
138,1001.2 ms
138,1021.25 ms
138,1022.0999999999999 ms
138,1030.5 ms
138,1034.75 ms
138,1046.5500000000002 ms
138,1053.1 ms
138,1083.2999999999997 ms
138,1085.4 ms
138,1093.4 ms
138,1095.1999999999998 ms
138,1107.0 ms
138,1132.75 ms
138,1143.0 ms
138,1160.8999999999996 ms
138,1167.3999999999996 ms
138,1178.6 ms
138,1205.6 ms
138,1235.15 ms
138,1239.15 ms
138,1244.4999999999995 ms
138,1263.9999999999995 ms
138,1304.0499999999997 ms
138,1307.6999999999998 ms
138,1333.25 ms
138,1340.1499999999996 ms
138,1351.1999999999998 ms
138,1376.25 ms
138,1398.3999999999996 ms
138,1408.1 ms
138,1434.1999999999998 ms
138,1462.7999999999997 ms
138,1481.7999999999997 ms
138,1481.9499999999998 ms
138,1482.1 ms
138,1504.5499999999997 ms
138,1512.85 ms
138,1518.5499999999997 ms
138,1531.9 ms
138,1540.9 ms
138,1545.9 ms
138,1551.6999999999998 ms
138,1560.25 ms
138,1568.6499999999996 ms
138,1584.4499999999998 ms
138,1586.6499999999996 ms
138,1596.6 ms
138,1605.6999999999998 ms
138,1612.6 ms
138,1613.0 ms
138,1617.0500000000002 ms
138,1626.9499999999998 ms
138,1636.1999999999998 ms
138,1686.4 ms
138,1704.85 ms
138,1711.15 ms
138,1719.85 ms
138,1725.15 ms
138,1754.4500000000003 ms
138,1787.2000000000003 ms
138,1798.15 ms
138,1820.25 ms
138,1823.3000000000002 ms
138,1833.1 ms
138,1859.9 ms
138,1861.2499999999995 ms
138,1894.1 ms
138,1905.35 ms
138,1907.8999999999996 ms
138,1911.0999999999995 ms
138,1916.0999999999995 ms
138,1926.8499999999995 ms
138,1931.75 ms
138,1961.25 ms
138,1967.1499999999996 ms
138,1985.4499999999998 ms
138,1992.6 ms
138,2021.0499999999997 ms
138,2023.35 ms
138,2027.5 ms
138,2038.6999999999998 ms
138,2082.3499999999995 ms
138,2086.3 ms
138,2086.45 ms
138,2110.2 ms
138,2113.55 ms
138,2116.8499999999995 ms
138,2146.8499999999995 ms
138,2168.1500000000005 ms
138,2169.3499999999995 ms
138,2233.05 ms
138,2277.8999999999996 ms
138,2280.2999999999993 ms
138,2303.1499999999996 ms
138,2329.3499999999995 ms
138,2329.5499999999993 ms
138,2339.699999999999 ms
138,2341.2999999999993 ms
138,2350.249999999999 ms
138,2357.7999999999993 ms
138,2359.449999999999 ms
138,2376.699999999999 ms
138,2381.0999999999995 ms
138,2381.8999999999996 ms
138,2382.5 ms
138,2430.699999999999 ms
138,2448.25 ms
138,2457.8499999999995 ms
138,2494.95 ms
138,2495.0499999999993 ms
138,2538.999999999999 ms
138,2554.0999999999995 ms
138,2565.5999999999995 ms
138,2566.699999999999 ms
138,2567.249999999999 ms
138,2587.449999999999 ms
138,2587.8999999999987 ms
138,2600.249999999999 ms
138,2609.7999999999984 ms
138,2620.7999999999984 ms
138,2648.0499999999984 ms
138,2648.949999999999 ms
138,2672.999999999999 ms
138,2683.7999999999993 ms
138,2696.749999999999 ms
138,2699.249999999999 ms
138,2709.5999999999995 ms
138,2731.8499999999995 ms
138,2733.5499999999984 ms
138,2760.249999999999 ms
138,2763.5499999999984 ms
138,2770.499999999999 ms
138,2777.6499999999987 ms
138,2778.5999999999985 ms
138,2781.7999999999984 ms
138,2785.199999999998 ms
138,2789.0499999999984 ms
138,2828.199999999998 ms
138,2846.449999999998 ms
138,2848.1499999999987 ms
138,2852.8499999999976 ms
138,2898.999999999998 ms
138,2901.699999999998 ms
138,2909.3499999999976 ms
138,2911.749999999998 ms
138,2923.0499999999984 ms
138,2949.8499999999985 ms
138,2955.749999999998 ms
138,2958.499999999998 ms
138,2960.749999999998 ms
138,2992.3999999999987 ms
138,3003.249999999999 ms
138,3016.8999999999987 ms
138,3024.3999999999987 ms
138,3024.499999999999 ms
138,3043.449999999998 ms
138,3074.2999999999984 ms
138,3075.5499999999984 ms
138,3087.949999999998 ms
138,3095.949999999998 ms
138,3128.7999999999984 ms
138,3129.6499999999987 ms
138,3132.999999999998 ms
138,3134.699999999998 ms
138,3135.5999999999976 ms
138,3144.199999999998 ms
138,3147.899999999998 ms
138,3150.5499999999975 ms
138,3152.5499999999975 ms
138,3153.5499999999975 ms
138,3169.899999999998 ms
138,3184.3499999999976 ms
138,3190.8499999999976 ms
138,3220.5499999999975 ms
138,3248.8499999999976 ms
138,3249.7499999999973 ms
138,3256.649999999998 ms
138,3262.249999999998 ms
138,3264.199999999997 ms
138,3292.749999999998 ms
138,3345.5999999999976 ms
138,3348.2499999999973 ms
138,3348.949999999998 ms
138,3359.399999999997 ms
138,3410.399999999997 ms
138,3413.9999999999973 ms
138,3437.949999999997 ms
138,3445.699999999997 ms
138,3456.2999999999975 ms
138,3478.2499999999964 ms
138,3492.5499999999975 ms
138,3510.5499999999975 ms
138,3524.7999999999975 ms
138,3555.449999999997 ms
138,3564.649999999997 ms
138,3564.7499999999973 ms
138,3573.899999999997 ms
138,3579.5499999999965 ms
138,3581.899999999997 ms
138,3585.3499999999967 ms
138,3589.7999999999965 ms
138,3604.7999999999965 ms
138,3612.149999999997 ms
138,3613.399999999997 ms
138,3617.449999999996 ms
138,3621.199999999996 ms
138,3626.7499999999973 ms
138,3645.5499999999965 ms
138,3646.899999999997 ms
138,3668.399999999997 ms
138,3687.7499999999973 ms
138,3701.149999999997 ms
138,3720.5499999999965 ms
138,3730.8499999999976 ms
138,3740.449999999997 ms
138,3746.9999999999973 ms
138,3774.7499999999973 ms
138,3807.4999999999973 ms
138,3829.0499999999975 ms
138,3833.3499999999976 ms
138,3842.2999999999975 ms
138,3896.7999999999975 ms
138,3903.7499999999973 ms
138,3924.7499999999973 ms
138,3929.2999999999975 ms
138,3956.0999999999976 ms
138,3967.199999999998 ms
138,3967.8499999999976 ms
138,3983.449999999998 ms
139,25.900000000000002 ms
139,38.849999999999994 ms
139,48.0 ms
139,51.849999999999994 ms
139,54.25 ms
139,61.099999999999994 ms
139,75.9 ms
139,78.9 ms
139,80.95000000000002 ms
139,82.75 ms
139,91.1 ms
139,108.75 ms
139,118.55000000000001 ms
139,127.14999999999998 ms
139,147.29999999999995 ms
139,163.85000000000002 ms
139,185.2 ms
139,189.8 ms
139,192.45 ms
139,195.34999999999997 ms
139,206.45 ms
139,213.09999999999997 ms
139,215.75 ms
139,217.95 ms
139,220.8 ms
139,227.49999999999994 ms
139,233.99999999999994 ms
139,237.39999999999998 ms
139,247.0 ms
139,247.09999999999997 ms
139,248.45 ms
139,249.64999999999992 ms
139,265.99999999999994 ms
139,269.74999999999994 ms
139,292.09999999999997 ms
139,292.84999999999997 ms
139,295.40000000000003 ms
139,317.8999999999999 ms
139,321.40000000000003 ms
139,344.3 ms
139,350.0499999999999 ms
139,363.1499999999999 ms
139,406.99999999999994 ms
139,442.45 ms
139,444.59999999999997 ms
139,456.2999999999999 ms
139,476.09999999999997 ms
139,479.34999999999997 ms
139,516.0 ms
139,516.1500000000001 ms
139,516.75 ms
139,529.55 ms
139,547.6499999999999 ms
139,551.5 ms
139,563.3 ms
139,570.45 ms
139,573.3 ms
139,611.3 ms
139,612.7 ms
139,615.05 ms
139,617.0999999999999 ms
139,629.9499999999998 ms
139,651.4499999999998 ms
139,664.6999999999998 ms
139,671.1999999999998 ms
139,678.75 ms
139,700.9499999999998 ms
139,705.3 ms
139,709.5 ms
139,726.4000000000001 ms
139,744.6999999999998 ms
139,762.75 ms
139,767.1999999999998 ms
139,780.8499999999999 ms
139,785.6999999999998 ms
139,793.4000000000001 ms
139,816.55 ms
139,823.1499999999999 ms
139,828.8 ms
139,864.3 ms
139,877.55 ms
139,897.5 ms
139,901.0 ms
139,907.4000000000001 ms
139,911.1999999999998 ms
139,923.3 ms
139,942.1499999999999 ms
139,972.7 ms
139,972.8999999999999 ms
139,1000.45 ms
139,1008.55 ms
139,1032.25 ms
139,1040.1999999999998 ms
139,1047.0 ms
139,1061.9 ms
139,1073.75 ms
139,1079.0500000000002 ms
139,1081.8000000000002 ms
139,1107.25 ms
139,1107.75 ms
139,1151.5 ms
139,1156.25 ms
139,1162.75 ms
139,1177.6 ms
139,1185.2999999999997 ms
139,1188.0 ms
139,1189.5 ms
139,1193.65 ms
139,1203.75 ms
139,1205.15 ms
139,1209.1 ms
139,1236.9500000000003 ms
139,1263.5499999999997 ms
139,1290.75 ms
139,1296.75 ms
139,1309.5 ms
139,1337.75 ms
139,1345.6999999999998 ms
139,1348.9 ms
139,1367.9 ms
139,1370.5500000000002 ms
139,1377.2000000000003 ms
139,1419.2000000000003 ms
139,1422.4500000000003 ms
139,1443.3000000000002 ms
139,1450.15 ms
139,1454.9 ms
139,1502.7000000000003 ms
139,1504.85 ms
139,1507.65 ms
139,1544.6 ms
139,1562.35 ms
139,1579.4 ms
139,1620.75 ms
139,1621.1 ms
139,1635.75 ms
139,1636.5500000000002 ms
139,1659.25 ms
139,1666.1 ms
139,1703.4499999999998 ms
139,1736.1999999999998 ms
139,1739.5 ms
139,1743.5 ms
139,1766.1999999999998 ms
139,1767.6999999999998 ms
139,1800.8999999999996 ms
139,1811.1999999999998 ms
139,1814.75 ms
139,1831.0 ms
139,1839.6999999999998 ms
139,1857.1 ms
139,1859.0 ms
139,1863.3000000000002 ms
139,1871.25 ms
139,1882.85 ms
139,1889.1 ms
139,1951.0499999999997 ms
139,1958.7999999999997 ms
139,1973.9500000000003 ms
139,1985.9 ms
139,1992.35 ms
139,1995.7000000000003 ms
139,1999.0499999999997 ms
139,2025.4 ms
139,2038.6 ms
139,2039.75 ms
139,2042.4 ms
139,2045.4 ms
139,2048.65 ms
139,2055.7499999999995 ms
139,2060.9499999999994 ms
139,2092.7499999999995 ms
139,2094.85 ms
139,2097.7500000000005 ms
139,2102.4999999999995 ms
139,2111.15 ms
139,2113.35 ms
139,2142.0000000000005 ms
139,2185.65 ms
139,2199.7499999999995 ms
139,2251.4499999999994 ms
139,2293.7999999999997 ms
139,2310.7999999999997 ms
139,2355.399999999999 ms
139,2374.7499999999995 ms
139,2406.9499999999994 ms
139,2416.9999999999995 ms
139,2417.5499999999997 ms
139,2427.6 ms
139,2430.1999999999994 ms
139,2436.1 ms
139,2436.6999999999994 ms
139,2443.7499999999995 ms
139,2449.4499999999994 ms
139,2452.0499999999997 ms
139,2480.85 ms
139,2487.7500000000005 ms
139,2489.7499999999995 ms
139,2491.6999999999994 ms
139,2506.7499999999995 ms
139,2522.1999999999994 ms
139,2524.1 ms
139,2531.5000000000005 ms
139,2533.3000000000006 ms
139,2541.350000000001 ms
139,2549.150000000001 ms
139,2552.0000000000005 ms
139,2591.1 ms
139,2591.4 ms
139,2603.400000000001 ms
139,2605.450000000001 ms
139,2614.2500000000014 ms
139,2614.400000000001 ms
139,2637.0500000000015 ms
139,2639.5500000000006 ms
139,2680.400000000001 ms
139,2688.350000000001 ms
139,2689.650000000001 ms
139,2700.450000000001 ms
139,2701.1000000000017 ms
139,2726.5500000000015 ms
139,2742.150000000001 ms
139,2742.650000000001 ms
139,2744.850000000001 ms
139,2751.2500000000014 ms
139,2753.7500000000005 ms
139,2769.8000000000006 ms
139,2772.400000000001 ms
139,2790.150000000001 ms
139,2794.3000000000015 ms
139,2804.6000000000017 ms
139,2811.7500000000014 ms
139,2842.450000000001 ms
139,2854.0000000000014 ms
139,2864.200000000001 ms
139,2872.450000000001 ms
139,2886.0000000000014 ms
139,2896.650000000002 ms
139,2898.8000000000015 ms
139,2905.3500000000017 ms
139,2919.7500000000023 ms
139,2941.950000000002 ms
139,2965.950000000001 ms
139,2968.8000000000015 ms
139,2977.200000000002 ms
139,2988.8000000000015 ms
139,2997.0000000000014 ms
139,3019.350000000001 ms
139,3026.2500000000014 ms
139,3036.850000000001 ms
139,3045.8500000000017 ms
139,3046.850000000001 ms
139,3053.7500000000014 ms
139,3090.150000000002 ms
139,3098.0500000000015 ms
139,3100.5500000000015 ms
139,3120.1000000000017 ms
139,3131.950000000001 ms
139,3136.1000000000017 ms
139,3149.400000000002 ms
139,3155.1000000000017 ms
139,3177.8500000000017 ms
139,3178.1000000000017 ms
139,3189.7500000000023 ms
139,3194.450000000002 ms
139,3228.700000000001 ms
139,3260.700000000002 ms
139,3264.5500000000015 ms
139,3273.8500000000017 ms
139,3312.2500000000023 ms
139,3315.200000000002 ms
139,3315.900000000002 ms
139,3335.8500000000017 ms
139,3348.400000000002 ms
139,3379.2500000000014 ms
139,3412.5500000000015 ms
139,3433.1000000000017 ms
139,3437.0500000000015 ms
139,3437.8000000000015 ms
139,3439.7500000000014 ms
139,3457.0000000000014 ms
139,3472.0000000000014 ms
139,3473.850000000001 ms
139,3479.700000000001 ms
139,3484.3000000000006 ms
139,3502.650000000001 ms
139,3536.5500000000015 ms
139,3560.200000000001 ms
139,3570.1000000000017 ms
139,3572.8000000000015 ms
139,3591.5500000000006 ms
139,3609.5500000000015 ms
139,3617.950000000001 ms
139,3626.3000000000006 ms
139,3632.950000000001 ms
139,3648.2500000000014 ms
139,3674.2500000000014 ms
139,3724.0000000000014 ms
139,3724.650000000002 ms
139,3737.400000000001 ms
139,3749.950000000001 ms
139,3751.900000000001 ms
139,3754.400000000002 ms
139,3755.5000000000014 ms
139,3759.850000000001 ms
139,3765.0500000000006 ms
139,3770.0000000000005 ms
139,3786.9500000000003 ms
139,3788.3000000000006 ms
139,3792.5000000000005 ms
139,3810.1 ms
139,3816.4500000000003 ms
139,3825.65 ms
139,3829.2499999999995 ms
139,3839.65 ms
139,3840.0500000000006 ms
139,3864.9 ms
139,3884.2000000000003 ms
139,3887.100000000001 ms
139,3894.7000000000003 ms
139,3895.15 ms
139,3957.1 ms
139,3980.9 ms
139,3982.4 ms
139,3987.2499999999995 ms
139,3992.7999999999997 ms
139,3994.9 ms
140,11.450000000000001 ms
140,11.850000000000003 ms
140,25.700000000000003 ms
140,40.400000000000006 ms
140,57.55000000000001 ms
140,66.35000000000001 ms
140,67.35000000000001 ms
140,95.35000000000001 ms
140,118.14999999999999 ms
140,120.55 ms
140,124.55000000000003 ms
140,145.40000000000003 ms
140,155.90000000000003 ms
140,214.75 ms
140,229.64999999999998 ms
140,256.9 ms
140,265.29999999999995 ms
140,276.5999999999999 ms
140,280.70000000000005 ms
140,291.0999999999999 ms
140,291.79999999999995 ms
140,299.94999999999993 ms
140,326.19999999999993 ms
140,326.9999999999999 ms
140,346.54999999999995 ms
140,364.04999999999995 ms
140,373.3499999999999 ms
140,378.04999999999995 ms
140,388.75 ms
140,394.19999999999993 ms
140,395.5999999999999 ms
140,397.39999999999986 ms
140,408.39999999999986 ms
140,429.14999999999986 ms
140,436.69999999999993 ms
140,439.94999999999993 ms
140,444.9999999999999 ms
140,453.19999999999993 ms
140,460.4999999999999 ms
140,462.4 ms
140,464.4999999999999 ms
140,468.44999999999993 ms
140,470.94999999999993 ms
140,474.4999999999999 ms
140,497.7499999999999 ms
140,500.04999999999995 ms
140,505.19999999999993 ms
140,514.9999999999999 ms
140,521.7499999999999 ms
140,524.6 ms
140,525.9999999999999 ms
140,531.3999999999997 ms
140,535.0999999999998 ms
140,544.9999999999999 ms
140,591.5499999999998 ms
140,639.4 ms
140,654.1 ms
140,658.4499999999999 ms
140,671.4999999999999 ms
140,675.8999999999997 ms
140,698.65 ms
140,705.35 ms
140,706.1999999999999 ms
140,707.9 ms
140,730.35 ms
140,747.65 ms
140,782.5000000000001 ms
140,786.7499999999999 ms
140,793.0499999999998 ms
140,801.9499999999999 ms
140,806.1999999999999 ms
140,811.6999999999999 ms
140,832.8499999999998 ms
140,837.2499999999999 ms
140,845.85 ms
140,846.0999999999998 ms
140,863.3999999999997 ms
140,882.65 ms
140,884.35 ms
140,898.8000000000001 ms
140,899.0000000000001 ms
140,917.0500000000001 ms
140,940.1999999999999 ms
140,951.15 ms
140,956.2999999999998 ms
140,960.0500000000001 ms
140,970.0499999999998 ms
140,970.3000000000001 ms
140,979.0000000000001 ms
140,1011.0500000000001 ms
140,1014.9 ms
140,1061.35 ms
140,1102.25 ms
140,1135.5500000000002 ms
140,1149.4499999999998 ms
140,1177.9 ms
140,1178.5 ms
140,1178.6 ms
140,1191.6999999999998 ms
140,1211.75 ms
140,1224.75 ms
140,1246.6999999999998 ms
140,1247.5 ms
140,1250.1999999999998 ms
140,1268.1 ms
140,1276.1999999999998 ms
140,1278.1 ms
140,1291.75 ms
140,1296.85 ms
140,1304.85 ms
140,1308.75 ms
140,1320.6 ms
140,1320.75 ms
140,1350.65 ms
140,1361.85 ms
140,1376.5000000000005 ms
140,1378.2000000000003 ms
140,1393.9 ms
140,1397.15 ms
140,1401.0000000000005 ms
140,1419.5500000000002 ms
140,1441.65 ms
140,1457.9 ms
140,1462.5500000000002 ms
140,1482.1000000000004 ms
140,1484.0 ms
140,1494.8500000000004 ms
140,1499.0500000000002 ms
140,1500.3500000000004 ms
140,1541.5 ms
140,1554.5 ms
140,1574.2000000000003 ms
140,1593.4500000000003 ms
140,1612.4500000000003 ms
140,1625.9500000000003 ms
140,1643.5000000000005 ms
140,1653.65 ms
140,1656.7000000000003 ms
140,1680.6000000000004 ms
140,1699.7000000000003 ms
140,1702.5000000000005 ms
140,1714.65 ms
140,1720.2000000000003 ms
140,1723.0500000000002 ms
140,1725.8000000000002 ms
140,1742.5500000000002 ms
140,1752.9 ms
140,1773.15 ms
140,1778.15 ms
140,1782.85 ms
140,1788.2000000000003 ms
140,1789.2000000000003 ms
140,1795.9 ms
140,1802.35 ms
140,1805.5000000000005 ms
140,1829.7000000000003 ms
140,1841.9 ms
140,1842.8500000000004 ms
140,1851.5000000000005 ms
140,1878.9000000000005 ms
140,1881.4500000000007 ms
140,1897.8500000000004 ms
140,1909.750000000001 ms
140,1921.8500000000004 ms
140,1944.0500000000006 ms
140,1946.7000000000007 ms
140,1950.7000000000007 ms
140,1958.8000000000006 ms
140,1958.9000000000005 ms
140,1970.6500000000005 ms
140,1982.1500000000005 ms
140,1989.7000000000007 ms
140,1992.5000000000005 ms
140,2016.8500000000004 ms
140,2022.3500000000004 ms
140,2024.1000000000004 ms
140,2035.0500000000002 ms
140,2042.4500000000007 ms
140,2044.5000000000005 ms
140,2054.5000000000005 ms
140,2057.2000000000003 ms
140,2060.4 ms
140,2066.6 ms
140,2098.9 ms
140,2099.9500000000003 ms
140,2100.5000000000005 ms
140,2110.0500000000006 ms
140,2128.950000000001 ms
140,2157.7000000000003 ms
140,2173.4 ms
140,2174.900000000001 ms
140,2182.15 ms
140,2183.35 ms
140,2187.9 ms
140,2195.0500000000006 ms
140,2197.450000000001 ms
140,2212.7000000000003 ms
140,2214.65 ms
140,2217.9500000000003 ms
140,2224.700000000001 ms
140,2225.4500000000003 ms
140,2238.200000000001 ms
140,2247.350000000001 ms
140,2282.8000000000006 ms
140,2286.3000000000006 ms
140,2310.9 ms
140,2327.7500000000005 ms
140,2334.1 ms
140,2342.7999999999997 ms
140,2346.9999999999995 ms
140,2352.0499999999997 ms
140,2358.3000000000006 ms
140,2370.2999999999997 ms
140,2406.1 ms
140,2434.7999999999997 ms
140,2448.1 ms
140,2452.2000000000003 ms
140,2468.2500000000005 ms
140,2486.3000000000006 ms
140,2487.5500000000006 ms
140,2490.0000000000005 ms
140,2491.150000000001 ms
140,2493.600000000001 ms
140,2517.150000000001 ms
140,2539.2500000000005 ms
140,2573.5500000000006 ms
140,2580.8000000000006 ms
140,2582.700000000001 ms
140,2583.7000000000003 ms
140,2592.200000000001 ms
140,2597.5000000000014 ms
140,2608.8000000000015 ms
140,2617.3500000000017 ms
140,2623.350000000001 ms
140,2646.3500000000017 ms
140,2657.150000000002 ms
140,2660.200000000002 ms
140,2661.450000000001 ms
140,2677.450000000002 ms
140,2684.150000000002 ms
140,2691.8000000000015 ms
140,2718.950000000002 ms
140,2744.950000000001 ms
140,2758.150000000001 ms
140,2805.5000000000014 ms
140,2814.150000000002 ms
140,2820.200000000002 ms
140,2820.950000000001 ms
140,2853.650000000001 ms
140,2864.100000000001 ms
140,2888.400000000001 ms
140,2895.0000000000014 ms
140,2895.8000000000015 ms
140,2925.1000000000017 ms
140,2926.950000000001 ms
140,2930.0500000000015 ms
140,2941.5000000000014 ms
140,2943.450000000001 ms
140,2975.1000000000017 ms
140,2977.7500000000014 ms
140,2980.100000000001 ms
140,2997.3000000000006 ms
140,3005.0500000000015 ms
140,3026.650000000001 ms
140,3064.900000000001 ms
140,3066.450000000001 ms
140,3078.2500000000014 ms
140,3093.650000000002 ms
140,3099.700000000002 ms
140,3101.650000000002 ms
140,3103.8000000000015 ms
140,3104.3000000000015 ms
140,3116.1000000000017 ms
140,3127.1000000000017 ms
140,3129.900000000002 ms
140,3134.8000000000025 ms
140,3140.8000000000015 ms
140,3147.3000000000025 ms
140,3147.400000000002 ms
140,3190.3000000000025 ms
140,3194.450000000002 ms
140,3208.400000000002 ms
140,3227.8500000000017 ms
140,3260.0500000000015 ms
140,3264.650000000001 ms
140,3343.5000000000014 ms
140,3346.700000000001 ms
140,3348.450000000001 ms
140,3364.200000000001 ms
140,3402.0500000000006 ms
140,3444.650000000001 ms
140,3456.5000000000005 ms
140,3466.0000000000014 ms
140,3483.950000000001 ms
140,3492.600000000001 ms
140,3513.3000000000006 ms
140,3529.5500000000006 ms
140,3530.950000000001 ms
140,3533.0000000000014 ms
140,3581.400000000001 ms
140,3586.350000000001 ms
140,3600.900000000001 ms
140,3601.2500000000005 ms
140,3604.0500000000006 ms
140,3613.700000000001 ms
140,3635.900000000001 ms
140,3638.0500000000015 ms
140,3646.2500000000014 ms
140,3709.700000000001 ms
140,3725.5000000000014 ms
140,3735.100000000001 ms
140,3738.9500000000003 ms
140,3741.600000000001 ms
140,3747.5500000000006 ms
140,3776.3000000000006 ms
140,3783.100000000001 ms
140,3787.3000000000006 ms
140,3788.4 ms
140,3825.35 ms
140,3830.9 ms
140,3831.900000000001 ms
140,3859.950000000001 ms
140,3886.0000000000014 ms
140,3894.950000000001 ms
140,3919.2000000000003 ms
140,3920.200000000001 ms
140,3927.7500000000014 ms
140,3927.900000000001 ms
140,3945.700000000001 ms
140,3972.150000000001 ms
141,18.900000000000002 ms
141,26.349999999999998 ms
141,48.400000000000006 ms
141,50.60000000000001 ms
141,67.60000000000001 ms
141,71.35000000000001 ms
141,77.64999999999999 ms
141,85.74999999999999 ms
141,108.14999999999999 ms
141,110.2 ms
141,111.99999999999999 ms
141,139.05 ms
141,147.25 ms
141,171.0 ms
141,208.60000000000002 ms
141,221.5 ms
141,253.75 ms
141,261.4 ms
141,267.54999999999995 ms
141,273.75 ms
141,283.8499999999999 ms
141,340.5999999999999 ms
141,342.54999999999995 ms
141,353.8499999999999 ms
141,355.70000000000005 ms
141,375.4 ms
141,376.69999999999993 ms
141,426.6 ms
141,431.5 ms
141,450.15 ms
141,465.6 ms
141,468.79999999999995 ms
141,475.25 ms
141,483.5 ms
141,487.8499999999999 ms
141,500.3499999999999 ms
141,504.65 ms
141,525.1 ms
141,532.65 ms
141,538.1 ms
141,558.65 ms
141,564.9 ms
141,593.2999999999998 ms
141,606.3000000000001 ms
141,608.7500000000001 ms
141,616.85 ms
141,621.3000000000001 ms
141,627.6 ms
141,655.5500000000001 ms
141,659.1999999999999 ms
141,665.9999999999999 ms
141,684.6 ms
141,692.5500000000001 ms
141,758.9000000000002 ms
141,764.4 ms
141,767.6999999999999 ms
141,767.8000000000001 ms
141,773.2500000000001 ms
141,773.4500000000002 ms
141,776.7000000000002 ms
141,781.6500000000002 ms
141,793.8500000000003 ms
141,795.5000000000001 ms
141,816.9000000000002 ms
141,818.8000000000001 ms
141,836.85 ms
141,865.5000000000001 ms
141,900.6000000000003 ms
141,902.4000000000002 ms
141,918.5500000000001 ms
141,949.0500000000001 ms
141,971.7500000000001 ms
141,975.15 ms
141,977.8000000000001 ms
141,990.9000000000002 ms
141,1004.3500000000003 ms
141,1025.1 ms
141,1041.7000000000003 ms
141,1049.2999999999997 ms
141,1050.9500000000003 ms
141,1060.75 ms
141,1063.6999999999998 ms
141,1068.6000000000004 ms
141,1076.9499999999998 ms
141,1086.0500000000002 ms
141,1088.5500000000002 ms
141,1096.6 ms
141,1120.7999999999997 ms
141,1128.7000000000003 ms
141,1131.0 ms
141,1148.0 ms
141,1150.65 ms
141,1161.8000000000002 ms
141,1166.3500000000004 ms
141,1181.9 ms
141,1197.9 ms
141,1217.0500000000002 ms
141,1221.1000000000004 ms
141,1226.4499999999998 ms
141,1241.3500000000004 ms
141,1246.8000000000002 ms
141,1251.4500000000003 ms
141,1252.15 ms
141,1255.5000000000005 ms
141,1327.7000000000003 ms
141,1328.65 ms
141,1329.2000000000003 ms
141,1346.65 ms
141,1361.2000000000003 ms
141,1387.0000000000005 ms
141,1399.8000000000002 ms
141,1402.6000000000004 ms
141,1420.6999999999998 ms
141,1430.6999999999998 ms
141,1432.9499999999998 ms
141,1451.3000000000002 ms
141,1467.75 ms
141,1477.3000000000002 ms
141,1500.1499999999996 ms
141,1500.5 ms
141,1517.5499999999997 ms
141,1517.9999999999995 ms
141,1548.5499999999997 ms
141,1563.2999999999997 ms
141,1571.6 ms
141,1573.9999999999995 ms
141,1574.9499999999998 ms
141,1588.8999999999996 ms
141,1590.35 ms
141,1600.35 ms
141,1602.5 ms
141,1622.6 ms
141,1641.6999999999998 ms
141,1644.8999999999996 ms
141,1649.8000000000002 ms
141,1682.3999999999996 ms
141,1687.75 ms
141,1737.1499999999996 ms
141,1745.5 ms
141,1749.5499999999997 ms
141,1772.1 ms
141,1805.3999999999996 ms
141,1810.7999999999997 ms
141,1816.1999999999998 ms
141,1826.75 ms
141,1852.3999999999996 ms
141,1862.8999999999996 ms
141,1874.35 ms
141,1888.25 ms
141,1889.1999999999998 ms
141,1895.6999999999998 ms
141,1896.5500000000002 ms
141,1907.5 ms
141,1932.5 ms
141,1937.25 ms
141,1952.0 ms
141,1958.3000000000002 ms
141,1978.8000000000002 ms
141,2005.5 ms
141,2017.35 ms
141,2034.9 ms
141,2044.6999999999998 ms
141,2055.3499999999995 ms
141,2067.7 ms
141,2072.3999999999996 ms
141,2077.75 ms
141,2079.0999999999995 ms
141,2093.7999999999993 ms
141,2112.3999999999996 ms
141,2117.1499999999996 ms
141,2121.249999999999 ms
141,2136.8499999999995 ms
141,2137.3499999999995 ms
141,2138.199999999999 ms
141,2151.3999999999987 ms
141,2155.2999999999984 ms
141,2168.7999999999984 ms
141,2195.249999999999 ms
141,2227.2999999999984 ms
141,2257.949999999999 ms
141,2259.3999999999987 ms
141,2261.199999999999 ms
141,2265.249999999999 ms
141,2273.699999999999 ms
141,2289.6499999999987 ms
141,2290.249999999999 ms
141,2299.6499999999987 ms
141,2311.0999999999985 ms
141,2331.3999999999987 ms
141,2371.2999999999984 ms
141,2379.0999999999995 ms
141,2398.8999999999987 ms
141,2408.6499999999987 ms
141,2418.6499999999987 ms
141,2420.7 ms
141,2427.249999999999 ms
141,2436.0999999999995 ms
141,2475.6499999999996 ms
141,2503.5499999999993 ms
141,2523.5499999999993 ms
141,2524.1000000000004 ms
141,2527.2999999999993 ms
141,2540.3500000000004 ms
141,2557.1499999999996 ms
141,2561.1499999999996 ms
141,2580.25 ms
141,2583.0 ms
141,2602.1000000000004 ms
141,2616.3999999999996 ms
141,2616.5 ms
141,2631.6499999999996 ms
141,2633.8500000000004 ms
141,2634.8999999999996 ms
141,2639.8 ms
141,2648.3 ms
141,2659.3 ms
141,2667.6000000000004 ms
141,2671.4500000000007 ms
141,2680.8 ms
141,2684.45 ms
141,2688.6000000000004 ms
141,2703.0 ms
141,2721.1000000000004 ms
141,2725.0 ms
141,2730.6500000000005 ms
141,2751.6500000000005 ms
141,2767.500000000001 ms
141,2769.8500000000004 ms
141,2797.6000000000004 ms
141,2824.25 ms
141,2844.1500000000005 ms
141,2879.4500000000007 ms
141,2886.4500000000007 ms
141,2902.000000000001 ms
141,2911.9000000000005 ms
141,2915.6500000000005 ms
141,2943.4000000000005 ms
141,2957.550000000001 ms
141,2980.800000000001 ms
141,2987.4500000000007 ms
141,2987.9500000000007 ms
141,3015.750000000002 ms
141,3016.750000000002 ms
141,3038.050000000001 ms
141,3041.300000000001 ms
141,3042.750000000002 ms
141,3069.9000000000015 ms
141,3076.4000000000015 ms
141,3084.750000000002 ms
141,3105.4000000000015 ms
141,3134.550000000001 ms
141,3140.6500000000015 ms
141,3152.300000000001 ms
141,3176.9000000000015 ms
141,3210.7000000000016 ms
141,3237.9500000000016 ms
141,3245.300000000002 ms
141,3259.3500000000013 ms
141,3262.750000000002 ms
141,3271.9000000000015 ms
141,3308.300000000002 ms
141,3324.2000000000016 ms
141,3329.2500000000027 ms
141,3332.6500000000024 ms
141,3337.850000000002 ms
141,3365.500000000002 ms
141,3389.9000000000024 ms
141,3393.2000000000025 ms
141,3404.9000000000024 ms
141,3412.2500000000027 ms
141,3417.0000000000027 ms
141,3441.9500000000016 ms
141,3446.0000000000027 ms
141,3470.9500000000016 ms
141,3479.4500000000016 ms
141,3480.7000000000016 ms
141,3485.0000000000027 ms
141,3486.050000000002 ms
141,3493.300000000002 ms
141,3501.050000000002 ms
141,3515.1500000000024 ms
141,3525.2000000000025 ms
141,3538.6500000000024 ms
141,3551.050000000002 ms
141,3555.0000000000027 ms
141,3570.0000000000027 ms
141,3590.1500000000024 ms
141,3607.800000000002 ms
141,3642.4000000000024 ms
141,3706.600000000002 ms
141,3708.7000000000025 ms
141,3719.350000000002 ms
141,3725.9000000000024 ms
141,3757.800000000002 ms
141,3774.300000000002 ms
141,3798.0000000000027 ms
141,3799.350000000002 ms
141,3809.750000000002 ms
141,3817.800000000003 ms
141,3830.4500000000025 ms
141,3838.9000000000024 ms
141,3860.6500000000024 ms
141,3870.6500000000024 ms
141,3874.800000000002 ms
141,3875.4000000000024 ms
141,3911.600000000002 ms
141,3955.7000000000025 ms
141,3970.000000000002 ms
141,3981.500000000002 ms
141,3998.1500000000024 ms
142,8.85 ms
142,9.35 ms
142,11.299999999999999 ms
142,18.550000000000004 ms
142,28.050000000000004 ms
142,42.15000000000001 ms
142,43.100000000000016 ms
142,45.00000000000001 ms
142,50.800000000000004 ms
142,50.90000000000001 ms
142,62.600000000000016 ms
142,85.25 ms
142,137.95000000000002 ms
142,172.54999999999998 ms
142,180.1 ms
142,193.4 ms
142,219.1 ms
142,221.00000000000003 ms
142,223.70000000000002 ms
142,225.29999999999998 ms
142,228.30000000000004 ms
142,230.35000000000005 ms
142,233.6 ms
142,237.65 ms
142,244.45000000000002 ms
142,251.55000000000004 ms
142,262.1 ms
142,289.30000000000007 ms
142,297.85 ms
142,318.15 ms
142,326.15 ms
142,332.80000000000007 ms
142,339.55000000000007 ms
142,343.0 ms
142,346.15 ms
142,359.15 ms
142,364.25 ms
142,407.15 ms
142,420.9 ms
142,421.1 ms
142,425.54999999999995 ms
142,427.9 ms
142,429.44999999999993 ms
142,450.69999999999993 ms
142,462.94999999999993 ms
142,475.69999999999993 ms
142,479.75 ms
142,516.8 ms
142,540.8499999999999 ms
142,542.0999999999999 ms
142,548.8 ms
142,554.05 ms
142,579.3999999999999 ms
142,600.6499999999999 ms
142,608.2 ms
142,618.95 ms
142,619.3999999999999 ms
142,621.95 ms
142,628.7499999999998 ms
142,631.9999999999998 ms
142,632.7499999999998 ms
142,638.3499999999999 ms
142,655.9499999999998 ms
142,664.3 ms
142,666.45 ms
142,680.3999999999999 ms
142,686.1000000000001 ms
142,700.3 ms
142,712.1000000000001 ms
142,719.55 ms
142,722.9000000000001 ms
142,743.5500000000002 ms
142,747.3000000000002 ms
142,757.0500000000002 ms
142,758.45 ms
142,765.9000000000001 ms
142,830.0 ms
142,860.75 ms
142,869.5 ms
142,879.9000000000001 ms
142,888.1500000000001 ms
142,888.25 ms
142,927.1500000000001 ms
142,952.3500000000001 ms
142,955.1000000000001 ms
142,963.5500000000002 ms
142,988.2500000000002 ms
142,1013.5000000000002 ms
142,1033.2000000000003 ms
142,1034.65 ms
142,1038.4500000000003 ms
142,1046.15 ms
142,1046.3000000000006 ms
142,1067.5000000000005 ms
142,1070.1500000000005 ms
142,1073.1500000000005 ms
142,1078.7500000000005 ms
142,1081.4000000000005 ms
142,1081.9000000000005 ms
142,1085.3500000000004 ms
142,1095.250000000001 ms
142,1099.000000000001 ms
142,1107.0500000000006 ms
142,1154.3500000000008 ms
142,1170.5500000000006 ms
142,1174.8000000000006 ms
142,1180.3000000000006 ms
142,1205.3000000000006 ms
142,1220.8500000000008 ms
142,1244.6000000000008 ms
142,1248.8000000000006 ms
142,1253.9500000000007 ms
142,1260.5500000000006 ms
142,1275.1500000000005 ms
142,1280.5000000000005 ms
142,1306.4500000000003 ms
142,1307.9500000000003 ms
142,1325.4000000000005 ms
142,1386.3500000000004 ms
142,1392.5500000000006 ms
142,1393.6500000000005 ms
142,1409.3000000000006 ms
142,1437.7000000000007 ms
142,1446.3500000000008 ms
142,1459.650000000001 ms
142,1496.3500000000008 ms
142,1532.3500000000008 ms
142,1539.900000000001 ms
142,1563.150000000001 ms
142,1566.650000000001 ms
142,1601.4500000000007 ms
142,1602.9000000000005 ms
142,1603.7000000000007 ms
142,1604.250000000001 ms
142,1639.4500000000007 ms
142,1645.6500000000005 ms
142,1653.000000000001 ms
142,1664.250000000001 ms
142,1671.250000000001 ms
142,1678.8500000000004 ms
142,1689.1000000000004 ms
142,1692.4500000000007 ms
142,1705.4000000000005 ms
142,1720.1500000000005 ms
142,1744.4500000000007 ms
142,1786.9000000000005 ms
142,1793.4500000000007 ms
142,1799.9000000000005 ms
142,1803.7000000000007 ms
142,1819.0500000000002 ms
142,1841.3500000000004 ms
142,1846.9500000000003 ms
142,1861.4500000000003 ms
142,1863.3000000000002 ms
142,1870.6000000000004 ms
142,1926.1000000000004 ms
142,1929.3500000000004 ms
142,1945.4 ms
142,1948.4 ms
142,1959.4500000000003 ms
142,1960.5499999999997 ms
142,1976.1 ms
142,1986.1999999999998 ms
142,2008.1 ms
142,2009.75 ms
142,2022.8000000000002 ms
142,2026.6 ms
142,2029.0 ms
142,2035.6 ms
142,2039.4499999999998 ms
142,2043.9499999999998 ms
142,2057.5 ms
142,2058.95 ms
142,2064.1499999999996 ms
142,2087.0499999999993 ms
142,2103.3500000000004 ms
142,2133.6499999999996 ms
142,2163.3 ms
142,2164.4000000000005 ms
142,2169.9000000000005 ms
142,2185.75 ms
142,2208.3500000000004 ms
142,2218.5 ms
142,2222.75 ms
142,2225.75 ms
142,2251.25 ms
142,2261.1499999999996 ms
142,2265.1499999999996 ms
142,2269.8999999999996 ms
142,2283.3 ms
142,2297.3500000000004 ms
142,2303.6000000000004 ms
142,2308.75 ms
142,2315.1000000000004 ms
142,2327.55 ms
142,2328.75 ms
142,2335.8 ms
142,2341.8500000000004 ms
142,2350.2000000000007 ms
142,2356.3500000000004 ms
142,2361.2000000000007 ms
142,2397.55 ms
142,2419.55 ms
142,2464.5 ms
142,2464.75 ms
142,2502.75 ms
142,2504.05 ms
142,2519.9000000000005 ms
142,2523.25 ms
142,2530.45 ms
142,2535.3 ms
142,2539.8 ms
142,2541.5999999999995 ms
142,2561.45 ms
142,2571.6499999999996 ms
142,2590.0 ms
142,2617.199999999999 ms
142,2621.449999999999 ms
142,2625.75 ms
142,2641.5 ms
142,2654.2999999999993 ms
142,2655.95 ms
142,2663.7 ms
142,2673.3499999999995 ms
142,2691.2 ms
142,2696.55 ms
142,2730.249999999999 ms
142,2735.95 ms
142,2767.2999999999993 ms
142,2769.1499999999996 ms
142,2789.499999999999 ms
142,2789.749999999999 ms
142,2803.949999999999 ms
142,2807.749999999999 ms
142,2822.199999999999 ms
142,2839.449999999999 ms
142,2852.5999999999985 ms
142,2852.8999999999996 ms
142,2881.5999999999985 ms
142,2882.749999999999 ms
142,2886.499999999999 ms
142,2912.0499999999993 ms
142,2926.7999999999993 ms
142,2928.449999999999 ms
142,2929.949999999999 ms
142,2954.5 ms
142,2958.0499999999993 ms
142,2958.5 ms
142,2991.8499999999995 ms
142,3001.7999999999993 ms
142,3003.1499999999996 ms
142,3029.3999999999996 ms
142,3032.2999999999993 ms
142,3033.699999999999 ms
142,3088.2999999999993 ms
142,3120.999999999999 ms
142,3138.0499999999993 ms
142,3140.199999999999 ms
142,3160.8999999999996 ms
142,3174.5999999999985 ms
142,3203.3499999999985 ms
142,3251.5999999999985 ms
142,3261.8999999999996 ms
142,3289.0999999999985 ms
142,3307.0499999999993 ms
142,3308.5499999999993 ms
142,3317.1499999999987 ms
142,3334.5499999999984 ms
142,3336.1499999999987 ms
142,3339.5499999999984 ms
142,3354.1499999999987 ms
142,3362.7999999999984 ms
142,3375.8999999999987 ms
142,3378.499999999999 ms
142,3385.1499999999987 ms
142,3402.1499999999987 ms
142,3402.699999999999 ms
142,3421.949999999999 ms
142,3425.7999999999993 ms
142,3439.7999999999993 ms
142,3445.7999999999993 ms
142,3451.3499999999985 ms
142,3451.749999999999 ms
142,3451.8999999999987 ms
142,3474.249999999999 ms
142,3485.3999999999987 ms
142,3502.3999999999987 ms
142,3511.249999999999 ms
142,3516.5499999999993 ms
142,3531.3499999999995 ms
142,3578.2 ms
142,3585.7 ms
142,3613.8499999999995 ms
142,3620.1499999999996 ms
142,3631.3999999999996 ms
142,3634.6499999999996 ms
142,3638.2999999999993 ms
142,3660.95 ms
142,3674.05 ms
142,3684.45 ms
142,3690.3499999999995 ms
142,3701.6500000000005 ms
142,3708.5999999999995 ms
142,3722.0999999999995 ms
142,3725.3 ms
142,3736.2 ms
142,3742.5999999999995 ms
142,3750.75 ms
142,3823.0 ms
142,3824.3500000000004 ms
142,3835.3999999999996 ms
142,3835.8999999999996 ms
142,3854.1499999999996 ms
142,3869.1000000000004 ms
142,3882.7999999999993 ms
142,3888.6499999999996 ms
142,3893.5 ms
142,3895.5999999999995 ms
142,3909.7999999999993 ms
142,3931.1499999999996 ms
142,3956.6499999999996 ms
142,3959.7999999999993 ms
142,3983.0499999999993 ms
143,3.85 ms
143,9.3 ms
143,15.8 ms
143,22.8 ms
143,24.45 ms
143,27.000000000000004 ms
143,44.75 ms
143,53.849999999999994 ms
143,76.5 ms
143,81.25 ms
143,81.6 ms
143,94.35 ms
143,95.5 ms
143,108.19999999999999 ms
143,140.25 ms
143,142.89999999999998 ms
143,145.0 ms
143,153.7 ms
143,184.84999999999997 ms
143,192.2 ms
143,198.34999999999997 ms
143,205.05 ms
143,208.7 ms
143,247.45 ms
143,253.39999999999998 ms
143,267.75 ms
143,273.4 ms
143,282.94999999999993 ms
143,348.5 ms
143,361.35 ms
143,364.75 ms
143,366.25 ms
143,369.95000000000005 ms
143,389.65 ms
143,395.79999999999995 ms
143,432.79999999999995 ms
143,446.29999999999995 ms
143,454.4 ms
143,456.0 ms
143,458.85 ms
143,467.15 ms
143,503.4 ms
143,562.8000000000001 ms
143,580.3000000000001 ms
143,589.1999999999999 ms
143,599.2499999999999 ms
143,601.4499999999999 ms
143,601.8000000000001 ms
143,603.1500000000002 ms
143,606.3500000000003 ms
143,611.9500000000002 ms
143,620.4000000000002 ms
143,660.1000000000003 ms
143,664.2500000000001 ms
143,666.2000000000002 ms
143,674.0500000000003 ms
143,679.8000000000003 ms
143,680.0500000000003 ms
143,684.8000000000003 ms
143,701.0000000000003 ms
143,705.4000000000002 ms
143,771.5000000000003 ms
143,792.7000000000004 ms
143,825.0000000000003 ms
143,828.9000000000002 ms
143,830.0500000000003 ms
143,846.9500000000002 ms
143,850.0000000000001 ms
143,853.8000000000001 ms
143,893.35 ms
143,914.5000000000001 ms
143,934.4500000000002 ms
143,958.7000000000002 ms
143,974.0000000000001 ms
143,992.3000000000001 ms
143,1001.9000000000002 ms
143,1005.0000000000001 ms
143,1013.6000000000003 ms
143,1017.7500000000001 ms
143,1038.4 ms
143,1040.3000000000002 ms
143,1057.1000000000004 ms
143,1088.0500000000002 ms
143,1099.25 ms
143,1109.75 ms
143,1118.5500000000002 ms
143,1130.3000000000002 ms
143,1154.6000000000004 ms
143,1167.9 ms
143,1198.5500000000002 ms
143,1202.25 ms
143,1207.7000000000003 ms
143,1218.7000000000003 ms
143,1225.1000000000004 ms
143,1227.1000000000004 ms
143,1232.2500000000005 ms
143,1249.2500000000005 ms
143,1249.7500000000005 ms
143,1253.3000000000006 ms
143,1258.1000000000004 ms
143,1259.6500000000005 ms
143,1262.8000000000002 ms
143,1269.7500000000005 ms
143,1273.2500000000005 ms
143,1303.6500000000005 ms
143,1306.9500000000007 ms
143,1319.9500000000007 ms
143,1325.7000000000007 ms
143,1343.4500000000007 ms
143,1344.3000000000002 ms
143,1355.6000000000004 ms
143,1369.0000000000005 ms
143,1379.6000000000004 ms
143,1381.7500000000005 ms
143,1387.4000000000005 ms
143,1399.9500000000007 ms
143,1401.2500000000005 ms
143,1470.5000000000005 ms
143,1475.8500000000004 ms
143,1478.9000000000005 ms
143,1493.1000000000004 ms
143,1497.2500000000005 ms
143,1523.5500000000006 ms
143,1526.9 ms
143,1553.65 ms
143,1558.3500000000004 ms
143,1562.5000000000005 ms
143,1569.3500000000004 ms
143,1578.8500000000004 ms
143,1580.8000000000002 ms
143,1609.3000000000002 ms
143,1614.6500000000005 ms
143,1633.1500000000005 ms
143,1652.7000000000003 ms
143,1652.9 ms
143,1658.4500000000003 ms
143,1658.8500000000004 ms
143,1663.4000000000005 ms
143,1680.6500000000005 ms
143,1716.6500000000005 ms
143,1737.0 ms
143,1747.3500000000004 ms
143,1767.3500000000004 ms
143,1771.1999999999998 ms
143,1779.5500000000002 ms
143,1791.4499999999998 ms
143,1795.9499999999998 ms
143,1817.3000000000002 ms
143,1834.8999999999996 ms
143,1841.1499999999996 ms
143,1842.6 ms
143,1842.9 ms
143,1852.15 ms
143,1866.4499999999998 ms
143,1869.25 ms
143,1870.0 ms
143,1876.3499999999995 ms
143,1877.6499999999996 ms
143,1884.5499999999997 ms
143,1886.35 ms
143,1896.4499999999994 ms
143,1905.35 ms
143,1922.8999999999996 ms
143,1931.5999999999995 ms
143,1936.8999999999996 ms
143,1983.0999999999995 ms
143,1987.5499999999997 ms
143,2020.6499999999996 ms
143,2020.9499999999998 ms
143,2031.4999999999995 ms
143,2031.6999999999994 ms
143,2052.4999999999995 ms
143,2066.4999999999995 ms
143,2067.2999999999997 ms
143,2072.899999999999 ms
143,2081.2999999999997 ms
143,2114.149999999999 ms
143,2124.7999999999997 ms
143,2129.0499999999997 ms
143,2155.5499999999997 ms
143,2158.4999999999995 ms
143,2168.349999999999 ms
143,2171.549999999999 ms
143,2174.9499999999994 ms
143,2181.399999999999 ms
143,2183.849999999999 ms
143,2201.9499999999985 ms
143,2214.2499999999986 ms
143,2223.299999999999 ms
143,2237.599999999999 ms
143,2240.649999999999 ms
143,2244.1999999999994 ms
143,2255.1 ms
143,2258.5000000000005 ms
143,2268.4500000000003 ms
143,2277.65 ms
143,2278.9500000000003 ms
143,2279.7500000000005 ms
143,2283.3000000000006 ms
143,2284.5000000000005 ms
143,2297.15 ms
143,2305.7499999999995 ms
143,2318.7500000000005 ms
143,2339.2499999999995 ms
143,2354.4499999999994 ms
143,2387.85 ms
143,2392.2999999999997 ms
143,2408.149999999999 ms
143,2413.849999999999 ms
143,2422.4999999999995 ms
143,2468.15 ms
143,2477.899999999999 ms
143,2480.849999999999 ms
143,2487.049999999999 ms
143,2487.4999999999986 ms
143,2501.399999999999 ms
143,2518.1999999999994 ms
143,2522.4499999999994 ms
143,2525.1999999999994 ms
143,2530.149999999999 ms
143,2542.1999999999994 ms
143,2542.6999999999994 ms
143,2551.799999999999 ms
143,2565.0499999999997 ms
143,2570.799999999999 ms
143,2580.9999999999986 ms
143,2585.7499999999995 ms
143,2586.1999999999994 ms
143,2593.099999999999 ms
143,2617.9999999999995 ms
143,2626.9999999999986 ms
143,2658.849999999999 ms
143,2673.649999999999 ms
143,2685.6999999999994 ms
143,2709.1999999999994 ms
143,2755.649999999999 ms
143,2768.349999999999 ms
143,2768.799999999999 ms
143,2772.9499999999994 ms
143,2783.299999999999 ms
143,2803.2499999999986 ms
143,2806.4499999999985 ms
143,2810.7499999999986 ms
143,2813.849999999998 ms
143,2822.6999999999985 ms
143,2832.1499999999983 ms
143,2857.9999999999977 ms
143,2888.8999999999983 ms
143,2947.4999999999977 ms
143,2954.549999999998 ms
143,2979.6499999999983 ms
143,3001.299999999999 ms
143,3007.6999999999985 ms
143,3009.4499999999985 ms
143,3021.6499999999983 ms
143,3027.599999999998 ms
143,3031.549999999998 ms
143,3066.549999999998 ms
143,3083.849999999998 ms
143,3112.4999999999986 ms
143,3122.2499999999977 ms
143,3123.799999999998 ms
143,3128.3999999999983 ms
143,3134.549999999999 ms
143,3138.1999999999985 ms
143,3142.299999999998 ms
143,3146.1999999999985 ms
143,3161.1499999999983 ms
143,3162.099999999998 ms
143,3180.4999999999986 ms
143,3181.1499999999983 ms
143,3184.7499999999977 ms
143,3195.049999999998 ms
143,3196.1999999999985 ms
143,3199.849999999999 ms
143,3228.1999999999985 ms
143,3247.9499999999985 ms
143,3255.049999999998 ms
143,3265.599999999998 ms
143,3294.6999999999985 ms
143,3307.849999999999 ms
143,3308.4499999999985 ms
143,3319.349999999999 ms
143,3353.4499999999985 ms
143,3379.9499999999985 ms
143,3380.099999999999 ms
143,3396.049999999999 ms
143,3399.099999999999 ms
143,3413.649999999999 ms
143,3422.349999999999 ms
143,3426.349999999998 ms
143,3427.1499999999983 ms
143,3434.4999999999986 ms
143,3437.9499999999985 ms
143,3482.1499999999983 ms
143,3487.6499999999983 ms
143,3493.1999999999985 ms
143,3503.6499999999983 ms
143,3518.3999999999983 ms
143,3521.6999999999985 ms
143,3521.9999999999986 ms
143,3527.099999999998 ms
143,3535.299999999998 ms
143,3577.299999999999 ms
143,3577.8999999999983 ms
143,3585.1999999999985 ms
143,3635.1999999999985 ms
143,3638.4499999999985 ms
143,3647.8999999999983 ms
143,3680.1999999999985 ms
143,3688.049999999998 ms
143,3697.349999999998 ms
143,3731.049999999998 ms
143,3733.299999999999 ms
143,3742.9499999999985 ms
143,3758.6999999999985 ms
143,3818.4999999999986 ms
143,3831.299999999999 ms
143,3836.549999999999 ms
143,3844.2499999999986 ms
143,3868.649999999999 ms
143,3897.6499999999983 ms
143,3904.849999999998 ms
143,3907.549999999998 ms
143,3912.9999999999977 ms
143,3916.2499999999986 ms
143,3935.799999999999 ms
143,3950.9999999999986 ms
143,3953.7499999999977 ms
143,3972.4999999999986 ms
143,3975.7499999999977 ms
143,3996.7499999999986 ms
144,4.800000000000001 ms
144,6.050000000000001 ms
144,22.05 ms
144,25.350000000000005 ms
144,35.400000000000006 ms
144,38.7 ms
144,43.05 ms
144,67.5 ms
144,71.75 ms
144,78.80000000000001 ms
144,134.8 ms
144,144.90000000000003 ms
144,159.65000000000003 ms
144,162.84999999999997 ms
144,170.90000000000003 ms
144,173.34999999999997 ms
144,193.55 ms
144,203.45 ms
144,206.55 ms
144,218.75 ms
144,220.7 ms
144,237.95 ms
144,250.3 ms
144,253.05 ms
144,253.89999999999998 ms
144,255.14999999999998 ms
144,278.6 ms
144,287.29999999999995 ms
144,321.5999999999999 ms
144,338.54999999999995 ms
144,346.8499999999999 ms
144,349.20000000000005 ms
144,394.75 ms
144,436.75 ms
144,439.65 ms
144,463.0 ms
144,490.4 ms
144,495.9 ms
144,496.04999999999995 ms
144,504.9 ms
144,505.9 ms
144,520.85 ms
144,522.35 ms
144,523.4999999999999 ms
144,525.4 ms
144,534.1999999999999 ms
144,534.9 ms
144,555.65 ms
144,570.0000000000001 ms
144,576.9999999999999 ms
144,594.35 ms
144,595.15 ms
144,600.9 ms
144,629.5499999999998 ms
144,633.0500000000001 ms
144,635.85 ms
144,672.7499999999999 ms
144,695.3999999999997 ms
144,707.65 ms
144,716.1 ms
144,725.0999999999998 ms
144,764.6 ms
144,765.9 ms
144,792.6999999999999 ms
144,796.0999999999998 ms
144,802.4999999999997 ms
144,817.2999999999996 ms
144,827.6999999999997 ms
144,832.1499999999997 ms
144,835.2999999999996 ms
144,842.4999999999997 ms
144,870.3999999999997 ms
144,884.6999999999997 ms
144,899.0999999999996 ms
144,902.1999999999997 ms
144,906.1499999999997 ms
144,920.3999999999997 ms
144,937.9499999999997 ms
144,944.1999999999997 ms
144,955.1499999999997 ms
144,966.2499999999999 ms
144,977.0999999999998 ms
144,977.4499999999999 ms
144,982.7999999999998 ms
144,1013.0499999999998 ms
144,1023.4499999999997 ms
144,1028.35 ms
144,1032.9 ms
144,1038.35 ms
144,1045.7999999999997 ms
144,1062.9 ms
144,1098.5499999999997 ms
144,1115.7999999999997 ms
144,1121.65 ms
144,1131.15 ms
144,1139.7499999999995 ms
144,1141.9 ms
144,1145.0499999999997 ms
144,1150.9500000000003 ms
144,1166.25 ms
144,1167.0500000000002 ms
144,1175.5500000000002 ms
144,1200.1999999999998 ms
144,1248.1000000000004 ms
144,1316.1999999999998 ms
144,1327.15 ms
144,1331.15 ms
144,1331.25 ms
144,1331.75 ms
144,1338.4499999999998 ms
144,1342.0500000000002 ms
144,1348.25 ms
144,1350.9499999999998 ms
144,1353.3500000000004 ms
144,1355.8500000000004 ms
144,1391.0500000000002 ms
144,1410.3000000000002 ms
144,1433.2000000000003 ms
144,1446.0000000000005 ms
144,1450.7000000000003 ms
144,1458.3000000000002 ms
144,1459.9 ms
144,1462.9500000000003 ms
144,1465.9 ms
144,1470.4 ms
144,1479.1 ms
144,1494.1 ms
144,1504.1 ms
144,1518.65 ms
144,1518.9 ms
144,1534.4500000000003 ms
144,1543.65 ms
144,1552.3000000000002 ms
144,1561.65 ms
144,1572.4 ms
144,1576.4 ms
144,1583.4500000000003 ms
144,1584.9 ms
144,1587.4500000000003 ms
144,1602.2999999999997 ms
144,1603.9 ms
144,1636.7499999999995 ms
144,1644.4 ms
144,1673.1999999999998 ms
144,1676.5 ms
144,1689.0999999999995 ms
144,1699.0999999999995 ms
144,1736.5 ms
144,1754.8999999999996 ms
144,1761.0500000000002 ms
144,1769.3999999999996 ms
144,1788.4499999999998 ms
144,1793.5 ms
144,1821.25 ms
144,1850.6999999999998 ms
144,1876.1999999999998 ms
144,1880.8999999999996 ms
144,1890.6999999999998 ms
144,1900.8999999999996 ms
144,1923.3000000000002 ms
144,1944.5 ms
144,1955.65 ms
144,1956.9 ms
144,1959.9 ms
144,1969.8000000000002 ms
144,1974.75 ms
144,1991.2000000000003 ms
144,2040.8500000000004 ms
144,2047.9500000000003 ms
144,2048.9 ms
144,2058.9999999999995 ms
144,2068.1 ms
144,2108.5000000000005 ms
144,2108.9500000000003 ms
144,2129.1 ms
144,2137.1999999999994 ms
144,2140.7499999999995 ms
144,2144.9 ms
144,2149.4999999999995 ms
144,2155.1999999999994 ms
144,2188.4999999999995 ms
144,2200.15 ms
144,2208.3000000000006 ms
144,2217.9 ms
144,2223.65 ms
144,2224.15 ms
144,2228.9 ms
144,2230.0500000000006 ms
144,2236.100000000001 ms
144,2242.35 ms
144,2255.0499999999997 ms
144,2290.4500000000003 ms
144,2300.7000000000003 ms
144,2312.7500000000005 ms
144,2326.0500000000006 ms
144,2327.350000000001 ms
144,2333.2000000000003 ms
144,2354.7500000000005 ms
144,2358.9500000000003 ms
144,2367.100000000001 ms
144,2372.900000000001 ms
144,2418.0000000000005 ms
144,2428.650000000001 ms
144,2452.0500000000015 ms
144,2470.7500000000014 ms
144,2476.0500000000015 ms
144,2478.1000000000017 ms
144,2485.700000000001 ms
144,2521.1000000000017 ms
144,2528.450000000001 ms
144,2539.900000000001 ms
144,2551.450000000001 ms
144,2574.3000000000006 ms
144,2587.5500000000015 ms
144,2591.8000000000006 ms
144,2606.7500000000005 ms
144,2610.7500000000014 ms
144,2622.350000000001 ms
144,2625.350000000001 ms
144,2628.600000000001 ms
144,2629.4500000000003 ms
144,2643.350000000001 ms
144,2663.3000000000006 ms
144,2677.100000000001 ms
144,2678.0500000000006 ms
144,2685.8000000000006 ms
144,2745.7500000000005 ms
144,2755.4500000000003 ms
144,2764.2000000000003 ms
144,2766.9 ms
144,2774.4 ms
144,2805.85 ms
144,2810.4 ms
144,2822.7000000000003 ms
144,2825.0499999999997 ms
144,2829.5500000000006 ms
144,2847.600000000001 ms
144,2854.6 ms
144,2856.9500000000003 ms
144,2912.600000000001 ms
144,2929.900000000001 ms
144,2932.200000000001 ms
144,2960.7000000000003 ms
144,2966.0500000000006 ms
144,2972.8000000000006 ms
144,2981.8000000000006 ms
144,2983.950000000001 ms
144,2996.0500000000006 ms
144,2997.3000000000006 ms
144,2998.2500000000005 ms
144,3002.7000000000003 ms
144,3004.5000000000005 ms
144,3016.35 ms
144,3022.7999999999997 ms
144,3056.9 ms
144,3060.9500000000003 ms
144,3064.9500000000003 ms
144,3065.2000000000003 ms
144,3072.4 ms
144,3076.4 ms
144,3087.8000000000006 ms
144,3088.7999999999997 ms
144,3100.4500000000003 ms
144,3113.100000000001 ms
144,3114.400000000001 ms
144,3129.5000000000005 ms
144,3144.85 ms
144,3151.5000000000005 ms
144,3156.900000000001 ms
144,3228.200000000001 ms
144,3239.7500000000014 ms
144,3255.450000000001 ms
144,3270.5000000000014 ms
144,3283.0500000000015 ms
144,3290.150000000001 ms
144,3306.700000000001 ms
144,3317.150000000001 ms
144,3318.400000000001 ms
144,3328.2500000000005 ms
144,3335.2500000000014 ms
144,3351.600000000001 ms
144,3360.4500000000003 ms
144,3371.15 ms
144,3377.4500000000003 ms
144,3380.8000000000006 ms
144,3388.5500000000006 ms
144,3422.65 ms
144,3424.5000000000005 ms
144,3462.0000000000005 ms
144,3463.8000000000006 ms
144,3495.0500000000006 ms
144,3496.850000000001 ms
144,3497.900000000001 ms
144,3498.900000000001 ms
144,3499.450000000001 ms
144,3505.950000000001 ms
144,3507.1000000000017 ms
144,3512.100000000001 ms
144,3520.7500000000014 ms
144,3541.0500000000015 ms
144,3548.3000000000015 ms
144,3558.8000000000015 ms
144,3576.700000000002 ms
144,3590.5000000000023 ms
144,3590.650000000002 ms
144,3597.450000000002 ms
144,3602.5000000000023 ms
144,3608.950000000002 ms
144,3615.900000000002 ms
144,3619.7500000000014 ms
144,3619.950000000001 ms
144,3621.200000000002 ms
144,3626.650000000002 ms
144,3645.0000000000014 ms
144,3650.600000000001 ms
144,3653.8500000000017 ms
144,3662.600000000001 ms
144,3673.0500000000006 ms
144,3678.700000000001 ms
144,3746.950000000001 ms
144,3768.7500000000014 ms
144,3775.0500000000015 ms
144,3801.2500000000014 ms
144,3804.5500000000015 ms
144,3820.900000000001 ms
144,3845.650000000002 ms
144,3852.900000000001 ms
144,3859.350000000001 ms
144,3862.3500000000017 ms
144,3884.450000000001 ms
144,3897.200000000001 ms
144,3897.400000000001 ms
144,3906.600000000001 ms
144,3907.4500000000003 ms
144,3921.9 ms
144,3937.2500000000005 ms
144,3964.6 ms
144,3972.4500000000003 ms
144,3974.7000000000003 ms
144,3998.5000000000005 ms
145,22.3 ms
145,27.350000000000005 ms
145,43.2 ms
145,63.35000000000001 ms
145,63.60000000000001 ms
145,73.60000000000001 ms
145,77.95 ms
145,102.99999999999999 ms
145,109.34999999999998 ms
145,114.39999999999999 ms
145,135.10000000000002 ms
145,149.5 ms
145,184.10000000000002 ms
145,205.45 ms
145,215.3 ms
145,223.74999999999994 ms
145,224.89999999999998 ms
145,254.09999999999997 ms
145,254.79999999999995 ms
145,264.25 ms
145,266.94999999999993 ms
145,305.69999999999993 ms
145,314.0999999999999 ms
145,330.5999999999999 ms
145,332.29999999999995 ms
145,333.6999999999998 ms
145,351.5999999999999 ms
145,369.89999999999986 ms
145,372.54999999999984 ms
145,387.89999999999986 ms
145,411.1999999999998 ms
145,421.2499999999999 ms
145,426.69999999999993 ms
145,484.69999999999993 ms
145,571.7499999999999 ms
145,596.4499999999999 ms
145,614.0500000000001 ms
145,621.7999999999998 ms
145,632.6999999999999 ms
145,636.9499999999999 ms
145,647.2499999999999 ms
145,648.6499999999997 ms
145,657.15 ms
145,692.4499999999999 ms
145,698.4499999999997 ms
145,709.0999999999998 ms
145,734.9999999999997 ms
145,737.3499999999998 ms
145,746.0499999999998 ms
145,753.5499999999998 ms
145,784.65 ms
145,793.6999999999999 ms
145,801.7499999999999 ms
145,822.8999999999997 ms
145,823.3499999999998 ms
145,823.9999999999997 ms
145,829.1499999999997 ms
145,836.3999999999997 ms
145,838.3499999999998 ms
145,855.6999999999999 ms
145,862.0999999999998 ms
145,869.0999999999998 ms
145,905.4999999999997 ms
145,907.0999999999998 ms
145,921.3499999999998 ms
145,965.0999999999998 ms
145,969.0999999999998 ms
145,987.0999999999998 ms
145,994.4499999999999 ms
145,1004.8499999999998 ms
145,1012.9499999999999 ms
145,1013.0999999999998 ms
145,1015.7999999999998 ms
145,1017.4999999999999 ms
145,1018.6499999999997 ms
145,1030.8000000000002 ms
145,1038.9499999999998 ms
145,1041.4 ms
145,1043.4 ms
145,1043.65 ms
145,1047.1 ms
145,1054.4 ms
145,1069.8000000000002 ms
145,1072.7000000000003 ms
145,1074.9 ms
145,1100.8500000000004 ms
145,1101.5500000000002 ms
145,1109.0500000000002 ms
145,1114.0500000000002 ms
145,1119.7500000000005 ms
145,1123.1000000000004 ms
145,1132.7500000000005 ms
145,1137.3000000000006 ms
145,1144.8500000000004 ms
145,1147.0500000000002 ms
145,1152.2500000000005 ms
145,1160.5500000000006 ms
145,1162.2500000000005 ms
145,1186.3000000000006 ms
145,1202.5000000000005 ms
145,1218.8000000000006 ms
145,1225.9 ms
145,1231.65 ms
145,1269.9 ms
145,1272.8500000000004 ms
145,1275.2000000000003 ms
145,1281.7000000000003 ms
145,1290.3000000000002 ms
145,1296.75 ms
145,1299.3500000000004 ms
145,1303.1999999999998 ms
145,1311.0500000000002 ms
145,1356.3000000000002 ms
145,1360.3000000000002 ms
145,1368.1499999999996 ms
145,1383.6499999999996 ms
145,1399.25 ms
145,1399.3499999999995 ms
145,1404.3999999999996 ms
145,1407.0999999999995 ms
145,1408.6999999999998 ms
145,1428.3499999999995 ms
145,1452.0499999999997 ms
145,1485.5499999999997 ms
145,1496.1499999999996 ms
145,1499.6499999999996 ms
145,1513.6499999999996 ms
145,1531.8999999999996 ms
145,1546.5499999999997 ms
145,1557.2999999999997 ms
145,1579.6 ms
145,1581.3999999999996 ms
145,1604.3999999999996 ms
145,1616.7999999999997 ms
145,1662.9499999999998 ms
145,1668.1 ms
145,1672.0499999999997 ms
145,1674.35 ms
145,1691.9499999999998 ms
145,1693.1 ms
145,1698.5 ms
145,1704.5 ms
145,1718.25 ms
145,1733.5 ms
145,1737.4 ms
145,1738.15 ms
145,1757.25 ms
145,1795.1999999999998 ms
145,1796.3500000000004 ms
145,1811.3000000000002 ms
145,1817.0 ms
145,1832.0500000000002 ms
145,1840.5500000000002 ms
145,1871.0 ms
145,1886.4500000000003 ms
145,1905.4 ms
145,1914.8000000000006 ms
145,1934.3500000000004 ms
145,1964.7000000000003 ms
145,1974.8500000000004 ms
145,1982.0500000000002 ms
145,2000.2500000000005 ms
145,2000.8500000000004 ms
145,2002.3500000000004 ms
145,2009.2500000000005 ms
145,2034.3000000000006 ms
145,2035.8000000000006 ms
145,2057.2000000000003 ms
145,2059.850000000001 ms
145,2098.0000000000005 ms
145,2102.9500000000003 ms
145,2119.350000000001 ms
145,2145.4500000000003 ms
145,2187.2999999999997 ms
145,2204.9500000000003 ms
145,2213.2999999999997 ms
145,2238.15 ms
145,2264.4500000000003 ms
145,2280.65 ms
145,2287.9999999999995 ms
145,2294.35 ms
145,2297.5000000000005 ms
145,2297.6 ms
145,2301.1 ms
145,2302.0499999999997 ms
145,2307.4999999999995 ms
145,2312.2999999999997 ms
145,2313.85 ms
145,2324.85 ms
145,2329.0499999999997 ms
145,2330.9999999999995 ms
145,2369.9999999999995 ms
145,2370.349999999999 ms
145,2379.399999999999 ms
145,2392.349999999999 ms
145,2404.1 ms
145,2406.0499999999997 ms
145,2410.299999999999 ms
145,2430.349999999999 ms
145,2431.4999999999995 ms
145,2435.9 ms
145,2450.2999999999997 ms
145,2465.149999999999 ms
145,2471.9 ms
145,2476.149999999999 ms
145,2482.9 ms
145,2484.9500000000003 ms
145,2511.9499999999994 ms
145,2534.6 ms
145,2535.85 ms
145,2560.6 ms
145,2573.0499999999997 ms
145,2579.6 ms
145,2586.0499999999997 ms
145,2596.149999999999 ms
145,2610.15 ms
145,2624.4500000000003 ms
145,2633.1999999999994 ms
145,2640.9999999999995 ms
145,2647.4499999999994 ms
145,2653.4999999999995 ms
145,2662.1 ms
145,2666.5499999999997 ms
145,2701.4500000000003 ms
145,2702.35 ms
145,2707.0499999999997 ms
145,2708.0499999999997 ms
145,2713.0499999999997 ms
145,2716.399999999999 ms
145,2735.099999999999 ms
145,2744.799999999999 ms
145,2773.6999999999994 ms
145,2776.399999999999 ms
145,2782.149999999999 ms
145,2788.7499999999986 ms
145,2790.6999999999985 ms
145,2817.3999999999983 ms
145,2822.849999999998 ms
145,2826.549999999998 ms
145,2869.9499999999985 ms
145,2875.099999999999 ms
145,2881.7499999999986 ms
145,2884.7499999999986 ms
145,2892.1999999999985 ms
145,2905.4499999999985 ms
145,2911.549999999998 ms
145,2938.049999999999 ms
145,2954.099999999999 ms
145,2961.049999999999 ms
145,2970.349999999999 ms
145,2973.4999999999986 ms
145,2973.899999999999 ms
145,2974.299999999999 ms
145,2983.349999999999 ms
145,2990.1999999999985 ms
145,2996.2499999999986 ms
145,3000.1999999999985 ms
145,3019.049999999999 ms
145,3044.9999999999986 ms
145,3052.9499999999985 ms
145,3099.099999999999 ms
145,3105.899999999999 ms
145,3110.599999999999 ms
145,3122.099999999998 ms
145,3125.1999999999985 ms
145,3126.299999999998 ms
145,3127.1499999999983 ms
145,3135.2499999999977 ms
145,3136.849999999998 ms
145,3177.9499999999975 ms
145,3204.549999999998 ms
145,3205.549999999998 ms
145,3234.1999999999985 ms
145,3240.599999999998 ms
145,3262.4499999999975 ms
145,3273.549999999998 ms
145,3275.9499999999985 ms
145,3281.349999999998 ms
145,3286.2499999999986 ms
145,3291.6999999999985 ms
145,3341.299999999998 ms
145,3348.4499999999985 ms
145,3366.9999999999986 ms
145,3374.599999999998 ms
145,3383.3999999999983 ms
145,3386.849999999998 ms
145,3404.299999999998 ms
145,3423.599999999998 ms
145,3429.549999999998 ms
145,3437.6499999999974 ms
145,3446.8999999999983 ms
145,3449.9499999999985 ms
145,3452.599999999998 ms
145,3457.9499999999975 ms
145,3458.1499999999974 ms
145,3481.599999999997 ms
145,3482.9499999999975 ms
145,3493.549999999997 ms
145,3501.249999999997 ms
145,3517.849999999997 ms
145,3531.299999999997 ms
145,3536.6999999999975 ms
145,3563.4999999999977 ms
145,3574.8999999999974 ms
145,3580.1999999999975 ms
145,3617.849999999998 ms
145,3643.1999999999975 ms
145,3643.299999999997 ms
145,3649.549999999998 ms
145,3657.799999999997 ms
145,3664.599999999997 ms
145,3683.6499999999974 ms
145,3733.049999999998 ms
145,3742.9999999999977 ms
145,3746.6999999999975 ms
145,3752.9999999999977 ms
145,3754.1999999999975 ms
145,3760.4499999999975 ms
145,3769.799999999997 ms
145,3771.9499999999975 ms
145,3777.4999999999977 ms
145,3801.4999999999977 ms
145,3806.799999999998 ms
145,3816.049999999998 ms
145,3835.4499999999985 ms
145,3855.849999999998 ms
145,3867.049999999998 ms
145,3867.1999999999985 ms
145,3882.799999999998 ms
145,3888.299999999998 ms
145,3933.599999999998 ms
145,3953.4999999999986 ms
145,3953.599999999998 ms
145,3957.299999999998 ms
145,3958.299999999998 ms
145,3963.299999999998 ms
145,3965.1499999999974 ms
145,3978.2499999999977 ms
145,3988.549999999998 ms
146,6.2 ms
146,8.900000000000002 ms
146,9.8 ms
146,10.400000000000002 ms
146,12.8 ms
146,13.55 ms
146,19.150000000000002 ms
146,19.3 ms
146,55.45 ms
146,56.05 ms
146,67.9 ms
146,80.80000000000001 ms
146,86.55000000000001 ms
146,93.35000000000002 ms
146,94.85000000000002 ms
146,119.85000000000002 ms
146,142.39999999999998 ms
146,158.85000000000002 ms
146,179.95 ms
146,188.84999999999997 ms
146,205.8 ms
146,220.95 ms
146,221.25 ms
146,221.85000000000002 ms
146,225.89999999999998 ms
146,231.70000000000005 ms
146,238.10000000000002 ms
146,240.3 ms
146,251.2 ms
146,251.85000000000002 ms
146,255.25 ms
146,257.29999999999995 ms
146,271.45000000000005 ms
146,291.3499999999999 ms
146,293.25 ms
146,322.04999999999995 ms
146,326.79999999999995 ms
146,333.8499999999999 ms
146,344.0 ms
146,347.3499999999999 ms
146,380.15 ms
146,399.69999999999993 ms
146,410.44999999999993 ms
146,434.44999999999993 ms
146,477.6 ms
146,479.20000000000005 ms
146,491.75 ms
146,494.9000000000001 ms
146,496.0 ms
146,514.1 ms
146,530.9500000000002 ms
146,532.35 ms
146,534.9 ms
146,548.4 ms
146,550.85 ms
146,556.7000000000002 ms
146,572.1999999999999 ms
146,578.85 ms
146,582.15 ms
146,597.65 ms
146,603.15 ms
146,620.9 ms
146,633.7999999999998 ms
146,676.15 ms
146,702.9 ms
146,740.6999999999999 ms
146,746.8000000000001 ms
146,746.9 ms
146,777.35 ms
146,787.65 ms
146,793.1 ms
146,821.15 ms
146,843.2500000000001 ms
146,845.15 ms
146,878.15 ms
146,893.7500000000001 ms
146,912.2499999999999 ms
146,915.5499999999998 ms
146,919.7499999999999 ms
146,926.35 ms
146,945.0500000000001 ms
146,969.4499999999999 ms
146,975.8000000000001 ms
146,989.6 ms
146,989.9999999999999 ms
146,999.6 ms
146,1000.4500000000002 ms
146,1002.5000000000001 ms
146,1008.35 ms
146,1013.3000000000001 ms
146,1020.0500000000001 ms
146,1091.5500000000002 ms
146,1122.0500000000002 ms
146,1124.3500000000004 ms
146,1154.5 ms
146,1184.4000000000005 ms
146,1195.9000000000005 ms
146,1201.9000000000005 ms
146,1210.9000000000005 ms
146,1221.8000000000002 ms
146,1239.7000000000007 ms
146,1243.6500000000005 ms
146,1253.1500000000005 ms
146,1264.5000000000005 ms
146,1274.6500000000005 ms
146,1276.8500000000004 ms
146,1297.7000000000007 ms
146,1315.0000000000005 ms
146,1319.9000000000005 ms
146,1320.0500000000006 ms
146,1363.0000000000005 ms
146,1377.650000000001 ms
146,1401.5500000000006 ms
146,1408.6000000000008 ms
146,1409.9500000000007 ms
146,1420.4500000000007 ms
146,1434.8500000000008 ms
146,1437.4500000000007 ms
146,1438.3500000000008 ms
146,1439.1000000000008 ms
146,1458.000000000001 ms
146,1490.900000000001 ms
146,1493.000000000001 ms
146,1493.800000000001 ms
146,1542.1000000000008 ms
146,1551.5500000000006 ms
146,1586.650000000001 ms
146,1592.650000000001 ms
146,1606.650000000001 ms
146,1616.2000000000007 ms
146,1644.6000000000008 ms
146,1651.2000000000007 ms
146,1652.9500000000007 ms
146,1665.2000000000007 ms
146,1700.6000000000008 ms
146,1703.3500000000008 ms
146,1710.400000000001 ms
146,1746.400000000001 ms
146,1763.9500000000007 ms
146,1771.8000000000006 ms
146,1776.5500000000006 ms
146,1838.8500000000008 ms
146,1846.5000000000005 ms
146,1850.150000000001 ms
146,1859.2500000000005 ms
146,1862.150000000001 ms
146,1908.8500000000008 ms
146,1914.400000000001 ms
146,1916.9500000000007 ms
146,1920.5500000000006 ms
146,1942.1500000000005 ms
146,1948.3500000000004 ms
146,1987.7000000000007 ms
146,1992.3000000000002 ms
146,1996.1500000000005 ms
146,1999.6500000000005 ms
146,2001.1000000000004 ms
146,2011.1500000000005 ms
146,2025.9000000000005 ms
146,2027.3500000000004 ms
146,2028.2000000000003 ms
146,2036.6000000000004 ms
146,2037.8500000000004 ms
146,2040.7500000000005 ms
146,2057.2500000000005 ms
146,2063.4500000000003 ms
146,2065.9500000000003 ms
146,2124.5499999999997 ms
146,2127.9500000000003 ms
146,2146.9 ms
146,2146.9999999999995 ms
146,2151.35 ms
146,2152.2999999999997 ms
146,2157.149999999999 ms
146,2191.5499999999997 ms
146,2201.2999999999997 ms
146,2204.9500000000003 ms
146,2213.15 ms
146,2215.649999999999 ms
146,2225.2999999999997 ms
146,2234.5499999999997 ms
146,2237.0499999999997 ms
146,2246.5499999999997 ms
146,2248.7000000000003 ms
146,2264.35 ms
146,2268.6999999999994 ms
146,2296.7999999999997 ms
146,2299.399999999999 ms
146,2299.4999999999995 ms
146,2308.9499999999994 ms
146,2324.299999999999 ms
146,2324.649999999999 ms
146,2329.9499999999994 ms
146,2363.649999999999 ms
146,2372.599999999999 ms
146,2386.7499999999995 ms
146,2397.9999999999986 ms
146,2411.1999999999985 ms
146,2419.6999999999994 ms
146,2440.549999999999 ms
146,2455.8999999999983 ms
146,2456.299999999999 ms
146,2457.099999999999 ms
146,2476.049999999999 ms
146,2509.7499999999986 ms
146,2524.099999999998 ms
146,2526.849999999999 ms
146,2531.099999999998 ms
146,2540.6499999999983 ms
146,2546.7499999999986 ms
146,2571.299999999999 ms
146,2602.349999999999 ms
146,2607.649999999999 ms
146,2616.099999999999 ms
146,2632.6999999999985 ms
146,2636.1499999999983 ms
146,2646.399999999999 ms
146,2654.6999999999994 ms
146,2655.4499999999985 ms
146,2663.9999999999986 ms
146,2671.399999999999 ms
146,2686.4999999999986 ms
146,2706.049999999999 ms
146,2716.7999999999997 ms
146,2721.2499999999995 ms
146,2731.849999999999 ms
146,2737.649999999999 ms
146,2747.599999999999 ms
146,2752.299999999999 ms
146,2761.8999999999983 ms
146,2762.099999999998 ms
146,2763.4999999999986 ms
146,2769.9999999999986 ms
146,2772.1999999999985 ms
146,2783.8999999999983 ms
146,2786.6999999999985 ms
146,2790.1999999999985 ms
146,2800.549999999998 ms
146,2801.549999999999 ms
146,2823.2499999999986 ms
146,2838.049999999999 ms
146,2843.049999999998 ms
146,2843.3999999999983 ms
146,2844.549999999999 ms
146,2845.4499999999985 ms
146,2851.099999999999 ms
146,2851.1999999999985 ms
146,2871.1499999999983 ms
146,2872.3999999999983 ms
146,2876.9499999999985 ms
146,2896.099999999999 ms
146,2896.399999999999 ms
146,2914.8999999999983 ms
146,2918.649999999999 ms
146,2931.4499999999994 ms
146,2936.599999999999 ms
146,2965.6999999999985 ms
146,2973.599999999999 ms
146,2978.9999999999995 ms
146,2980.399999999999 ms
146,2994.9999999999986 ms
146,2998.099999999999 ms
146,3031.4499999999985 ms
146,3058.299999999999 ms
146,3064.2499999999986 ms
146,3072.099999999998 ms
146,3112.9999999999986 ms
146,3115.4499999999985 ms
146,3133.4999999999986 ms
146,3169.4999999999986 ms
146,3178.4999999999986 ms
146,3184.799999999999 ms
146,3206.6999999999994 ms
146,3207.9999999999995 ms
146,3251.649999999999 ms
146,3269.849999999999 ms
146,3309.299999999999 ms
146,3311.549999999999 ms
146,3334.099999999999 ms
146,3352.899999999999 ms
146,3373.4999999999986 ms
146,3374.149999999999 ms
146,3377.2499999999986 ms
146,3396.649999999999 ms
146,3398.149999999999 ms
146,3411.6999999999994 ms
146,3412.049999999999 ms
146,3465.9499999999994 ms
146,3497.299999999999 ms
146,3545.899999999999 ms
146,3546.399999999999 ms
146,3547.899999999999 ms
146,3565.1999999999994 ms
146,3572.899999999999 ms
146,3591.7499999999986 ms
146,3599.349999999999 ms
146,3624.349999999999 ms
146,3639.599999999999 ms
146,3645.549999999999 ms
146,3646.6499999999983 ms
146,3655.799999999999 ms
146,3676.599999999999 ms
146,3696.2499999999995 ms
146,3705.899999999999 ms
146,3708.399999999999 ms
146,3727.2499999999986 ms
146,3727.4499999999985 ms
146,3732.2499999999986 ms
146,3751.9499999999985 ms
146,3770.799999999999 ms
146,3788.2499999999986 ms
146,3790.849999999998 ms
146,3793.4999999999986 ms
146,3794.549999999999 ms
146,3801.549999999999 ms
146,3807.4499999999994 ms
146,3826.6999999999985 ms
146,3834.2499999999986 ms
146,3874.9499999999985 ms
146,3887.6999999999994 ms
146,3922.149999999999 ms
146,3940.549999999999 ms
146,3954.2499999999986 ms
146,3955.7499999999986 ms
146,3957.549999999999 ms
146,3958.9999999999986 ms
146,3960.7499999999986 ms
146,3964.1999999999985 ms
146,3983.6999999999985 ms
147,21.05 ms
147,21.45 ms
147,28.3 ms
147,31.900000000000002 ms
147,34.5 ms
147,43.2 ms
147,64.35000000000001 ms
147,68.2 ms
147,69.99999999999999 ms
147,80.34999999999998 ms
147,102.14999999999999 ms
147,104.60000000000001 ms
147,156.0 ms
147,178.14999999999998 ms
147,179.25 ms
147,182.10000000000002 ms
147,207.2 ms
147,234.7 ms
147,236.39999999999998 ms
147,240.39999999999998 ms
147,241.09999999999997 ms
147,248.59999999999997 ms
147,253.39999999999998 ms
147,267.6 ms
147,267.9999999999999 ms
147,282.19999999999993 ms
147,308.3499999999999 ms
147,309.54999999999995 ms
147,326.89999999999986 ms
147,371.8499999999999 ms
147,385.79999999999995 ms
147,388.79999999999995 ms
147,404.54999999999995 ms
147,410.39999999999986 ms
147,428.79999999999995 ms
147,478.9999999999999 ms
147,481.8499999999999 ms
147,486.5999999999999 ms
147,499.89999999999986 ms
147,504.14999999999986 ms
147,530.8499999999999 ms
147,556.8 ms
147,562.3499999999999 ms
147,571.5 ms
147,572.8999999999999 ms
147,581.8 ms
147,595.2499999999998 ms
147,597.6499999999999 ms
147,620.6499999999999 ms
147,634.5999999999999 ms
147,635.3 ms
147,639.3 ms
147,641.7 ms
147,642.45 ms
147,647.8999999999999 ms
147,671.5 ms
147,700.5 ms
147,711.2 ms
147,715.8 ms
147,717.8500000000001 ms
147,739.8 ms
147,747.7 ms
147,787.5 ms
147,819.25 ms
147,833.0999999999999 ms
147,845.75 ms
147,848.8499999999999 ms
147,858.75 ms
147,915.4000000000001 ms
147,924.9499999999998 ms
147,928.0999999999999 ms
147,958.4499999999998 ms
147,966.9000000000001 ms
147,975.75 ms
147,1000.7 ms
147,1001.25 ms
147,1012.2 ms
147,1028.6000000000001 ms
147,1037.7500000000002 ms
147,1037.8500000000001 ms
147,1053.3500000000001 ms
147,1072.95 ms
147,1084.55 ms
147,1086.7 ms
147,1087.3 ms
147,1087.8 ms
147,1138.2500000000002 ms
147,1180.3 ms
147,1196.0999999999997 ms
147,1250.3500000000001 ms
147,1255.95 ms
147,1256.1000000000001 ms
147,1272.8 ms
147,1281.7500000000002 ms
147,1289.9000000000003 ms
147,1308.2500000000002 ms
147,1310.4999999999998 ms
147,1321.05 ms
147,1327.3999999999999 ms
147,1354.9999999999998 ms
147,1358.45 ms
147,1364.1000000000001 ms
147,1372.8499999999997 ms
147,1375.9999999999998 ms
147,1402.3999999999999 ms
147,1402.4999999999998 ms
147,1434.95 ms
147,1452.1000000000001 ms
147,1456.2 ms
147,1459.7499999999998 ms
147,1489.05 ms
147,1502.55 ms
147,1529.7 ms
147,1532.6500000000003 ms
147,1533.7 ms
147,1537.9000000000003 ms
147,1558.0500000000004 ms
147,1580.3 ms
147,1588.6499999999999 ms
147,1609.7 ms
147,1625.7 ms
147,1645.7499999999998 ms
147,1654.8999999999999 ms
147,1655.4999999999998 ms
147,1656.5999999999997 ms
147,1668.4999999999998 ms
147,1680.3499999999997 ms
147,1683.6000000000001 ms
147,1689.8499999999997 ms
147,1692.6499999999999 ms
147,1709.1999999999996 ms
147,1718.6499999999999 ms
147,1728.1000000000001 ms
147,1728.5000000000002 ms
147,1750.6000000000001 ms
147,1752.8999999999999 ms
147,1762.3 ms
147,1775.8499999999997 ms
147,1785.4499999999996 ms
147,1790.95 ms
147,1804.1499999999999 ms
147,1813.6999999999996 ms
147,1814.2 ms
147,1815.6999999999996 ms
147,1831.0499999999995 ms
147,1862.9999999999998 ms
147,1867.4999999999998 ms
147,1869.7 ms
147,1880.1499999999999 ms
147,1880.9499999999996 ms
147,1885.2 ms
147,1899.9499999999996 ms
147,1912.7 ms
147,1916.4499999999996 ms
147,1918.0499999999995 ms
147,1922.55 ms
147,1936.7499999999998 ms
147,1940.7999999999995 ms
147,1942.8999999999994 ms
147,1943.4499999999996 ms
147,1951.9999999999993 ms
147,1955.4999999999998 ms
147,1971.8999999999999 ms
147,1972.3999999999994 ms
147,1974.4999999999993 ms
147,2021.8499999999992 ms
147,2032.6499999999994 ms
147,2034.6499999999994 ms
147,2053.499999999999 ms
147,2060.999999999999 ms
147,2064.3499999999995 ms
147,2073.3499999999995 ms
147,2092.5999999999995 ms
147,2095.999999999999 ms
147,2096.95 ms
147,2123.499999999999 ms
147,2128.6499999999996 ms
147,2141.0999999999995 ms
147,2148.3999999999996 ms
147,2181.0999999999995 ms
147,2197.7999999999993 ms
147,2198.699999999999 ms
147,2208.1499999999996 ms
147,2234.5999999999985 ms
147,2235.499999999999 ms
147,2258.249999999999 ms
147,2268.1499999999987 ms
147,2309.7 ms
147,2313.1499999999987 ms
147,2313.499999999999 ms
147,2321.0499999999993 ms
147,2327.5499999999993 ms
147,2345.0499999999993 ms
147,2356.449999999999 ms
147,2356.5499999999993 ms
147,2365.5999999999995 ms
147,2371.499999999999 ms
147,2371.8499999999995 ms
147,2379.749999999999 ms
147,2396.3 ms
147,2420.249999999999 ms
147,2438.7 ms
147,2450.749999999999 ms
147,2451.45 ms
147,2460.8999999999987 ms
147,2468.1499999999987 ms
147,2484.3499999999995 ms
147,2490.7999999999984 ms
147,2500.699999999999 ms
147,2506.5499999999993 ms
147,2508.749999999998 ms
147,2557.1499999999987 ms
147,2561.0999999999985 ms
147,2571.2999999999984 ms
147,2573.8999999999987 ms
147,2579.999999999998 ms
147,2594.499999999998 ms
147,2600.499999999998 ms
147,2606.0499999999984 ms
147,2610.2999999999984 ms
147,2613.2999999999984 ms
147,2657.6499999999987 ms
147,2682.499999999998 ms
147,2696.949999999998 ms
147,2715.0499999999984 ms
147,2722.699999999998 ms
147,2731.699999999998 ms
147,2739.749999999998 ms
147,2739.8499999999985 ms
147,2784.0999999999985 ms
147,2791.0999999999985 ms
147,2794.5499999999975 ms
147,2803.5499999999975 ms
147,2817.199999999998 ms
147,2817.5499999999984 ms
147,2821.699999999998 ms
147,2823.2999999999984 ms
147,2837.0499999999984 ms
147,2854.949999999998 ms
147,2855.949999999998 ms
147,2866.699999999998 ms
147,2867.949999999998 ms
147,2882.149999999998 ms
147,2884.499999999998 ms
147,2895.199999999997 ms
147,2899.0999999999976 ms
147,2912.2499999999973 ms
147,2922.9999999999973 ms
147,2923.0999999999976 ms
147,2926.4999999999973 ms
147,2928.399999999998 ms
147,2929.149999999998 ms
147,2949.699999999998 ms
147,2951.449999999998 ms
147,2952.649999999998 ms
147,2962.399999999998 ms
147,2974.449999999998 ms
147,2986.5499999999984 ms
147,2988.5499999999984 ms
147,2989.2499999999973 ms
147,3014.949999999998 ms
147,3016.649999999997 ms
147,3017.0999999999976 ms
147,3021.3499999999976 ms
147,3053.8499999999976 ms
147,3057.8499999999976 ms
147,3074.699999999997 ms
147,3081.0999999999967 ms
147,3093.149999999998 ms
147,3096.7499999999973 ms
147,3098.4999999999973 ms
147,3100.2499999999973 ms
147,3106.4999999999973 ms
147,3115.2999999999975 ms
147,3115.449999999997 ms
147,3132.749999999998 ms
147,3144.199999999997 ms
147,3155.699999999997 ms
147,3159.199999999997 ms
147,3190.649999999998 ms
147,3193.649999999998 ms
147,3195.649999999998 ms
147,3197.5499999999975 ms
147,3202.899999999998 ms
147,3226.2499999999973 ms
147,3233.8499999999976 ms
147,3234.899999999997 ms
147,3240.149999999997 ms
147,3261.399999999997 ms
147,3261.9999999999973 ms
147,3265.0999999999976 ms
147,3279.449999999997 ms
147,3280.649999999997 ms
147,3282.699999999997 ms
147,3292.3499999999967 ms
147,3298.899999999998 ms
147,3345.7499999999973 ms
147,3348.8499999999976 ms
147,3349.3499999999976 ms
147,3350.4999999999973 ms
147,3355.7499999999973 ms
147,3376.2499999999973 ms
147,3383.4999999999973 ms
147,3390.7999999999975 ms
147,3412.7499999999973 ms
147,3448.2499999999973 ms
147,3455.2499999999973 ms
147,3461.399999999997 ms
147,3478.0999999999976 ms
147,3484.4999999999973 ms
147,3493.149999999997 ms
147,3548.5999999999976 ms
147,3588.949999999997 ms
147,3598.7999999999975 ms
147,3648.5999999999967 ms
147,3651.2999999999975 ms
147,3667.949999999997 ms
147,3685.0999999999967 ms
147,3689.699999999997 ms
147,3693.7999999999975 ms
147,3715.199999999997 ms
147,3766.649999999997 ms
147,3803.2499999999973 ms
147,3809.699999999996 ms
147,3823.149999999997 ms
147,3825.399999999997 ms
147,3842.2499999999964 ms
147,3852.699999999996 ms
147,3866.349999999996 ms
147,3881.849999999996 ms
147,3906.349999999996 ms
147,3918.699999999996 ms
147,3977.0499999999965 ms
147,3978.899999999996 ms
147,3992.4999999999964 ms
147,3993.6999999999953 ms
147,3999.7999999999956 ms
148,3.75 ms
148,6.800000000000001 ms
148,24.25 ms
148,24.700000000000003 ms
148,42.35000000000001 ms
148,51.8 ms
148,57.900000000000006 ms
148,76.9 ms
148,93.1 ms
148,96.45000000000002 ms
148,107.70000000000002 ms
148,108.65 ms
148,124.75 ms
148,141.7 ms
148,149.14999999999998 ms
148,159.39999999999998 ms
148,161.5 ms
148,164.59999999999997 ms
148,167.89999999999998 ms
148,169.39999999999998 ms
148,180.2 ms
148,182.39999999999998 ms
148,193.7 ms
148,210.05 ms
148,210.55 ms
148,220.89999999999998 ms
148,222.95 ms
148,238.09999999999997 ms
148,241.45 ms
148,243.09999999999997 ms
148,254.34999999999997 ms
148,260.90000000000003 ms
148,286.3999999999999 ms
148,294.74999999999994 ms
148,314.75000000000006 ms
148,328.1000000000001 ms
148,342.3 ms
148,343.74999999999994 ms
148,381.7 ms
148,384.55 ms
148,386.24999999999994 ms
148,394.3999999999999 ms
148,397.0499999999999 ms
148,401.1999999999999 ms
148,401.6499999999999 ms
148,409.6499999999999 ms
148,426.95 ms
148,435.34999999999997 ms
148,452.1499999999999 ms
148,481.3999999999999 ms
148,493.5499999999999 ms
148,554.4999999999998 ms
148,557.7 ms
148,578.8499999999999 ms
148,579.3 ms
148,609.95 ms
148,611.8 ms
148,617.8 ms
148,618.6499999999999 ms
148,650.8999999999999 ms
148,655.95 ms
148,668.45 ms
148,671.8999999999999 ms
148,672.95 ms
148,683.4999999999998 ms
148,693.3 ms
148,694.8 ms
148,697.5999999999997 ms
148,698.7499999999998 ms
148,723.2499999999998 ms
148,728.4499999999998 ms
148,731.6499999999999 ms
148,746.6499999999999 ms
148,755.9999999999998 ms
148,821.4999999999998 ms
148,830.55 ms
148,831.3 ms
148,834.55 ms
148,840.8499999999997 ms
148,871.8999999999999 ms
148,876.9499999999996 ms
148,903.3999999999999 ms
148,912.8999999999999 ms
148,950.1499999999999 ms
148,958.7999999999997 ms
148,965.1999999999998 ms
148,977.0999999999997 ms
148,981.6999999999996 ms
148,998.5999999999997 ms
148,999.0999999999997 ms
148,1008.6499999999996 ms
148,1016.8499999999997 ms
148,1035.8 ms
148,1040.45 ms
148,1062.6999999999996 ms
148,1082.5999999999997 ms
148,1086.6000000000001 ms
148,1097.3999999999999 ms
148,1105.7499999999998 ms
148,1116.0999999999997 ms
148,1123.7499999999998 ms
148,1127.6499999999999 ms
148,1153.05 ms
148,1155.05 ms
148,1165.3 ms
148,1223.1499999999999 ms
148,1223.6000000000001 ms
148,1238.6499999999999 ms
148,1257.1000000000001 ms
148,1257.8999999999999 ms
148,1268.6499999999999 ms
148,1272.6000000000001 ms
148,1289.5999999999997 ms
148,1292.1000000000001 ms
148,1295.5000000000002 ms
148,1306.6000000000001 ms
148,1307.45 ms
148,1309.55 ms
148,1374.8499999999997 ms
148,1376.3499999999997 ms
148,1386.8 ms
148,1392.3999999999999 ms
148,1396.2499999999998 ms
148,1455.7499999999993 ms
148,1474.9499999999996 ms
148,1484.6499999999999 ms
148,1493.8499999999997 ms
148,1506.8 ms
148,1537.4999999999998 ms
148,1546.0999999999997 ms
148,1553.5999999999997 ms
148,1619.8499999999997 ms
148,1627.8 ms
148,1671.7499999999998 ms
148,1692.2499999999998 ms
148,1722.2999999999995 ms
148,1756.4499999999996 ms
148,1785.6499999999999 ms
148,1798.1499999999999 ms
148,1818.4499999999996 ms
148,1822.9999999999998 ms
148,1830.7999999999995 ms
148,1839.9499999999996 ms
148,1842.95 ms
148,1868.9999999999998 ms
148,1882.8999999999999 ms
148,1886.9499999999996 ms
148,1902.1499999999999 ms
148,1909.3500000000001 ms
148,1926.55 ms
148,1956.1499999999999 ms
148,1956.6499999999999 ms
148,1961.1499999999999 ms
148,1972.2499999999998 ms
148,1984.45 ms
148,1999.6999999999996 ms
148,2012.3999999999999 ms
148,2045.3999999999999 ms
148,2085.1499999999996 ms
148,2105.75 ms
148,2106.8999999999996 ms
148,2117.0 ms
148,2119.5 ms
148,2129.3999999999996 ms
148,2138.5499999999993 ms
148,2145.1000000000004 ms
148,2157.5499999999993 ms
148,2158.7999999999993 ms
148,2168.3999999999996 ms
148,2180.2999999999993 ms
148,2182.8500000000004 ms
148,2203.2999999999993 ms
148,2236.5499999999993 ms
148,2237.8999999999996 ms
148,2240.5499999999993 ms
148,2243.0499999999993 ms
148,2271.8999999999996 ms
148,2291.45 ms
148,2315.3499999999995 ms
148,2327.4000000000005 ms
148,2355.1500000000005 ms
148,2357.75 ms
148,2391.1499999999996 ms
148,2436.2000000000007 ms
148,2467.25 ms
148,2488.300000000001 ms
148,2494.9000000000005 ms
148,2507.250000000001 ms
148,2525.55 ms
148,2534.250000000001 ms
148,2538.95 ms
148,2558.1000000000004 ms
148,2558.7000000000007 ms
148,2561.8999999999996 ms
148,2577.7000000000007 ms
148,2589.8999999999996 ms
148,2596.4500000000007 ms
148,2614.2000000000007 ms
148,2628.3999999999996 ms
148,2641.6000000000004 ms
148,2650.45 ms
148,2651.8499999999995 ms
148,2674.3499999999995 ms
148,2686.45 ms
148,2709.6499999999996 ms
148,2731.3999999999996 ms
148,2734.0 ms
148,2736.449999999999 ms
148,2736.5499999999993 ms
148,2748.699999999999 ms
148,2752.199999999999 ms
148,2758.0999999999995 ms
148,2761.3999999999996 ms
148,2763.45 ms
148,2775.7 ms
148,2776.25 ms
148,2785.3 ms
148,2793.05 ms
148,2814.8 ms
148,2815.05 ms
148,2827.95 ms
148,2858.250000000001 ms
148,2859.55 ms
148,2871.4000000000005 ms
148,2883.3500000000004 ms
148,2910.2000000000007 ms
148,2927.25 ms
148,2941.2000000000007 ms
148,2942.25 ms
148,2975.050000000001 ms
148,2982.25 ms
148,3003.050000000001 ms
148,3005.550000000001 ms
148,3005.6500000000005 ms
148,3007.05 ms
148,3007.2000000000007 ms
148,3022.9000000000005 ms
148,3037.1500000000005 ms
148,3065.750000000001 ms
148,3084.7 ms
148,3110.4000000000005 ms
148,3128.5999999999995 ms
148,3130.5 ms
148,3140.55 ms
148,3166.1000000000004 ms
148,3200.9500000000007 ms
148,3204.0 ms
148,3209.6000000000004 ms
148,3212.6000000000004 ms
148,3214.75 ms
148,3224.6500000000005 ms
148,3245.4000000000005 ms
148,3264.750000000001 ms
148,3269.250000000001 ms
148,3270.4000000000005 ms
148,3271.1000000000004 ms
148,3306.2000000000007 ms
148,3344.75 ms
148,3362.6500000000005 ms
148,3374.000000000001 ms
148,3374.4000000000005 ms
148,3382.000000000001 ms
148,3384.95 ms
148,3387.05 ms
148,3402.6500000000005 ms
148,3412.6500000000005 ms
148,3415.2 ms
148,3424.3 ms
148,3430.95 ms
148,3445.55 ms
148,3461.8 ms
148,3487.75 ms
148,3489.2 ms
148,3502.7 ms
148,3502.8499999999995 ms
148,3524.05 ms
148,3527.8 ms
148,3537.749999999999 ms
148,3549.95 ms
148,3570.5999999999995 ms
148,3574.6499999999996 ms
148,3586.7 ms
148,3606.45 ms
148,3608.0999999999995 ms
148,3618.2 ms
148,3618.3999999999996 ms
148,3632.45 ms
148,3639.5 ms
148,3641.3500000000004 ms
148,3645.75 ms
148,3658.0 ms
148,3658.45 ms
148,3680.3 ms
148,3680.749999999999 ms
148,3687.999999999999 ms
148,3713.999999999999 ms
148,3721.999999999999 ms
148,3734.999999999999 ms
148,3741.45 ms
148,3762.2999999999993 ms
148,3780.749999999999 ms
148,3785.3499999999995 ms
148,3788.249999999999 ms
148,3794.3999999999987 ms
148,3802.5999999999995 ms
148,3805.1499999999987 ms
148,3809.3999999999987 ms
148,3819.45 ms
148,3846.2 ms
148,3846.2999999999993 ms
148,3871.0499999999993 ms
148,3876.5499999999993 ms
148,3876.949999999999 ms
148,3902.0499999999993 ms
148,3903.699999999999 ms
148,3908.0 ms
148,3908.6499999999996 ms
148,3924.7 ms
148,3926.2 ms
149,0.2 ms
149,20.3 ms
149,28.2 ms
149,56.5 ms
149,61.849999999999994 ms
149,68.29999999999998 ms
149,70.35 ms
149,84.15 ms
149,85.15 ms
149,93.74999999999997 ms
149,102.99999999999997 ms
149,119.4 ms
149,132.04999999999998 ms
149,133.29999999999998 ms
149,155.39999999999995 ms
149,176.99999999999997 ms
149,189.74999999999997 ms
149,196.04999999999998 ms
149,204.70000000000002 ms
149,225.04999999999998 ms
149,226.1 ms
149,228.35 ms
149,231.65 ms
149,236.55000000000004 ms
149,242.25000000000003 ms
149,270.45000000000005 ms
149,277.5 ms
149,294.85 ms
149,314.55000000000007 ms
149,333.30000000000007 ms
149,348.85 ms
149,368.9 ms
149,374.1 ms
149,381.6 ms
149,393.25 ms
149,417.6 ms
149,440.45000000000005 ms
149,453.85 ms
149,462.9 ms
149,465.7500000000001 ms
149,467.65 ms
149,498.70000000000005 ms
149,533.05 ms
149,565.55 ms
149,567.1500000000001 ms
149,575.6500000000001 ms
149,585.45 ms
149,599.6500000000001 ms
149,616.4000000000001 ms
149,618.4000000000001 ms
149,630.3000000000002 ms
149,632.3499999999999 ms
149,635.2 ms
149,635.3 ms
149,637.7500000000002 ms
149,681.1000000000001 ms
149,688.8500000000001 ms
149,690.1000000000001 ms
149,696.3000000000002 ms
149,724.5500000000002 ms
149,742.2500000000002 ms
149,746.6000000000001 ms
149,778.3000000000004 ms
149,786.7000000000003 ms
149,801.8500000000004 ms
149,816.4500000000003 ms
149,819.2500000000002 ms
149,833.4500000000003 ms
149,834.2500000000002 ms
149,840.2500000000002 ms
149,851.5500000000002 ms
149,857.1000000000001 ms
149,859.0500000000002 ms
149,859.8500000000001 ms
149,873.6500000000001 ms
149,934.3500000000001 ms
149,951.8000000000002 ms
149,998.5500000000002 ms
149,1000.7000000000003 ms
149,1004.0 ms
149,1028.1000000000001 ms
149,1089.8500000000001 ms
149,1096.3999999999999 ms
149,1108.1000000000001 ms
149,1121.3000000000004 ms
149,1137.2000000000005 ms
149,1156.45 ms
149,1157.7000000000005 ms
149,1160.8000000000004 ms
149,1195.1500000000003 ms
149,1234.5000000000002 ms
149,1249.4000000000003 ms
149,1256.1000000000001 ms
149,1268.8500000000001 ms
149,1284.8000000000004 ms
149,1301.8500000000001 ms
149,1307.6000000000001 ms
149,1308.0000000000002 ms
149,1329.55 ms
149,1351.3500000000001 ms
149,1379.2 ms
149,1393.4000000000003 ms
149,1403.8000000000004 ms
149,1409.8500000000001 ms
149,1427.2500000000002 ms
149,1495.8500000000001 ms
149,1504.1499999999999 ms
149,1509.9000000000003 ms
149,1515.8000000000004 ms
149,1517.4000000000003 ms
149,1531.7 ms
149,1545.4000000000003 ms
149,1555.6000000000001 ms
149,1559.0000000000002 ms
149,1563.1500000000003 ms
149,1574.5000000000002 ms
149,1587.2000000000005 ms
149,1593.3500000000006 ms
149,1624.0000000000007 ms
149,1635.2000000000005 ms
149,1640.7500000000002 ms
149,1642.8000000000004 ms
149,1678.1000000000001 ms
149,1681.1500000000003 ms
149,1684.0500000000004 ms
149,1685.2500000000007 ms
149,1690.7500000000002 ms
149,1704.0000000000007 ms
149,1756.7000000000005 ms
149,1770.2500000000002 ms
149,1772.4000000000003 ms
149,1779.3000000000004 ms
149,1790.4000000000003 ms
149,1802.6500000000008 ms
149,1810.3000000000009 ms
149,1816.8000000000004 ms
149,1824.7000000000005 ms
149,1838.1000000000006 ms
149,1849.1500000000008 ms
149,1867.7500000000007 ms
149,1868.0500000000004 ms
149,1870.6500000000003 ms
149,1890.6000000000006 ms
149,1912.5000000000007 ms
149,1923.0000000000007 ms
149,1924.0000000000007 ms
149,1931.9000000000008 ms
149,1933.2000000000005 ms
149,1936.1500000000008 ms
149,1966.100000000001 ms
149,1982.200000000001 ms
149,1984.7500000000007 ms
149,1992.8000000000004 ms
149,2010.2500000000007 ms
149,2031.0500000000004 ms
149,2031.4500000000005 ms
149,2037.3000000000004 ms
149,2038.3500000000006 ms
149,2040.0500000000009 ms
149,2050.9000000000005 ms
149,2088.55 ms
149,2124.6000000000013 ms
149,2137.6500000000005 ms
149,2155.1000000000013 ms
149,2157.9000000000005 ms
149,2164.3500000000013 ms
149,2172.05 ms
149,2179.9000000000005 ms
149,2181.2000000000007 ms
149,2205.7000000000007 ms
149,2216.000000000001 ms
149,2230.6000000000013 ms
149,2271.05 ms
149,2306.6000000000013 ms
149,2323.55 ms
149,2324.7000000000007 ms
149,2337.4500000000007 ms
149,2352.1000000000004 ms
149,2356.800000000001 ms
149,2359.800000000001 ms
149,2362.75 ms
149,2363.3500000000004 ms
149,2382.25 ms
149,2394.75 ms
149,2400.550000000001 ms
149,2454.800000000001 ms
149,2456.6000000000004 ms
149,2458.6000000000004 ms
149,2464.6000000000004 ms
149,2473.4500000000007 ms
149,2500.4000000000005 ms
149,2511.6000000000004 ms
149,2518.3500000000004 ms
149,2525.0 ms
149,2536.0 ms
149,2537.7000000000007 ms
149,2542.5 ms
149,2550.8500000000004 ms
149,2572.2000000000007 ms
149,2575.8999999999996 ms
149,2582.6499999999996 ms
149,2594.25 ms
149,2604.8999999999996 ms
149,2605.6000000000004 ms
149,2609.1499999999996 ms
149,2609.3 ms
149,2625.6000000000004 ms
149,2635.9500000000007 ms
149,2645.55 ms
149,2649.75 ms
149,2649.95 ms
149,2672.5 ms
149,2676.1000000000004 ms
149,2677.5 ms
149,2679.7 ms
149,2681.5999999999995 ms
149,2696.4000000000005 ms
149,2705.4000000000005 ms
149,2717.75 ms
149,2726.55 ms
149,2740.2 ms
149,2758.2 ms
149,2763.8500000000004 ms
149,2773.5 ms
149,2793.4500000000007 ms
149,2796.6000000000004 ms
149,2800.1500000000005 ms
149,2801.2000000000007 ms
149,2838.250000000001 ms
149,2842.500000000001 ms
149,2878.050000000001 ms
149,2880.8500000000013 ms
149,2885.250000000001 ms
149,2891.9500000000016 ms
149,2902.6500000000005 ms
149,2914.2000000000016 ms
149,2931.1500000000005 ms
149,2937.6000000000013 ms
149,2947.3 ms
149,2949.1500000000005 ms
149,2957.6000000000004 ms
149,2961.0 ms
149,2973.75 ms
149,2986.0 ms
149,2992.7000000000007 ms
149,3002.6000000000004 ms
149,3012.4500000000007 ms
149,3030.5 ms
149,3051.25 ms
149,3057.9000000000005 ms
149,3058.2000000000007 ms
149,3061.750000000001 ms
149,3116.550000000001 ms
149,3131.800000000001 ms
149,3156.1500000000015 ms
149,3172.050000000001 ms
149,3182.2000000000007 ms
149,3191.6500000000015 ms
149,3220.3500000000004 ms
149,3234.9000000000015 ms
149,3244.550000000001 ms
149,3245.2000000000007 ms
149,3248.4000000000015 ms
149,3250.500000000001 ms
149,3261.9500000000007 ms
149,3275.3500000000004 ms
149,3291.000000000001 ms
149,3291.550000000001 ms
149,3318.6000000000013 ms
149,3326.6000000000013 ms
149,3330.6500000000015 ms
149,3335.7000000000016 ms
149,3337.1000000000013 ms
149,3368.050000000002 ms
149,3370.9500000000016 ms
149,3375.1000000000013 ms
149,3383.050000000002 ms
149,3417.9000000000015 ms
149,3447.9500000000016 ms
149,3454.1000000000013 ms
149,3494.9000000000024 ms
149,3503.000000000002 ms
149,3526.350000000002 ms
149,3539.100000000002 ms
149,3547.350000000002 ms
149,3548.100000000002 ms
149,3548.9000000000015 ms
149,3584.500000000002 ms
149,3596.750000000002 ms
149,3610.250000000002 ms
149,3617.2000000000016 ms
149,3629.2000000000016 ms
149,3638.4500000000016 ms
149,3639.2000000000016 ms
149,3650.250000000002 ms
149,3656.500000000002 ms
149,3674.850000000002 ms
149,3675.600000000002 ms
149,3687.550000000001 ms
149,3708.9000000000015 ms
149,3709.1000000000013 ms
149,3726.050000000001 ms
149,3737.000000000001 ms
149,3745.800000000001 ms
149,3759.300000000001 ms
149,3761.050000000001 ms
149,3764.1000000000013 ms
149,3789.4500000000016 ms
149,3790.1000000000013 ms
149,3837.9000000000015 ms
149,3844.1000000000013 ms
149,3859.9500000000016 ms
149,3864.4500000000016 ms
149,3875.7000000000016 ms
149,3878.9000000000005 ms
149,3891.050000000001 ms
149,3896.6000000000013 ms
149,3898.4000000000015 ms
149,3913.9500000000016 ms
149,3914.3500000000013 ms
149,3926.9500000000016 ms
149,3955.2000000000016 ms
149,3957.500000000002 ms
149,3961.4500000000016 ms
149,3970.4500000000016 ms
149,3978.1500000000015 ms
149,3984.550000000001 ms
150,31.05 ms
150,50.8 ms
150,56.8 ms
150,76.55 ms
150,107.00000000000001 ms
150,135.55 ms
150,136.3 ms
150,149.10000000000002 ms
150,153.65000000000003 ms
150,169.75000000000006 ms
150,190.25000000000006 ms
150,215.75000000000006 ms
150,238.55 ms
150,254.10000000000008 ms
150,260.2000000000001 ms
150,288.0500000000001 ms
150,324.1000000000001 ms
150,327.90000000000015 ms
150,343.65000000000003 ms
150,352.90000000000015 ms
150,375.65000000000003 ms
150,380.65000000000015 ms
150,392.3000000000001 ms
150,400.90000000000015 ms
150,418.5500000000001 ms
150,418.65000000000015 ms
150,430.00000000000017 ms
150,440.50000000000006 ms
150,462.3000000000001 ms
150,466.6000000000002 ms
150,479.5500000000001 ms
150,483.4500000000001 ms
150,492.2000000000001 ms
150,496.4500000000001 ms
150,504.7000000000001 ms
150,506.9500000000001 ms
150,515.2 ms
150,517.1500000000001 ms
150,529.5500000000002 ms
150,530.8499999999999 ms
150,570.5500000000002 ms
150,575.75 ms
150,601.8500000000001 ms
150,608.5500000000002 ms
150,612.3500000000001 ms
150,618.8000000000002 ms
150,623.4000000000001 ms
150,648.2500000000002 ms
150,689.4500000000003 ms
150,734.8000000000002 ms
150,745.1000000000004 ms
150,769.0500000000002 ms
150,771.4000000000003 ms
150,787.6000000000004 ms
150,791.5000000000005 ms
150,794.4000000000003 ms
150,800.7000000000003 ms
150,802.0000000000002 ms
150,818.8500000000001 ms
150,824.4500000000003 ms
150,856.5500000000002 ms
150,863.5000000000005 ms
150,874.3500000000004 ms
150,876.5500000000004 ms
150,876.8500000000004 ms
150,883.3500000000004 ms
150,883.6500000000003 ms
150,887.5500000000004 ms
150,906.5500000000004 ms
150,911.6500000000003 ms
150,928.5000000000002 ms
150,947.1500000000003 ms
150,950.2000000000003 ms
150,968.3000000000002 ms
150,972.6500000000003 ms
150,983.2500000000002 ms
150,997.7000000000005 ms
150,1038.6000000000004 ms
150,1048.1500000000005 ms
150,1073.7000000000003 ms
150,1084.3000000000002 ms
150,1101.75 ms
150,1102.3000000000002 ms
150,1104.25 ms
150,1105.5500000000002 ms
150,1112.6000000000004 ms
150,1113.9 ms
150,1133.15 ms
150,1135.85 ms
150,1149.7500000000005 ms
150,1172.2500000000005 ms
150,1176.8000000000002 ms
150,1194.3500000000004 ms
150,1194.6000000000004 ms
150,1199.5 ms
150,1235.5500000000002 ms
150,1254.7000000000003 ms
150,1260.8500000000004 ms
150,1262.6500000000005 ms
150,1267.75 ms
150,1272.2000000000003 ms
150,1277.15 ms
150,1293.6000000000004 ms
150,1300.7500000000005 ms
150,1304.9500000000003 ms
150,1306.3500000000008 ms
150,1318.7500000000005 ms
150,1320.6000000000008 ms
150,1336.2500000000005 ms
150,1342.3500000000008 ms
150,1342.7000000000003 ms
150,1345.9000000000005 ms
150,1355.1000000000004 ms
150,1375.500000000001 ms
150,1390.1000000000004 ms
150,1397.3500000000004 ms
150,1398.4500000000007 ms
150,1407.5000000000005 ms
150,1427.6500000000005 ms
150,1432.1500000000005 ms
150,1432.5500000000006 ms
150,1458.1000000000008 ms
150,1460.4500000000003 ms
150,1475.0500000000006 ms
150,1486.65 ms
150,1487.5500000000006 ms
150,1496.2500000000005 ms
150,1500.9000000000005 ms
150,1509.1000000000004 ms
150,1520.3500000000004 ms
150,1544.750000000001 ms
150,1548.6000000000004 ms
150,1551.4500000000007 ms
150,1568.5500000000002 ms
150,1582.5000000000005 ms
150,1585.1500000000005 ms
150,1591.2000000000007 ms
150,1595.1500000000005 ms
150,1595.5000000000005 ms
150,1600.3500000000004 ms
150,1600.7500000000005 ms
150,1604.4500000000003 ms
150,1606.5000000000005 ms
150,1668.6000000000004 ms
150,1704.1000000000004 ms
150,1711.9500000000003 ms
150,1723.3500000000004 ms
150,1735.8500000000004 ms
150,1745.3500000000004 ms
150,1748.4500000000003 ms
150,1787.4500000000003 ms
150,1823.3500000000004 ms
150,1823.5500000000002 ms
150,1826.6000000000004 ms
150,1836.8500000000004 ms
150,1847.8000000000002 ms
150,1869.0500000000002 ms
150,1886.7000000000007 ms
150,1887.3500000000004 ms
150,1915.8000000000006 ms
150,1920.6000000000008 ms
150,1950.9500000000003 ms
150,1957.0000000000005 ms
150,1959.0000000000005 ms
150,1983.3000000000006 ms
150,1995.7000000000003 ms
150,2001.5500000000006 ms
150,2011.65 ms
150,2016.7500000000005 ms
150,2021.1 ms
150,2030.35 ms
150,2043.0000000000005 ms
150,2073.3000000000006 ms
150,2098.15 ms
150,2098.9500000000003 ms
150,2102.0499999999997 ms
150,2111.85 ms
150,2121.2500000000005 ms
150,2138.1 ms
150,2172.9500000000003 ms
150,2218.9500000000003 ms
150,2233.65 ms
150,2285.2499999999995 ms
150,2285.4 ms
150,2287.15 ms
150,2296.0500000000006 ms
150,2304.2500000000005 ms
150,2305.4500000000003 ms
150,2340.5000000000005 ms
150,2357.1 ms
150,2395.0000000000005 ms
150,2402.15 ms
150,2448.85 ms
150,2453.15 ms
150,2458.7499999999995 ms
150,2459.9499999999994 ms
150,2461.35 ms
150,2463.9499999999994 ms
150,2472.2999999999997 ms
150,2480.9500000000003 ms
150,2495.1 ms
150,2516.35 ms
150,2526.65 ms
150,2550.8000000000006 ms
150,2554.2500000000005 ms
150,2564.2000000000003 ms
150,2598.15 ms
150,2612.2499999999995 ms
150,2612.349999999999 ms
150,2618.4499999999994 ms
150,2635.6999999999994 ms
150,2636.399999999999 ms
150,2640.149999999999 ms
150,2680.149999999999 ms
150,2682.149999999999 ms
150,2686.349999999999 ms
150,2687.299999999999 ms
150,2691.849999999999 ms
150,2692.849999999999 ms
150,2715.099999999999 ms
150,2732.1999999999985 ms
150,2736.4499999999994 ms
150,2742.599999999999 ms
150,2759.349999999999 ms
150,2766.549999999999 ms
150,2787.3999999999983 ms
150,2799.849999999998 ms
150,2804.6999999999985 ms
150,2818.9499999999985 ms
150,2843.1499999999983 ms
150,2848.8999999999983 ms
150,2850.049999999999 ms
150,2859.1499999999983 ms
150,2859.8999999999983 ms
150,2886.1499999999983 ms
150,2902.2499999999977 ms
150,2908.599999999998 ms
150,2912.349999999998 ms
150,2920.3999999999983 ms
150,2942.6999999999985 ms
150,2943.049999999998 ms
150,2944.1999999999985 ms
150,2960.349999999999 ms
150,2969.149999999999 ms
150,2985.6999999999994 ms
150,3003.599999999999 ms
150,3009.4999999999995 ms
150,3014.7999999999997 ms
150,3027.7499999999995 ms
150,3032.5499999999997 ms
150,3089.4499999999994 ms
150,3108.6 ms
150,3108.9 ms
150,3113.0499999999997 ms
150,3117.9500000000003 ms
150,3146.15 ms
150,3149.649999999999 ms
150,3194.9999999999995 ms
150,3207.599999999999 ms
150,3223.299999999999 ms
150,3237.399999999999 ms
150,3241.9499999999994 ms
150,3246.399999999999 ms
150,3249.2499999999986 ms
150,3259.549999999999 ms
150,3265.899999999999 ms
150,3297.9999999999986 ms
150,3333.9999999999995 ms
150,3337.2999999999997 ms
150,3348.4999999999995 ms
150,3355.1999999999994 ms
150,3387.9499999999985 ms
150,3389.349999999999 ms
150,3395.4499999999985 ms
150,3407.9999999999986 ms
150,3410.099999999999 ms
150,3423.549999999999 ms
150,3436.9999999999986 ms
150,3459.1999999999985 ms
150,3461.9999999999986 ms
150,3473.299999999999 ms
150,3483.2499999999986 ms
150,3493.4499999999985 ms
150,3497.6499999999983 ms
150,3517.4499999999985 ms
150,3532.6499999999983 ms
150,3542.9499999999985 ms
150,3544.6999999999985 ms
150,3552.7499999999986 ms
150,3557.7499999999986 ms
150,3565.599999999998 ms
150,3576.2499999999986 ms
150,3593.099999999998 ms
150,3611.299999999998 ms
150,3612.349999999998 ms
150,3618.6999999999985 ms
150,3641.349999999999 ms
150,3650.4499999999985 ms
150,3659.2499999999986 ms
150,3682.649999999999 ms
150,3698.8999999999983 ms
150,3713.899999999999 ms
150,3754.849999999999 ms
150,3757.4999999999986 ms
150,3766.2499999999986 ms
150,3790.899999999999 ms
150,3806.1999999999994 ms
150,3813.649999999999 ms
150,3830.299999999999 ms
150,3834.7499999999986 ms
150,3853.649999999999 ms
150,3875.799999999999 ms
150,3921.6999999999994 ms
150,3939.899999999999 ms
150,3945.9499999999994 ms
150,3947.099999999999 ms
150,3961.149999999999 ms
150,3962.4999999999986 ms
150,3985.549999999999 ms
150,3995.899999999999 ms
151,24.8 ms
151,45.7 ms
151,47.400000000000006 ms
151,69.10000000000001 ms
151,74.80000000000003 ms
151,78.90000000000002 ms
151,85.00000000000001 ms
151,85.65000000000002 ms
151,87.80000000000003 ms
151,91.50000000000001 ms
151,95.10000000000001 ms
151,96.05000000000003 ms
151,111.00000000000001 ms
151,127.3 ms
151,129.45 ms
151,136.35000000000002 ms
151,137.40000000000003 ms
151,161.90000000000003 ms
151,167.15000000000003 ms
151,173.40000000000003 ms
151,179.75000000000006 ms
151,199.90000000000003 ms
151,203.10000000000002 ms
151,209.35000000000002 ms
151,221.05 ms
151,226.85000000000002 ms
151,243.75 ms
151,262.70000000000005 ms
151,267.9000000000001 ms
151,269.95000000000005 ms
151,278.45000000000005 ms
151,279.20000000000005 ms
151,279.95000000000005 ms
151,289.4000000000001 ms
151,314.29999999999995 ms
151,327.85 ms
151,353.05000000000007 ms
151,353.4 ms
151,355.1 ms
151,375.20000000000005 ms
151,424.45000000000005 ms
151,482.05000000000007 ms
151,486.85 ms
151,491.55000000000007 ms
151,492.55000000000007 ms
151,544.3000000000001 ms
151,588.0000000000001 ms
151,594.8000000000001 ms
151,627.3000000000001 ms
151,630.1500000000002 ms
151,634.3500000000003 ms
151,635.2500000000001 ms
151,645.4 ms
151,645.6999999999999 ms
151,648.1 ms
151,653.4500000000002 ms
151,657.0000000000001 ms
151,672.4500000000002 ms
151,676.0000000000001 ms
151,694.35 ms
151,718.35 ms
151,759.15 ms
151,784.4499999999999 ms
151,790.4499999999999 ms
151,794.4 ms
151,805.35 ms
151,857.5500000000001 ms
151,859.4000000000002 ms
151,861.9500000000002 ms
151,863.4499999999999 ms
151,863.7499999999999 ms
151,866.2999999999998 ms
151,880.5999999999998 ms
151,913.3999999999997 ms
151,937.0499999999998 ms
151,946.9 ms
151,964.3999999999997 ms
151,976.8499999999998 ms
151,980.1 ms
151,981.0999999999998 ms
151,1008.9499999999999 ms
151,1009.8499999999998 ms
151,1016.0499999999998 ms
151,1016.8000000000001 ms
151,1020.6999999999999 ms
151,1021.0500000000001 ms
151,1027.0 ms
151,1028.1999999999998 ms
151,1037.1999999999998 ms
151,1042.0500000000002 ms
151,1058.5500000000002 ms
151,1065.6499999999996 ms
151,1079.6 ms
151,1091.6999999999998 ms
151,1108.2999999999997 ms
151,1109.7499999999995 ms
151,1135.65 ms
151,1167.6999999999998 ms
151,1179.1999999999998 ms
151,1182.4499999999998 ms
151,1233.4499999999998 ms
151,1259.85 ms
151,1270.25 ms
151,1272.5 ms
151,1284.35 ms
151,1285.7999999999997 ms
151,1286.85 ms
151,1295.0499999999997 ms
151,1310.85 ms
151,1312.0 ms
151,1325.9499999999998 ms
151,1329.0 ms
151,1330.6 ms
151,1340.15 ms
151,1340.9 ms
151,1364.7999999999997 ms
151,1365.2999999999997 ms
151,1372.5499999999997 ms
151,1395.7000000000003 ms
151,1396.25 ms
151,1412.4 ms
151,1426.5500000000002 ms
151,1428.5 ms
151,1439.3500000000004 ms
151,1452.4 ms
151,1460.75 ms
151,1463.3000000000002 ms
151,1482.85 ms
151,1499.4 ms
151,1501.7499999999995 ms
151,1511.2499999999995 ms
151,1530.2499999999995 ms
151,1577.9499999999998 ms
151,1578.1499999999996 ms
151,1594.4499999999998 ms
151,1645.85 ms
151,1646.7999999999997 ms
151,1648.7000000000003 ms
151,1658.35 ms
151,1682.2500000000005 ms
151,1700.2000000000003 ms
151,1701.0500000000002 ms
151,1703.75 ms
151,1742.4000000000005 ms
151,1746.3000000000002 ms
151,1749.5000000000005 ms
151,1750.6500000000005 ms
151,1770.5000000000005 ms
151,1790.2500000000005 ms
151,1818.5500000000006 ms
151,1820.8000000000006 ms
151,1828.4500000000003 ms
151,1829.1000000000008 ms
151,1846.8500000000008 ms
151,1852.7000000000003 ms
151,1862.4000000000005 ms
151,1872.1000000000004 ms
151,1872.5500000000006 ms
151,1881.9000000000005 ms
151,1892.9000000000005 ms
151,1896.2000000000007 ms
151,1906.8000000000002 ms
151,1926.7500000000005 ms
151,1927.9000000000005 ms
151,1934.5500000000006 ms
151,1961.2000000000007 ms
151,2027.1500000000005 ms
151,2027.9000000000005 ms
151,2038.7000000000007 ms
151,2054.1500000000005 ms
151,2054.250000000001 ms
151,2055.6500000000005 ms
151,2067.6000000000004 ms
151,2081.55 ms
151,2132.9000000000005 ms
151,2142.2 ms
151,2155.9000000000005 ms
151,2159.0 ms
151,2161.05 ms
151,2166.1500000000005 ms
151,2170.6500000000005 ms
151,2174.5 ms
151,2176.55 ms
151,2183.2 ms
151,2208.750000000001 ms
151,2213.8 ms
151,2214.8 ms
151,2225.6500000000005 ms
151,2231.9500000000007 ms
151,2265.1500000000005 ms
151,2269.6000000000004 ms
151,2282.8 ms
151,2300.3500000000004 ms
151,2303.9500000000007 ms
151,2315.9500000000007 ms
151,2320.25 ms
151,2321.1500000000005 ms
151,2325.4500000000007 ms
151,2328.250000000001 ms
151,2331.800000000001 ms
151,2336.000000000001 ms
151,2343.2000000000007 ms
151,2354.2000000000007 ms
151,2379.3500000000004 ms
151,2383.6500000000015 ms
151,2384.1000000000004 ms
151,2418.800000000001 ms
151,2431.550000000001 ms
151,2450.6000000000004 ms
151,2452.000000000001 ms
151,2454.9000000000005 ms
151,2464.3500000000013 ms
151,2469.9000000000005 ms
151,2479.1000000000013 ms
151,2491.2000000000007 ms
151,2498.7000000000007 ms
151,2533.050000000001 ms
151,2534.300000000001 ms
151,2544.6000000000004 ms
151,2555.750000000001 ms
151,2559.1000000000013 ms
151,2571.3500000000013 ms
151,2579.3 ms
151,2580.500000000001 ms
151,2585.8 ms
151,2622.8500000000013 ms
151,2638.8500000000013 ms
151,2650.9000000000005 ms
151,2651.9000000000005 ms
151,2660.4000000000005 ms
151,2741.300000000001 ms
151,2761.300000000001 ms
151,2773.000000000001 ms
151,2805.9500000000007 ms
151,2848.4000000000005 ms
151,2885.7000000000007 ms
151,2906.4000000000005 ms
151,2921.9500000000007 ms
151,2930.7000000000007 ms
151,2949.6000000000004 ms
151,2971.250000000001 ms
151,2995.050000000001 ms
151,2995.8500000000013 ms
151,2996.800000000001 ms
151,3011.8500000000013 ms
151,3016.4000000000015 ms
151,3021.4500000000016 ms
151,3024.550000000002 ms
151,3066.4000000000015 ms
151,3070.750000000002 ms
151,3092.9500000000007 ms
151,3095.6500000000015 ms
151,3123.6500000000015 ms
151,3138.250000000001 ms
151,3148.6000000000013 ms
151,3162.2000000000007 ms
151,3186.7000000000007 ms
151,3194.4000000000005 ms
151,3202.4000000000005 ms
151,3211.250000000001 ms
151,3229.9000000000005 ms
151,3237.9500000000007 ms
151,3261.300000000001 ms
151,3267.9000000000005 ms
151,3275.9000000000005 ms
151,3285.4500000000007 ms
151,3300.9500000000007 ms
151,3322.6500000000005 ms
151,3334.500000000001 ms
151,3354.9000000000005 ms
151,3365.6500000000005 ms
151,3392.1500000000005 ms
151,3412.2000000000007 ms
151,3422.2000000000007 ms
151,3431.800000000001 ms
151,3431.9500000000007 ms
151,3434.550000000001 ms
151,3444.6000000000004 ms
151,3451.800000000001 ms
151,3466.050000000001 ms
151,3482.050000000001 ms
151,3514.6000000000004 ms
151,3532.4500000000007 ms
151,3572.800000000001 ms
151,3590.8500000000004 ms
151,3596.9000000000015 ms
151,3606.4500000000007 ms
151,3609.550000000001 ms
151,3619.4500000000007 ms
151,3626.800000000001 ms
151,3658.6500000000015 ms
151,3666.6500000000015 ms
151,3668.4500000000007 ms
151,3672.250000000002 ms
151,3675.1500000000015 ms
151,3684.1000000000013 ms
151,3689.250000000001 ms
151,3703.050000000002 ms
151,3713.1000000000013 ms
151,3718.750000000002 ms
151,3732.6500000000015 ms
151,3766.2000000000025 ms
151,3771.050000000002 ms
151,3773.100000000002 ms
151,3797.250000000002 ms
151,3798.1500000000024 ms
151,3805.2000000000025 ms
151,3817.7000000000025 ms
151,3830.5000000000027 ms
151,3845.9500000000025 ms
151,3856.1500000000024 ms
151,3878.1500000000024 ms
151,3889.350000000002 ms
151,3894.4500000000025 ms
151,3896.2000000000025 ms
151,3905.850000000002 ms
151,3914.9500000000025 ms
151,3928.550000000002 ms
151,3946.6500000000024 ms
151,3962.050000000002 ms
151,3963.600000000002 ms
151,3976.250000000002 ms
151,3988.500000000002 ms
151,3989.2000000000025 ms
152,0.9 ms
152,19.2 ms
152,19.750000000000004 ms
152,28.749999999999996 ms
152,35.0 ms
152,77.55000000000001 ms
152,91.95000000000002 ms
152,104.10000000000002 ms
152,121.25000000000003 ms
152,127.75000000000003 ms
152,136.35 ms
152,158.20000000000002 ms
152,188.4 ms
152,189.1 ms
152,193.60000000000005 ms
152,197.55000000000004 ms
152,211.65 ms
152,212.9 ms
152,238.55000000000004 ms
152,253.9 ms
152,285.75 ms
152,288.25 ms
152,306.15 ms
152,328.29999999999995 ms
152,332.75 ms
152,369.8499999999999 ms
152,371.4 ms
152,373.29999999999995 ms
152,377.3499999999999 ms
152,384.54999999999995 ms
152,386.75 ms
152,472.04999999999995 ms
152,475.5 ms
152,484.29999999999995 ms
152,497.19999999999993 ms
152,507.54999999999995 ms
152,521.5999999999999 ms
152,525.25 ms
152,533.1499999999999 ms
152,553.9499999999998 ms
152,554.7499999999998 ms
152,590.9499999999998 ms
152,601.4499999999998 ms
152,601.5499999999997 ms
152,604.8499999999999 ms
152,619.6999999999998 ms
152,622.1499999999999 ms
152,625.0999999999999 ms
152,636.6499999999999 ms
152,643.8499999999999 ms
152,678.75 ms
152,702.8499999999999 ms
152,706.05 ms
152,726.5999999999999 ms
152,740.8999999999999 ms
152,757.1499999999999 ms
152,760.7499999999998 ms
152,775.6499999999999 ms
152,786.9499999999998 ms
152,808.6499999999999 ms
152,861.6999999999998 ms
152,899.1499999999999 ms
152,904.3999999999999 ms
152,910.9499999999998 ms
152,912.1999999999998 ms
152,913.6499999999999 ms
152,924.1499999999999 ms
152,924.6999999999998 ms
152,935.1499999999999 ms
152,953.3499999999999 ms
152,959.25 ms
152,977.0999999999999 ms
152,980.8 ms
152,1002.5999999999999 ms
152,1004.5999999999999 ms
152,1030.3 ms
152,1061.55 ms
152,1085.5999999999997 ms
152,1088.2499999999998 ms
152,1122.55 ms
152,1136.3499999999997 ms
152,1139.2499999999998 ms
152,1144.5000000000002 ms
152,1162.05 ms
152,1197.8 ms
152,1218.95 ms
152,1224.6000000000001 ms
152,1228.1000000000001 ms
152,1234.8000000000004 ms
152,1245.3500000000001 ms
152,1265.3000000000004 ms
152,1266.3 ms
152,1278.7500000000002 ms
152,1285.2000000000005 ms
152,1298.45 ms
152,1308.2000000000005 ms
152,1322.1000000000006 ms
152,1340.5500000000004 ms
152,1400.3500000000001 ms
152,1424.4000000000003 ms
152,1439.4000000000003 ms
152,1449.5000000000002 ms
152,1477.1000000000001 ms
152,1501.0000000000002 ms
152,1506.9000000000003 ms
152,1516.8500000000006 ms
152,1522.9500000000005 ms
152,1524.6000000000006 ms
152,1554.7500000000007 ms
152,1562.1500000000008 ms
152,1563.9000000000003 ms
152,1576.1000000000006 ms
152,1598.2000000000005 ms
152,1602.7500000000002 ms
152,1603.0500000000004 ms
152,1645.7500000000007 ms
152,1654.6000000000006 ms
152,1659.0000000000007 ms
152,1660.7000000000005 ms
152,1664.7500000000002 ms
152,1675.2500000000007 ms
152,1685.9000000000008 ms
152,1690.9000000000003 ms
152,1704.5500000000004 ms
152,1706.6000000000006 ms
152,1713.7500000000007 ms
152,1716.700000000001 ms
152,1719.4500000000005 ms
152,1735.1500000000008 ms
152,1751.3000000000009 ms
152,1759.0000000000011 ms
152,1772.4000000000012 ms
152,1779.9000000000008 ms
152,1781.950000000001 ms
152,1788.450000000001 ms
152,1800.5000000000007 ms
152,1802.0000000000011 ms
152,1838.9000000000012 ms
152,1841.2500000000011 ms
152,1855.700000000001 ms
152,1870.0000000000007 ms
152,1880.5500000000009 ms
152,1900.5500000000009 ms
152,1920.200000000001 ms
152,1950.5000000000007 ms
152,1967.450000000001 ms
152,1975.850000000001 ms
152,1976.9000000000008 ms
152,2005.450000000001 ms
152,2012.450000000001 ms
152,2012.850000000001 ms
152,2016.2500000000011 ms
152,2022.3000000000009 ms
152,2024.700000000001 ms
152,2034.2500000000011 ms
152,2041.0000000000011 ms
152,2052.6000000000013 ms
152,2060.3500000000013 ms
152,2062.1000000000013 ms
152,2062.500000000001 ms
152,2064.550000000002 ms
152,2079.3500000000013 ms
152,2095.1500000000024 ms
152,2095.9500000000016 ms
152,2096.9500000000016 ms
152,2100.0000000000027 ms
152,2105.100000000002 ms
152,2107.250000000002 ms
152,2132.2000000000025 ms
152,2192.9500000000025 ms
152,2212.1500000000015 ms
152,2215.500000000002 ms
152,2228.550000000002 ms
152,2247.7000000000016 ms
152,2262.6500000000024 ms
152,2264.8500000000013 ms
152,2278.300000000002 ms
152,2300.6500000000015 ms
152,2302.6000000000013 ms
152,2318.4500000000016 ms
152,2320.1000000000013 ms
152,2325.1500000000015 ms
152,2334.4500000000016 ms
152,2335.1000000000013 ms
152,2357.3500000000013 ms
152,2365.1000000000013 ms
152,2392.000000000002 ms
152,2406.9500000000016 ms
152,2427.4000000000015 ms
152,2437.4000000000015 ms
152,2449.4500000000016 ms
152,2469.000000000002 ms
152,2474.600000000002 ms
152,2519.100000000002 ms
152,2527.1500000000015 ms
152,2535.6500000000015 ms
152,2548.7000000000025 ms
152,2553.750000000002 ms
152,2569.9500000000025 ms
152,2575.800000000002 ms
152,2587.250000000002 ms
152,2588.800000000002 ms
152,2603.4500000000016 ms
152,2619.100000000002 ms
152,2619.250000000002 ms
152,2624.550000000003 ms
152,2661.300000000003 ms
152,2731.500000000002 ms
152,2736.2000000000025 ms
152,2750.050000000002 ms
152,2750.550000000002 ms
152,2760.7000000000016 ms
152,2766.6500000000024 ms
152,2771.7000000000016 ms
152,2779.050000000002 ms
152,2786.2000000000016 ms
152,2811.350000000002 ms
152,2823.4000000000024 ms
152,2837.050000000002 ms
152,2845.800000000002 ms
152,2858.2500000000027 ms
152,2868.7500000000027 ms
152,2874.350000000002 ms
152,2875.4000000000024 ms
152,2903.2500000000027 ms
152,2944.0000000000027 ms
152,2960.7500000000027 ms
152,3001.100000000002 ms
152,3011.100000000002 ms
152,3012.850000000002 ms
152,3024.850000000002 ms
152,3054.4000000000024 ms
152,3059.350000000002 ms
152,3067.050000000002 ms
152,3073.4000000000024 ms
152,3085.800000000002 ms
152,3095.750000000002 ms
152,3100.9000000000015 ms
152,3111.4500000000025 ms
152,3112.050000000002 ms
152,3147.300000000002 ms
152,3152.800000000002 ms
152,3165.050000000002 ms
152,3168.850000000002 ms
152,3178.7000000000025 ms
152,3179.750000000002 ms
152,3183.7000000000025 ms
152,3187.600000000002 ms
152,3224.000000000002 ms
152,3233.1500000000024 ms
152,3240.800000000002 ms
152,3267.0000000000027 ms
152,3316.4000000000024 ms
152,3316.550000000002 ms
152,3359.6500000000024 ms
152,3360.550000000002 ms
152,3361.9000000000024 ms
152,3381.300000000002 ms
152,3392.300000000002 ms
152,3438.550000000002 ms
152,3462.1500000000024 ms
152,3467.1500000000024 ms
152,3499.4000000000024 ms
152,3500.300000000002 ms
152,3521.800000000002 ms
152,3528.9500000000025 ms
152,3535.6500000000024 ms
152,3538.050000000002 ms
152,3539.4000000000024 ms
152,3540.9000000000024 ms
152,3545.850000000002 ms
152,3614.6500000000024 ms
152,3666.7000000000025 ms
152,3691.100000000002 ms
152,3746.9000000000033 ms
152,3751.600000000002 ms
152,3770.0000000000027 ms
152,3782.550000000003 ms
152,3783.050000000003 ms
152,3800.7000000000025 ms
152,3814.9000000000033 ms
152,3815.6500000000033 ms
152,3846.7000000000025 ms
152,3848.2500000000036 ms
152,3865.050000000003 ms
152,3880.600000000004 ms
152,3894.100000000004 ms
152,3894.5000000000036 ms
152,3898.300000000004 ms
152,3899.050000000004 ms
152,3921.4500000000035 ms
152,3925.2000000000035 ms
152,3928.400000000004 ms
152,3942.050000000004 ms
152,3960.2500000000036 ms
152,3968.4000000000033 ms
152,3968.7500000000036 ms
152,3978.850000000004 ms
152,3994.350000000004 ms
152,3995.9000000000033 ms
153,15.600000000000001 ms
153,18.35 ms
153,52.1 ms
153,52.4 ms
153,57.1 ms
153,68.85 ms
153,76.85 ms
153,99.29999999999998 ms
153,105.5 ms
153,111.9 ms
153,112.1 ms
153,117.05000000000001 ms
153,152.05 ms
153,159.0 ms
153,168.7 ms
153,184.45 ms
153,185.0 ms
153,189.14999999999998 ms
153,206.85000000000002 ms
153,213.89999999999998 ms
153,216.70000000000005 ms
153,219.85000000000002 ms
153,225.60000000000002 ms
153,236.95000000000005 ms
153,247.8 ms
153,270.95 ms
153,280.3 ms
153,285.15000000000003 ms
153,288.75000000000006 ms
153,289.00000000000006 ms
153,310.25000000000006 ms
153,342.2 ms
153,357.15000000000003 ms
153,394.55 ms
153,410.7 ms
153,419.75000000000006 ms
153,452.99999999999994 ms
153,456.75000000000006 ms
153,482.15000000000003 ms
153,497.05 ms
153,508.7999999999999 ms
153,522.0 ms
153,527.1500000000001 ms
153,536.1500000000001 ms
153,537.4499999999998 ms
153,537.9499999999998 ms
153,540.5 ms
153,541.3499999999999 ms
153,546.3499999999999 ms
153,550.3 ms
153,556.25 ms
153,578.25 ms
153,613.5999999999999 ms
153,634.9000000000001 ms
153,637.3 ms
153,678.2 ms
153,681.8 ms
153,683.3 ms
153,702.45 ms
153,734.6499999999999 ms
153,750.3 ms
153,761.8 ms
153,763.7 ms
153,768.05 ms
153,825.8499999999999 ms
153,852.3999999999999 ms
153,854.9999999999998 ms
153,867.5999999999999 ms
153,875.0999999999999 ms
153,878.1999999999998 ms
153,880.3 ms
153,885.6499999999999 ms
153,890.5 ms
153,901.4000000000001 ms
153,928.4499999999998 ms
153,929.5 ms
153,934.75 ms
153,946.8999999999999 ms
153,955.8499999999999 ms
153,961.6499999999999 ms
153,983.6999999999998 ms
153,1005.1999999999998 ms
153,1014.9999999999998 ms
153,1015.9999999999998 ms
153,1034.8999999999999 ms
153,1044.4999999999998 ms
153,1063.3499999999997 ms
153,1067.1999999999996 ms
153,1078.4999999999993 ms
153,1096.4999999999998 ms
153,1109.2999999999995 ms
153,1110.9999999999998 ms
153,1133.8499999999997 ms
153,1139.8999999999994 ms
153,1195.7999999999995 ms
153,1198.4999999999998 ms
153,1201.8499999999997 ms
153,1218.0499999999995 ms
153,1233.6999999999996 ms
153,1269.6999999999996 ms
153,1279.2499999999993 ms
153,1293.3499999999992 ms
153,1317.4499999999991 ms
153,1321.7499999999993 ms
153,1322.799999999999 ms
153,1335.4499999999991 ms
153,1355.4999999999993 ms
153,1365.549999999999 ms
153,1378.7499999999993 ms
153,1381.0999999999992 ms
153,1401.2499999999993 ms
153,1416.9999999999993 ms
153,1425.8499999999992 ms
153,1433.649999999999 ms
153,1448.549999999999 ms
153,1450.6999999999991 ms
153,1460.7499999999993 ms
153,1462.049999999999 ms
153,1479.2999999999995 ms
153,1483.6499999999994 ms
153,1485.0499999999995 ms
153,1512.3999999999994 ms
153,1513.9499999999991 ms
153,1514.3999999999994 ms
153,1523.9499999999991 ms
153,1525.7499999999989 ms
153,1528.4499999999991 ms
153,1539.9999999999989 ms
153,1553.649999999999 ms
153,1611.0999999999992 ms
153,1613.0999999999992 ms
153,1656.2499999999993 ms
153,1731.6999999999996 ms
153,1740.8999999999994 ms
153,1745.0999999999997 ms
153,1760.5999999999992 ms
153,1774.5999999999997 ms
153,1776.9499999999996 ms
153,1795.2499999999993 ms
153,1820.3499999999992 ms
153,1824.5499999999995 ms
153,1829.549999999999 ms
153,1840.0499999999995 ms
153,1866.8999999999994 ms
153,1867.4999999999993 ms
153,1868.6499999999994 ms
153,1893.1999999999991 ms
153,1903.049999999999 ms
153,1907.0999999999988 ms
153,1916.799999999999 ms
153,1924.2499999999993 ms
153,1979.3499999999992 ms
153,1984.3499999999988 ms
153,1986.299999999999 ms
153,2000.549999999999 ms
153,2012.299999999999 ms
153,2012.7499999999993 ms
153,2028.8499999999992 ms
153,2055.5999999999985 ms
153,2061.449999999999 ms
153,2070.0999999999985 ms
153,2070.749999999999 ms
153,2082.7999999999993 ms
153,2089.449999999999 ms
153,2097.6499999999996 ms
153,2099.999999999999 ms
153,2102.699999999999 ms
153,2119.699999999999 ms
153,2120.0499999999993 ms
153,2124.8499999999985 ms
153,2154.6499999999996 ms
153,2183.6499999999996 ms
153,2188.5499999999993 ms
153,2189.0999999999995 ms
153,2190.8999999999996 ms
153,2194.0 ms
153,2200.699999999999 ms
153,2200.7999999999993 ms
153,2204.1499999999996 ms
153,2209.8499999999985 ms
153,2226.199999999999 ms
153,2233.3499999999985 ms
153,2234.699999999999 ms
153,2254.1499999999987 ms
153,2257.0999999999985 ms
153,2273.949999999999 ms
153,2279.5999999999985 ms
153,2289.0499999999984 ms
153,2302.3499999999985 ms
153,2314.949999999999 ms
153,2322.949999999999 ms
153,2339.649999999998 ms
153,2340.5999999999985 ms
153,2341.0999999999985 ms
153,2352.749999999998 ms
153,2358.3499999999985 ms
153,2374.999999999998 ms
153,2386.899999999998 ms
153,2389.699999999999 ms
153,2394.149999999998 ms
153,2416.249999999998 ms
153,2436.149999999998 ms
153,2444.149999999998 ms
153,2458.199999999999 ms
153,2473.999999999998 ms
153,2480.3499999999985 ms
153,2483.3499999999985 ms
153,2509.699999999999 ms
153,2527.749999999998 ms
153,2533.449999999999 ms
153,2544.649999999998 ms
153,2550.449999999999 ms
153,2556.949999999999 ms
153,2591.999999999998 ms
153,2616.5999999999985 ms
153,2618.999999999998 ms
153,2624.449999999999 ms
153,2634.0999999999985 ms
153,2645.949999999999 ms
153,2646.949999999999 ms
153,2664.899999999998 ms
153,2667.699999999999 ms
153,2720.649999999998 ms
153,2728.249999999998 ms
153,2777.2999999999984 ms
153,2790.499999999998 ms
153,2824.399999999998 ms
153,2843.399999999998 ms
153,2844.5999999999985 ms
153,2853.649999999998 ms
153,2875.199999999999 ms
153,2877.499999999998 ms
153,2880.5499999999993 ms
153,2901.199999999999 ms
153,2905.949999999999 ms
153,2927.0499999999993 ms
153,2931.0499999999993 ms
153,2942.699999999999 ms
153,2954.2999999999993 ms
153,2963.5499999999993 ms
153,2980.3999999999987 ms
153,2988.1499999999987 ms
153,2993.8499999999985 ms
153,3010.0499999999984 ms
153,3020.499999999998 ms
153,3030.899999999998 ms
153,3052.399999999998 ms
153,3062.0499999999984 ms
153,3070.6499999999987 ms
153,3115.5999999999976 ms
153,3116.0499999999984 ms
153,3124.899999999998 ms
153,3164.5499999999975 ms
153,3179.199999999998 ms
153,3202.149999999998 ms
153,3203.2999999999975 ms
153,3208.399999999998 ms
153,3213.199999999998 ms
153,3222.449999999998 ms
153,3226.5999999999976 ms
153,3230.249999999998 ms
153,3231.249999999998 ms
153,3231.449999999998 ms
153,3241.0999999999976 ms
153,3258.6499999999987 ms
153,3284.449999999998 ms
153,3291.8499999999985 ms
153,3300.6499999999987 ms
153,3304.3499999999985 ms
153,3312.8499999999985 ms
153,3315.699999999999 ms
153,3316.199999999999 ms
153,3359.3499999999985 ms
153,3378.499999999998 ms
153,3380.8499999999985 ms
153,3387.999999999998 ms
153,3389.749999999998 ms
153,3412.8999999999987 ms
153,3414.7999999999984 ms
153,3421.249999999999 ms
153,3460.1499999999987 ms
153,3473.699999999999 ms
153,3500.699999999999 ms
153,3507.5999999999985 ms
153,3530.3499999999985 ms
153,3553.8999999999996 ms
153,3556.949999999999 ms
153,3566.199999999999 ms
153,3577.8499999999995 ms
153,3587.8499999999995 ms
153,3597.249999999999 ms
153,3609.3499999999995 ms
153,3609.5999999999995 ms
153,3610.5999999999995 ms
153,3632.749999999999 ms
153,3647.3 ms
153,3666.1499999999996 ms
153,3669.5999999999995 ms
153,3670.8999999999996 ms
153,3701.25 ms
153,3706.8999999999996 ms
153,3719.2 ms
153,3719.8499999999995 ms
153,3721.5999999999995 ms
153,3761.5999999999995 ms
153,3802.05 ms
153,3833.3 ms
153,3834.8499999999995 ms
153,3848.75 ms
153,3860.8500000000004 ms
153,3871.0499999999993 ms
153,3883.8999999999996 ms
153,3888.8499999999995 ms
153,3898.249999999999 ms
153,3903.8999999999996 ms
153,3914.8499999999995 ms
153,3917.999999999999 ms
153,3933.499999999999 ms
153,3958.05 ms
153,3975.999999999999 ms
153,3976.749999999999 ms
154,0.75 ms
154,15.649999999999999 ms
154,19.9 ms
154,49.29999999999999 ms
154,54.74999999999999 ms
154,91.0 ms
154,119.05000000000001 ms
154,122.5 ms
154,128.35 ms
154,151.00000000000003 ms
154,158.95000000000002 ms
154,206.00000000000003 ms
154,207.1 ms
154,209.50000000000003 ms
154,218.74999999999997 ms
154,226.44999999999996 ms
154,230.79999999999998 ms
154,241.74999999999997 ms
154,242.54999999999998 ms
154,246.39999999999995 ms
154,266.9 ms
154,271.35 ms
154,295.85 ms
154,318.7499999999999 ms
154,320.69999999999993 ms
154,339.2499999999999 ms
154,346.54999999999995 ms
154,356.94999999999993 ms
154,373.54999999999995 ms
154,378.19999999999993 ms
154,382.3499999999999 ms
154,388.2499999999999 ms
154,402.7499999999999 ms
154,407.2499999999999 ms
154,408.64999999999986 ms
154,431.3499999999999 ms
154,481.89999999999986 ms
154,487.79999999999984 ms
154,499.0999999999998 ms
154,502.89999999999986 ms
154,513.0999999999999 ms
154,535.6999999999998 ms
154,539.4000000000001 ms
154,549.8499999999999 ms
154,551.25 ms
154,552.05 ms
154,561.25 ms
154,570.0 ms
154,571.1500000000001 ms
154,587.0 ms
154,589.0999999999999 ms
154,594.95 ms
154,597.55 ms
154,614.5000000000002 ms
154,617.6000000000001 ms
154,625.0000000000002 ms
154,667.9000000000001 ms
154,675.1500000000001 ms
154,702.4000000000001 ms
154,770.2 ms
154,773.6000000000001 ms
154,785.0 ms
154,807.45 ms
154,811.7 ms
154,829.1500000000001 ms
154,830.1000000000001 ms
154,833.9000000000001 ms
154,850.3500000000001 ms
154,851.2500000000002 ms
154,853.95 ms
154,857.0500000000002 ms
154,860.9500000000003 ms
154,868.2000000000003 ms
154,871.4500000000003 ms
154,877.1500000000001 ms
154,883.0500000000002 ms
154,895.1500000000001 ms
154,925.6000000000004 ms
154,933.4500000000003 ms
154,954.7500000000002 ms
154,972.2000000000003 ms
154,972.3500000000004 ms
154,974.0500000000002 ms
154,975.5500000000002 ms
154,979.8000000000002 ms
154,995.7500000000005 ms
154,1010.7000000000003 ms
154,1011.5500000000004 ms
154,1011.9000000000003 ms
154,1030.8500000000004 ms
154,1035.1500000000005 ms
154,1067.6500000000005 ms
154,1073.4000000000005 ms
154,1090.8500000000004 ms
154,1108.0000000000005 ms
154,1123.5000000000005 ms
154,1138.8000000000006 ms
154,1139.9500000000003 ms
154,1140.6000000000008 ms
154,1149.1500000000005 ms
154,1172.1000000000004 ms
154,1174.9500000000007 ms
154,1186.9000000000005 ms
154,1219.6500000000005 ms
154,1233.5500000000006 ms
154,1259.8500000000008 ms
154,1263.7500000000005 ms
154,1271.5000000000005 ms
154,1278.5000000000005 ms
154,1281.7000000000007 ms
154,1289.7000000000007 ms
154,1305.250000000001 ms
154,1310.5500000000006 ms
154,1315.1000000000008 ms
154,1325.5500000000006 ms
154,1327.0500000000006 ms
154,1348.6000000000008 ms
154,1355.2500000000005 ms
154,1356.650000000001 ms
154,1369.9500000000007 ms
154,1404.9000000000005 ms
154,1423.6000000000008 ms
154,1432.6000000000008 ms
154,1442.5500000000006 ms
154,1442.9500000000012 ms
154,1446.750000000001 ms
154,1455.2000000000007 ms
154,1458.000000000001 ms
154,1461.750000000001 ms
154,1461.9500000000007 ms
154,1472.000000000001 ms
154,1491.150000000001 ms
154,1535.300000000001 ms
154,1560.2000000000012 ms
154,1563.7500000000014 ms
154,1582.550000000001 ms
154,1584.150000000001 ms
154,1591.000000000001 ms
154,1593.550000000001 ms
154,1604.000000000001 ms
154,1615.1000000000008 ms
154,1631.8500000000008 ms
154,1639.1000000000008 ms
154,1644.8500000000008 ms
154,1645.400000000001 ms
154,1663.7000000000007 ms
154,1692.9500000000007 ms
154,1723.9000000000005 ms
154,1726.1500000000005 ms
154,1745.4500000000007 ms
154,1748.250000000001 ms
154,1817.9500000000007 ms
154,1822.1000000000008 ms
154,1836.6000000000008 ms
154,1837.1000000000008 ms
154,1851.750000000001 ms
154,1853.6000000000008 ms
154,1865.9500000000007 ms
154,1872.0500000000006 ms
154,1882.7000000000007 ms
154,1890.500000000001 ms
154,1907.8500000000004 ms
154,1917.250000000001 ms
154,1919.1000000000004 ms
154,1968.8000000000006 ms
154,1978.2500000000005 ms
154,1984.2500000000005 ms
154,1991.7000000000007 ms
154,2000.000000000001 ms
154,2033.3500000000004 ms
154,2044.8000000000006 ms
154,2069.5500000000006 ms
154,2070.7500000000005 ms
154,2077.0500000000006 ms
154,2116.450000000001 ms
154,2118.900000000001 ms
154,2120.850000000001 ms
154,2134.35 ms
154,2159.2999999999997 ms
154,2170.5500000000006 ms
154,2173.7500000000005 ms
154,2175.8000000000006 ms
154,2190.100000000001 ms
154,2208.0500000000006 ms
154,2220.9500000000003 ms
154,2263.9500000000003 ms
154,2298.2000000000003 ms
154,2301.9500000000003 ms
154,2348.7500000000005 ms
154,2359.1 ms
154,2371.0000000000005 ms
154,2377.0000000000005 ms
154,2397.0000000000005 ms
154,2405.5000000000005 ms
154,2431.2500000000005 ms
154,2434.5000000000005 ms
154,2493.900000000001 ms
154,2503.0000000000005 ms
154,2504.0500000000006 ms
154,2507.2500000000005 ms
154,2543.7000000000003 ms
154,2546.7000000000003 ms
154,2548.4500000000003 ms
154,2549.9 ms
154,2605.65 ms
154,2612.65 ms
154,2618.8000000000006 ms
154,2647.5499999999997 ms
154,2672.5500000000006 ms
154,2684.15 ms
154,2693.7499999999995 ms
154,2721.5499999999997 ms
154,2734.2499999999995 ms
154,2748.0000000000005 ms
154,2772.7499999999995 ms
154,2789.4499999999994 ms
154,2792.9500000000003 ms
154,2802.4 ms
154,2802.9500000000003 ms
154,2818.0499999999997 ms
154,2839.2000000000003 ms
154,2842.6 ms
154,2844.4499999999994 ms
154,2853.149999999999 ms
154,2853.599999999999 ms
154,2854.6999999999994 ms
154,2882.799999999999 ms
154,2883.9499999999994 ms
154,2891.7499999999995 ms
154,2898.2499999999995 ms
154,2906.9499999999994 ms
154,2923.4499999999994 ms
154,2933.85 ms
154,2941.349999999999 ms
154,2944.85 ms
154,2948.7499999999995 ms
154,2954.4999999999995 ms
154,2974.0499999999997 ms
154,2986.2499999999995 ms
154,2992.9499999999994 ms
154,2999.6 ms
154,3003.4499999999994 ms
154,3007.1999999999994 ms
154,3009.549999999999 ms
154,3011.399999999999 ms
154,3013.2499999999986 ms
154,3014.899999999999 ms
154,3063.7999999999997 ms
154,3082.1999999999994 ms
154,3089.1999999999994 ms
154,3089.35 ms
154,3100.9999999999995 ms
154,3103.9 ms
154,3106.0499999999997 ms
154,3123.9999999999995 ms
154,3125.5499999999997 ms
154,3132.9500000000003 ms
154,3143.4 ms
154,3149.2999999999997 ms
154,3163.85 ms
154,3170.7500000000005 ms
154,3173.2000000000003 ms
154,3181.0499999999997 ms
154,3198.4500000000003 ms
154,3202.5000000000005 ms
154,3209.15 ms
154,3217.4500000000003 ms
154,3240.65 ms
154,3248.7499999999995 ms
154,3279.0499999999997 ms
154,3288.5500000000006 ms
154,3289.600000000001 ms
154,3293.650000000001 ms
154,3296.350000000001 ms
154,3313.2500000000005 ms
154,3315.0500000000006 ms
154,3325.700000000001 ms
154,3339.150000000001 ms
154,3340.7500000000005 ms
154,3346.8000000000006 ms
154,3354.0000000000005 ms
154,3354.6 ms
154,3394.15 ms
154,3421.5000000000005 ms
154,3438.7500000000005 ms
154,3452.6 ms
154,3467.4500000000003 ms
154,3473.100000000001 ms
154,3474.85 ms
154,3476.9500000000003 ms
154,3480.7999999999997 ms
154,3484.8000000000006 ms
154,3499.7500000000005 ms
154,3511.8000000000006 ms
154,3544.15 ms
154,3550.7000000000003 ms
154,3554.850000000001 ms
154,3565.2000000000003 ms
154,3570.350000000001 ms
154,3572.650000000001 ms
154,3583.8000000000006 ms
154,3588.8000000000006 ms
154,3614.7500000000005 ms
154,3642.650000000001 ms
154,3676.450000000001 ms
154,3687.0000000000014 ms
154,3691.0500000000015 ms
154,3693.8000000000006 ms
154,3714.900000000001 ms
154,3717.5000000000005 ms
154,3724.900000000001 ms
154,3725.2500000000005 ms
154,3726.5000000000014 ms
154,3728.7500000000005 ms
154,3730.600000000001 ms
154,3760.650000000001 ms
154,3763.650000000001 ms
154,3765.600000000001 ms
154,3776.3000000000006 ms
154,3783.3000000000006 ms
154,3796.950000000001 ms
154,3802.9500000000003 ms
154,3810.4 ms
154,3817.9500000000003 ms
154,3831.0500000000006 ms
154,3861.5000000000005 ms
154,3863.3000000000006 ms
154,3900.450000000001 ms
154,3905.5000000000014 ms
154,3928.700000000001 ms
154,3937.600000000001 ms
154,3947.4500000000003 ms
154,3948.4 ms
154,3950.5000000000005 ms
154,3951.150000000001 ms
154,3956.5000000000005 ms
154,3972.0000000000005 ms
154,3974.3000000000006 ms
154,3977.950000000001 ms
154,3983.5500000000006 ms
155,19.950000000000003 ms
155,35.85 ms
155,37.74999999999999 ms
155,54.29999999999999 ms
155,56.449999999999996 ms
155,79.6 ms
155,83.9 ms
155,130.6 ms
155,136.1 ms
155,147.15 ms
155,156.45000000000002 ms
155,171.35000000000005 ms
155,178.75000000000003 ms
155,186.95000000000002 ms
155,195.65 ms
155,204.24999999999997 ms
155,207.15 ms
155,214.15 ms
155,226.30000000000004 ms
155,229.79999999999998 ms
155,241.9 ms
155,253.35 ms
155,255.25000000000003 ms
155,274.65 ms
155,280.69999999999993 ms
155,287.94999999999993 ms
155,323.85 ms
155,334.9999999999999 ms
155,346.9999999999999 ms
155,351.6 ms
155,352.15 ms
155,364.85 ms
155,401.29999999999995 ms
155,408.29999999999995 ms
155,436.0 ms
155,439.14999999999986 ms
155,440.64999999999986 ms
155,456.54999999999995 ms
155,475.9999999999999 ms
155,476.79999999999984 ms
155,533.4499999999999 ms
155,535.9999999999999 ms
155,537.9499999999999 ms
155,538.4 ms
155,556.2500000000001 ms
155,558.3000000000001 ms
155,601.15 ms
155,607.5000000000001 ms
155,622.1 ms
155,628.9999999999999 ms
155,642.4499999999999 ms
155,645.3000000000001 ms
155,669.5000000000001 ms
155,697.0000000000001 ms
155,715.3500000000003 ms
155,715.6500000000002 ms
155,717.5500000000001 ms
155,718.3000000000001 ms
155,739.3000000000001 ms
155,740.5500000000001 ms
155,755.3000000000001 ms
155,802.7500000000001 ms
155,824.4500000000002 ms
155,835.35 ms
155,843.3000000000001 ms
155,844.6500000000002 ms
155,845.1500000000002 ms
155,853.1500000000002 ms
155,853.3500000000003 ms
155,873.2500000000001 ms
155,876.1000000000003 ms
155,890.4000000000002 ms
155,891.5500000000001 ms
155,921.1500000000002 ms
155,931.1000000000003 ms
155,933.1500000000002 ms
155,934.7000000000002 ms
155,942.4500000000002 ms
155,986.4000000000002 ms
155,992.0000000000003 ms
155,992.3500000000003 ms
155,1001.4000000000002 ms
155,1021.2500000000003 ms
155,1044.4 ms
155,1056.6000000000004 ms
155,1060.9500000000003 ms
155,1071.0500000000002 ms
155,1088.3000000000002 ms
155,1115.3500000000004 ms
155,1156.0 ms
155,1160.4000000000005 ms
155,1178.0 ms
155,1179.0 ms
155,1192.3000000000002 ms
155,1205.3500000000004 ms
155,1212.0 ms
155,1226.1000000000004 ms
155,1235.4499999999998 ms
155,1240.6000000000004 ms
155,1260.0500000000002 ms
155,1307.8000000000002 ms
155,1319.5 ms
155,1324.4000000000005 ms
155,1327.5 ms
155,1341.1500000000005 ms
155,1363.8500000000004 ms
155,1369.0000000000005 ms
155,1370.6000000000004 ms
155,1376.3000000000002 ms
155,1383.1500000000005 ms
155,1385.7000000000003 ms
155,1385.9500000000003 ms
155,1405.3500000000004 ms
155,1446.3000000000002 ms
155,1449.7500000000005 ms
155,1461.9500000000003 ms
155,1468.4500000000003 ms
155,1487.5000000000005 ms
155,1487.8500000000004 ms
155,1492.3000000000002 ms
155,1508.5500000000002 ms
155,1510.8000000000002 ms
155,1517.5000000000005 ms
155,1543.4000000000005 ms
155,1546.9500000000007 ms
155,1564.7500000000005 ms
155,1611.2500000000005 ms
155,1623.6500000000005 ms
155,1626.3000000000006 ms
155,1632.5500000000006 ms
155,1665.0500000000006 ms
155,1677.7500000000005 ms
155,1690.150000000001 ms
155,1734.4500000000007 ms
155,1750.8000000000006 ms
155,1761.6500000000005 ms
155,1764.3000000000006 ms
155,1780.0000000000005 ms
155,1780.5500000000006 ms
155,1783.2500000000005 ms
155,1798.7500000000005 ms
155,1804.4500000000007 ms
155,1844.3000000000006 ms
155,1857.0500000000006 ms
155,1863.2500000000005 ms
155,1884.5500000000006 ms
155,1902.1500000000005 ms
155,1925.1500000000005 ms
155,1940.0500000000006 ms
155,1951.4500000000007 ms
155,1995.500000000001 ms
155,2026.4000000000005 ms
155,2042.6000000000008 ms
155,2048.000000000001 ms
155,2060.4500000000007 ms
155,2065.4500000000007 ms
155,2080.2000000000007 ms
155,2087.4500000000007 ms
155,2103.9000000000005 ms
155,2104.9000000000005 ms
155,2109.55 ms
155,2111.000000000001 ms
155,2126.2 ms
155,2176.45 ms
155,2188.45 ms
155,2218.8 ms
155,2219.75 ms
155,2223.3500000000004 ms
155,2241.8999999999996 ms
155,2255.2000000000007 ms
155,2273.55 ms
155,2279.8 ms
155,2280.2 ms
155,2291.2 ms
155,2306.1000000000004 ms
155,2311.1000000000004 ms
155,2331.1500000000005 ms
155,2349.1500000000005 ms
155,2395.6500000000005 ms
155,2404.750000000001 ms
155,2411.3500000000004 ms
155,2421.5 ms
155,2429.2000000000007 ms
155,2462.05 ms
155,2468.7 ms
155,2472.4000000000005 ms
155,2493.5999999999995 ms
155,2500.95 ms
155,2501.3 ms
155,2502.3999999999996 ms
155,2505.45 ms
155,2526.5999999999995 ms
155,2531.8499999999995 ms
155,2535.3 ms
155,2544.6499999999996 ms
155,2554.3499999999995 ms
155,2581.8999999999996 ms
155,2605.0999999999995 ms
155,2632.2999999999993 ms
155,2679.7999999999993 ms
155,2684.3999999999996 ms
155,2698.7999999999993 ms
155,2701.2999999999993 ms
155,2709.749999999999 ms
155,2759.949999999999 ms
155,2768.1499999999987 ms
155,2777.2999999999984 ms
155,2780.8999999999987 ms
155,2787.8999999999987 ms
155,2790.3999999999987 ms
155,2807.1499999999987 ms
155,2810.0999999999985 ms
155,2818.5999999999985 ms
155,2820.3499999999985 ms
155,2837.249999999998 ms
155,2850.949999999999 ms
155,2864.3499999999985 ms
155,2868.1499999999987 ms
155,2869.199999999999 ms
155,2890.6499999999987 ms
155,2903.5999999999985 ms
155,2907.5499999999984 ms
155,2922.7999999999984 ms
155,2931.5999999999985 ms
155,2953.8499999999985 ms
155,2993.3999999999987 ms
155,2999.0499999999984 ms
155,3009.8999999999987 ms
155,3016.5499999999984 ms
155,3024.8999999999987 ms
155,3044.3999999999987 ms
155,3071.8999999999987 ms
155,3128.499999999999 ms
155,3156.749999999999 ms
155,3172.2999999999984 ms
155,3195.699999999999 ms
155,3200.1499999999987 ms
155,3225.699999999999 ms
155,3231.1499999999987 ms
155,3249.3999999999987 ms
155,3258.6499999999987 ms
155,3267.999999999999 ms
155,3321.949999999998 ms
155,3343.199999999998 ms
155,3387.999999999999 ms
155,3414.0499999999984 ms
155,3446.499999999999 ms
155,3447.999999999999 ms
155,3458.3499999999985 ms
155,3494.949999999999 ms
155,3496.5499999999984 ms
155,3509.8999999999987 ms
155,3511.0499999999984 ms
155,3516.8999999999987 ms
155,3569.2999999999984 ms
155,3584.949999999998 ms
155,3591.5999999999985 ms
155,3602.0999999999985 ms
155,3611.499999999998 ms
155,3626.449999999999 ms
155,3628.399999999998 ms
155,3630.399999999998 ms
155,3634.5999999999985 ms
155,3639.149999999998 ms
155,3652.149999999998 ms
155,3686.499999999998 ms
155,3691.3499999999985 ms
155,3732.8499999999985 ms
155,3748.499999999998 ms
155,3770.8499999999985 ms
155,3771.949999999998 ms
155,3783.399999999998 ms
155,3808.649999999998 ms
155,3809.5499999999975 ms
155,3814.699999999998 ms
155,3845.399999999998 ms
155,3853.149999999998 ms
155,3865.949999999998 ms
155,3892.649999999998 ms
155,3899.5499999999975 ms
155,3900.3499999999985 ms
155,3923.2999999999975 ms
155,3926.699999999998 ms
155,3938.949999999998 ms
155,3981.649999999998 ms
156,65.0 ms
156,126.25 ms
156,132.55 ms
156,139.10000000000002 ms
156,156.85000000000002 ms
156,159.05 ms
156,175.45 ms
156,179.60000000000002 ms
156,189.70000000000005 ms
156,233.05 ms
156,249.2 ms
156,282.7000000000001 ms
156,297.6000000000001 ms
156,300.15000000000003 ms
156,305.3 ms
156,312.99999999999994 ms
156,316.3 ms
156,316.40000000000003 ms
156,355.59999999999997 ms
156,356.95 ms
156,366.40000000000003 ms
156,376.84999999999997 ms
156,406.55 ms
156,409.40000000000003 ms
156,410.55 ms
156,413.3 ms
156,417.24999999999994 ms
156,435.7 ms
156,452.05 ms
156,458.7 ms
156,462.25000000000006 ms
156,501.99999999999994 ms
156,508.75000000000006 ms
156,521.55 ms
156,523.3 ms
156,527.5 ms
156,537.55 ms
156,553.25 ms
156,574.1500000000001 ms
156,644.8499999999999 ms
156,649.2 ms
156,669.0 ms
156,669.55 ms
156,682.25 ms
156,684.25 ms
156,688.6500000000001 ms
156,690.6999999999998 ms
156,696.5999999999999 ms
156,728.1999999999998 ms
156,729.3499999999999 ms
156,735.4499999999998 ms
156,739.55 ms
156,748.3999999999999 ms
156,755.55 ms
156,765.3999999999999 ms
156,782.45 ms
156,787.8 ms
156,793.75 ms
156,799.0999999999999 ms
156,835.6500000000001 ms
156,842.6999999999998 ms
156,866.4499999999998 ms
156,910.1999999999998 ms
156,910.9499999999998 ms
156,955.4000000000001 ms
156,964.6999999999998 ms
156,965.8 ms
156,989.0 ms
156,1017.5999999999999 ms
156,1034.5 ms
156,1040.4 ms
156,1050.9500000000003 ms
156,1061.7000000000003 ms
156,1073.7000000000003 ms
156,1084.9500000000003 ms
156,1103.0 ms
156,1108.3000000000002 ms
156,1118.8999999999996 ms
156,1148.5500000000002 ms
156,1158.9499999999998 ms
156,1167.4 ms
156,1200.0500000000002 ms
156,1201.0 ms
156,1214.6000000000004 ms
156,1221.9499999999998 ms
156,1223.1000000000004 ms
156,1224.1999999999998 ms
156,1229.65 ms
156,1248.65 ms
156,1270.65 ms
156,1285.5500000000002 ms
156,1288.7000000000003 ms
156,1305.8000000000002 ms
156,1322.5 ms
156,1323.9000000000005 ms
156,1330.0500000000002 ms
156,1332.7500000000005 ms
156,1346.9000000000005 ms
156,1367.2500000000005 ms
156,1382.6000000000004 ms
156,1382.7000000000003 ms
156,1391.6000000000004 ms
156,1411.2000000000003 ms
156,1414.9500000000003 ms
156,1416.4 ms
156,1424.4500000000003 ms
156,1425.7500000000005 ms
156,1444.2500000000005 ms
156,1456.7500000000005 ms
156,1482.9500000000003 ms
156,1489.0500000000002 ms
156,1489.8000000000002 ms
156,1498.4500000000003 ms
156,1502.7000000000003 ms
156,1514.9 ms
156,1516.7500000000005 ms
156,1527.9 ms
156,1547.6000000000004 ms
156,1576.9000000000005 ms
156,1586.3000000000002 ms
156,1637.6000000000004 ms
156,1652.6500000000005 ms
156,1668.2000000000003 ms
156,1682.4500000000003 ms
156,1685.0000000000005 ms
156,1685.7000000000003 ms
156,1713.7500000000005 ms
156,1732.9 ms
156,1743.9 ms
156,1758.8000000000006 ms
156,1775.2000000000003 ms
156,1793.4000000000005 ms
156,1806.3000000000006 ms
156,1807.9500000000007 ms
156,1813.6500000000005 ms
156,1823.7000000000007 ms
156,1835.2000000000007 ms
156,1838.7000000000007 ms
156,1843.250000000001 ms
156,1861.7000000000007 ms
156,1865.4500000000007 ms
156,1873.6500000000005 ms
156,1881.8500000000008 ms
156,1882.0500000000006 ms
156,1945.400000000001 ms
156,1997.0500000000006 ms
156,2016.1000000000008 ms
156,2032.500000000001 ms
156,2047.750000000001 ms
156,2047.9500000000007 ms
156,2057.9500000000007 ms
156,2061.4000000000005 ms
156,2062.750000000001 ms
156,2068.750000000001 ms
156,2084.8500000000004 ms
156,2094.2000000000007 ms
156,2116.0 ms
156,2121.1000000000004 ms
156,2121.75 ms
156,2141.3500000000004 ms
156,2145.05 ms
156,2168.8500000000004 ms
156,2207.3500000000004 ms
156,2210.7000000000007 ms
156,2217.8 ms
156,2222.95 ms
156,2229.4000000000005 ms
156,2247.8499999999995 ms
156,2257.3 ms
156,2264.0999999999995 ms
156,2268.1500000000005 ms
156,2274.4000000000005 ms
156,2330.95 ms
156,2334.750000000001 ms
156,2335.9000000000005 ms
156,2355.3 ms
156,2356.55 ms
156,2357.4500000000007 ms
156,2393.750000000001 ms
156,2394.8500000000013 ms
156,2395.250000000001 ms
156,2396.7000000000007 ms
156,2411.4500000000007 ms
156,2451.4000000000005 ms
156,2455.500000000001 ms
156,2456.8500000000004 ms
156,2469.5 ms
156,2472.75 ms
156,2492.9500000000007 ms
156,2500.8999999999996 ms
156,2506.3999999999996 ms
156,2534.2000000000007 ms
156,2549.6000000000004 ms
156,2566.3 ms
156,2587.4000000000005 ms
156,2595.45 ms
156,2612.3 ms
156,2612.8 ms
156,2614.8 ms
156,2626.25 ms
156,2628.7 ms
156,2648.1499999999996 ms
156,2653.0999999999995 ms
156,2656.2999999999993 ms
156,2671.199999999999 ms
156,2678.5999999999995 ms
156,2686.45 ms
156,2719.2999999999993 ms
156,2736.3499999999995 ms
156,2756.3999999999996 ms
156,2760.1499999999996 ms
156,2802.8499999999995 ms
156,2814.45 ms
156,2820.8499999999995 ms
156,2822.999999999999 ms
156,2828.499999999999 ms
156,2851.3 ms
156,2877.8999999999996 ms
156,2878.3499999999995 ms
156,2881.3999999999996 ms
156,2894.5499999999993 ms
156,2913.2 ms
156,2947.6499999999996 ms
156,2951.0999999999995 ms
156,2956.5499999999993 ms
156,2970.449999999999 ms
156,2972.5499999999993 ms
156,2978.8499999999995 ms
156,2990.5999999999995 ms
156,3003.2 ms
156,3048.1499999999987 ms
156,3062.8499999999995 ms
156,3113.5999999999995 ms
156,3130.249999999999 ms
156,3139.6499999999987 ms
156,3144.2 ms
156,3148.3499999999995 ms
156,3152.2 ms
156,3154.249999999999 ms
156,3186.1499999999996 ms
156,3208.5999999999995 ms
156,3216.8499999999995 ms
156,3224.7 ms
156,3242.8499999999995 ms
156,3252.249999999999 ms
156,3254.8 ms
156,3254.95 ms
156,3266.5 ms
156,3273.95 ms
156,3279.0 ms
156,3282.05 ms
156,3292.6500000000005 ms
156,3293.5999999999995 ms
156,3297.05 ms
156,3299.7 ms
156,3307.1499999999996 ms
156,3311.7999999999993 ms
156,3317.5499999999993 ms
156,3322.6000000000004 ms
156,3322.95 ms
156,3344.55 ms
156,3348.499999999999 ms
156,3351.7 ms
156,3358.499999999999 ms
156,3415.249999999999 ms
156,3422.05 ms
156,3425.45 ms
156,3432.0 ms
156,3442.05 ms
156,3471.95 ms
156,3510.1000000000004 ms
156,3513.0 ms
156,3524.6000000000004 ms
156,3529.8500000000004 ms
156,3538.7000000000007 ms
156,3578.05 ms
156,3583.05 ms
156,3592.55 ms
156,3596.3500000000004 ms
156,3600.55 ms
156,3601.75 ms
156,3607.3999999999996 ms
156,3624.7000000000007 ms
156,3630.4500000000007 ms
156,3637.55 ms
156,3638.3 ms
156,3652.1000000000004 ms
156,3652.8 ms
156,3661.3 ms
156,3667.8 ms
156,3682.3 ms
156,3710.1500000000005 ms
156,3731.8 ms
156,3741.9000000000005 ms
156,3744.8499999999995 ms
156,3751.75 ms
156,3754.3999999999996 ms
156,3762.0 ms
156,3786.0 ms
156,3800.7 ms
156,3807.8499999999995 ms
156,3813.75 ms
156,3815.6000000000004 ms
156,3816.2999999999993 ms
156,3818.8999999999996 ms
156,3828.6499999999996 ms
156,3831.5999999999995 ms
156,3850.7 ms
156,3856.2 ms
156,3881.2999999999993 ms
156,3911.8499999999995 ms
156,3920.8499999999995 ms
156,3969.499999999999 ms
156,3973.8499999999995 ms
156,3981.2999999999993 ms
156,3991.7999999999993 ms
156,3995.199999999999 ms
156,3997.75 ms
157,1.4000000000000001 ms
157,29.25 ms
157,39.05 ms
157,57.0 ms
157,61.05 ms
157,65.5 ms
157,74.5 ms
157,77.9 ms
157,84.35 ms
157,102.80000000000001 ms
157,106.20000000000002 ms
157,117.85000000000002 ms
157,120.25000000000003 ms
157,137.30000000000004 ms
157,181.30000000000004 ms
157,187.45000000000007 ms
157,193.75000000000009 ms
157,226.75000000000003 ms
157,229.45000000000002 ms
157,241.65 ms
157,257.1500000000001 ms
157,266.35 ms
157,275.35 ms
157,276.85 ms
157,280.05000000000007 ms
157,291.94999999999993 ms
157,304.25 ms
157,314.79999999999995 ms
157,316.95000000000005 ms
157,317.95000000000005 ms
157,321.25 ms
157,331.04999999999995 ms
157,347.6 ms
157,352.20000000000005 ms
157,357.35 ms
157,363.4 ms
157,372.20000000000005 ms
157,380.30000000000007 ms
157,391.20000000000005 ms
157,403.5 ms
157,405.0 ms
157,439.1500000000001 ms
157,444.25 ms
157,457.05000000000007 ms
157,460.05000000000007 ms
157,460.7500000000001 ms
157,475.15 ms
157,483.7500000000001 ms
157,506.5000000000001 ms
157,524.9 ms
157,527.6500000000002 ms
157,528.6000000000003 ms
157,575.85 ms
157,584.9 ms
157,585.9000000000002 ms
157,597.2500000000001 ms
157,608.2000000000002 ms
157,608.6 ms
157,610.0000000000001 ms
157,618.0000000000001 ms
157,632.9500000000002 ms
157,641.4000000000002 ms
157,664.1500000000002 ms
157,666.8500000000003 ms
157,668.3500000000003 ms
157,676.3500000000003 ms
157,697.7000000000004 ms
157,697.8500000000003 ms
157,711.6500000000002 ms
157,745.4000000000002 ms
157,748.9500000000002 ms
157,749.9000000000002 ms
157,758.3500000000003 ms
157,788.1500000000002 ms
157,789.3000000000001 ms
157,795.2000000000002 ms
157,797.1500000000002 ms
157,827.3000000000001 ms
157,844.9000000000002 ms
157,857.3500000000003 ms
157,871.2500000000001 ms
157,876.5000000000003 ms
157,877.5000000000001 ms
157,903.9000000000002 ms
157,917.5000000000003 ms
157,935.8000000000003 ms
157,946.0000000000003 ms
157,952.0500000000003 ms
157,993.4000000000002 ms
157,1005.3500000000003 ms
157,1022.2000000000004 ms
157,1031.4000000000005 ms
157,1038.1000000000004 ms
157,1053.1500000000005 ms
157,1055.5 ms
157,1066.8500000000004 ms
157,1094.25 ms
157,1096.25 ms
157,1130.6500000000005 ms
157,1133.3000000000002 ms
157,1140.3500000000004 ms
157,1141.6500000000005 ms
157,1146.75 ms
157,1160.25 ms
157,1249.9500000000003 ms
157,1252.8000000000002 ms
157,1262.7000000000003 ms
157,1264.2500000000005 ms
157,1283.9500000000003 ms
157,1284.15 ms
157,1315.7000000000003 ms
157,1319.3500000000004 ms
157,1335.7000000000003 ms
157,1338.4 ms
157,1352.2000000000003 ms
157,1364.2500000000005 ms
157,1389.85 ms
157,1392.5500000000002 ms
157,1395.6000000000004 ms
157,1400.8500000000004 ms
157,1401.5500000000002 ms
157,1423.2000000000003 ms
157,1434.4500000000003 ms
157,1456.4500000000003 ms
157,1505.6000000000004 ms
157,1531.8000000000002 ms
157,1540.3000000000002 ms
157,1542.9000000000005 ms
157,1573.0500000000002 ms
157,1628.6000000000004 ms
157,1632.0500000000002 ms
157,1646.0000000000005 ms
157,1666.7500000000005 ms
157,1690.1000000000004 ms
157,1692.3500000000004 ms
157,1747.5000000000005 ms
157,1769.3500000000004 ms
157,1798.1500000000005 ms
157,1800.6000000000004 ms
157,1801.1500000000005 ms
157,1806.4500000000003 ms
157,1859.4 ms
157,1868.5000000000005 ms
157,1888.0500000000002 ms
157,1906.9 ms
157,1909.25 ms
157,1940.5500000000002 ms
157,1947.8999999999996 ms
157,1948.5500000000002 ms
157,1951.75 ms
157,1970.3000000000002 ms
157,1977.1499999999996 ms
157,1981.85 ms
157,1989.5499999999997 ms
157,1993.15 ms
157,1995.65 ms
157,2028.1999999999998 ms
157,2029.3999999999996 ms
157,2075.8999999999996 ms
157,2081.75 ms
157,2083.25 ms
157,2099.199999999999 ms
157,2103.8999999999996 ms
157,2117.249999999999 ms
157,2120.0999999999995 ms
157,2122.449999999999 ms
157,2157.699999999999 ms
157,2169.499999999999 ms
157,2211.5999999999995 ms
157,2224.5499999999984 ms
157,2229.699999999999 ms
157,2245.249999999999 ms
157,2248.5499999999993 ms
157,2270.199999999999 ms
157,2272.1499999999996 ms
157,2279.8499999999985 ms
157,2281.0999999999985 ms
157,2289.8999999999996 ms
157,2312.3999999999996 ms
157,2313.5999999999985 ms
157,2319.3499999999985 ms
157,2323.7999999999993 ms
157,2332.8499999999985 ms
157,2340.3499999999985 ms
157,2340.5999999999985 ms
157,2346.2999999999993 ms
157,2355.949999999999 ms
157,2358.3499999999985 ms
157,2366.2999999999993 ms
157,2380.3999999999987 ms
157,2382.6499999999987 ms
157,2432.999999999999 ms
157,2452.999999999999 ms
157,2467.699999999998 ms
157,2484.749999999999 ms
157,2490.6499999999987 ms
157,2501.249999999999 ms
157,2503.6499999999987 ms
157,2519.0999999999985 ms
157,2522.5499999999984 ms
157,2528.999999999998 ms
157,2533.0499999999984 ms
157,2539.6499999999987 ms
157,2542.5499999999984 ms
157,2547.3999999999987 ms
157,2558.999999999998 ms
157,2560.5499999999984 ms
157,2586.249999999998 ms
157,2597.999999999998 ms
157,2600.0999999999985 ms
157,2607.5499999999975 ms
157,2612.699999999998 ms
157,2616.199999999998 ms
157,2623.949999999998 ms
157,2627.5999999999976 ms
157,2632.249999999998 ms
157,2658.0499999999984 ms
157,2677.999999999998 ms
157,2694.2999999999984 ms
157,2697.699999999998 ms
157,2698.699999999998 ms
157,2700.8499999999985 ms
157,2701.499999999998 ms
157,2725.949999999999 ms
157,2739.749999999998 ms
157,2740.949999999999 ms
157,2741.449999999999 ms
157,2749.899999999998 ms
157,2759.0499999999984 ms
157,2766.0999999999985 ms
157,2780.699999999999 ms
157,2805.5999999999985 ms
157,2827.5499999999984 ms
157,2853.199999999998 ms
157,2904.5999999999985 ms
157,2915.0999999999985 ms
157,2934.8499999999985 ms
157,2936.999999999998 ms
157,2943.999999999998 ms
157,2970.3999999999987 ms
157,2998.0499999999984 ms
157,3023.749999999999 ms
157,3033.699999999998 ms
157,3082.249999999999 ms
157,3092.249999999999 ms
157,3093.3999999999987 ms
157,3118.0999999999985 ms
157,3120.699999999999 ms
157,3130.2999999999984 ms
157,3131.2999999999984 ms
157,3148.3499999999985 ms
157,3155.699999999999 ms
157,3220.699999999999 ms
157,3222.3499999999985 ms
157,3230.249999999998 ms
157,3232.749999999998 ms
157,3259.8999999999987 ms
157,3277.3999999999987 ms
157,3278.1499999999987 ms
157,3289.699999999999 ms
157,3291.0499999999993 ms
157,3300.2999999999993 ms
157,3306.2999999999993 ms
157,3346.5999999999985 ms
157,3357.7999999999993 ms
157,3381.0499999999993 ms
157,3393.499999999998 ms
157,3405.449999999999 ms
157,3422.5999999999985 ms
157,3425.8499999999985 ms
157,3437.749999999998 ms
157,3438.8499999999985 ms
157,3455.7999999999984 ms
157,3458.0999999999985 ms
157,3465.749999999998 ms
157,3485.499999999998 ms
157,3498.199999999999 ms
157,3501.749999999998 ms
157,3514.8999999999987 ms
157,3517.1499999999987 ms
157,3525.3999999999987 ms
157,3530.8499999999985 ms
157,3536.2999999999984 ms
157,3538.449999999998 ms
157,3539.7999999999984 ms
157,3559.5999999999985 ms
157,3580.699999999999 ms
157,3678.149999999998 ms
157,3691.999999999998 ms
157,3696.149999999998 ms
157,3724.3499999999985 ms
157,3726.499999999998 ms
157,3728.2999999999984 ms
157,3790.199999999998 ms
157,3792.6499999999987 ms
157,3794.7999999999984 ms
157,3797.6499999999987 ms
157,3802.249999999998 ms
157,3810.8499999999985 ms
157,3821.999999999998 ms
157,3823.0499999999984 ms
157,3827.249999999998 ms
157,3828.5499999999984 ms
157,3830.0999999999985 ms
157,3833.8999999999987 ms
157,3834.6499999999987 ms
157,3885.5999999999985 ms
157,3892.699999999999 ms
157,3914.149999999998 ms
157,3914.749999999998 ms
157,3921.749999999998 ms
157,3922.7999999999984 ms
157,3942.0499999999984 ms
157,3942.5999999999985 ms
157,3969.0999999999985 ms
158,0.1 ms
158,13.4 ms
158,38.35 ms
158,43.35 ms
158,49.49999999999999 ms
158,67.29999999999998 ms
158,68.70000000000002 ms
158,69.6 ms
158,77.80000000000001 ms
158,80.55000000000001 ms
158,91.75 ms
158,130.20000000000002 ms
158,132.25000000000003 ms
158,141.75000000000003 ms
158,143.20000000000002 ms
158,144.9 ms
158,158.24999999999997 ms
158,164.15 ms
158,172.49999999999997 ms
158,181.6 ms
158,208.85 ms
158,211.85 ms
158,238.25000000000003 ms
158,244.35 ms
158,245.50000000000003 ms
158,247.05000000000004 ms
158,261.25 ms
158,262.70000000000005 ms
158,270.75 ms
158,274.5 ms
158,299.15 ms
158,308.1 ms
158,308.4999999999999 ms
158,311.6 ms
158,325.9999999999999 ms
158,335.9 ms
158,340.4999999999999 ms
158,346.15 ms
158,360.8499999999999 ms
158,373.8499999999999 ms
158,382.04999999999995 ms
158,388.5999999999999 ms
158,439.0999999999999 ms
158,441.8499999999999 ms
158,453.29999999999995 ms
158,458.14999999999986 ms
158,474.29999999999995 ms
158,492.39999999999986 ms
158,507.5 ms
158,536.9499999999998 ms
158,580.8499999999999 ms
158,588.1499999999999 ms
158,612.3 ms
158,630.3999999999999 ms
158,633.8499999999999 ms
158,639.9499999999998 ms
158,662.9499999999998 ms
158,686.1999999999998 ms
158,692.1999999999998 ms
158,697.1999999999998 ms
158,701.6500000000001 ms
158,701.9000000000001 ms
158,711.4499999999998 ms
158,719.8 ms
158,724.5 ms
158,726.5999999999999 ms
158,743.8000000000002 ms
158,750.1500000000001 ms
158,762.7 ms
158,784.45 ms
158,787.3500000000001 ms
158,824.8 ms
158,842.4000000000001 ms
158,858.4000000000001 ms
158,866.6000000000001 ms
158,868.3500000000001 ms
158,891.8500000000001 ms
158,898.2500000000002 ms
158,933.8500000000001 ms
158,958.5000000000002 ms
158,967.8 ms
158,990.3 ms
158,995.8500000000001 ms
158,998.8500000000001 ms
158,1033.8 ms
158,1034.0000000000002 ms
158,1039.8 ms
158,1047.95 ms
158,1054.6500000000003 ms
158,1084.3999999999999 ms
158,1085.7 ms
158,1107.6500000000003 ms
158,1114.6499999999999 ms
158,1122.05 ms
158,1131.6000000000001 ms
158,1150.1000000000001 ms
158,1160.95 ms
158,1168.05 ms
158,1174.0999999999997 ms
158,1186.3 ms
158,1194.6499999999999 ms
158,1199.3999999999999 ms
158,1200.3999999999999 ms
158,1218.8500000000001 ms
158,1222.6499999999999 ms
158,1224.6000000000001 ms
158,1242.0000000000002 ms
158,1264.3500000000001 ms
158,1275.45 ms
158,1286.6999999999996 ms
158,1293.4999999999998 ms
158,1304.3999999999999 ms
158,1309.8999999999999 ms
158,1328.05 ms
158,1334.8999999999999 ms
158,1336.1999999999996 ms
158,1338.2499999999998 ms
158,1338.3999999999999 ms
158,1339.3500000000001 ms
158,1342.3 ms
158,1382.8 ms
158,1391.8499999999997 ms
158,1402.6499999999999 ms
158,1412.1999999999996 ms
158,1420.5999999999997 ms
158,1443.4999999999998 ms
158,1451.0000000000002 ms
158,1455.1000000000001 ms
158,1456.45 ms
158,1462.6499999999999 ms
158,1473.3 ms
158,1493.5000000000002 ms
158,1496.95 ms
158,1497.6500000000003 ms
158,1517.5000000000002 ms
158,1534.4000000000003 ms
158,1538.6000000000001 ms
158,1539.6000000000001 ms
158,1544.7500000000002 ms
158,1557.9500000000005 ms
158,1564.1000000000006 ms
158,1571.9000000000003 ms
158,1585.2500000000002 ms
158,1599.8500000000001 ms
158,1600.3000000000004 ms
158,1624.3500000000001 ms
158,1659.8500000000001 ms
158,1669.45 ms
158,1704.8500000000001 ms
158,1706.95 ms
158,1707.6500000000003 ms
158,1729.5500000000004 ms
158,1732.4000000000003 ms
158,1735.7500000000002 ms
158,1748.3 ms
158,1758.5999999999997 ms
158,1788.6999999999996 ms
158,1800.9999999999998 ms
158,1804.9999999999998 ms
158,1813.2499999999998 ms
158,1830.95 ms
158,1834.6499999999999 ms
158,1861.55 ms
158,1865.5000000000002 ms
158,1886.7499999999998 ms
158,1900.7 ms
158,1910.6000000000001 ms
158,1913.3500000000001 ms
158,1915.3500000000001 ms
158,1922.1000000000001 ms
158,1933.3999999999999 ms
158,1934.9999999999998 ms
158,1936.3499999999997 ms
158,1940.6499999999999 ms
158,1943.1000000000001 ms
158,1944.3 ms
158,1950.2500000000002 ms
158,1955.2 ms
158,1958.9000000000003 ms
158,1992.95 ms
158,2003.2 ms
158,2004.9000000000003 ms
158,2020.5500000000004 ms
158,2027.6500000000003 ms
158,2029.45 ms
158,2029.8500000000001 ms
158,2032.6000000000001 ms
158,2063.25 ms
158,2129.2 ms
158,2140.6499999999996 ms
158,2147.5499999999993 ms
158,2152.2 ms
158,2158.55 ms
158,2167.0999999999995 ms
158,2186.95 ms
158,2187.5 ms
158,2208.8 ms
158,2219.2 ms
158,2224.250000000001 ms
158,2251.1500000000005 ms
158,2268.8 ms
158,2271.55 ms
158,2295.3500000000013 ms
158,2313.9000000000005 ms
158,2343.6500000000005 ms
158,2344.4000000000005 ms
158,2346.2000000000016 ms
158,2364.4500000000016 ms
158,2372.000000000001 ms
158,2378.3500000000013 ms
158,2386.3500000000013 ms
158,2396.2000000000016 ms
158,2410.4000000000005 ms
158,2425.1500000000005 ms
158,2466.800000000001 ms
158,2478.1500000000015 ms
158,2485.6500000000015 ms
158,2502.1500000000015 ms
158,2514.2000000000007 ms
158,2517.750000000002 ms
158,2547.2000000000007 ms
158,2559.4000000000015 ms
158,2573.050000000001 ms
158,2582.9500000000007 ms
158,2609.4500000000007 ms
158,2630.9500000000007 ms
158,2662.1500000000015 ms
158,2698.3500000000004 ms
158,2703.9000000000015 ms
158,2706.1000000000004 ms
158,2720.6000000000004 ms
158,2724.050000000001 ms
158,2755.300000000001 ms
158,2755.7000000000007 ms
158,2789.800000000001 ms
158,2794.050000000001 ms
158,2798.5 ms
158,2804.1500000000005 ms
158,2812.6500000000005 ms
158,2823.3500000000004 ms
158,2835.6000000000004 ms
158,2839.55 ms
158,2876.55 ms
158,2884.25 ms
158,2884.6000000000004 ms
158,2892.6499999999996 ms
158,2943.7000000000007 ms
158,2961.7000000000007 ms
158,3002.9500000000007 ms
158,3010.1499999999996 ms
158,3023.25 ms
158,3034.0 ms
158,3072.55 ms
158,3077.9000000000005 ms
158,3082.75 ms
158,3086.0 ms
158,3132.25 ms
158,3153.75 ms
158,3184.2 ms
158,3198.0999999999995 ms
158,3214.9000000000005 ms
158,3255.2 ms
158,3292.05 ms
158,3294.5 ms
158,3304.0 ms
158,3307.3 ms
158,3317.8 ms
158,3319.0 ms
158,3324.25 ms
158,3324.5 ms
158,3341.7 ms
158,3392.8999999999996 ms
158,3397.5999999999995 ms
158,3400.249999999999 ms
158,3444.8 ms
158,3456.3 ms
158,3457.7 ms
158,3459.25 ms
158,3463.7 ms
158,3476.5 ms
158,3488.1499999999996 ms
158,3545.8500000000004 ms
158,3546.1000000000004 ms
158,3554.7999999999993 ms
158,3560.6499999999996 ms
158,3588.45 ms
158,3594.0 ms
158,3598.2 ms
158,3601.5 ms
158,3624.8 ms
158,3630.3500000000004 ms
158,3643.05 ms
158,3650.6500000000005 ms
158,3684.45 ms
158,3691.45 ms
158,3695.95 ms
158,3708.6000000000004 ms
158,3729.55 ms
158,3741.1000000000004 ms
158,3742.8 ms
158,3743.0 ms
158,3768.45 ms
158,3795.0999999999995 ms
158,3798.1500000000005 ms
158,3807.5 ms
158,3818.3500000000004 ms
158,3852.3999999999996 ms
158,3854.7000000000007 ms
158,3860.25 ms
158,3875.3500000000004 ms
158,3888.55 ms
158,3900.2 ms
158,3938.55 ms
158,3944.8 ms
158,3971.25 ms
159,1.2000000000000002 ms
159,24.35 ms
159,40.4 ms
159,41.949999999999996 ms
159,64.55000000000001 ms
159,68.20000000000002 ms
159,73.10000000000002 ms
159,73.90000000000003 ms
159,79.15000000000003 ms
159,81.90000000000003 ms
159,92.20000000000002 ms
159,113.65 ms
159,123.30000000000004 ms
159,131.70000000000002 ms
159,137.35000000000005 ms
159,148.15000000000006 ms
159,157.70000000000007 ms
159,163.65000000000006 ms
159,175.10000000000005 ms
159,175.95000000000002 ms
159,191.75000000000003 ms
159,193.00000000000003 ms
159,197.30000000000004 ms
159,201.85000000000005 ms
159,206.95000000000002 ms
159,209.50000000000003 ms
159,214.45000000000002 ms
159,248.55000000000004 ms
159,255.75000000000003 ms
159,261.0 ms
159,262.15 ms
159,281.44999999999993 ms
159,325.55000000000007 ms
159,340.55000000000007 ms
159,341.30000000000007 ms
159,352.19999999999993 ms
159,356.44999999999993 ms
159,381.6 ms
159,388.7499999999999 ms
159,390.9999999999999 ms
159,399.4 ms
159,410.65 ms
159,424.7499999999999 ms
159,431.29999999999995 ms
159,451.79999999999995 ms
159,456.44999999999993 ms
159,503.8499999999999 ms
159,509.19999999999993 ms
159,521.1999999999999 ms
159,527.4999999999999 ms
159,533.4999999999999 ms
159,541.6 ms
159,548.4 ms
159,551.0499999999998 ms
159,570.65 ms
159,596.9999999999999 ms
159,599.6 ms
159,636.9499999999999 ms
159,645.0999999999998 ms
159,650.35 ms
159,650.4999999999999 ms
159,657.7499999999999 ms
159,667.7999999999998 ms
159,670.4999999999999 ms
159,680.6499999999997 ms
159,693.0499999999998 ms
159,704.0499999999998 ms
159,708.9499999999997 ms
159,714.9999999999997 ms
159,718.7499999999999 ms
159,721.8999999999997 ms
159,729.3499999999998 ms
159,739.1999999999999 ms
159,740.4999999999999 ms
159,742.3499999999998 ms
159,748.4499999999999 ms
159,762.6999999999997 ms
159,763.9999999999997 ms
159,777.6499999999997 ms
159,780.8499999999998 ms
159,782.7499999999997 ms
159,793.2999999999996 ms
159,798.6499999999997 ms
159,803.0999999999998 ms
159,810.4499999999999 ms
159,811.0999999999998 ms
159,820.3499999999998 ms
159,847.8999999999997 ms
159,855.8499999999998 ms
159,860.7999999999998 ms
159,876.2499999999999 ms
159,884.1 ms
159,893.0500000000001 ms
159,902.9499999999999 ms
159,925.4999999999999 ms
159,947.6 ms
159,949.2499999999999 ms
159,970.2999999999998 ms
159,972.9 ms
159,973.9499999999999 ms
159,983.0499999999998 ms
159,989.3499999999998 ms
159,1004.1499999999997 ms
159,1007.0999999999998 ms
159,1009.3499999999998 ms
159,1021.0499999999998 ms
159,1021.7499999999999 ms
159,1022.0499999999998 ms
159,1038.0499999999997 ms
159,1050.5499999999997 ms
159,1085.7999999999997 ms
159,1091.9999999999995 ms
159,1108.0499999999997 ms
159,1117.1 ms
159,1117.6999999999994 ms
159,1151.0499999999997 ms
159,1157.2499999999995 ms
159,1237.6999999999994 ms
159,1253.1999999999994 ms
159,1261.0499999999997 ms
159,1269.7499999999995 ms
159,1270.9499999999994 ms
159,1271.2999999999997 ms
159,1271.7499999999995 ms
159,1280.4999999999995 ms
159,1286.6999999999994 ms
159,1298.2499999999995 ms
159,1299.6499999999996 ms
159,1309.2499999999995 ms
159,1314.7499999999995 ms
159,1339.2499999999995 ms
159,1347.3499999999995 ms
159,1350.5999999999995 ms
159,1413.9499999999994 ms
159,1421.5999999999995 ms
159,1424.9499999999994 ms
159,1430.6999999999994 ms
159,1430.9499999999994 ms
159,1443.6499999999992 ms
159,1446.2999999999997 ms
159,1447.5499999999997 ms
159,1452.2499999999995 ms
159,1453.4499999999994 ms
159,1464.6999999999994 ms
159,1497.6499999999996 ms
159,1510.6999999999998 ms
159,1529.9999999999995 ms
159,1562.2999999999997 ms
159,1581.9499999999994 ms
159,1597.6 ms
159,1606.4499999999994 ms
159,1623.6999999999994 ms
159,1631.35 ms
159,1683.7499999999995 ms
159,1707.15 ms
159,1711.1 ms
159,1739.5 ms
159,1739.75 ms
159,1744.0500000000002 ms
159,1760.1 ms
159,1768.9499999999998 ms
159,1791.7999999999997 ms
159,1792.7499999999995 ms
159,1805.7999999999997 ms
159,1809.1999999999998 ms
159,1814.5499999999997 ms
159,1814.9999999999995 ms
159,1826.5499999999997 ms
159,1828.6499999999996 ms
159,1838.8499999999995 ms
159,1844.3999999999996 ms
159,1908.9499999999998 ms
159,1917.4499999999998 ms
159,1922.6999999999998 ms
159,1939.4499999999998 ms
159,1955.6999999999998 ms
159,1975.9499999999998 ms
159,1977.4999999999995 ms
159,1979.9999999999995 ms
159,1983.2499999999995 ms
159,1999.0999999999995 ms
159,2002.0999999999995 ms
159,2018.8499999999995 ms
159,2028.4999999999995 ms
159,2038.6499999999996 ms
159,2048.0999999999995 ms
159,2059.999999999999 ms
159,2073.499999999999 ms
159,2083.45 ms
159,2089.6499999999987 ms
159,2126.8999999999987 ms
159,2142.1499999999987 ms
159,2151.499999999999 ms
159,2160.449999999999 ms
159,2199.8499999999985 ms
159,2221.5499999999993 ms
159,2241.949999999999 ms
159,2244.749999999999 ms
159,2261.749999999999 ms
159,2281.7999999999993 ms
159,2282.6499999999996 ms
159,2282.949999999999 ms
159,2294.7999999999993 ms
159,2348.8499999999995 ms
159,2360.45 ms
159,2380.6499999999987 ms
159,2385.5499999999993 ms
159,2387.5999999999995 ms
159,2398.5499999999993 ms
159,2402.199999999999 ms
159,2413.3999999999996 ms
159,2413.8499999999985 ms
159,2426.449999999999 ms
159,2437.8499999999985 ms
159,2444.6499999999996 ms
159,2450.6499999999996 ms
159,2450.8499999999985 ms
159,2451.2999999999993 ms
159,2460.2999999999993 ms
159,2464.0999999999985 ms
159,2500.5499999999993 ms
159,2500.699999999999 ms
159,2503.2999999999993 ms
159,2537.499999999998 ms
159,2542.3499999999985 ms
159,2546.949999999999 ms
159,2552.899999999998 ms
159,2556.699999999999 ms
159,2569.149999999998 ms
159,2570.2999999999984 ms
159,2584.8999999999987 ms
159,2610.6499999999987 ms
159,2614.3999999999987 ms
159,2648.199999999998 ms
159,2660.3999999999987 ms
159,2681.5999999999976 ms
159,2689.949999999998 ms
159,2693.949999999998 ms
159,2705.499999999998 ms
159,2714.999999999998 ms
159,2715.649999999998 ms
159,2718.249999999998 ms
159,2741.249999999998 ms
159,2742.0499999999984 ms
159,2745.6499999999987 ms
159,2748.5499999999984 ms
159,2762.449999999998 ms
159,2812.3999999999987 ms
159,2821.0499999999984 ms
159,2840.5499999999984 ms
159,2840.999999999998 ms
159,2846.8499999999985 ms
159,2864.7999999999975 ms
159,2895.199999999998 ms
159,2903.0999999999976 ms
159,2929.3499999999976 ms
159,2934.5499999999984 ms
159,2957.4999999999973 ms
159,2958.0499999999984 ms
159,2970.949999999998 ms
159,2983.7999999999984 ms
159,2999.449999999998 ms
159,3008.649999999998 ms
159,3014.749999999998 ms
159,3034.899999999998 ms
159,3054.3499999999976 ms
159,3054.449999999998 ms
159,3055.8499999999976 ms
159,3059.0499999999975 ms
159,3062.8499999999976 ms
159,3081.9999999999973 ms
159,3083.5499999999984 ms
159,3110.8499999999976 ms
159,3116.0999999999976 ms
159,3120.949999999998 ms
159,3128.699999999998 ms
159,3133.5499999999984 ms
159,3162.8499999999976 ms
159,3168.8999999999987 ms
159,3173.8499999999976 ms
159,3175.5999999999976 ms
159,3177.699999999998 ms
159,3179.0999999999976 ms
159,3203.199999999998 ms
159,3228.649999999998 ms
159,3245.699999999998 ms
159,3254.449999999998 ms
159,3260.749999999998 ms
159,3281.899999999998 ms
159,3284.249999999998 ms
159,3290.0999999999985 ms
159,3304.5499999999975 ms
159,3339.649999999998 ms
159,3341.149999999998 ms
159,3355.999999999998 ms
159,3358.899999999998 ms
159,3388.899999999998 ms
159,3391.5999999999976 ms
159,3394.0499999999975 ms
159,3399.5499999999975 ms
159,3401.2499999999973 ms
159,3410.4999999999973 ms
159,3412.149999999997 ms
159,3419.0999999999976 ms
159,3438.7999999999965 ms
159,3447.8499999999976 ms
159,3482.949999999997 ms
159,3499.9999999999973 ms
159,3501.949999999997 ms
159,3528.2999999999975 ms
159,3544.7999999999975 ms
159,3575.7499999999964 ms
159,3580.0499999999975 ms
159,3582.449999999997 ms
159,3606.199999999997 ms
159,3608.3499999999967 ms
159,3616.8499999999967 ms
159,3631.7499999999973 ms
159,3641.949999999997 ms
159,3659.4999999999973 ms
159,3660.199999999997 ms
159,3676.149999999997 ms
159,3691.2999999999965 ms
159,3739.149999999997 ms
159,3752.199999999997 ms
159,3753.2499999999973 ms
159,3756.9999999999973 ms
159,3763.899999999997 ms
159,3764.0999999999976 ms
159,3766.649999999997 ms
159,3791.0499999999975 ms
159,3801.5999999999976 ms
159,3821.2499999999973 ms
159,3821.949999999998 ms
159,3825.449999999998 ms
159,3828.2999999999975 ms
159,3836.7999999999975 ms
159,3840.649999999998 ms
159,3859.899999999998 ms
159,3861.9999999999973 ms
159,3877.699999999997 ms
159,3906.9999999999973 ms
159,3907.5999999999976 ms
159,3919.699999999997 ms
159,3924.0499999999975 ms
159,3935.149999999997 ms
159,3967.2999999999965 ms
159,3967.5499999999965 ms
159,3999.449999999997 ms
160,4.9 ms
160,9.55 ms
160,11.3 ms
160,22.3 ms
160,35.5 ms
160,36.099999999999994 ms
160,49.650000000000006 ms
160,72.10000000000001 ms
160,104.55000000000003 ms
160,104.65000000000002 ms
160,106.50000000000001 ms
160,109.7 ms
160,122.65000000000002 ms
160,123.64999999999999 ms
160,139.25 ms
160,161.64999999999998 ms
160,169.55 ms
160,185.60000000000002 ms
160,193.0 ms
160,197.55000000000007 ms
160,215.25 ms
160,224.25 ms
160,241.5 ms
160,288.75 ms
160,291.75 ms
160,296.79999999999995 ms
160,305.25 ms
160,314.85 ms
160,317.55000000000007 ms
160,327.69999999999993 ms
160,349.15 ms
160,363.4 ms
160,366.25 ms
160,387.45000000000005 ms
160,428.65 ms
160,438.1 ms
160,440.2499999999999 ms
160,449.9999999999999 ms
160,459.65 ms
160,465.9999999999999 ms
160,472.4999999999999 ms
160,517.05 ms
160,517.45 ms
160,525.95 ms
160,534.2 ms
160,540.7499999999998 ms
160,544.4999999999998 ms
160,548.8 ms
160,570.1999999999998 ms
160,589.3999999999999 ms
160,590.3999999999999 ms
160,603.1999999999998 ms
160,607.3499999999999 ms
160,614.3999999999996 ms
160,640.3999999999996 ms
160,640.6999999999998 ms
160,654.6999999999998 ms
160,659.9499999999998 ms
160,666.9999999999995 ms
160,691.1499999999996 ms
160,712.7999999999997 ms
160,721.2999999999997 ms
160,755.7499999999995 ms
160,761.2999999999997 ms
160,767.1499999999996 ms
160,781.9999999999995 ms
160,785.9499999999998 ms
160,789.6499999999996 ms
160,796.3499999999999 ms
160,796.9499999999998 ms
160,801.6499999999999 ms
160,805.7499999999998 ms
160,815.7499999999998 ms
160,816.3999999999999 ms
160,835.0999999999999 ms
160,855.3999999999999 ms
160,858.8 ms
160,905.4499999999998 ms
160,913.0999999999999 ms
160,930.7499999999998 ms
160,974.5999999999997 ms
160,988.1499999999999 ms
160,990.3999999999999 ms
160,1010.5999999999997 ms
160,1017.9499999999998 ms
160,1022.9499999999998 ms
160,1026.1 ms
160,1043.85 ms
160,1070.25 ms
160,1081.4499999999998 ms
160,1100.9499999999998 ms
160,1122.5500000000002 ms
160,1127.6 ms
160,1131.35 ms
160,1142.35 ms
160,1148.0499999999997 ms
160,1150.4500000000003 ms
160,1167.25 ms
160,1170.6 ms
160,1182.7999999999997 ms
160,1193.65 ms
160,1196.7499999999995 ms
160,1198.1999999999998 ms
160,1242.35 ms
160,1244.4499999999998 ms
160,1253.85 ms
160,1255.5 ms
160,1256.4499999999998 ms
160,1270.3500000000004 ms
160,1271.8500000000004 ms
160,1302.3500000000004 ms
160,1304.5500000000002 ms
160,1323.8500000000004 ms
160,1324.4 ms
160,1325.85 ms
160,1345.7000000000003 ms
160,1349.15 ms
160,1358.0 ms
160,1375.35 ms
160,1391.1999999999998 ms
160,1402.1999999999998 ms
160,1408.7999999999997 ms
160,1417.5499999999997 ms
160,1419.1 ms
160,1428.1 ms
160,1430.3999999999996 ms
160,1431.0499999999997 ms
160,1444.9999999999995 ms
160,1449.9499999999998 ms
160,1451.6999999999998 ms
160,1456.7999999999997 ms
160,1473.4999999999995 ms
160,1482.1 ms
160,1493.1999999999994 ms
160,1503.3999999999996 ms
160,1517.2999999999997 ms
160,1519.1499999999996 ms
160,1548.4999999999995 ms
160,1548.6999999999994 ms
160,1565.1499999999996 ms
160,1569.8499999999995 ms
160,1585.5999999999995 ms
160,1591.4499999999998 ms
160,1591.7499999999995 ms
160,1598.7499999999995 ms
160,1604.1499999999996 ms
160,1612.7999999999997 ms
160,1616.85 ms
160,1624.8999999999996 ms
160,1632.6499999999996 ms
160,1640.0499999999997 ms
160,1662.3999999999996 ms
160,1672.1499999999996 ms
160,1686.5499999999997 ms
160,1704.2499999999995 ms
160,1711.4499999999998 ms
160,1760.3999999999996 ms
160,1777.1499999999996 ms
160,1783.6999999999998 ms
160,1789.5499999999997 ms
160,1802.1999999999998 ms
160,1826.5 ms
160,1845.5499999999997 ms
160,1862.7999999999997 ms
160,1863.2499999999995 ms
160,1901.6 ms
160,1921.6499999999996 ms
160,1935.3999999999996 ms
160,1936.1499999999996 ms
160,1963.6999999999998 ms
160,1967.4999999999995 ms
160,1968.7999999999997 ms
160,1981.7999999999997 ms
160,2006.4999999999995 ms
160,2010.8999999999996 ms
160,2015.2499999999995 ms
160,2024.6999999999994 ms
160,2047.35 ms
160,2051.2999999999997 ms
160,2061.5499999999997 ms
160,2070.35 ms
160,2080.0000000000005 ms
160,2093.6 ms
160,2096.7999999999997 ms
160,2110.1 ms
160,2116.85 ms
160,2143.7500000000005 ms
160,2149.65 ms
160,2151.6 ms
160,2155.7999999999997 ms
160,2164.149999999999 ms
160,2185.599999999999 ms
160,2223.9499999999994 ms
160,2226.2499999999995 ms
160,2233.349999999999 ms
160,2241.2499999999995 ms
160,2245.4499999999994 ms
160,2259.1999999999994 ms
160,2259.549999999999 ms
160,2280.649999999999 ms
160,2309.7499999999986 ms
160,2310.4999999999995 ms
160,2312.1999999999994 ms
160,2327.149999999999 ms
160,2329.1999999999994 ms
160,2340.599999999999 ms
160,2353.4999999999995 ms
160,2362.7499999999986 ms
160,2364.2499999999995 ms
160,2377.649999999999 ms
160,2380.4499999999994 ms
160,2382.35 ms
160,2387.5499999999997 ms
160,2387.9999999999995 ms
160,2391.0499999999997 ms
160,2391.649999999999 ms
160,2405.649999999999 ms
160,2419.7499999999986 ms
160,2457.899999999999 ms
160,2468.2499999999986 ms
160,2482.4499999999985 ms
160,2492.799999999999 ms
160,2499.6999999999994 ms
160,2514.149999999999 ms
160,2517.6499999999983 ms
160,2536.6999999999985 ms
160,2543.549999999999 ms
160,2570.049999999999 ms
160,2572.3999999999983 ms
160,2580.2499999999986 ms
160,2591.7499999999986 ms
160,2625.9499999999985 ms
160,2633.549999999998 ms
160,2638.1999999999985 ms
160,2649.3999999999983 ms
160,2670.1999999999985 ms
160,2676.549999999998 ms
160,2692.7499999999977 ms
160,2705.299999999998 ms
160,2730.6499999999983 ms
160,2735.299999999999 ms
160,2737.3999999999983 ms
160,2747.9499999999985 ms
160,2754.4499999999985 ms
160,2763.4999999999986 ms
160,2769.6999999999985 ms
160,2773.3999999999983 ms
160,2782.599999999998 ms
160,2797.1999999999975 ms
160,2807.049999999998 ms
160,2812.349999999998 ms
160,2822.6999999999975 ms
160,2825.099999999998 ms
160,2825.2499999999986 ms
160,2841.549999999999 ms
160,2845.9999999999986 ms
160,2846.6999999999985 ms
160,2846.799999999998 ms
160,2852.9499999999985 ms
160,2855.599999999998 ms
160,2894.049999999998 ms
160,2894.599999999998 ms
160,2900.599999999998 ms
160,2904.1499999999983 ms
160,2905.6499999999983 ms
160,2939.049999999999 ms
160,2949.9499999999985 ms
160,2950.599999999999 ms
160,2966.2499999999986 ms
160,2976.349999999998 ms
160,2990.8999999999983 ms
160,3010.6999999999985 ms
160,3025.049999999999 ms
160,3032.599999999999 ms
160,3041.9499999999985 ms
160,3073.4499999999994 ms
160,3082.6999999999985 ms
160,3095.799999999999 ms
160,3102.099999999999 ms
160,3113.6999999999985 ms
160,3118.4499999999994 ms
160,3138.649999999999 ms
160,3140.849999999999 ms
160,3160.1999999999985 ms
160,3205.3999999999983 ms
160,3208.4499999999985 ms
160,3211.4999999999986 ms
160,3214.099999999998 ms
160,3239.299999999998 ms
160,3257.2499999999977 ms
160,3267.4999999999986 ms
160,3275.1499999999983 ms
160,3281.1999999999985 ms
160,3281.299999999998 ms
160,3285.7499999999977 ms
160,3286.9999999999986 ms
160,3303.7499999999977 ms
160,3307.099999999998 ms
160,3318.4499999999975 ms
160,3327.1999999999985 ms
160,3337.1999999999975 ms
160,3364.9499999999985 ms
160,3378.7499999999986 ms
160,3389.4499999999985 ms
160,3389.549999999998 ms
160,3393.799999999998 ms
160,3395.549999999998 ms
160,3426.9999999999977 ms
160,3454.8999999999983 ms
160,3459.4999999999977 ms
160,3461.349999999997 ms
160,3462.049999999997 ms
160,3468.4499999999975 ms
160,3475.1499999999974 ms
160,3477.299999999998 ms
160,3480.9999999999977 ms
160,3498.8999999999974 ms
160,3513.849999999997 ms
160,3523.549999999997 ms
160,3527.6499999999965 ms
160,3527.9499999999966 ms
160,3547.4499999999975 ms
160,3548.4499999999966 ms
160,3556.6499999999965 ms
160,3557.799999999997 ms
160,3583.099999999997 ms
160,3585.1499999999974 ms
160,3593.799999999998 ms
160,3594.9499999999975 ms
160,3596.8999999999974 ms
160,3617.249999999997 ms
160,3654.549999999997 ms
160,3670.4499999999975 ms
160,3698.8999999999974 ms
160,3701.049999999998 ms
160,3708.1499999999974 ms
160,3713.3999999999974 ms
160,3739.799999999998 ms
160,3754.6999999999975 ms
160,3759.1499999999974 ms
160,3775.849999999997 ms
160,3794.549999999997 ms
160,3796.8999999999965 ms
160,3802.8999999999974 ms
160,3808.8999999999965 ms
160,3819.299999999997 ms
160,3820.999999999997 ms
160,3830.9499999999966 ms
160,3837.999999999997 ms
160,3905.049999999997 ms
160,3909.599999999997 ms
160,3926.9499999999966 ms
160,3935.549999999997 ms
160,3950.6999999999975 ms
160,3965.799999999997 ms
160,3971.799999999997 ms
160,3978.249999999997 ms
160,3984.9499999999966 ms
160,3992.3999999999965 ms
161,9.65 ms
161,15.450000000000001 ms
161,21.5 ms
161,26.799999999999997 ms
161,33.45 ms
161,34.55 ms
161,36.7 ms
161,57.85000000000001 ms
161,67.80000000000001 ms
161,103.35000000000002 ms
161,105.20000000000002 ms
161,116.95000000000002 ms
161,118.10000000000002 ms
161,122.25000000000003 ms
161,123.35000000000002 ms
161,174.10000000000002 ms
161,180.0 ms
161,222.75 ms
161,232.30000000000007 ms
161,259.75000000000006 ms
161,260.90000000000003 ms
161,285.25000000000006 ms
161,306.45 ms
161,309.55 ms
161,309.65000000000003 ms
161,315.3 ms
161,344.3000000000001 ms
161,347.4500000000001 ms
161,356.8000000000001 ms
161,363.8500000000001 ms
161,375.25000000000006 ms
161,376.3500000000001 ms
161,383.00000000000006 ms
161,386.95 ms
161,412.50000000000006 ms
161,415.0500000000001 ms
161,431.40000000000015 ms
161,441.2000000000001 ms
161,446.3500000000001 ms
161,446.4500000000001 ms
161,452.15000000000003 ms
161,473.25000000000006 ms
161,492.4500000000001 ms
161,493.15000000000003 ms
161,538.1000000000001 ms
161,549.8500000000001 ms
161,579.7 ms
161,589.6000000000001 ms
161,593.4000000000001 ms
161,624.0500000000002 ms
161,640.8000000000002 ms
161,643.45 ms
161,644.8 ms
161,649.7 ms
161,657.45 ms
161,661.4000000000001 ms
161,682.95 ms
161,696.8500000000001 ms
161,700.6499999999999 ms
161,718.1000000000001 ms
161,721.8 ms
161,733.2 ms
161,745.5 ms
161,749.7 ms
161,771.6500000000001 ms
161,792.95 ms
161,801.7 ms
161,809.95 ms
161,827.7 ms
161,837.4000000000001 ms
161,861.5 ms
161,873.9000000000001 ms
161,875.5 ms
161,882.4000000000001 ms
161,912.4000000000001 ms
161,921.3500000000001 ms
161,922.6000000000001 ms
161,954.45 ms
161,1008.1500000000003 ms
161,1019.1000000000001 ms
161,1027.2000000000003 ms
161,1036.3500000000004 ms
161,1042.3000000000002 ms
161,1044.4000000000005 ms
161,1048.9000000000005 ms
161,1057.4500000000003 ms
161,1060.3500000000004 ms
161,1068.4000000000005 ms
161,1086.5500000000002 ms
161,1112.7500000000005 ms
161,1113.6000000000004 ms
161,1121.9000000000005 ms
161,1128.8500000000004 ms
161,1130.2000000000003 ms
161,1141.9500000000003 ms
161,1153.6000000000004 ms
161,1155.7500000000005 ms
161,1169.9000000000005 ms
161,1187.0000000000005 ms
161,1198.7500000000005 ms
161,1200.1000000000004 ms
161,1209.0500000000002 ms
161,1213.0000000000005 ms
161,1220.1500000000005 ms
161,1235.7000000000007 ms
161,1240.3000000000002 ms
161,1243.5000000000005 ms
161,1245.2500000000005 ms
161,1254.1000000000004 ms
161,1275.2500000000005 ms
161,1277.5000000000005 ms
161,1286.5500000000006 ms
161,1302.9 ms
161,1304.9500000000003 ms
161,1309.9500000000003 ms
161,1310.7000000000003 ms
161,1311.4500000000003 ms
161,1312.65 ms
161,1316.3000000000006 ms
161,1322.9 ms
161,1347.5000000000005 ms
161,1362.1 ms
161,1363.8000000000002 ms
161,1365.25 ms
161,1366.9000000000005 ms
161,1378.0500000000002 ms
161,1389.1000000000004 ms
161,1406.6500000000005 ms
161,1409.2000000000003 ms
161,1419.3500000000004 ms
161,1419.8000000000002 ms
161,1420.0000000000005 ms
161,1420.2500000000005 ms
161,1428.1000000000004 ms
161,1448.7000000000003 ms
161,1462.7000000000003 ms
161,1463.65 ms
161,1466.7000000000003 ms
161,1498.65 ms
161,1520.0000000000005 ms
161,1550.8000000000002 ms
161,1556.7000000000003 ms
161,1562.5000000000005 ms
161,1568.0500000000002 ms
161,1579.4 ms
161,1619.15 ms
161,1645.6 ms
161,1652.85 ms
161,1668.8000000000002 ms
161,1700.5 ms
161,1708.75 ms
161,1714.3000000000002 ms
161,1715.2000000000003 ms
161,1718.9 ms
161,1719.0000000000005 ms
161,1731.7000000000003 ms
161,1733.65 ms
161,1753.15 ms
161,1762.6000000000004 ms
161,1773.8000000000002 ms
161,1789.5000000000005 ms
161,1824.4000000000005 ms
161,1843.0000000000005 ms
161,1851.0500000000006 ms
161,1852.8000000000006 ms
161,1852.9 ms
161,1860.2000000000003 ms
161,1866.7500000000005 ms
161,1879.2000000000003 ms
161,1918.4 ms
161,1947.9500000000003 ms
161,1955.3500000000004 ms
161,1963.6000000000004 ms
161,1978.8500000000004 ms
161,1985.0500000000002 ms
161,1993.8000000000002 ms
161,1995.1000000000004 ms
161,2006.3500000000004 ms
161,2020.7500000000005 ms
161,2038.5500000000006 ms
161,2054.7500000000005 ms
161,2058.900000000001 ms
161,2069.2500000000005 ms
161,2095.3000000000006 ms
161,2100.5500000000006 ms
161,2101.100000000001 ms
161,2110.150000000001 ms
161,2145.8000000000015 ms
161,2146.5500000000006 ms
161,2148.5000000000005 ms
161,2155.3000000000006 ms
161,2179.0000000000005 ms
161,2190.4500000000003 ms
161,2190.9 ms
161,2219.2500000000005 ms
161,2229.1 ms
161,2251.9 ms
161,2281.9500000000003 ms
161,2287.950000000001 ms
161,2294.850000000001 ms
161,2361.150000000001 ms
161,2385.8000000000015 ms
161,2401.950000000001 ms
161,2406.0500000000006 ms
161,2412.5500000000015 ms
161,2413.1000000000017 ms
161,2447.700000000001 ms
161,2463.150000000001 ms
161,2474.5000000000005 ms
161,2488.0500000000006 ms
161,2493.0000000000005 ms
161,2499.9500000000003 ms
161,2500.3000000000006 ms
161,2504.450000000001 ms
161,2532.5000000000014 ms
161,2579.650000000001 ms
161,2585.650000000001 ms
161,2586.3000000000015 ms
161,2587.3000000000006 ms
161,2597.2500000000005 ms
161,2603.2500000000014 ms
161,2605.8000000000015 ms
161,2607.8000000000006 ms
161,2658.0500000000015 ms
161,2680.450000000001 ms
161,2683.150000000001 ms
161,2693.150000000001 ms
161,2698.8000000000015 ms
161,2736.150000000001 ms
161,2749.0000000000005 ms
161,2750.8000000000006 ms
161,2764.5000000000005 ms
161,2777.8000000000006 ms
161,2811.600000000001 ms
161,2838.1000000000017 ms
161,2847.2500000000014 ms
161,2867.7500000000014 ms
161,2868.450000000001 ms
161,2873.8000000000006 ms
161,2878.7500000000005 ms
161,2889.400000000001 ms
161,2911.650000000001 ms
161,2913.100000000001 ms
161,2925.2500000000014 ms
161,2933.2500000000005 ms
161,2962.3000000000006 ms
161,2970.350000000001 ms
161,2972.950000000001 ms
161,2989.400000000001 ms
161,3018.650000000001 ms
161,3021.0000000000005 ms
161,3035.3000000000006 ms
161,3054.3000000000015 ms
161,3074.700000000001 ms
161,3078.0500000000006 ms
161,3079.100000000001 ms
161,3087.200000000001 ms
161,3130.0500000000006 ms
161,3133.850000000001 ms
161,3148.0000000000014 ms
161,3153.7500000000014 ms
161,3154.0000000000014 ms
161,3172.5000000000014 ms
161,3174.350000000001 ms
161,3205.2500000000014 ms
161,3208.2500000000014 ms
161,3214.150000000002 ms
161,3217.700000000002 ms
161,3241.950000000001 ms
161,3245.5000000000014 ms
161,3258.450000000001 ms
161,3263.900000000001 ms
161,3308.600000000001 ms
161,3314.900000000001 ms
161,3331.900000000002 ms
161,3406.7500000000014 ms
161,3467.150000000002 ms
161,3495.0500000000015 ms
161,3529.1000000000017 ms
161,3529.2500000000023 ms
161,3530.450000000002 ms
161,3536.200000000001 ms
161,3563.7500000000014 ms
161,3569.0500000000015 ms
161,3569.3500000000017 ms
161,3572.5500000000015 ms
161,3577.450000000002 ms
161,3582.1000000000026 ms
161,3617.8500000000017 ms
161,3642.650000000002 ms
161,3649.700000000002 ms
161,3660.450000000003 ms
161,3675.750000000003 ms
161,3688.1000000000026 ms
161,3698.500000000003 ms
161,3723.150000000003 ms
161,3746.700000000003 ms
161,3753.3500000000035 ms
161,3758.1500000000037 ms
161,3773.0500000000034 ms
161,3773.900000000003 ms
161,3780.3500000000026 ms
161,3787.750000000003 ms
161,3789.4000000000037 ms
161,3848.200000000004 ms
161,3850.5500000000034 ms
161,3859.200000000004 ms
161,3886.6500000000037 ms
161,3901.3500000000035 ms
161,3904.4000000000037 ms
161,3922.000000000003 ms
161,3923.500000000003 ms
161,3935.8500000000026 ms
161,3957.500000000003 ms
161,3957.950000000003 ms
161,3964.6000000000035 ms
161,3971.6000000000026 ms
161,3982.0500000000025 ms
162,6.6000000000000005 ms
162,40.7 ms
162,71.85000000000001 ms
162,83.85000000000001 ms
162,95.14999999999999 ms
162,118.35000000000001 ms
162,126.95 ms
162,138.90000000000003 ms
162,142.09999999999997 ms
162,153.75 ms
162,156.10000000000002 ms
162,163.64999999999998 ms
162,179.95000000000005 ms
162,183.10000000000002 ms
162,183.35000000000002 ms
162,183.75 ms
162,190.55000000000007 ms
162,191.15000000000003 ms
162,216.85000000000002 ms
162,225.55 ms
162,238.7 ms
162,245.75000000000006 ms
162,250.85000000000002 ms
162,267.65 ms
162,276.85 ms
162,295.05000000000007 ms
162,299.15 ms
162,303.1 ms
162,307.25 ms
162,315.20000000000005 ms
162,316.8499999999999 ms
162,320.8499999999999 ms
162,332.79999999999995 ms
162,340.5 ms
162,356.44999999999993 ms
162,356.65 ms
162,365.3499999999999 ms
162,378.14999999999986 ms
162,408.0 ms
162,411.0999999999999 ms
162,420.0999999999999 ms
162,423.79999999999995 ms
162,424.0 ms
162,431.14999999999986 ms
162,441.54999999999995 ms
162,441.7499999999999 ms
162,442.04999999999984 ms
162,449.19999999999993 ms
162,474.5999999999998 ms
162,479.14999999999986 ms
162,493.0999999999999 ms
162,499.54999999999984 ms
162,555.5499999999998 ms
162,579.3499999999998 ms
162,589.1499999999997 ms
162,590.0999999999998 ms
162,595.4999999999997 ms
162,610.7999999999996 ms
162,627.0999999999996 ms
162,649.6499999999995 ms
162,662.0999999999996 ms
162,663.0499999999996 ms
162,666.8499999999996 ms
162,668.0499999999996 ms
162,674.1999999999997 ms
162,691.5499999999998 ms
162,693.5999999999998 ms
162,694.5499999999998 ms
162,696.5999999999998 ms
162,738.9999999999997 ms
162,739.6999999999997 ms
162,745.2999999999998 ms
162,746.2499999999999 ms
162,772.6499999999997 ms
162,787.4999999999999 ms
162,795.1999999999999 ms
162,798.5499999999998 ms
162,799.4499999999997 ms
162,809.7999999999998 ms
162,829.15 ms
162,838.1 ms
162,858.65 ms
162,860.3999999999997 ms
162,870.3499999999998 ms
162,891.9999999999999 ms
162,893.7499999999999 ms
162,915.2499999999999 ms
162,916.35 ms
162,934.5500000000001 ms
162,935.1999999999999 ms
162,944.8499999999998 ms
162,960.8999999999997 ms
162,973.9 ms
162,985.6499999999997 ms
162,1009.6999999999997 ms
162,1009.8499999999998 ms
162,1017.4999999999997 ms
162,1026.6 ms
162,1044.3999999999996 ms
162,1061.8499999999995 ms
162,1096.9499999999998 ms
162,1143.8999999999996 ms
162,1154.2999999999997 ms
162,1168.6499999999996 ms
162,1177.5999999999995 ms
162,1186.8999999999996 ms
162,1225.4499999999998 ms
162,1237.9999999999995 ms
162,1240.7999999999997 ms
162,1267.0999999999995 ms
162,1283.7999999999993 ms
162,1334.5999999999995 ms
162,1366.8999999999996 ms
162,1384.749999999999 ms
162,1386.3499999999995 ms
162,1388.2999999999993 ms
162,1402.6999999999994 ms
162,1436.4999999999995 ms
162,1462.4499999999994 ms
162,1471.3499999999995 ms
162,1480.5499999999993 ms
162,1507.0999999999995 ms
162,1526.6499999999996 ms
162,1531.749999999999 ms
162,1533.9499999999994 ms
162,1540.1499999999992 ms
162,1554.4499999999994 ms
162,1617.9999999999995 ms
162,1632.4999999999995 ms
162,1638.1999999999994 ms
162,1644.1999999999994 ms
162,1653.3999999999992 ms
162,1665.2999999999997 ms
162,1679.9999999999995 ms
162,1690.3999999999996 ms
162,1700.2999999999997 ms
162,1704.35 ms
162,1715.5499999999997 ms
162,1722.3999999999996 ms
162,1727.1499999999996 ms
162,1737.2999999999997 ms
162,1741.3999999999996 ms
162,1741.6999999999998 ms
162,1751.6999999999998 ms
162,1761.4999999999995 ms
162,1761.8999999999996 ms
162,1766.7999999999997 ms
162,1799.6999999999998 ms
162,1825.6499999999996 ms
162,1831.5 ms
162,1863.8499999999995 ms
162,1893.0999999999995 ms
162,1907.9499999999998 ms
162,1911.6999999999998 ms
162,1962.2499999999995 ms
162,2009.5999999999995 ms
162,2024.6999999999994 ms
162,2047.6499999999992 ms
162,2052.9499999999994 ms
162,2054.649999999999 ms
162,2066.849999999999 ms
162,2069.799999999999 ms
162,2080.4499999999994 ms
162,2150.599999999999 ms
162,2163.549999999999 ms
162,2195.1999999999994 ms
162,2201.9999999999995 ms
162,2205.349999999999 ms
162,2219.9499999999985 ms
162,2258.7499999999986 ms
162,2265.049999999999 ms
162,2266.6999999999994 ms
162,2270.9499999999994 ms
162,2276.1 ms
162,2279.4999999999995 ms
162,2294.1999999999994 ms
162,2297.799999999999 ms
162,2322.6999999999994 ms
162,2361.4999999999995 ms
162,2367.849999999999 ms
162,2383.35 ms
162,2401.2999999999997 ms
162,2404.6999999999994 ms
162,2405.35 ms
162,2416.2999999999997 ms
162,2418.2499999999995 ms
162,2434.9999999999986 ms
162,2456.649999999999 ms
162,2458.6999999999994 ms
162,2474.149999999999 ms
162,2483.2999999999997 ms
162,2529.7499999999995 ms
162,2554.099999999999 ms
162,2559.1999999999985 ms
162,2573.349999999999 ms
162,2574.349999999999 ms
162,2578.149999999999 ms
162,2592.5499999999997 ms
162,2595.2499999999995 ms
162,2597.849999999999 ms
162,2601.6999999999985 ms
162,2620.1499999999983 ms
162,2630.549999999999 ms
162,2644.299999999999 ms
162,2647.8999999999983 ms
162,2698.1999999999985 ms
162,2702.549999999999 ms
162,2703.4499999999994 ms
162,2734.299999999999 ms
162,2757.3999999999983 ms
162,2762.099999999998 ms
162,2770.1999999999985 ms
162,2785.3999999999983 ms
162,2806.349999999998 ms
162,2837.6999999999975 ms
162,2852.849999999998 ms
162,2856.299999999998 ms
162,2875.6499999999974 ms
162,2902.849999999997 ms
162,2909.549999999997 ms
162,2918.749999999997 ms
162,2921.2499999999977 ms
162,2934.499999999997 ms
162,2935.9499999999966 ms
162,2948.3999999999965 ms
162,2963.4499999999966 ms
162,2970.9499999999975 ms
162,2983.049999999997 ms
162,3006.9499999999975 ms
162,3009.6499999999974 ms
162,3011.3999999999965 ms
162,3024.1499999999974 ms
162,3035.299999999997 ms
162,3035.6999999999975 ms
162,3037.9499999999966 ms
162,3069.499999999997 ms
162,3080.349999999997 ms
162,3082.799999999997 ms
162,3086.799999999997 ms
162,3099.049999999997 ms
162,3109.299999999997 ms
162,3130.8999999999965 ms
162,3135.249999999997 ms
162,3172.6499999999974 ms
162,3178.3999999999965 ms
162,3199.8999999999974 ms
162,3207.049999999997 ms
162,3230.849999999997 ms
162,3247.099999999997 ms
162,3249.799999999997 ms
162,3253.4499999999975 ms
162,3258.349999999997 ms
162,3267.4999999999977 ms
162,3268.549999999998 ms
162,3287.299999999997 ms
162,3291.9499999999975 ms
162,3304.349999999998 ms
162,3323.099999999997 ms
162,3329.1499999999974 ms
162,3337.549999999998 ms
162,3340.849999999998 ms
162,3345.3999999999983 ms
162,3345.4999999999977 ms
162,3381.9499999999975 ms
162,3389.099999999998 ms
162,3400.9999999999986 ms
162,3433.6999999999985 ms
162,3472.1999999999975 ms
162,3496.849999999998 ms
162,3510.049999999998 ms
162,3520.549999999998 ms
162,3524.849999999998 ms
162,3527.8999999999983 ms
162,3550.6499999999983 ms
162,3565.049999999999 ms
162,3572.7499999999986 ms
162,3582.9499999999985 ms
162,3599.6999999999975 ms
162,3630.7499999999977 ms
162,3646.6499999999983 ms
162,3653.1999999999985 ms
162,3675.6999999999985 ms
162,3681.7499999999986 ms
162,3687.149999999999 ms
162,3700.299999999999 ms
162,3709.4499999999994 ms
162,3718.049999999999 ms
162,3721.599999999999 ms
162,3740.4499999999985 ms
162,3748.349999999999 ms
162,3766.4999999999995 ms
162,3772.399999999999 ms
162,3777.7999999999997 ms
162,3778.6999999999994 ms
162,3781.399999999999 ms
162,3797.399999999999 ms
162,3799.7999999999997 ms
162,3801.1999999999994 ms
162,3809.9499999999994 ms
162,3822.1999999999994 ms
162,3833.649999999999 ms
162,3835.4499999999994 ms
162,3843.7499999999995 ms
162,3852.9 ms
162,3869.899999999999 ms
162,3904.6999999999994 ms
162,3921.9999999999995 ms
162,3943.7999999999997 ms
162,3953.2499999999995 ms
162,3954.0000000000005 ms
162,3959.4 ms
162,3974.4 ms
162,3993.3000000000006 ms
162,3994.9 ms
163,4.95 ms
163,10.5 ms
163,16.15 ms
163,22.549999999999997 ms
163,33.449999999999996 ms
163,40.4 ms
163,47.699999999999996 ms
163,47.95000000000001 ms
163,72.25 ms
163,120.75 ms
163,131.1 ms
163,133.65 ms
163,150.24999999999997 ms
163,173.29999999999998 ms
163,194.45000000000002 ms
163,210.50000000000003 ms
163,213.30000000000004 ms
163,227.70000000000007 ms
163,232.15000000000006 ms
163,237.95000000000007 ms
163,240.25000000000009 ms
163,259.65 ms
163,270.95000000000005 ms
163,285.25 ms
163,341.60000000000014 ms
163,353.95000000000005 ms
163,354.5500000000002 ms
163,359.60000000000014 ms
163,367.7500000000001 ms
163,373.5000000000001 ms
163,446.60000000000014 ms
163,455.60000000000014 ms
163,463.60000000000014 ms
163,465.6500000000001 ms
163,479.35000000000014 ms
163,481.10000000000014 ms
163,486.85000000000014 ms
163,505.10000000000014 ms
163,514.3000000000002 ms
163,543.6500000000001 ms
163,556.2500000000002 ms
163,557.9000000000003 ms
163,572.1500000000003 ms
163,587.2500000000002 ms
163,603.3500000000001 ms
163,615.6000000000001 ms
163,619.2000000000003 ms
163,621.7000000000003 ms
163,624.3000000000002 ms
163,655.5500000000002 ms
163,660.4500000000003 ms
163,668.4000000000003 ms
163,679.3000000000004 ms
163,682.9000000000003 ms
163,687.4500000000003 ms
163,695.3000000000002 ms
163,735.8500000000004 ms
163,736.1000000000004 ms
163,743.0000000000002 ms
163,751.3000000000002 ms
163,752.0000000000002 ms
163,753.3500000000001 ms
163,786.6000000000001 ms
163,789.2000000000003 ms
163,840.2500000000002 ms
163,864.7500000000002 ms
163,869.8000000000002 ms
163,885.5500000000002 ms
163,891.3500000000001 ms
163,912.0500000000002 ms
163,920.7000000000003 ms
163,922.4000000000001 ms
163,936.5000000000002 ms
163,937.1500000000003 ms
163,946.3000000000002 ms
163,968.9000000000001 ms
163,986.9000000000001 ms
163,1012.2000000000003 ms
163,1027.0000000000002 ms
163,1030.9000000000003 ms
163,1045.3500000000006 ms
163,1053.2500000000007 ms
163,1055.4500000000005 ms
163,1085.1000000000006 ms
163,1085.8500000000006 ms
163,1116.5500000000009 ms
163,1131.200000000001 ms
163,1132.9000000000008 ms
163,1135.4500000000005 ms
163,1136.700000000001 ms
163,1156.8000000000009 ms
163,1185.9000000000008 ms
163,1189.3500000000006 ms
163,1199.5500000000009 ms
163,1211.6000000000006 ms
163,1213.0500000000009 ms
163,1217.450000000001 ms
163,1263.2000000000005 ms
163,1263.8500000000006 ms
163,1277.7000000000005 ms
163,1285.700000000001 ms
163,1296.5500000000009 ms
163,1361.8500000000006 ms
163,1367.7500000000007 ms
163,1374.3500000000006 ms
163,1383.2500000000007 ms
163,1385.6500000000008 ms
163,1392.850000000001 ms
163,1427.1500000000008 ms
163,1432.0500000000009 ms
163,1456.950000000001 ms
163,1490.0500000000009 ms
163,1499.200000000001 ms
163,1511.5500000000009 ms
163,1513.3500000000006 ms
163,1517.7500000000007 ms
163,1523.3500000000006 ms
163,1536.5500000000009 ms
163,1546.4000000000008 ms
163,1548.1500000000008 ms
163,1563.4500000000005 ms
163,1578.950000000001 ms
163,1585.3000000000009 ms
163,1592.2500000000007 ms
163,1618.6000000000006 ms
163,1625.1500000000003 ms
163,1626.0500000000004 ms
163,1628.3500000000006 ms
163,1658.8500000000006 ms
163,1677.8500000000006 ms
163,1682.6500000000003 ms
163,1687.0500000000004 ms
163,1699.2500000000007 ms
163,1700.1500000000008 ms
163,1701.0500000000009 ms
163,1705.9000000000008 ms
163,1722.100000000001 ms
163,1724.450000000001 ms
163,1728.3000000000009 ms
163,1756.0000000000007 ms
163,1777.450000000001 ms
163,1784.2500000000007 ms
163,1786.8000000000004 ms
163,1790.1000000000006 ms
163,1793.2000000000005 ms
163,1798.1000000000006 ms
163,1817.1000000000006 ms
163,1818.9500000000005 ms
163,1843.4500000000005 ms
163,1856.7500000000002 ms
163,1860.3000000000004 ms
163,1872.1500000000003 ms
163,1874.2 ms
163,1886.3500000000001 ms
163,1887.0500000000004 ms
163,1891.6000000000001 ms
163,1895.5500000000004 ms
163,1897.7500000000007 ms
163,1930.1000000000006 ms
163,1930.4500000000005 ms
163,1967.0000000000002 ms
163,1975.5000000000002 ms
163,1988.6000000000001 ms
163,1997.1000000000001 ms
163,2011.1000000000001 ms
163,2015.45 ms
163,2023.55 ms
163,2049.8499999999995 ms
163,2050.95 ms
163,2060.55 ms
163,2091.999999999999 ms
163,2105.3999999999996 ms
163,2117.0 ms
163,2149.8499999999995 ms
163,2156.3999999999996 ms
163,2160.2999999999993 ms
163,2196.5499999999993 ms
163,2206.3999999999996 ms
163,2215.2999999999993 ms
163,2222.1000000000004 ms
163,2222.45 ms
163,2240.55 ms
163,2298.55 ms
163,2313.1499999999996 ms
163,2316.0 ms
163,2326.7999999999993 ms
163,2327.6000000000004 ms
163,2332.1000000000004 ms
163,2341.2999999999993 ms
163,2353.5 ms
163,2386.199999999999 ms
163,2392.3499999999995 ms
163,2409.0499999999993 ms
163,2445.249999999999 ms
163,2457.2999999999993 ms
163,2479.5499999999993 ms
163,2488.3999999999996 ms
163,2503.8999999999996 ms
163,2507.3499999999985 ms
163,2513.999999999999 ms
163,2514.1499999999987 ms
163,2523.249999999999 ms
163,2531.5999999999995 ms
163,2536.699999999999 ms
163,2538.499999999999 ms
163,2542.3499999999995 ms
163,2558.499999999999 ms
163,2588.199999999999 ms
163,2594.699999999999 ms
163,2606.7999999999993 ms
163,2620.1499999999987 ms
163,2620.949999999999 ms
163,2656.5999999999985 ms
163,2695.8499999999985 ms
163,2698.7999999999993 ms
163,2733.949999999999 ms
163,2749.2999999999993 ms
163,2758.0999999999985 ms
163,2761.1499999999996 ms
163,2764.449999999999 ms
163,2779.2999999999993 ms
163,2811.3999999999996 ms
163,2827.3499999999985 ms
163,2846.7999999999993 ms
163,2853.199999999999 ms
163,2872.3999999999987 ms
163,2873.3999999999987 ms
163,2887.449999999999 ms
163,2937.699999999999 ms
163,2938.0999999999985 ms
163,2941.8499999999985 ms
163,2954.449999999999 ms
163,2964.7999999999993 ms
163,2971.699999999999 ms
163,2976.0999999999985 ms
163,2990.999999999999 ms
163,2992.3499999999995 ms
163,2997.999999999999 ms
163,3030.0999999999995 ms
163,3044.699999999999 ms
163,3060.8499999999985 ms
163,3071.5999999999985 ms
163,3126.749999999999 ms
163,3139.949999999999 ms
163,3141.249999999999 ms
163,3163.949999999999 ms
163,3175.8499999999985 ms
163,3176.7999999999993 ms
163,3178.999999999998 ms
163,3201.449999999999 ms
163,3217.249999999998 ms
163,3262.499999999998 ms
163,3263.6499999999987 ms
163,3276.2999999999984 ms
163,3280.5999999999995 ms
163,3285.199999999999 ms
163,3317.749999999999 ms
163,3336.6499999999987 ms
163,3340.0499999999993 ms
163,3346.249999999999 ms
163,3353.8499999999995 ms
163,3356.2999999999984 ms
163,3359.0499999999984 ms
163,3362.249999999999 ms
163,3364.499999999999 ms
163,3379.499999999999 ms
163,3393.999999999999 ms
163,3400.8499999999985 ms
163,3405.249999999998 ms
163,3416.449999999999 ms
163,3434.449999999999 ms
163,3435.8499999999985 ms
163,3437.8999999999987 ms
163,3439.0499999999984 ms
163,3442.0999999999995 ms
163,3452.0499999999984 ms
163,3452.3499999999995 ms
163,3483.0499999999984 ms
163,3505.249999999999 ms
163,3516.8999999999987 ms
163,3527.6499999999987 ms
163,3530.8499999999985 ms
163,3534.0499999999984 ms
163,3535.0499999999984 ms
163,3539.699999999998 ms
163,3540.749999999999 ms
163,3563.449999999998 ms
163,3563.8499999999985 ms
163,3567.2999999999984 ms
163,3583.0999999999985 ms
163,3598.1499999999987 ms
163,3603.7999999999984 ms
163,3627.3999999999987 ms
163,3629.3499999999985 ms
163,3647.6499999999987 ms
163,3655.3499999999985 ms
163,3671.199999999999 ms
163,3685.149999999998 ms
163,3692.249999999998 ms
163,3720.649999999998 ms
163,3775.149999999998 ms
163,3786.5499999999984 ms
163,3798.949999999998 ms
163,3807.5999999999985 ms
163,3812.999999999998 ms
163,3814.6499999999987 ms
163,3822.5499999999984 ms
163,3827.0499999999984 ms
163,3828.999999999999 ms
163,3845.2999999999984 ms
163,3848.5499999999984 ms
163,3871.949999999999 ms
163,3887.2999999999993 ms
163,3895.3499999999985 ms
163,3897.8499999999985 ms
163,3921.6499999999996 ms
163,3928.1499999999996 ms
163,3932.449999999999 ms
163,3958.8999999999996 ms
163,3961.8499999999985 ms
163,3966.1499999999996 ms
163,3997.3499999999985 ms
163,3997.699999999999 ms
164,10.05 ms
164,70.5 ms
164,73.94999999999999 ms
164,82.60000000000002 ms
164,90.25 ms
164,112.5 ms
164,131.60000000000002 ms
164,147.05 ms
164,162.3 ms
164,162.75 ms
164,163.0 ms
164,173.7 ms
164,185.45 ms
164,186.89999999999998 ms
164,191.0 ms
164,193.39999999999998 ms
164,212.79999999999995 ms
164,214.10000000000002 ms
164,239.05 ms
164,258.85 ms
164,268.9 ms
164,279.95000000000005 ms
164,285.75 ms
164,298.20000000000005 ms
164,313.25 ms
164,323.70000000000005 ms
164,359.25 ms
164,397.45000000000005 ms
164,398.1500000000001 ms
164,418.9000000000001 ms
164,435.6 ms
164,437.30000000000007 ms
164,442.65 ms
164,446.30000000000007 ms
164,476.25 ms
164,505.85 ms
164,511.65 ms
164,512.9499999999999 ms
164,536.9 ms
164,543.7500000000001 ms
164,565.8000000000001 ms
164,570.2500000000001 ms
164,585.5000000000001 ms
164,590.4 ms
164,592.85 ms
164,601.2500000000001 ms
164,603.65 ms
164,608.2500000000001 ms
164,611.3500000000003 ms
164,619.2000000000002 ms
164,620.1 ms
164,624.3000000000001 ms
164,644.1 ms
164,648.2000000000002 ms
164,662.4000000000002 ms
164,670.3000000000001 ms
164,696.4500000000002 ms
164,723.2500000000001 ms
164,726.3000000000001 ms
164,757.5500000000001 ms
164,765.85 ms
164,768.8000000000001 ms
164,786.9499999999999 ms
164,805.15 ms
164,810.1999999999999 ms
164,823.65 ms
164,832.3000000000001 ms
164,834.4499999999999 ms
164,835.1 ms
164,836.4 ms
164,865.85 ms
164,902.1 ms
164,907.7499999999999 ms
164,921.2999999999998 ms
164,927.9 ms
164,936.6 ms
164,943.0500000000001 ms
164,988.5500000000001 ms
164,989.0000000000001 ms
164,992.2000000000002 ms
164,996.9500000000002 ms
164,1000.5500000000003 ms
164,1009.4000000000002 ms
164,1010.3500000000003 ms
164,1011.1000000000003 ms
164,1017.3000000000003 ms
164,1029.1500000000005 ms
164,1032.8000000000002 ms
164,1037.8000000000002 ms
164,1041.1000000000004 ms
164,1041.9000000000005 ms
164,1048.1500000000005 ms
164,1113.5500000000002 ms
164,1116.0500000000002 ms
164,1119.9000000000005 ms
164,1120.1500000000005 ms
164,1131.1000000000004 ms
164,1172.2000000000003 ms
164,1176.7000000000003 ms
164,1185.5500000000002 ms
164,1189.1000000000004 ms
164,1231.6999999999998 ms
164,1248.5 ms
164,1249.4 ms
164,1251.15 ms
164,1252.2000000000003 ms
164,1254.15 ms
164,1254.8000000000002 ms
164,1268.15 ms
164,1293.0500000000002 ms
164,1323.4500000000003 ms
164,1335.65 ms
164,1423.2500000000005 ms
164,1443.1 ms
164,1443.8000000000002 ms
164,1455.25 ms
164,1463.6000000000004 ms
164,1471.3500000000004 ms
164,1476.65 ms
164,1563.4500000000003 ms
164,1573.0 ms
164,1577.5 ms
164,1604.6 ms
164,1605.0499999999997 ms
164,1605.75 ms
164,1627.0 ms
164,1635.75 ms
164,1639.0500000000002 ms
164,1651.3000000000002 ms
164,1660.85 ms
164,1670.0499999999997 ms
164,1670.65 ms
164,1671.2999999999997 ms
164,1672.35 ms
164,1697.2999999999997 ms
164,1717.35 ms
164,1721.6 ms
164,1732.4 ms
164,1736.4999999999995 ms
164,1736.7499999999995 ms
164,1746.6 ms
164,1746.8999999999996 ms
164,1747.3499999999995 ms
164,1749.4499999999998 ms
164,1762.0999999999995 ms
164,1767.9499999999998 ms
164,1781.6499999999996 ms
164,1784.4499999999998 ms
164,1786.2499999999995 ms
164,1854.9499999999994 ms
164,1866.9499999999994 ms
164,1867.4999999999995 ms
164,1870.2999999999997 ms
164,1878.2999999999997 ms
164,1878.4499999999994 ms
164,1880.7999999999997 ms
164,1892.4499999999994 ms
164,1901.3999999999996 ms
164,1917.9999999999995 ms
164,1933.1999999999994 ms
164,1939.2499999999995 ms
164,1942.6499999999996 ms
164,1943.8499999999995 ms
164,1945.25 ms
164,1996.7999999999997 ms
164,2006.6499999999996 ms
164,2009.2499999999995 ms
164,2068.4499999999994 ms
164,2091.649999999999 ms
164,2099.0499999999997 ms
164,2106.35 ms
164,2124.349999999999 ms
164,2130.1999999999994 ms
164,2130.649999999999 ms
164,2161.849999999999 ms
164,2170.9999999999995 ms
164,2202.7999999999997 ms
164,2203.6999999999994 ms
164,2208.799999999999 ms
164,2232.9499999999994 ms
164,2251.899999999999 ms
164,2268.899999999999 ms
164,2280.7999999999997 ms
164,2297.1999999999994 ms
164,2297.799999999999 ms
164,2324.1999999999994 ms
164,2356.1 ms
164,2393.5499999999997 ms
164,2410.4999999999995 ms
164,2427.349999999999 ms
164,2431.4499999999985 ms
164,2432.299999999999 ms
164,2433.299999999999 ms
164,2444.349999999999 ms
164,2446.649999999999 ms
164,2456.599999999999 ms
164,2466.9499999999985 ms
164,2477.4999999999986 ms
164,2481.399999999999 ms
164,2527.4999999999986 ms
164,2536.099999999999 ms
164,2540.799999999999 ms
164,2544.4499999999994 ms
164,2558.7499999999995 ms
164,2593.899999999999 ms
164,2629.5499999999997 ms
164,2649.299999999999 ms
164,2656.099999999999 ms
164,2700.799999999999 ms
164,2722.4499999999994 ms
164,2724.9499999999994 ms
164,2761.9499999999994 ms
164,2769.399999999999 ms
164,2775.149999999999 ms
164,2805.7999999999997 ms
164,2807.1999999999994 ms
164,2819.1 ms
164,2833.2499999999995 ms
164,2841.65 ms
164,2845.1 ms
164,2845.9 ms
164,2873.2499999999995 ms
164,2877.349999999999 ms
164,2885.149999999999 ms
164,2890.6999999999994 ms
164,2897.7499999999995 ms
164,2943.5000000000005 ms
164,2947.9999999999995 ms
164,2989.1 ms
164,2991.9499999999994 ms
164,3019.7000000000003 ms
164,3040.85 ms
164,3052.0000000000005 ms
164,3063.2499999999995 ms
164,3079.2999999999997 ms
164,3096.2000000000003 ms
164,3100.600000000001 ms
164,3113.0000000000005 ms
164,3113.900000000001 ms
164,3146.450000000001 ms
164,3151.4500000000003 ms
164,3154.5500000000006 ms
164,3161.5000000000005 ms
164,3176.4500000000003 ms
164,3195.4 ms
164,3212.15 ms
164,3217.85 ms
164,3239.1999999999994 ms
164,3281.4999999999995 ms
164,3289.0000000000005 ms
164,3324.15 ms
164,3335.8000000000006 ms
164,3345.7999999999997 ms
164,3375.35 ms
164,3377.4500000000003 ms
164,3386.7999999999997 ms
164,3392.7499999999995 ms
164,3394.65 ms
164,3404.7000000000003 ms
164,3408.2999999999997 ms
164,3445.0500000000006 ms
164,3456.15 ms
164,3456.3000000000006 ms
164,3462.5000000000005 ms
164,3465.4 ms
164,3499.0500000000006 ms
164,3504.0000000000005 ms
164,3504.4999999999995 ms
164,3529.6999999999994 ms
164,3538.35 ms
164,3543.9499999999994 ms
164,3551.6 ms
164,3559.4499999999994 ms
164,3564.5499999999997 ms
164,3578.35 ms
164,3587.2500000000005 ms
164,3588.1 ms
164,3590.15 ms
164,3591.0500000000006 ms
164,3630.2000000000003 ms
164,3633.5000000000005 ms
164,3644.900000000001 ms
164,3675.0500000000006 ms
164,3697.4 ms
164,3705.5500000000006 ms
164,3715.200000000001 ms
164,3737.150000000001 ms
164,3755.65 ms
164,3783.6 ms
164,3784.350000000001 ms
164,3786.7000000000003 ms
164,3793.0000000000005 ms
164,3794.7000000000003 ms
164,3837.2999999999997 ms
164,3847.4 ms
164,3862.5500000000006 ms
164,3865.15 ms
164,3890.2499999999995 ms
164,3898.35 ms
164,3923.65 ms
164,3930.7499999999995 ms
164,3932.2999999999997 ms
164,3951.7000000000003 ms
164,3954.9500000000003 ms
164,3970.7500000000005 ms
164,3976.2500000000005 ms
164,3985.2000000000003 ms
165,12.25 ms
165,37.2 ms
165,41.150000000000006 ms
165,47.05000000000001 ms
165,55.05000000000001 ms
165,62.75 ms
165,72.05000000000001 ms
165,146.05 ms
165,157.85000000000002 ms
165,159.90000000000003 ms
165,163.45000000000005 ms
165,164.85000000000002 ms
165,186.6500000000001 ms
165,230.75000000000006 ms
165,233.45000000000005 ms
165,240.30000000000007 ms
165,266.80000000000007 ms
165,269.0000000000001 ms
165,287.0000000000001 ms
165,307.05000000000007 ms
165,310.95000000000005 ms
165,313.9000000000001 ms
165,318.25 ms
165,343.70000000000005 ms
165,344.75 ms
165,352.70000000000005 ms
165,353.75 ms
165,357.30000000000007 ms
165,378.80000000000007 ms
165,420.45000000000005 ms
165,426.6 ms
165,470.4 ms
165,475.85 ms
165,479.0 ms
165,480.20000000000005 ms
165,495.65 ms
165,497.44999999999993 ms
165,498.69999999999993 ms
165,501.94999999999993 ms
165,543.8000000000001 ms
165,546.2500000000001 ms
165,548.5500000000001 ms
165,550.15 ms
165,551.2500000000001 ms
165,562.15 ms
165,566.7500000000001 ms
165,575.4500000000002 ms
165,585.0500000000001 ms
165,632.9000000000002 ms
165,643.7000000000002 ms
165,651.1999999999999 ms
165,681.0500000000001 ms
165,734.6500000000002 ms
165,747.5000000000001 ms
165,761.65 ms
165,773.5500000000001 ms
165,786.9000000000002 ms
165,789.0500000000001 ms
165,809.6999999999999 ms
165,825.1 ms
165,831.9500000000002 ms
165,847.9000000000002 ms
165,858.0000000000001 ms
165,895.3500000000003 ms
165,904.4500000000002 ms
165,911.9500000000002 ms
165,943.8000000000003 ms
165,961.7500000000003 ms
165,962.2500000000001 ms
165,969.1000000000003 ms
165,970.5000000000001 ms
165,1002.4500000000002 ms
165,1023.8000000000003 ms
165,1030.2000000000003 ms
165,1045.1000000000004 ms
165,1052.3500000000004 ms
165,1055.7000000000003 ms
165,1060.9 ms
165,1066.65 ms
165,1072.1000000000004 ms
165,1088.5000000000005 ms
165,1106.6000000000004 ms
165,1109.0500000000002 ms
165,1115.2000000000007 ms
165,1125.2500000000005 ms
165,1143.6500000000005 ms
165,1197.3000000000006 ms
165,1202.7000000000007 ms
165,1227.500000000001 ms
165,1269.3500000000004 ms
165,1288.1000000000004 ms
165,1293.8500000000004 ms
165,1302.9000000000005 ms
165,1312.9500000000007 ms
165,1331.0000000000005 ms
165,1355.3000000000006 ms
165,1358.7500000000005 ms
165,1380.4000000000005 ms
165,1394.5000000000005 ms
165,1396.9000000000005 ms
165,1399.4000000000005 ms
165,1402.3000000000006 ms
165,1405.0000000000005 ms
165,1412.5500000000006 ms
165,1422.1500000000005 ms
165,1433.8000000000006 ms
165,1449.8500000000008 ms
165,1483.6500000000005 ms
165,1493.3500000000004 ms
165,1507.4000000000005 ms
165,1526.8000000000006 ms
165,1531.9000000000005 ms
165,1534.4000000000005 ms
165,1534.6500000000005 ms
165,1548.4000000000005 ms
165,1550.2500000000005 ms
165,1557.8500000000004 ms
165,1562.7000000000003 ms
165,1595.7500000000005 ms
165,1617.15 ms
165,1634.3000000000006 ms
165,1656.4 ms
165,1660.3000000000006 ms
165,1676.5500000000006 ms
165,1681.7000000000003 ms
165,1702.1500000000005 ms
165,1710.7000000000007 ms
165,1719.9000000000005 ms
165,1740.3000000000006 ms
165,1741.3500000000008 ms
165,1771.6000000000008 ms
165,1775.0000000000005 ms
165,1775.5500000000006 ms
165,1777.4500000000007 ms
165,1791.500000000001 ms
165,1795.4000000000005 ms
165,1821.9000000000005 ms
165,1822.300000000001 ms
165,1829.9500000000007 ms
165,1832.250000000001 ms
165,1834.050000000001 ms
165,1835.6000000000008 ms
165,1835.8000000000006 ms
165,1844.900000000001 ms
165,1861.900000000001 ms
165,1872.8500000000008 ms
165,1883.7000000000007 ms
165,1890.6500000000005 ms
165,1891.9500000000007 ms
165,1906.9000000000005 ms
165,1909.1000000000008 ms
165,1942.5500000000006 ms
165,1945.1000000000008 ms
165,1945.900000000001 ms
165,1986.8000000000006 ms
165,1990.000000000001 ms
165,1994.650000000001 ms
165,2014.3500000000008 ms
165,2053.250000000001 ms
165,2055.9000000000005 ms
165,2066.7000000000016 ms
165,2076.2000000000016 ms
165,2079.750000000001 ms
165,2084.300000000002 ms
165,2099.6500000000015 ms
165,2102.800000000001 ms
165,2115.9500000000016 ms
165,2133.550000000002 ms
165,2152.000000000001 ms
165,2155.550000000002 ms
165,2166.250000000001 ms
165,2195.1500000000015 ms
165,2196.8500000000013 ms
165,2203.1500000000015 ms
165,2206.6000000000013 ms
165,2211.750000000001 ms
165,2217.6000000000013 ms
165,2230.3500000000013 ms
165,2232.000000000001 ms
165,2256.9500000000016 ms
165,2258.500000000001 ms
165,2300.050000000002 ms
165,2302.800000000002 ms
165,2308.1000000000013 ms
165,2341.250000000002 ms
165,2355.100000000002 ms
165,2359.6500000000015 ms
165,2364.250000000002 ms
165,2366.4500000000016 ms
165,2366.550000000002 ms
165,2370.800000000002 ms
165,2385.000000000001 ms
165,2395.550000000002 ms
165,2410.8500000000013 ms
165,2420.050000000002 ms
165,2421.1000000000013 ms
165,2429.3500000000013 ms
165,2435.9500000000016 ms
165,2455.9000000000015 ms
165,2475.750000000002 ms
165,2490.800000000001 ms
165,2502.6500000000015 ms
165,2503.3500000000013 ms
165,2510.000000000001 ms
165,2538.6000000000013 ms
165,2538.750000000001 ms
165,2546.9000000000015 ms
165,2564.050000000001 ms
165,2572.350000000002 ms
165,2594.2000000000016 ms
165,2609.2000000000016 ms
165,2620.800000000002 ms
165,2629.050000000002 ms
165,2632.4500000000016 ms
165,2636.250000000002 ms
165,2651.250000000002 ms
165,2659.850000000002 ms
165,2659.9500000000016 ms
165,2661.300000000002 ms
165,2701.9500000000016 ms
165,2713.7000000000016 ms
165,2727.6000000000013 ms
165,2729.7000000000016 ms
165,2738.3500000000013 ms
165,2754.1500000000024 ms
165,2756.7000000000016 ms
165,2761.1500000000024 ms
165,2769.800000000002 ms
165,2774.550000000002 ms
165,2786.300000000002 ms
165,2798.1500000000024 ms
165,2810.3500000000013 ms
165,2820.9500000000016 ms
165,2830.9000000000015 ms
165,2834.3500000000013 ms
165,2834.550000000001 ms
165,2852.4500000000007 ms
165,2866.7000000000007 ms
165,2885.250000000002 ms
165,2886.6000000000013 ms
165,2901.9500000000016 ms
165,2924.250000000001 ms
165,2944.4500000000016 ms
165,2971.000000000001 ms
165,2971.750000000001 ms
165,2985.6000000000013 ms
165,2989.9000000000015 ms
165,3017.1500000000015 ms
165,3024.8500000000013 ms
165,3038.3500000000013 ms
165,3055.750000000001 ms
165,3062.250000000001 ms
165,3068.6500000000015 ms
165,3069.1500000000015 ms
165,3074.1500000000015 ms
165,3089.4000000000015 ms
165,3089.500000000002 ms
165,3096.050000000001 ms
165,3109.750000000002 ms
165,3114.7000000000007 ms
165,3117.050000000001 ms
165,3138.4500000000007 ms
165,3146.6500000000015 ms
165,3159.9500000000007 ms
165,3168.6000000000013 ms
165,3174.2000000000016 ms
165,3184.7000000000016 ms
165,3206.750000000001 ms
165,3211.4500000000016 ms
165,3212.2000000000016 ms
165,3224.6000000000013 ms
165,3226.1000000000013 ms
165,3238.2000000000016 ms
165,3251.7000000000016 ms
165,3267.050000000001 ms
165,3275.550000000001 ms
165,3295.250000000001 ms
165,3307.800000000001 ms
165,3327.2000000000007 ms
165,3330.550000000001 ms
165,3334.1000000000013 ms
165,3337.9000000000015 ms
165,3341.800000000001 ms
165,3345.4000000000015 ms
165,3350.800000000001 ms
165,3360.550000000001 ms
165,3361.850000000002 ms
165,3367.100000000002 ms
165,3370.600000000002 ms
165,3382.000000000002 ms
165,3390.850000000002 ms
165,3396.750000000002 ms
165,3397.100000000002 ms
165,3439.4500000000016 ms
165,3444.550000000002 ms
165,3450.800000000002 ms
165,3468.9500000000016 ms
165,3474.1000000000013 ms
165,3494.050000000002 ms
165,3496.6500000000015 ms
165,3511.7000000000016 ms
165,3520.300000000002 ms
165,3529.6000000000013 ms
165,3537.9000000000024 ms
165,3566.1000000000013 ms
165,3583.1000000000013 ms
165,3583.800000000002 ms
165,3604.4000000000015 ms
165,3613.4000000000015 ms
165,3614.9500000000016 ms
165,3618.7000000000016 ms
165,3622.1500000000015 ms
165,3658.6000000000013 ms
165,3662.500000000001 ms
165,3673.050000000002 ms
165,3677.8500000000013 ms
165,3689.7000000000016 ms
165,3697.500000000002 ms
165,3713.4500000000016 ms
165,3721.300000000002 ms
165,3731.9000000000015 ms
165,3746.3500000000013 ms
165,3749.2000000000016 ms
165,3756.000000000001 ms
165,3811.4000000000015 ms
165,3818.500000000002 ms
165,3830.7000000000007 ms
165,3848.000000000002 ms
165,3866.4500000000007 ms
165,3874.1000000000013 ms
165,3884.050000000001 ms
165,3889.250000000001 ms
165,3890.9500000000007 ms
165,3902.1500000000005 ms
165,3978.7000000000007 ms
165,3979.6500000000005 ms
165,3982.6500000000005 ms
165,3986.7000000000007 ms
165,3990.9000000000005 ms
165,3999.1500000000005 ms
166,6.45 ms
166,15.2 ms
166,16.05 ms
166,37.150000000000006 ms
166,60.35000000000001 ms
166,112.64999999999999 ms
166,114.3 ms
166,136.0 ms
166,154.95 ms
166,164.2 ms
166,192.3 ms
166,207.14999999999998 ms
166,207.29999999999995 ms
166,215.85000000000002 ms
166,221.10000000000002 ms
166,236.75 ms
166,244.2 ms
166,244.5 ms
166,270.29999999999995 ms
166,274.29999999999995 ms
166,281.1 ms
166,284.25 ms
166,284.54999999999995 ms
166,298.4000000000001 ms
166,304.79999999999995 ms
166,333.6500000000001 ms
166,343.25 ms
166,365.70000000000005 ms
166,377.1500000000001 ms
166,393.4000000000001 ms
166,410.04999999999995 ms
166,413.5 ms
166,416.85 ms
166,428.65 ms
166,443.9 ms
166,448.15 ms
166,452.7500000000001 ms
166,506.7500000000001 ms
166,528.4500000000002 ms
166,529.0500000000001 ms
166,535.85 ms
166,539.2499999999999 ms
166,542.7999999999998 ms
166,551.0999999999998 ms
166,565.1499999999997 ms
166,566.7499999999999 ms
166,582.6499999999997 ms
166,583.0499999999998 ms
166,594.9499999999997 ms
166,595.4999999999997 ms
166,601.1499999999997 ms
166,604.6499999999997 ms
166,612.5999999999998 ms
166,624.8999999999997 ms
166,678.3999999999997 ms
166,692.7999999999996 ms
166,698.9999999999997 ms
166,709.5999999999998 ms
166,722.9999999999997 ms
166,748.8999999999997 ms
166,766.4499999999997 ms
166,776.4999999999997 ms
166,784.4499999999997 ms
166,785.0999999999996 ms
166,793.4499999999997 ms
166,795.6999999999997 ms
166,801.5499999999998 ms
166,817.1499999999997 ms
166,846.3999999999997 ms
166,861.9999999999999 ms
166,940.3499999999998 ms
166,947.4999999999997 ms
166,954.8999999999997 ms
166,1007.5499999999996 ms
166,1021.2999999999998 ms
166,1036.4499999999998 ms
166,1052.9499999999998 ms
166,1063.6999999999998 ms
166,1066.6999999999998 ms
166,1079.6999999999998 ms
166,1084.5 ms
166,1091.9499999999998 ms
166,1097.4499999999998 ms
166,1099.85 ms
166,1103.75 ms
166,1115.75 ms
166,1138.65 ms
166,1144.8000000000002 ms
166,1162.4 ms
166,1164.7000000000003 ms
166,1174.1 ms
166,1209.85 ms
166,1221.7500000000005 ms
166,1225.7500000000005 ms
166,1226.85 ms
166,1244.4500000000003 ms
166,1245.25 ms
166,1265.9 ms
166,1273.1 ms
166,1305.5500000000002 ms
166,1307.25 ms
166,1318.3000000000002 ms
166,1324.0500000000002 ms
166,1327.8500000000004 ms
166,1349.0500000000002 ms
166,1377.5 ms
166,1408.9000000000005 ms
166,1409.25 ms
166,1420.6000000000004 ms
166,1430.25 ms
166,1446.0 ms
166,1449.5 ms
166,1453.3000000000002 ms
166,1465.6000000000004 ms
166,1477.0500000000002 ms
166,1488.7000000000003 ms
166,1505.4 ms
166,1506.0500000000006 ms
166,1532.9 ms
166,1563.2500000000005 ms
166,1580.1 ms
166,1598.1 ms
166,1621.7000000000003 ms
166,1626.75 ms
166,1638.85 ms
166,1646.85 ms
166,1660.1999999999998 ms
166,1665.1499999999996 ms
166,1679.8000000000002 ms
166,1708.8999999999996 ms
166,1718.3999999999996 ms
166,1749.4499999999998 ms
166,1777.1499999999996 ms
166,1780.8000000000002 ms
166,1783.3000000000002 ms
166,1797.8999999999996 ms
166,1801.1999999999998 ms
166,1810.3999999999996 ms
166,1815.4499999999998 ms
166,1815.6 ms
166,1832.1 ms
166,1833.1999999999998 ms
166,1848.2999999999997 ms
166,1848.7999999999997 ms
166,1851.2999999999997 ms
166,1912.6499999999996 ms
166,1913.6499999999996 ms
166,1935.7499999999995 ms
166,1964.3499999999995 ms
166,1969.4499999999994 ms
166,1979.9499999999994 ms
166,1980.5499999999993 ms
166,1980.7999999999993 ms
166,1981.7999999999993 ms
166,1988.1499999999992 ms
166,1988.6999999999994 ms
166,1994.6499999999992 ms
166,2006.0499999999993 ms
166,2008.8999999999992 ms
166,2014.099999999999 ms
166,2018.0499999999993 ms
166,2025.1499999999992 ms
166,2025.999999999999 ms
166,2030.699999999999 ms
166,2031.6499999999992 ms
166,2043.2999999999993 ms
166,2069.449999999999 ms
166,2071.25 ms
166,2072.75 ms
166,2080.25 ms
166,2092.0499999999993 ms
166,2101.0499999999993 ms
166,2123.5 ms
166,2129.7999999999993 ms
166,2141.8999999999996 ms
166,2164.95 ms
166,2184.75 ms
166,2190.75 ms
166,2218.7 ms
166,2225.45 ms
166,2236.25 ms
166,2239.05 ms
166,2242.9000000000005 ms
166,2248.8 ms
166,2249.0 ms
166,2251.0 ms
166,2254.95 ms
166,2261.0 ms
166,2270.95 ms
166,2276.0999999999995 ms
166,2287.95 ms
166,2359.75 ms
166,2371.1499999999996 ms
166,2374.2000000000007 ms
166,2413.8999999999996 ms
166,2420.9500000000007 ms
166,2429.1499999999996 ms
166,2463.5 ms
166,2463.8500000000004 ms
166,2474.8999999999996 ms
166,2494.1499999999996 ms
166,2507.9500000000007 ms
166,2515.25 ms
166,2519.1000000000004 ms
166,2523.1000000000004 ms
166,2532.9000000000005 ms
166,2551.750000000001 ms
166,2575.4000000000005 ms
166,2582.1500000000005 ms
166,2622.000000000001 ms
166,2624.1500000000005 ms
166,2626.8500000000004 ms
166,2636.5 ms
166,2640.1000000000004 ms
166,2645.6500000000005 ms
166,2653.500000000001 ms
166,2655.250000000001 ms
166,2663.750000000001 ms
166,2680.95 ms
166,2690.45 ms
166,2700.750000000001 ms
166,2713.95 ms
166,2715.05 ms
166,2752.2 ms
166,2754.8500000000004 ms
166,2761.4500000000007 ms
166,2773.9500000000007 ms
166,2786.8999999999996 ms
166,2795.25 ms
166,2799.5 ms
166,2812.6499999999996 ms
166,2813.6499999999996 ms
166,2817.3 ms
166,2829.9000000000005 ms
166,2843.0 ms
166,2856.3999999999996 ms
166,2866.3999999999996 ms
166,2882.7000000000007 ms
166,2890.75 ms
166,2895.2000000000007 ms
166,2899.3999999999996 ms
166,2942.3 ms
166,2973.2 ms
166,2983.6500000000005 ms
166,2985.1500000000005 ms
166,3020.9000000000005 ms
166,3026.7 ms
166,3040.500000000001 ms
166,3046.000000000001 ms
166,3075.000000000001 ms
166,3086.8500000000004 ms
166,3104.1500000000005 ms
166,3117.55 ms
166,3121.3 ms
166,3128.6000000000013 ms
166,3137.6500000000005 ms
166,3153.3500000000013 ms
166,3167.9500000000007 ms
166,3173.3500000000004 ms
166,3174.6500000000015 ms
166,3175.4500000000007 ms
166,3183.800000000001 ms
166,3190.000000000001 ms
166,3190.4000000000005 ms
166,3194.9000000000005 ms
166,3219.800000000001 ms
166,3227.8500000000013 ms
166,3238.2000000000016 ms
166,3245.500000000001 ms
166,3263.1000000000013 ms
166,3266.4000000000015 ms
166,3278.6500000000015 ms
166,3294.6500000000015 ms
166,3305.500000000002 ms
166,3320.7000000000007 ms
166,3321.1000000000013 ms
166,3322.6500000000015 ms
166,3341.750000000002 ms
166,3374.1000000000013 ms
166,3386.000000000001 ms
166,3397.1000000000013 ms
166,3416.6500000000015 ms
166,3456.000000000002 ms
166,3465.9500000000007 ms
166,3496.4000000000015 ms
166,3511.4000000000015 ms
166,3517.800000000001 ms
166,3522.500000000001 ms
166,3523.9500000000007 ms
166,3528.4500000000007 ms
166,3531.6500000000005 ms
166,3531.9500000000007 ms
166,3533.1000000000004 ms
166,3534.550000000001 ms
166,3559.9500000000007 ms
166,3561.050000000001 ms
166,3572.25 ms
166,3577.5 ms
166,3578.050000000001 ms
166,3578.800000000001 ms
166,3582.800000000001 ms
166,3597.3500000000004 ms
166,3607.2000000000007 ms
166,3680.750000000001 ms
166,3691.750000000001 ms
166,3696.1000000000013 ms
166,3702.500000000001 ms
166,3703.6500000000005 ms
166,3707.4000000000005 ms
166,3732.3500000000013 ms
166,3742.3500000000013 ms
166,3788.3500000000013 ms
166,3822.2000000000007 ms
166,3838.9500000000007 ms
166,3839.4000000000005 ms
166,3842.1000000000004 ms
166,3869.1500000000005 ms
166,3872.7000000000007 ms
166,3895.4500000000007 ms
166,3898.1000000000004 ms
166,3914.9000000000015 ms
166,3923.050000000001 ms
166,3927.7000000000007 ms
166,3932.500000000002 ms
166,3991.3500000000013 ms
166,3997.2000000000016 ms
167,1.35 ms
167,8.950000000000001 ms
167,10.65 ms
167,30.250000000000007 ms
167,42.15 ms
167,49.199999999999996 ms
167,54.45000000000001 ms
167,60.050000000000004 ms
167,60.449999999999996 ms
167,68.15 ms
167,73.6 ms
167,82.35 ms
167,82.9 ms
167,97.70000000000002 ms
167,111.05000000000001 ms
167,124.45000000000002 ms
167,143.9 ms
167,166.30000000000004 ms
167,169.95000000000007 ms
167,175.85000000000005 ms
167,186.00000000000009 ms
167,202.75000000000003 ms
167,209.75000000000009 ms
167,216.00000000000003 ms
167,224.15000000000006 ms
167,233.8000000000001 ms
167,244.80000000000004 ms
167,253.75000000000003 ms
167,266.35000000000014 ms
167,288.60000000000014 ms
167,292.25 ms
167,332.1500000000001 ms
167,353.95000000000005 ms
167,364.8000000000002 ms
167,366.35000000000014 ms
167,369.6500000000001 ms
167,400.60000000000014 ms
167,401.5000000000001 ms
167,418.7500000000001 ms
167,424.10000000000014 ms
167,449.60000000000014 ms
167,450.5000000000001 ms
167,474.0000000000001 ms
167,480.95000000000016 ms
167,498.45000000000016 ms
167,519.2 ms
167,526.8 ms
167,531.1000000000001 ms
167,550.6000000000001 ms
167,573.8999999999999 ms
167,599.25 ms
167,600.0999999999999 ms
167,603.3000000000002 ms
167,620.1500000000001 ms
167,627.0 ms
167,642.0 ms
167,669.6000000000001 ms
167,680.7500000000002 ms
167,707.7 ms
167,726.7 ms
167,743.7 ms
167,745.1000000000001 ms
167,745.5500000000002 ms
167,748.1500000000001 ms
167,765.8000000000002 ms
167,767.4000000000001 ms
167,784.1000000000004 ms
167,800.5000000000002 ms
167,816.0500000000002 ms
167,833.8000000000002 ms
167,838.8000000000002 ms
167,865.7000000000003 ms
167,872.4500000000003 ms
167,883.6000000000001 ms
167,903.0000000000002 ms
167,910.4000000000001 ms
167,913.8500000000001 ms
167,915.8500000000001 ms
167,939.7 ms
167,939.9000000000003 ms
167,948.4000000000003 ms
167,973.2500000000002 ms
167,975.8500000000001 ms
167,995.0000000000002 ms
167,1003.8000000000002 ms
167,1041.9 ms
167,1072.3000000000002 ms
167,1079.1000000000004 ms
167,1105.8500000000004 ms
167,1112.3000000000002 ms
167,1126.5500000000002 ms
167,1142.7000000000003 ms
167,1142.9500000000003 ms
167,1184.2000000000003 ms
167,1196.8000000000002 ms
167,1203.3500000000004 ms
167,1225.6999999999998 ms
167,1241.6999999999998 ms
167,1248.4499999999998 ms
167,1253.8500000000004 ms
167,1264.25 ms
167,1281.4000000000005 ms
167,1291.9000000000005 ms
167,1300.0 ms
167,1312.5 ms
167,1315.1000000000004 ms
167,1327.4 ms
167,1334.4500000000003 ms
167,1338.5499999999997 ms
167,1340.15 ms
167,1340.65 ms
167,1349.2999999999997 ms
167,1369.65 ms
167,1383.5499999999997 ms
167,1392.4500000000003 ms
167,1401.0 ms
167,1401.9499999999998 ms
167,1404.15 ms
167,1404.8000000000002 ms
167,1413.2000000000003 ms
167,1422.0000000000005 ms
167,1427.9500000000003 ms
167,1436.1000000000004 ms
167,1444.0500000000002 ms
167,1451.4500000000007 ms
167,1455.0000000000005 ms
167,1459.4500000000003 ms
167,1485.8500000000008 ms
167,1514.0500000000006 ms
167,1515.9500000000007 ms
167,1530.3000000000006 ms
167,1534.9500000000007 ms
167,1553.8000000000006 ms
167,1563.1000000000008 ms
167,1583.2000000000003 ms
167,1620.3000000000006 ms
167,1654.0000000000005 ms
167,1659.8000000000006 ms
167,1682.3500000000004 ms
167,1690.7500000000005 ms
167,1692.6500000000005 ms
167,1695.7000000000007 ms
167,1696.8000000000002 ms
167,1701.1000000000004 ms
167,1705.0000000000005 ms
167,1730.4500000000003 ms
167,1731.8500000000008 ms
167,1745.9500000000003 ms
167,1783.3500000000008 ms
167,1789.4000000000005 ms
167,1791.7000000000007 ms
167,1800.8000000000002 ms
167,1804.5500000000002 ms
167,1813.9000000000005 ms
167,1832.3000000000002 ms
167,1847.1000000000004 ms
167,1849.1500000000005 ms
167,1851.6000000000004 ms
167,1855.9000000000005 ms
167,1858.6500000000005 ms
167,1863.9500000000003 ms
167,1945.8500000000004 ms
167,1946.6000000000004 ms
167,1958.2500000000005 ms
167,1978.3500000000004 ms
167,1998.4000000000005 ms
167,2002.8500000000004 ms
167,2002.9500000000003 ms
167,2003.8000000000002 ms
167,2009.7000000000003 ms
167,2060.0000000000005 ms
167,2070.8000000000006 ms
167,2077.5500000000006 ms
167,2082.0000000000005 ms
167,2083.4500000000003 ms
167,2092.65 ms
167,2140.2000000000003 ms
167,2144.100000000001 ms
167,2150.6 ms
167,2173.0499999999997 ms
167,2173.7499999999995 ms
167,2192.5000000000005 ms
167,2229.0500000000006 ms
167,2278.15 ms
167,2301.7499999999995 ms
167,2302.6999999999994 ms
167,2317.4999999999995 ms
167,2326.65 ms
167,2333.35 ms
167,2347.35 ms
167,2355.35 ms
167,2360.6999999999994 ms
167,2361.0499999999997 ms
167,2369.9999999999995 ms
167,2372.099999999999 ms
167,2378.899999999999 ms
167,2382.7999999999997 ms
167,2406.149999999999 ms
167,2406.9499999999994 ms
167,2417.2000000000003 ms
167,2424.6999999999994 ms
167,2437.0499999999997 ms
167,2455.5499999999997 ms
167,2480.35 ms
167,2483.2999999999997 ms
167,2487.4999999999995 ms
167,2494.9999999999995 ms
167,2513.15 ms
167,2515.0499999999997 ms
167,2545.2000000000003 ms
167,2554.1 ms
167,2567.1999999999994 ms
167,2575.7000000000003 ms
167,2611.0000000000005 ms
167,2634.9 ms
167,2636.3000000000006 ms
167,2637.600000000001 ms
167,2653.3000000000006 ms
167,2664.7000000000003 ms
167,2717.7000000000003 ms
167,2717.9 ms
167,2737.35 ms
167,2742.6 ms
167,2753.5499999999997 ms
167,2755.85 ms
167,2764.9499999999994 ms
167,2783.85 ms
167,2803.6999999999994 ms
167,2813.2000000000003 ms
167,2821.9 ms
167,2829.7499999999995 ms
167,2831.1999999999994 ms
167,2876.399999999999 ms
167,2887.149999999999 ms
167,2895.599999999999 ms
167,2899.599999999999 ms
167,2942.149999999999 ms
167,2953.899999999999 ms
167,2982.099999999999 ms
167,2984.1999999999985 ms
167,2992.8999999999983 ms
167,2997.649999999999 ms
167,2998.599999999999 ms
167,3004.149999999999 ms
167,3008.7499999999986 ms
167,3027.299999999999 ms
167,3039.299999999999 ms
167,3067.099999999999 ms
167,3075.399999999999 ms
167,3076.149999999999 ms
167,3086.349999999999 ms
167,3098.1999999999985 ms
167,3105.299999999999 ms
167,3117.099999999999 ms
167,3175.9499999999985 ms
167,3214.049999999999 ms
167,3227.349999999999 ms
167,3229.9999999999995 ms
167,3260.4999999999986 ms
167,3261.9999999999995 ms
167,3303.1999999999994 ms
167,3316.599999999999 ms
167,3323.849999999999 ms
167,3334.049999999999 ms
167,3337.299999999999 ms
167,3346.799999999999 ms
167,3349.049999999999 ms
167,3372.6999999999994 ms
167,3400.349999999999 ms
167,3402.399999999999 ms
167,3402.849999999999 ms
167,3462.4999999999995 ms
167,3483.4999999999986 ms
167,3503.049999999999 ms
167,3520.849999999999 ms
167,3524.549999999999 ms
167,3533.4999999999986 ms
167,3540.099999999999 ms
167,3544.799999999999 ms
167,3572.6999999999994 ms
167,3577.649999999999 ms
167,3577.9499999999994 ms
167,3591.099999999999 ms
167,3645.399999999999 ms
167,3662.1999999999994 ms
167,3669.799999999999 ms
167,3672.7499999999986 ms
167,3697.299999999999 ms
167,3704.899999999999 ms
167,3731.4999999999986 ms
167,3731.599999999999 ms
167,3736.899999999999 ms
167,3773.4999999999986 ms
167,3791.4999999999995 ms
167,3819.4999999999986 ms
167,3833.049999999999 ms
167,3861.5499999999997 ms
167,3872.7499999999995 ms
167,3873.899999999999 ms
167,3877.7499999999986 ms
167,3900.899999999999 ms
167,3930.649999999999 ms
167,3941.849999999999 ms
167,3943.9999999999995 ms
167,3958.099999999999 ms
167,3959.149999999999 ms
167,3964.2499999999986 ms
167,3977.7499999999995 ms
167,3980.4499999999994 ms
168,44.2 ms
168,80.25 ms
168,80.85 ms
168,97.04999999999998 ms
168,100.75 ms
168,108.0 ms
168,128.2 ms
168,129.2 ms
168,145.14999999999998 ms
168,158.7 ms
168,169.84999999999997 ms
168,201.34999999999997 ms
168,201.59999999999997 ms
168,203.0 ms
168,209.64999999999998 ms
168,230.95000000000005 ms
168,233.60000000000002 ms
168,236.40000000000003 ms
168,246.15000000000003 ms
168,248.95000000000005 ms
168,249.15000000000003 ms
168,251.95000000000005 ms
168,253.25000000000006 ms
168,262.3500000000001 ms
168,266.15000000000015 ms
168,288.3000000000001 ms
168,297.55 ms
168,298.25000000000006 ms
168,303.15000000000003 ms
168,304.8 ms
168,347.45 ms
168,358.7000000000001 ms
168,392.8500000000001 ms
168,413.00000000000006 ms
168,417.95 ms
168,421.34999999999997 ms
168,424.7 ms
168,441.59999999999997 ms
168,496.65000000000003 ms
168,497.25000000000006 ms
168,518.9000000000001 ms
168,532.5999999999999 ms
168,540.45 ms
168,543.1000000000001 ms
168,546.8999999999999 ms
168,566.7 ms
168,579.3999999999999 ms
168,594.3999999999999 ms
168,640.3999999999999 ms
168,667.45 ms
168,683.8 ms
168,694.3499999999999 ms
168,709.3499999999999 ms
168,719.8 ms
168,735.8999999999999 ms
168,758.2 ms
168,780.3499999999999 ms
168,803.8499999999999 ms
168,845.3999999999999 ms
168,861.3 ms
168,889.0999999999997 ms
168,904.9999999999998 ms
168,917.7999999999997 ms
168,928.1499999999996 ms
168,956.2499999999998 ms
168,957.0499999999997 ms
168,964.8999999999996 ms
168,971.6999999999998 ms
168,977.7499999999995 ms
168,1016.2999999999997 ms
168,1061.2499999999995 ms
168,1075.0999999999995 ms
168,1088.3999999999996 ms
168,1097.9499999999994 ms
168,1158.1499999999992 ms
168,1159.5499999999997 ms
168,1201.3499999999995 ms
168,1205.5999999999995 ms
168,1215.2499999999995 ms
168,1240.7999999999997 ms
168,1245.0499999999997 ms
168,1245.9999999999995 ms
168,1254.2499999999995 ms
168,1254.6999999999994 ms
168,1258.8999999999996 ms
168,1271.3499999999995 ms
168,1287.3999999999996 ms
168,1295.0999999999995 ms
168,1313.0499999999997 ms
168,1324.1999999999998 ms
168,1338.25 ms
168,1341.0 ms
168,1349.0499999999997 ms
168,1354.6999999999998 ms
168,1358.1499999999996 ms
168,1366.6 ms
168,1369.75 ms
168,1399.0 ms
168,1415.85 ms
168,1448.25 ms
168,1449.25 ms
168,1461.85 ms
168,1482.15 ms
168,1505.65 ms
168,1516.85 ms
168,1530.25 ms
168,1536.85 ms
168,1555.4499999999998 ms
168,1557.6499999999996 ms
168,1574.6999999999998 ms
168,1628.1 ms
168,1634.9499999999998 ms
168,1635.8999999999996 ms
168,1638.85 ms
168,1656.9499999999998 ms
168,1666.0499999999997 ms
168,1696.1999999999998 ms
168,1710.7999999999997 ms
168,1719.85 ms
168,1729.4499999999994 ms
168,1736.6 ms
168,1741.7499999999995 ms
168,1742.9 ms
168,1743.5499999999997 ms
168,1746.2999999999997 ms
168,1746.7000000000003 ms
168,1769.25 ms
168,1775.6 ms
168,1792.75 ms
168,1805.4 ms
168,1808.9500000000003 ms
168,1817.0 ms
168,1821.65 ms
168,1833.9 ms
168,1850.4 ms
168,1861.75 ms
168,1901.5500000000002 ms
168,1912.25 ms
168,1921.0 ms
168,1925.1 ms
168,1926.5 ms
168,1928.65 ms
168,1940.15 ms
168,1964.9500000000003 ms
168,1990.4 ms
168,1991.0 ms
168,2004.0 ms
168,2016.8000000000002 ms
168,2019.8000000000002 ms
168,2050.05 ms
168,2052.9000000000005 ms
168,2055.3499999999995 ms
168,2060.0999999999995 ms
168,2077.9000000000005 ms
168,2097.5 ms
168,2110.45 ms
168,2129.3499999999995 ms
168,2132.8 ms
168,2134.2 ms
168,2140.5 ms
168,2141.3 ms
168,2148.3 ms
168,2152.45 ms
168,2155.6000000000004 ms
168,2169.3500000000004 ms
168,2186.8500000000004 ms
168,2200.2000000000007 ms
168,2213.5 ms
168,2223.5 ms
168,2225.050000000001 ms
168,2235.300000000001 ms
168,2239.7000000000007 ms
168,2240.550000000001 ms
168,2245.1000000000004 ms
168,2265.800000000001 ms
168,2275.4000000000005 ms
168,2276.6000000000004 ms
168,2277.9500000000007 ms
168,2278.7000000000007 ms
168,2279.8999999999996 ms
168,2289.3 ms
168,2304.5 ms
168,2305.1499999999996 ms
168,2330.5 ms
168,2363.7 ms
168,2390.75 ms
168,2404.75 ms
168,2405.1499999999996 ms
168,2413.6499999999996 ms
168,2423.1499999999996 ms
168,2429.05 ms
168,2467.8500000000004 ms
168,2479.9500000000007 ms
168,2480.8 ms
168,2483.05 ms
168,2500.9000000000005 ms
168,2515.05 ms
168,2521.55 ms
168,2526.25 ms
168,2530.5 ms
168,2577.75 ms
168,2579.8999999999996 ms
168,2580.2000000000007 ms
168,2584.25 ms
168,2589.75 ms
168,2598.1500000000005 ms
168,2600.4500000000007 ms
168,2604.2000000000007 ms
168,2605.2000000000007 ms
168,2618.550000000001 ms
168,2628.8500000000004 ms
168,2647.9000000000015 ms
168,2652.250000000001 ms
168,2668.750000000001 ms
168,2679.250000000001 ms
168,2694.6000000000013 ms
168,2700.000000000001 ms
168,2708.9000000000005 ms
168,2734.500000000001 ms
168,2748.4000000000005 ms
168,2751.4500000000016 ms
168,2754.2000000000016 ms
168,2797.300000000001 ms
168,2801.300000000001 ms
168,2803.3500000000013 ms
168,2842.2000000000016 ms
168,2848.4500000000016 ms
168,2853.3500000000013 ms
168,2863.1500000000015 ms
168,2863.8500000000013 ms
168,2869.550000000001 ms
168,2883.1500000000015 ms
168,2905.500000000001 ms
168,2907.4000000000005 ms
168,2910.6500000000005 ms
168,2914.4000000000005 ms
168,2916.500000000001 ms
168,2924.2000000000007 ms
168,2924.3500000000004 ms
168,2945.1000000000004 ms
168,2990.800000000001 ms
168,2996.6500000000005 ms
168,3008.7000000000007 ms
168,3079.000000000001 ms
168,3101.8500000000013 ms
168,3127.9000000000005 ms
168,3159.6500000000005 ms
168,3195.8500000000013 ms
168,3201.7000000000007 ms
168,3206.2000000000007 ms
168,3235.7000000000007 ms
168,3251.000000000001 ms
168,3252.4500000000007 ms
168,3271.6500000000005 ms
168,3293.55 ms
168,3303.3 ms
168,3305.8 ms
168,3334.7000000000007 ms
168,3340.3500000000004 ms
168,3350.3500000000004 ms
168,3358.2000000000007 ms
168,3363.3500000000004 ms
168,3374.3500000000004 ms
168,3402.050000000001 ms
168,3403.7000000000007 ms
168,3404.1500000000005 ms
168,3404.250000000001 ms
168,3418.250000000001 ms
168,3431.3 ms
168,3434.3500000000013 ms
168,3437.4000000000005 ms
168,3446.800000000001 ms
168,3450.4500000000007 ms
168,3454.9500000000007 ms
168,3462.2000000000007 ms
168,3463.9000000000015 ms
168,3464.8500000000004 ms
168,3469.6000000000004 ms
168,3482.3500000000004 ms
168,3490.550000000001 ms
168,3493.9500000000007 ms
168,3518.7000000000007 ms
168,3537.6500000000005 ms
168,3539.6500000000005 ms
168,3565.4000000000005 ms
168,3576.6000000000004 ms
168,3588.0 ms
168,3591.8500000000004 ms
168,3597.9000000000005 ms
168,3600.8 ms
168,3609.4500000000007 ms
168,3620.9000000000005 ms
168,3623.500000000001 ms
168,3626.8 ms
168,3630.4000000000005 ms
168,3655.9000000000005 ms
168,3658.7000000000007 ms
168,3662.000000000001 ms
168,3689.050000000001 ms
168,3695.250000000001 ms
168,3698.250000000001 ms
168,3712.500000000001 ms
168,3718.1000000000013 ms
168,3721.05 ms
168,3735.9000000000005 ms
168,3741.500000000001 ms
168,3748.500000000001 ms
168,3750.8500000000004 ms
168,3750.9500000000007 ms
168,3752.7000000000007 ms
168,3754.8500000000004 ms
168,3755.7000000000007 ms
168,3774.0 ms
168,3775.300000000001 ms
168,3799.3500000000004 ms
168,3808.6000000000004 ms
168,3815.3500000000004 ms
168,3821.7000000000007 ms
168,3826.4500000000007 ms
168,3828.4500000000007 ms
168,3836.050000000001 ms
168,3883.9000000000005 ms
168,3917.3 ms
168,3941.9500000000007 ms
168,3961.6500000000005 ms
168,3972.4500000000007 ms
168,3977.550000000001 ms
168,3978.1000000000004 ms
168,3979.6500000000015 ms
168,3982.3500000000004 ms
168,3983.000000000001 ms
169,7.9 ms
169,9.85 ms
169,16.700000000000003 ms
169,17.35 ms
169,23.25 ms
169,31.1 ms
169,44.800000000000004 ms
169,46.300000000000004 ms
169,48.6 ms
169,65.55000000000001 ms
169,102.75 ms
169,105.69999999999999 ms
169,115.65 ms
169,138.10000000000002 ms
169,145.8 ms
169,182.45 ms
169,186.75000000000006 ms
169,199.55 ms
169,199.95000000000005 ms
169,201.90000000000003 ms
169,211.65000000000003 ms
169,214.25000000000006 ms
169,221.7 ms
169,225.90000000000003 ms
169,242.0 ms
169,245.5 ms
169,248.35000000000002 ms
169,249.7 ms
169,251.14999999999998 ms
169,258.59999999999997 ms
169,265.7 ms
169,275.2 ms
169,293.1499999999999 ms
169,317.74999999999994 ms
169,324.1499999999999 ms
169,326.74999999999994 ms
169,335.59999999999997 ms
169,344.15000000000003 ms
169,354.4500000000001 ms
169,375.50000000000006 ms
169,405.95 ms
169,416.3 ms
169,442.15000000000003 ms
169,444.3 ms
169,447.8500000000001 ms
169,452.8 ms
169,458.8500000000001 ms
169,467.65000000000015 ms
169,498.2000000000001 ms
169,508.75000000000017 ms
169,533.05 ms
169,564.95 ms
169,565.7 ms
169,566.7 ms
169,569.95 ms
169,580.6500000000001 ms
169,610.8000000000002 ms
169,622.25 ms
169,634.7000000000003 ms
169,668.8500000000001 ms
169,676.6500000000001 ms
169,681.8000000000002 ms
169,699.45 ms
169,711.55 ms
169,717.8500000000001 ms
169,725.5 ms
169,732.75 ms
169,734.0 ms
169,738.5999999999999 ms
169,745.75 ms
169,785.3 ms
169,787.95 ms
169,791.3999999999999 ms
169,796.1000000000001 ms
169,811.6000000000001 ms
169,823.6000000000001 ms
169,840.3999999999999 ms
169,894.6499999999999 ms
169,910.8500000000001 ms
169,915.55 ms
169,921.2 ms
169,932.3 ms
169,941.45 ms
169,946.8 ms
169,956.0000000000002 ms
169,962.4000000000001 ms
169,966.8500000000001 ms
169,969.9000000000001 ms
169,985.3500000000001 ms
169,1004.45 ms
169,1008.6500000000003 ms
169,1047.3999999999999 ms
169,1060.7499999999998 ms
169,1063.5999999999997 ms
169,1080.4499999999996 ms
169,1080.7999999999995 ms
169,1092.3499999999997 ms
169,1104.7499999999998 ms
169,1106.8999999999999 ms
169,1151.4499999999996 ms
169,1171.7999999999995 ms
169,1181.2499999999998 ms
169,1200.2 ms
169,1210.4499999999996 ms
169,1239.3499999999997 ms
169,1240.3500000000001 ms
169,1240.8 ms
169,1268.0999999999997 ms
169,1296.7499999999998 ms
169,1303.95 ms
169,1315.7499999999998 ms
169,1316.5999999999997 ms
169,1331.8500000000001 ms
169,1334.0000000000002 ms
169,1335.9999999999998 ms
169,1338.3499999999997 ms
169,1347.4999999999998 ms
169,1360.7500000000002 ms
169,1371.2499999999998 ms
169,1373.5999999999997 ms
169,1402.9999999999998 ms
169,1461.8499999999997 ms
169,1464.7499999999998 ms
169,1470.1499999999999 ms
169,1474.4000000000003 ms
169,1483.0000000000002 ms
169,1483.2499999999998 ms
169,1496.8499999999997 ms
169,1498.55 ms
169,1507.8999999999999 ms
169,1524.8999999999999 ms
169,1526.8500000000001 ms
169,1568.0999999999997 ms
169,1578.05 ms
169,1580.3 ms
169,1601.55 ms
169,1604.2500000000002 ms
169,1610.6500000000003 ms
169,1619.45 ms
169,1624.95 ms
169,1632.3500000000001 ms
169,1640.3000000000004 ms
169,1646.8500000000001 ms
169,1651.8000000000004 ms
169,1656.55 ms
169,1658.1499999999999 ms
169,1658.3 ms
169,1664.3500000000001 ms
169,1681.8999999999999 ms
169,1690.6000000000001 ms
169,1700.95 ms
169,1706.45 ms
169,1713.1500000000003 ms
169,1721.6499999999999 ms
169,1724.95 ms
169,1735.9000000000003 ms
169,1741.7500000000002 ms
169,1761.05 ms
169,1761.2 ms
169,1769.95 ms
169,1773.3 ms
169,1777.0999999999997 ms
169,1803.3999999999999 ms
169,1809.9999999999998 ms
169,1817.3499999999997 ms
169,1819.3 ms
169,1820.8499999999997 ms
169,1846.9499999999996 ms
169,1850.9499999999996 ms
169,1861.1999999999996 ms
169,1874.8999999999999 ms
169,1883.3 ms
169,1906.95 ms
169,1912.9999999999998 ms
169,1961.8499999999997 ms
169,1979.9999999999998 ms
169,1983.2 ms
169,1983.9499999999996 ms
169,2004.2999999999995 ms
169,2005.4999999999998 ms
169,2010.5999999999997 ms
169,2013.55 ms
169,2021.9999999999998 ms
169,2074.45 ms
169,2101.45 ms
169,2131.7 ms
169,2134.2 ms
169,2163.8999999999996 ms
169,2168.45 ms
169,2187.1499999999996 ms
169,2188.25 ms
169,2222.0 ms
169,2231.449999999999 ms
169,2240.8499999999995 ms
169,2258.95 ms
169,2292.249999999999 ms
169,2304.45 ms
169,2315.3999999999987 ms
169,2329.3499999999995 ms
169,2339.3499999999995 ms
169,2351.8999999999987 ms
169,2386.249999999999 ms
169,2396.249999999999 ms
169,2406.699999999999 ms
169,2421.8999999999987 ms
169,2455.449999999999 ms
169,2463.0999999999985 ms
169,2465.449999999999 ms
169,2465.5499999999993 ms
169,2470.7999999999993 ms
169,2502.449999999999 ms
169,2513.1499999999987 ms
169,2560.1499999999987 ms
169,2571.0499999999984 ms
169,2572.999999999999 ms
169,2589.5499999999984 ms
169,2608.8499999999995 ms
169,2609.949999999999 ms
169,2633.7999999999993 ms
169,2637.8499999999985 ms
169,2649.0499999999993 ms
169,2675.5499999999993 ms
169,2682.699999999999 ms
169,2686.749999999999 ms
169,2690.199999999999 ms
169,2694.3499999999985 ms
169,2696.0499999999993 ms
169,2708.699999999999 ms
169,2732.249999999999 ms
169,2744.8499999999995 ms
169,2746.749999999999 ms
169,2748.249999999999 ms
169,2758.3999999999987 ms
169,2767.2999999999993 ms
169,2770.949999999999 ms
169,2772.3499999999995 ms
169,2772.45 ms
169,2789.3999999999987 ms
169,2789.8499999999995 ms
169,2803.3499999999995 ms
169,2803.949999999999 ms
169,2837.5999999999985 ms
169,2845.8999999999996 ms
169,2856.449999999999 ms
169,2950.25 ms
169,2954.3499999999995 ms
169,2961.999999999999 ms
169,2966.0999999999995 ms
169,2981.8999999999996 ms
169,3002.2 ms
169,3004.2 ms
169,3009.45 ms
169,3029.8499999999995 ms
169,3043.5999999999995 ms
169,3050.0 ms
169,3050.3500000000004 ms
169,3081.7 ms
169,3085.95 ms
169,3091.8999999999996 ms
169,3105.3499999999995 ms
169,3113.2999999999993 ms
169,3123.3499999999995 ms
169,3146.5499999999993 ms
169,3150.999999999999 ms
169,3154.499999999999 ms
169,3163.1499999999987 ms
169,3167.45 ms
169,3169.8499999999995 ms
169,3201.499999999999 ms
169,3222.55 ms
169,3233.7 ms
169,3245.25 ms
169,3251.8500000000004 ms
169,3258.2999999999993 ms
169,3262.5499999999993 ms
169,3291.75 ms
169,3327.5 ms
169,3329.449999999999 ms
169,3364.199999999999 ms
169,3373.199999999999 ms
169,3386.0499999999993 ms
169,3441.0499999999993 ms
169,3453.8999999999996 ms
169,3465.449999999999 ms
169,3489.7999999999993 ms
169,3490.3499999999995 ms
169,3495.1499999999996 ms
169,3499.0 ms
169,3503.6499999999996 ms
169,3506.0 ms
169,3511.699999999999 ms
169,3519.949999999999 ms
169,3549.25 ms
169,3555.8499999999995 ms
169,3570.0999999999995 ms
169,3573.1499999999996 ms
169,3612.2999999999993 ms
169,3646.75 ms
169,3647.0999999999995 ms
169,3648.749999999999 ms
169,3676.3 ms
169,3707.1499999999996 ms
169,3712.6499999999996 ms
169,3723.1499999999996 ms
169,3751.95 ms
169,3757.7 ms
169,3793.45 ms
169,3795.8999999999996 ms
169,3810.8499999999995 ms
169,3815.3499999999995 ms
169,3824.95 ms
169,3837.7999999999993 ms
169,3845.499999999999 ms
169,3867.0499999999993 ms
169,3867.199999999999 ms
169,3875.0 ms
169,3877.0499999999993 ms
169,3888.1499999999996 ms
169,3896.1499999999996 ms
169,3900.45 ms
169,3907.25 ms
169,3924.45 ms
169,3925.6499999999996 ms
169,3929.5999999999995 ms
169,3939.2 ms
169,3960.1499999999987 ms
169,3960.749999999999 ms
169,3967.0999999999995 ms
169,3971.2999999999984 ms
169,3971.5499999999984 ms
169,3988.5999999999995 ms
169,3997.3499999999995 ms
169,3998.3999999999987 ms
170,7.300000000000001 ms
170,15.150000000000002 ms
170,20.55 ms
170,51.55000000000001 ms
170,71.80000000000001 ms
170,90.9 ms
170,102.70000000000002 ms
170,122.6 ms
170,131.10000000000002 ms
170,134.5 ms
170,175.25 ms
170,189.55000000000007 ms
170,192.5 ms
170,225.90000000000003 ms
170,239.55 ms
170,241.65000000000003 ms
170,246.15000000000003 ms
170,253.25000000000006 ms
170,259.49999999999994 ms
170,266.3 ms
170,279.2 ms
170,280.59999999999997 ms
170,318.84999999999997 ms
170,321.84999999999997 ms
170,326.95 ms
170,354.2 ms
170,361.45 ms
170,392.34999999999997 ms
170,403.45 ms
170,404.84999999999997 ms
170,410.45 ms
170,419.34999999999997 ms
170,421.74999999999994 ms
170,427.05 ms
170,428.2999999999999 ms
170,429.24999999999994 ms
170,435.9499999999999 ms
170,445.09999999999985 ms
170,452.99999999999983 ms
170,473.3999999999998 ms
170,480.1999999999999 ms
170,481.34999999999985 ms
170,517.7499999999998 ms
170,523.6499999999999 ms
170,534.8999999999999 ms
170,545.6499999999999 ms
170,583.4499999999998 ms
170,608.9999999999998 ms
170,616.5999999999997 ms
170,632.2499999999998 ms
170,645.2499999999998 ms
170,668.6999999999998 ms
170,676.1999999999998 ms
170,687.8999999999999 ms
170,691.6499999999999 ms
170,693.2499999999998 ms
170,709.4999999999998 ms
170,719.1499999999999 ms
170,725.3 ms
170,754.3499999999997 ms
170,771.0999999999997 ms
170,802.8499999999997 ms
170,803.1499999999999 ms
170,832.8499999999997 ms
170,868.3999999999999 ms
170,868.9499999999996 ms
170,878.0499999999997 ms
170,883.6999999999998 ms
170,884.1499999999996 ms
170,886.1999999999998 ms
170,913.1499999999996 ms
170,915.4999999999998 ms
170,919.6999999999998 ms
170,938.3499999999999 ms
170,941.4499999999998 ms
170,944.0499999999997 ms
170,952.8999999999999 ms
170,973.4499999999998 ms
170,973.8999999999999 ms
170,991.6499999999999 ms
170,993.1499999999999 ms
170,1033.85 ms
170,1053.7999999999997 ms
170,1086.75 ms
170,1089.1 ms
170,1096.7999999999997 ms
170,1097.2999999999997 ms
170,1098.2000000000003 ms
170,1101.5499999999997 ms
170,1120.25 ms
170,1142.8000000000002 ms
170,1147.1 ms
170,1153.0 ms
170,1159.9499999999998 ms
170,1173.5500000000002 ms
170,1180.4499999999998 ms
170,1218.6000000000004 ms
170,1219.5 ms
170,1238.2000000000003 ms
170,1249.5000000000005 ms
170,1260.7500000000005 ms
170,1281.4500000000003 ms
170,1285.65 ms
170,1294.7500000000005 ms
170,1296.2500000000005 ms
170,1303.4 ms
170,1319.2500000000005 ms
170,1329.1 ms
170,1341.1 ms
170,1370.85 ms
170,1372.65 ms
170,1375.7000000000003 ms
170,1393.1 ms
170,1422.9500000000003 ms
170,1426.4500000000003 ms
170,1432.2000000000003 ms
170,1455.5499999999997 ms
170,1465.1 ms
170,1468.2999999999997 ms
170,1472.5499999999997 ms
170,1481.4500000000003 ms
170,1501.5499999999997 ms
170,1505.4 ms
170,1505.9 ms
170,1536.9999999999995 ms
170,1544.9499999999998 ms
170,1551.5 ms
170,1558.5999999999995 ms
170,1569.1499999999996 ms
170,1575.3499999999995 ms
170,1580.8999999999996 ms
170,1585.4499999999998 ms
170,1587.2999999999993 ms
170,1611.5499999999993 ms
170,1630.9499999999998 ms
170,1649.0499999999993 ms
170,1653.3499999999995 ms
170,1679.6999999999994 ms
170,1685.9499999999994 ms
170,1686.8499999999995 ms
170,1726.2999999999993 ms
170,1729.3999999999996 ms
170,1740.1999999999994 ms
170,1746.7999999999993 ms
170,1750.1999999999994 ms
170,1766.8499999999995 ms
170,1768.7999999999993 ms
170,1770.4999999999995 ms
170,1786.6999999999994 ms
170,1796.0499999999997 ms
170,1815.4499999999994 ms
170,1821.1999999999994 ms
170,1823.0499999999997 ms
170,1846.7999999999997 ms
170,1847.9499999999994 ms
170,1861.1 ms
170,1873.2499999999995 ms
170,1898.85 ms
170,1904.9499999999994 ms
170,1907.1 ms
170,1910.6 ms
170,1916.4999999999995 ms
170,1935.9 ms
170,1966.35 ms
170,1985.2999999999997 ms
170,1988.1 ms
170,1992.5 ms
170,1994.35 ms
170,2023.7999999999997 ms
170,2056.5 ms
170,2064.3 ms
170,2067.2 ms
170,2103.9000000000005 ms
170,2106.5 ms
170,2108.6000000000004 ms
170,2110.25 ms
170,2120.45 ms
170,2129.2 ms
170,2132.2 ms
170,2136.0999999999995 ms
170,2142.0999999999995 ms
170,2144.2 ms
170,2144.55 ms
170,2147.8999999999996 ms
170,2148.2 ms
170,2149.55 ms
170,2155.55 ms
170,2181.6499999999996 ms
170,2192.45 ms
170,2206.3 ms
170,2228.45 ms
170,2266.3999999999996 ms
170,2273.0499999999993 ms
170,2285.8500000000004 ms
170,2299.3999999999996 ms
170,2300.55 ms
170,2301.5 ms
170,2314.8 ms
170,2314.95 ms
170,2323.4000000000005 ms
170,2343.3499999999995 ms
170,2349.75 ms
170,2356.95 ms
170,2379.0999999999995 ms
170,2390.75 ms
170,2394.05 ms
170,2404.6000000000004 ms
170,2432.05 ms
170,2441.3 ms
170,2442.25 ms
170,2469.3 ms
170,2508.55 ms
170,2518.6000000000004 ms
170,2519.8500000000004 ms
170,2548.3 ms
170,2557.05 ms
170,2572.4000000000005 ms
170,2597.8 ms
170,2613.0 ms
170,2615.25 ms
170,2628.3999999999996 ms
170,2659.2000000000007 ms
170,2677.0 ms
170,2685.9000000000005 ms
170,2690.4500000000007 ms
170,2699.6500000000005 ms
170,2713.9500000000007 ms
170,2718.050000000001 ms
170,2720.25 ms
170,2725.6000000000004 ms
170,2737.1500000000005 ms
170,2749.2000000000007 ms
170,2763.4000000000005 ms
170,2776.000000000001 ms
170,2795.750000000001 ms
170,2813.8 ms
170,2818.4500000000007 ms
170,2843.3500000000004 ms
170,2849.1500000000015 ms
170,2868.1500000000015 ms
170,2890.750000000001 ms
170,2905.7000000000007 ms
170,2922.500000000001 ms
170,2929.050000000001 ms
170,2936.4500000000007 ms
170,2956.7000000000007 ms
170,2958.550000000001 ms
170,2974.2000000000007 ms
170,3004.9000000000015 ms
170,3011.8500000000004 ms
170,3049.300000000001 ms
170,3096.4000000000005 ms
170,3117.55 ms
170,3127.1000000000013 ms
170,3133.4000000000005 ms
170,3138.300000000001 ms
170,3197.6000000000013 ms
170,3225.3500000000013 ms
170,3236.8500000000013 ms
170,3254.250000000001 ms
170,3270.2000000000016 ms
170,3274.6500000000005 ms
170,3286.7000000000016 ms
170,3290.750000000001 ms
170,3306.800000000002 ms
170,3314.6000000000013 ms
170,3340.800000000002 ms
170,3344.050000000002 ms
170,3362.9500000000016 ms
170,3363.6500000000015 ms
170,3392.800000000001 ms
170,3408.600000000002 ms
170,3409.800000000001 ms
170,3455.2000000000016 ms
170,3466.6000000000013 ms
170,3496.4000000000024 ms
170,3497.300000000002 ms
170,3508.4000000000024 ms
170,3509.550000000002 ms
170,3513.000000000002 ms
170,3541.350000000002 ms
170,3554.4000000000015 ms
170,3557.100000000002 ms
170,3583.1500000000015 ms
170,3585.4500000000025 ms
170,3588.9500000000025 ms
170,3605.6500000000015 ms
170,3607.800000000002 ms
170,3612.850000000002 ms
170,3636.800000000002 ms
170,3639.500000000002 ms
170,3661.7000000000016 ms
170,3668.1000000000013 ms
170,3689.6500000000024 ms
170,3695.050000000002 ms
170,3733.9000000000024 ms
170,3746.1000000000013 ms
170,3751.050000000002 ms
170,3752.4000000000015 ms
170,3760.8500000000013 ms
170,3843.9500000000016 ms
170,3861.7000000000016 ms
170,3865.9000000000005 ms
170,3894.4500000000016 ms
170,3904.1500000000005 ms
170,3914.800000000001 ms
170,3925.500000000001 ms
170,3939.500000000001 ms
170,3975.500000000001 ms
170,3990.050000000001 ms
170,3999.7000000000007 ms
171,2.3000000000000003 ms
171,8.75 ms
171,21.4 ms
171,43.949999999999996 ms
171,44.15 ms
171,76.6 ms
171,89.25000000000003 ms
171,95.05000000000001 ms
171,124.45000000000002 ms
171,126.55000000000001 ms
171,136.25 ms
171,149.14999999999998 ms
171,158.0 ms
171,170.39999999999998 ms
171,175.0 ms
171,187.64999999999998 ms
171,189.05 ms
171,191.7 ms
171,192.85000000000002 ms
171,202.3 ms
171,208.55 ms
171,211.90000000000003 ms
171,229.15000000000003 ms
171,230.8 ms
171,236.0 ms
171,239.3 ms
171,241.40000000000003 ms
171,255.90000000000003 ms
171,309.84999999999997 ms
171,317.8 ms
171,324.05 ms
171,326.3 ms
171,351.45 ms
171,361.25000000000006 ms
171,363.8500000000001 ms
171,366.25000000000006 ms
171,369.7 ms
171,375.00000000000006 ms
171,382.3500000000001 ms
171,415.50000000000006 ms
171,417.2 ms
171,423.1499999999999 ms
171,459.59999999999997 ms
171,468.90000000000003 ms
171,538.4499999999998 ms
171,551.5999999999999 ms
171,568.05 ms
171,574.5 ms
171,577.2 ms
171,580.0 ms
171,591.5 ms
171,621.6500000000001 ms
171,643.0999999999999 ms
171,649.3499999999999 ms
171,676.5 ms
171,687.3499999999999 ms
171,688.0 ms
171,696.7 ms
171,702.3 ms
171,736.8 ms
171,758.7 ms
171,762.55 ms
171,786.5000000000002 ms
171,788.55 ms
171,793.2500000000002 ms
171,793.8500000000001 ms
171,795.3000000000002 ms
171,799.5000000000002 ms
171,800.3000000000002 ms
171,818.3000000000002 ms
171,824.0500000000002 ms
171,827.8500000000001 ms
171,828.9000000000001 ms
171,841.95 ms
171,845.1500000000001 ms
171,846.75 ms
171,848.1500000000001 ms
171,863.8000000000002 ms
171,886.95 ms
171,931.6500000000001 ms
171,955.6500000000001 ms
171,960.0500000000002 ms
171,966.6500000000001 ms
171,977.9000000000001 ms
171,995.5 ms
171,1001.0500000000002 ms
171,1004.95 ms
171,1043.55 ms
171,1051.5000000000002 ms
171,1059.8 ms
171,1071.2 ms
171,1079.6000000000001 ms
171,1141.8999999999999 ms
171,1151.9999999999998 ms
171,1162.05 ms
171,1166.0999999999997 ms
171,1193.05 ms
171,1195.7500000000002 ms
171,1206.05 ms
171,1208.0000000000002 ms
171,1208.1000000000001 ms
171,1237.8999999999999 ms
171,1250.6000000000001 ms
171,1258.7500000000002 ms
171,1278.3500000000001 ms
171,1286.95 ms
171,1288.9999999999998 ms
171,1295.3499999999997 ms
171,1342.7499999999998 ms
171,1358.8999999999999 ms
171,1363.8 ms
171,1396.8 ms
171,1398.8999999999999 ms
171,1403.3500000000001 ms
171,1418.8 ms
171,1428.55 ms
171,1433.55 ms
171,1443.05 ms
171,1463.5000000000002 ms
171,1464.9000000000003 ms
171,1466.8000000000004 ms
171,1479.8 ms
171,1495.6499999999999 ms
171,1498.3500000000001 ms
171,1513.8500000000001 ms
171,1514.0000000000002 ms
171,1528.5000000000002 ms
171,1531.7000000000005 ms
171,1544.8000000000004 ms
171,1570.2000000000005 ms
171,1584.0000000000002 ms
171,1585.8 ms
171,1608.7500000000002 ms
171,1613.7500000000002 ms
171,1615.4500000000005 ms
171,1712.2 ms
171,1712.7000000000005 ms
171,1736.6000000000006 ms
171,1749.6000000000001 ms
171,1749.9000000000003 ms
171,1773.1000000000006 ms
171,1822.9500000000005 ms
171,1833.3000000000004 ms
171,1837.1000000000001 ms
171,1840.0500000000004 ms
171,1844.2000000000005 ms
171,1860.8500000000006 ms
171,1893.8500000000001 ms
171,1899.5000000000002 ms
171,1899.8000000000004 ms
171,1915.1000000000001 ms
171,1928.7500000000002 ms
171,1948.7000000000005 ms
171,1960.6500000000008 ms
171,1975.0500000000009 ms
171,1991.8000000000004 ms
171,1992.1500000000003 ms
171,2018.9000000000008 ms
171,2028.2500000000007 ms
171,2096.25 ms
171,2110.4000000000005 ms
171,2116.750000000001 ms
171,2124.1000000000004 ms
171,2128.4500000000007 ms
171,2137.5 ms
171,2142.75 ms
171,2147.550000000001 ms
171,2160.25 ms
171,2170.800000000001 ms
171,2187.0 ms
171,2191.7000000000007 ms
171,2194.8 ms
171,2203.05 ms
171,2246.1000000000004 ms
171,2308.3 ms
171,2317.6000000000004 ms
171,2326.25 ms
171,2330.75 ms
171,2353.4500000000007 ms
171,2378.6499999999996 ms
171,2385.6000000000004 ms
171,2397.95 ms
171,2416.25 ms
171,2419.95 ms
171,2443.3 ms
171,2448.6499999999996 ms
171,2449.5999999999995 ms
171,2463.3999999999996 ms
171,2466.6499999999996 ms
171,2474.0499999999993 ms
171,2480.75 ms
171,2481.5999999999995 ms
171,2483.5999999999995 ms
171,2500.45 ms
171,2502.8999999999987 ms
171,2536.5999999999995 ms
171,2542.0499999999984 ms
171,2571.949999999999 ms
171,2581.749999999999 ms
171,2627.499999999999 ms
171,2656.2999999999993 ms
171,2659.5999999999995 ms
171,2691.5499999999993 ms
171,2703.499999999999 ms
171,2704.3999999999987 ms
171,2707.1499999999987 ms
171,2708.7 ms
171,2713.95 ms
171,2764.0499999999993 ms
171,2775.7999999999993 ms
171,2811.5999999999995 ms
171,2813.45 ms
171,2825.2999999999993 ms
171,2833.8499999999995 ms
171,2836.7 ms
171,2836.7999999999993 ms
171,2840.6499999999996 ms
171,2857.7999999999993 ms
171,2888.2999999999993 ms
171,2894.6499999999996 ms
171,2902.949999999999 ms
171,2914.2999999999993 ms
171,2941.3499999999995 ms
171,2972.7999999999993 ms
171,2996.699999999999 ms
171,2997.8999999999996 ms
171,3016.2999999999993 ms
171,3030.1499999999996 ms
171,3036.2999999999993 ms
171,3042.0999999999995 ms
171,3071.95 ms
171,3083.7999999999993 ms
171,3125.699999999999 ms
171,3129.75 ms
171,3140.5 ms
171,3140.5999999999995 ms
171,3143.749999999999 ms
171,3144.8999999999996 ms
171,3149.8999999999996 ms
171,3159.1499999999996 ms
171,3172.3999999999996 ms
171,3187.3499999999995 ms
171,3228.8499999999995 ms
171,3234.45 ms
171,3244.45 ms
171,3247.7 ms
171,3251.7 ms
171,3261.5999999999995 ms
171,3268.8499999999995 ms
171,3272.749999999999 ms
171,3273.3999999999996 ms
171,3280.1499999999996 ms
171,3292.2 ms
171,3315.25 ms
171,3327.05 ms
171,3349.4000000000005 ms
171,3349.8499999999995 ms
171,3351.3 ms
171,3351.55 ms
171,3374.0999999999995 ms
171,3375.4000000000005 ms
171,3394.0999999999995 ms
171,3395.45 ms
171,3403.7 ms
171,3414.55 ms
171,3418.3 ms
171,3424.3499999999995 ms
171,3428.3 ms
171,3450.8999999999996 ms
171,3462.3999999999996 ms
171,3464.0999999999995 ms
171,3474.5999999999995 ms
171,3488.6499999999996 ms
171,3492.2 ms
171,3503.5 ms
171,3514.95 ms
171,3539.0999999999995 ms
171,3559.8 ms
171,3572.749999999999 ms
171,3594.6499999999996 ms
171,3595.2999999999993 ms
171,3607.2999999999993 ms
171,3625.3500000000004 ms
171,3625.8999999999996 ms
171,3635.75 ms
171,3638.55 ms
171,3681.75 ms
171,3700.05 ms
171,3718.1000000000004 ms
171,3755.55 ms
171,3759.1500000000005 ms
171,3760.45 ms
171,3770.95 ms
171,3773.500000000001 ms
171,3786.3500000000004 ms
171,3821.9000000000005 ms
171,3822.000000000001 ms
171,3845.6000000000004 ms
171,3866.8 ms
171,3874.6500000000005 ms
171,3890.1500000000005 ms
171,3898.75 ms
171,3907.55 ms
171,3908.1500000000005 ms
171,3916.55 ms
171,3920.05 ms
171,3924.3500000000004 ms
171,3956.75 ms
171,3960.800000000001 ms
171,3978.0 ms
172,31.0 ms
172,42.8 ms
172,59.0 ms
172,61.3 ms
172,68.25000000000001 ms
172,97.65000000000002 ms
172,111.2 ms
172,111.7 ms
172,126.65000000000002 ms
172,136.8 ms
172,144.60000000000002 ms
172,147.90000000000003 ms
172,161.85000000000002 ms
172,232.65000000000003 ms
172,245.85000000000002 ms
172,258.35 ms
172,284.1 ms
172,288.35 ms
172,293.45000000000005 ms
172,301.80000000000007 ms
172,306.95000000000005 ms
172,308.80000000000007 ms
172,316.70000000000005 ms
172,328.95000000000005 ms
172,329.30000000000007 ms
172,347.35 ms
172,348.5000000000001 ms
172,349.15 ms
172,356.5000000000001 ms
172,384.35 ms
172,402.1 ms
172,410.6500000000001 ms
172,416.85000000000014 ms
172,429.75 ms
172,488.95000000000005 ms
172,502.25 ms
172,512.25 ms
172,515.9000000000001 ms
172,519.9499999999998 ms
172,536.0999999999999 ms
172,553.3499999999999 ms
172,559.3 ms
172,566.5999999999999 ms
172,568.05 ms
172,575.25 ms
172,577.7 ms
172,601.8 ms
172,603.45 ms
172,609.0 ms
172,610.7 ms
172,625.25 ms
172,625.55 ms
172,648.2 ms
172,654.7 ms
172,665.7 ms
172,684.9999999999998 ms
172,709.95 ms
172,713.55 ms
172,728.05 ms
172,742.0 ms
172,743.9000000000001 ms
172,744.05 ms
172,754.2 ms
172,755.55 ms
172,777.75 ms
172,788.6500000000001 ms
172,789.3499999999999 ms
172,796.8499999999999 ms
172,802.4000000000001 ms
172,836.3499999999999 ms
172,865.4000000000001 ms
172,875.8 ms
172,878.45 ms
172,933.3999999999999 ms
172,934.8500000000001 ms
172,946.8999999999999 ms
172,962.2 ms
172,988.7499999999998 ms
172,992.95 ms
172,1009.9999999999998 ms
172,1027.85 ms
172,1042.75 ms
172,1073.15 ms
172,1074.5500000000002 ms
172,1091.1000000000004 ms
172,1113.15 ms
172,1125.65 ms
172,1148.0 ms
172,1148.9 ms
172,1158.3000000000002 ms
172,1165.0500000000002 ms
172,1168.0 ms
172,1172.1000000000004 ms
172,1179.0500000000002 ms
172,1182.5500000000002 ms
172,1188.65 ms
172,1191.7000000000003 ms
172,1194.85 ms
172,1195.0500000000002 ms
172,1199.3000000000002 ms
172,1212.25 ms
172,1216.75 ms
172,1229.5500000000002 ms
172,1257.15 ms
172,1260.0500000000002 ms
172,1267.2000000000003 ms
172,1277.0500000000002 ms
172,1286.65 ms
172,1289.9500000000003 ms
172,1290.85 ms
172,1305.2500000000005 ms
172,1326.2500000000005 ms
172,1330.4 ms
172,1369.9 ms
172,1379.2500000000005 ms
172,1383.5000000000005 ms
172,1394.35 ms
172,1396.2000000000003 ms
172,1401.5499999999997 ms
172,1415.6 ms
172,1418.0499999999997 ms
172,1431.2000000000003 ms
172,1431.65 ms
172,1453.5 ms
172,1461.5 ms
172,1490.75 ms
172,1497.5500000000002 ms
172,1498.75 ms
172,1538.15 ms
172,1552.5 ms
172,1559.9 ms
172,1567.75 ms
172,1572.4 ms
172,1573.2000000000003 ms
172,1576.35 ms
172,1580.0500000000002 ms
172,1626.4 ms
172,1628.1 ms
172,1631.9 ms
172,1637.85 ms
172,1661.5000000000005 ms
172,1667.4500000000003 ms
172,1690.6000000000004 ms
172,1690.8000000000002 ms
172,1738.5500000000002 ms
172,1740.7000000000007 ms
172,1751.8000000000002 ms
172,1761.8000000000002 ms
172,1764.3500000000004 ms
172,1768.6500000000005 ms
172,1771.0 ms
172,1772.1500000000005 ms
172,1774.5 ms
172,1846.4000000000005 ms
172,1865.1500000000005 ms
172,1873.4500000000003 ms
172,1877.6000000000004 ms
172,1883.9500000000003 ms
172,1885.5500000000002 ms
172,1895.3000000000002 ms
172,1933.65 ms
172,1957.25 ms
172,1967.4499999999998 ms
172,1979.9 ms
172,1980.75 ms
172,1998.6 ms
172,2017.1999999999998 ms
172,2029.9499999999998 ms
172,2042.5 ms
172,2042.6499999999996 ms
172,2045.75 ms
172,2047.1499999999996 ms
172,2057.2 ms
172,2063.8 ms
172,2065.5999999999995 ms
172,2067.05 ms
172,2077.0999999999995 ms
172,2105.2 ms
172,2107.0999999999995 ms
172,2133.3 ms
172,2153.3 ms
172,2156.749999999999 ms
172,2168.55 ms
172,2235.749999999999 ms
172,2262.249999999999 ms
172,2262.95 ms
172,2270.45 ms
172,2291.7999999999993 ms
172,2292.5499999999993 ms
172,2302.7999999999993 ms
172,2320.699999999999 ms
172,2341.0 ms
172,2342.199999999999 ms
172,2356.949999999999 ms
172,2367.5 ms
172,2423.7999999999993 ms
172,2434.3999999999996 ms
172,2442.0 ms
172,2447.5499999999993 ms
172,2452.45 ms
172,2454.8999999999996 ms
172,2488.0999999999995 ms
172,2587.5999999999995 ms
172,2601.249999999999 ms
172,2617.05 ms
172,2625.3499999999995 ms
172,2628.25 ms
172,2633.1499999999996 ms
172,2633.8 ms
172,2648.7 ms
172,2676.95 ms
172,2698.45 ms
172,2707.7 ms
172,2710.45 ms
172,2713.000000000001 ms
172,2717.6500000000005 ms
172,2717.9500000000007 ms
172,2740.800000000001 ms
172,2752.4000000000005 ms
172,2752.6500000000005 ms
172,2797.7000000000007 ms
172,2811.6500000000005 ms
172,2813.3500000000004 ms
172,2830.4000000000005 ms
172,2840.750000000001 ms
172,2847.4000000000005 ms
172,2874.8 ms
172,2882.05 ms
172,2888.2000000000007 ms
172,2909.500000000001 ms
172,2920.6000000000013 ms
172,2931.05 ms
172,2962.3 ms
172,2984.3500000000013 ms
172,2994.250000000001 ms
172,3003.8500000000013 ms
172,3010.250000000001 ms
172,3012.8500000000013 ms
172,3017.000000000001 ms
172,3040.3500000000013 ms
172,3049.3 ms
172,3077.1500000000005 ms
172,3092.6000000000004 ms
172,3098.6500000000005 ms
172,3108.3500000000004 ms
172,3112.1000000000004 ms
172,3133.0 ms
172,3133.25 ms
172,3150.9500000000007 ms
172,3161.8999999999996 ms
172,3163.3500000000004 ms
172,3164.5 ms
172,3191.5 ms
172,3219.3 ms
172,3225.8500000000004 ms
172,3231.5 ms
172,3241.7000000000007 ms
172,3243.7000000000007 ms
172,3252.6000000000004 ms
172,3261.2000000000007 ms
172,3264.7000000000007 ms
172,3267.75 ms
172,3269.6000000000004 ms
172,3282.55 ms
172,3284.8500000000004 ms
172,3320.5 ms
172,3324.75 ms
172,3331.4500000000007 ms
172,3343.4500000000007 ms
172,3371.5 ms
172,3391.4500000000007 ms
172,3403.8999999999996 ms
172,3420.8 ms
172,3427.6500000000005 ms
172,3435.5 ms
172,3453.05 ms
172,3468.7 ms
172,3484.3500000000004 ms
172,3485.05 ms
172,3496.55 ms
172,3503.3500000000004 ms
172,3519.1500000000005 ms
172,3527.05 ms
172,3532.3500000000013 ms
172,3539.8 ms
172,3544.9000000000005 ms
172,3551.000000000001 ms
172,3552.6500000000005 ms
172,3560.4000000000005 ms
172,3614.3500000000004 ms
172,3646.6500000000005 ms
172,3656.2000000000007 ms
172,3661.000000000001 ms
172,3668.9500000000007 ms
172,3669.550000000001 ms
172,3674.75 ms
172,3678.1500000000005 ms
172,3689.05 ms
172,3696.6000000000013 ms
172,3708.6000000000013 ms
172,3741.750000000001 ms
172,3746.2000000000007 ms
172,3754.750000000001 ms
172,3757.1500000000005 ms
172,3768.1500000000005 ms
172,3817.6000000000013 ms
172,3824.9000000000005 ms
172,3832.800000000001 ms
172,3845.750000000001 ms
172,3857.050000000001 ms
172,3861.3500000000013 ms
172,3864.8500000000013 ms
172,3866.800000000001 ms
172,3876.7000000000007 ms
172,3896.1000000000013 ms
172,3901.6000000000013 ms
172,3915.550000000001 ms
172,3948.500000000001 ms
172,3997.050000000001 ms
173,9.450000000000001 ms
173,15.100000000000003 ms
173,34.2 ms
173,45.8 ms
173,47.05 ms
173,55.250000000000014 ms
173,67.0 ms
173,101.4 ms
173,109.80000000000001 ms
173,123.60000000000002 ms
173,161.25 ms
173,167.75 ms
173,185.85000000000002 ms
173,188.0 ms
173,208.75 ms
173,215.14999999999998 ms
173,215.5 ms
173,221.35000000000002 ms
173,222.7 ms
173,244.05 ms
173,247.8 ms
173,255.95 ms
173,259.05 ms
173,260.8500000000001 ms
173,269.84999999999997 ms
173,271.49999999999994 ms
173,304.59999999999997 ms
173,307.8500000000001 ms
173,353.9500000000001 ms
173,364.50000000000006 ms
173,367.95 ms
173,384.00000000000006 ms
173,401.25000000000006 ms
173,416.2 ms
173,426.3 ms
173,460.2 ms
173,481.75000000000006 ms
173,485.95 ms
173,486.9500000000001 ms
173,506.8500000000001 ms
173,511.84999999999997 ms
173,529.5500000000002 ms
173,553.2 ms
173,560.3500000000001 ms
173,566.7 ms
173,590.95 ms
173,595.55 ms
173,616.55 ms
173,626.45 ms
173,644.8500000000001 ms
173,650.1000000000001 ms
173,655.8999999999999 ms
173,659.3500000000001 ms
173,675.8999999999999 ms
173,680.3 ms
173,715.45 ms
173,740.95 ms
173,763.7 ms
173,766.95 ms
173,771.6499999999999 ms
173,794.75 ms
173,797.95 ms
173,798.8 ms
173,849.45 ms
173,852.5 ms
173,857.4000000000001 ms
173,878.9000000000001 ms
173,880.6500000000001 ms
173,894.1999999999998 ms
173,919.6500000000001 ms
173,952.4000000000001 ms
173,968.05 ms
173,975.25 ms
173,985.05 ms
173,1000.95 ms
173,1001.1499999999999 ms
173,1018.55 ms
173,1046.3 ms
173,1068.3999999999999 ms
173,1074.55 ms
173,1078.1499999999999 ms
173,1086.1000000000001 ms
173,1093.55 ms
173,1098.0000000000002 ms
173,1125.3500000000001 ms
173,1134.3499999999997 ms
173,1180.7499999999998 ms
173,1193.8499999999997 ms
173,1206.9999999999998 ms
173,1211.7 ms
173,1217.8500000000001 ms
173,1225.2 ms
173,1229.45 ms
173,1232.1000000000001 ms
173,1243.7500000000002 ms
173,1251.1000000000001 ms
173,1255.3999999999999 ms
173,1267.8 ms
173,1268.0000000000002 ms
173,1283.4500000000005 ms
173,1295.1000000000006 ms
173,1303.9000000000003 ms
173,1318.45 ms
173,1336.9000000000003 ms
173,1342.0500000000004 ms
173,1349.5500000000004 ms
173,1353.3500000000001 ms
173,1355.95 ms
173,1358.4500000000005 ms
173,1373.2500000000002 ms
173,1375.0000000000002 ms
173,1378.4500000000005 ms
173,1382.45 ms
173,1390.9000000000003 ms
173,1391.6000000000006 ms
173,1392.1000000000001 ms
173,1399.3500000000006 ms
173,1437.2000000000005 ms
173,1445.7 ms
173,1456.7500000000002 ms
173,1463.05 ms
173,1465.95 ms
173,1466.7500000000002 ms
173,1470.3500000000001 ms
173,1480.0500000000004 ms
173,1490.8 ms
173,1492.6499999999999 ms
173,1500.4000000000003 ms
173,1511.8500000000001 ms
173,1523.3999999999999 ms
173,1528.3500000000001 ms
173,1532.7500000000002 ms
173,1538.8500000000001 ms
173,1543.3000000000004 ms
173,1556.6000000000001 ms
173,1556.7 ms
173,1576.3500000000001 ms
173,1592.3999999999999 ms
173,1607.3500000000001 ms
173,1627.0000000000002 ms
173,1654.9500000000005 ms
173,1672.0000000000002 ms
173,1674.3 ms
173,1685.6499999999999 ms
173,1690.8 ms
173,1692.8999999999999 ms
173,1707.1500000000003 ms
173,1720.95 ms
173,1734.4999999999998 ms
173,1744.3 ms
173,1745.5999999999997 ms
173,1750.7499999999998 ms
173,1753.6499999999999 ms
173,1761.6000000000001 ms
173,1777.0500000000004 ms
173,1778.1000000000001 ms
173,1780.2 ms
173,1794.2499999999998 ms
173,1796.05 ms
173,1812.8 ms
173,1840.8499999999997 ms
173,1851.2499999999998 ms
173,1862.95 ms
173,1869.4999999999998 ms
173,1885.0000000000002 ms
173,1900.6000000000001 ms
173,1913.3999999999999 ms
173,1936.1000000000001 ms
173,1940.0000000000002 ms
173,1942.8 ms
173,1966.3 ms
173,1981.8499999999997 ms
173,1989.8999999999999 ms
173,1991.2499999999998 ms
173,2017.6499999999999 ms
173,2026.9499999999996 ms
173,2032.3999999999999 ms
173,2042.4499999999996 ms
173,2043.95 ms
173,2046.8999999999999 ms
173,2055.1499999999996 ms
173,2056.95 ms
173,2061.8999999999996 ms
173,2070.3999999999996 ms
173,2080.2999999999993 ms
173,2142.0 ms
173,2167.8499999999995 ms
173,2175.3999999999996 ms
173,2183.95 ms
173,2186.8499999999995 ms
173,2203.0 ms
173,2211.6000000000004 ms
173,2223.8500000000004 ms
173,2228.95 ms
173,2240.0 ms
173,2255.8 ms
173,2259.5 ms
173,2264.1499999999996 ms
173,2304.1000000000004 ms
173,2320.0499999999993 ms
173,2323.25 ms
173,2349.8499999999995 ms
173,2358.6499999999996 ms
173,2372.3499999999995 ms
173,2378.3499999999995 ms
173,2399.8499999999995 ms
173,2415.2 ms
173,2419.8499999999995 ms
173,2420.2999999999993 ms
173,2455.249999999999 ms
173,2482.5999999999995 ms
173,2517.0499999999984 ms
173,2523.2999999999984 ms
173,2545.8499999999995 ms
173,2545.949999999999 ms
173,2583.6499999999987 ms
173,2588.449999999999 ms
173,2589.249999999999 ms
173,2590.3999999999987 ms
173,2595.0999999999995 ms
173,2595.5499999999984 ms
173,2599.499999999999 ms
173,2612.8999999999987 ms
173,2614.0999999999985 ms
173,2642.5999999999985 ms
173,2656.249999999998 ms
173,2661.5999999999985 ms
173,2674.2999999999984 ms
173,2674.749999999998 ms
173,2689.899999999998 ms
173,2707.649999999998 ms
173,2724.3499999999985 ms
173,2727.2999999999975 ms
173,2728.5499999999975 ms
173,2730.5999999999985 ms
173,2774.199999999998 ms
173,2788.8499999999976 ms
173,2815.5999999999976 ms
173,2843.0499999999984 ms
173,2870.899999999998 ms
173,2879.3499999999976 ms
173,2883.5999999999976 ms
173,2897.199999999998 ms
173,2902.899999999997 ms
173,2913.7499999999973 ms
173,2928.7499999999973 ms
173,2937.5499999999975 ms
173,2945.7499999999973 ms
173,2947.149999999997 ms
173,2957.0499999999975 ms
173,2965.5499999999975 ms
173,2971.899999999998 ms
173,2973.7999999999975 ms
173,2976.5499999999975 ms
173,2978.7499999999973 ms
173,3016.9999999999973 ms
173,3039.5499999999975 ms
173,3039.9999999999973 ms
173,3066.5999999999976 ms
173,3076.2999999999965 ms
173,3080.2499999999973 ms
173,3091.2999999999965 ms
173,3106.5499999999965 ms
173,3110.649999999997 ms
173,3135.5499999999965 ms
173,3196.899999999997 ms
173,3208.5999999999967 ms
173,3255.2499999999964 ms
173,3268.149999999997 ms
173,3270.3499999999967 ms
173,3274.8499999999967 ms
173,3276.2999999999965 ms
173,3278.3499999999967 ms
173,3316.9999999999964 ms
173,3317.949999999997 ms
173,3332.0499999999965 ms
173,3336.5499999999965 ms
173,3348.7999999999965 ms
173,3358.0499999999965 ms
173,3362.4999999999964 ms
173,3389.449999999996 ms
173,3407.7999999999965 ms
173,3408.4999999999955 ms
173,3444.599999999996 ms
173,3448.399999999996 ms
173,3487.0499999999956 ms
173,3493.2999999999956 ms
173,3513.199999999996 ms
173,3530.399999999996 ms
173,3567.2999999999956 ms
173,3568.699999999996 ms
173,3589.649999999996 ms
173,3608.199999999996 ms
173,3636.849999999996 ms
173,3639.699999999996 ms
173,3647.099999999996 ms
173,3662.9999999999964 ms
173,3704.2499999999964 ms
173,3728.7999999999965 ms
173,3730.0999999999967 ms
173,3757.8499999999967 ms
173,3762.649999999997 ms
173,3778.3499999999967 ms
173,3787.899999999997 ms
173,3792.399999999997 ms
173,3792.5999999999967 ms
173,3801.2499999999964 ms
173,3809.8499999999967 ms
173,3811.199999999997 ms
173,3813.949999999997 ms
173,3821.899999999996 ms
173,3826.649999999996 ms
173,3835.5499999999965 ms
173,3848.649999999997 ms
173,3858.099999999996 ms
173,3865.9999999999964 ms
173,3875.8499999999967 ms
173,3879.0499999999956 ms
173,3908.399999999996 ms
173,3913.5499999999956 ms
173,3925.0499999999956 ms
173,3929.9999999999964 ms
173,3938.9999999999964 ms
173,3946.0499999999956 ms
173,3946.2499999999964 ms
173,3964.349999999996 ms
173,3983.2999999999956 ms
173,3987.149999999996 ms
174,15.05 ms
174,20.749999999999996 ms
174,23.099999999999998 ms
174,33.35000000000001 ms
174,47.7 ms
174,49.5 ms
174,51.05 ms
174,55.5 ms
174,81.19999999999999 ms
174,102.25 ms
174,103.4 ms
174,118.30000000000001 ms
174,119.15 ms
174,120.65 ms
174,158.20000000000002 ms
174,161.70000000000002 ms
174,165.15 ms
174,170.45000000000002 ms
174,176.54999999999998 ms
174,199.30000000000004 ms
174,207.00000000000003 ms
174,220.9 ms
174,250.05000000000004 ms
174,270.6 ms
174,292.1 ms
174,295.6 ms
174,342.75 ms
174,361.6 ms
174,375.5 ms
174,398.15 ms
174,421.25 ms
174,427.29999999999995 ms
174,429.5 ms
174,435.29999999999995 ms
174,436.04999999999995 ms
174,438.70000000000005 ms
174,440.8499999999999 ms
174,454.25 ms
174,468.29999999999995 ms
174,473.5 ms
174,484.14999999999986 ms
174,514.4999999999999 ms
174,532.2999999999998 ms
174,552.1999999999997 ms
174,574.6999999999999 ms
174,575.15 ms
174,578.1 ms
174,622.3499999999998 ms
174,650.9499999999999 ms
174,667.5999999999998 ms
174,670.1 ms
174,671.7499999999999 ms
174,678.6499999999997 ms
174,685.9999999999999 ms
174,742.4499999999999 ms
174,749.9499999999999 ms
174,766.5500000000001 ms
174,774.5000000000001 ms
174,780.9 ms
174,798.4 ms
174,801.35 ms
174,822.85 ms
174,832.9500000000002 ms
174,860.0500000000001 ms
174,865.0000000000001 ms
174,874.65 ms
174,890.2500000000001 ms
174,902.9 ms
174,904.5000000000001 ms
174,913.3500000000003 ms
174,920.0500000000003 ms
174,929.0500000000001 ms
174,941.5000000000001 ms
174,947.0000000000003 ms
174,960.2500000000001 ms
174,969.0500000000001 ms
174,974.7500000000001 ms
174,1001.1500000000002 ms
174,1003.7500000000003 ms
174,1018.0000000000001 ms
174,1024.8000000000002 ms
174,1027.3000000000002 ms
174,1034.2000000000003 ms
174,1060.7500000000005 ms
174,1067.7500000000005 ms
174,1070.65 ms
174,1079.9500000000003 ms
174,1080.8500000000004 ms
174,1083.0500000000002 ms
174,1085.8500000000004 ms
174,1086.2000000000003 ms
174,1098.2500000000005 ms
174,1111.1 ms
174,1119.15 ms
174,1136.5 ms
174,1139.15 ms
174,1148.0500000000002 ms
174,1154.15 ms
174,1192.85 ms
174,1201.5500000000002 ms
174,1217.0500000000002 ms
174,1221.65 ms
174,1258.0 ms
174,1265.5500000000002 ms
174,1270.1499999999996 ms
174,1279.8999999999996 ms
174,1317.35 ms
174,1317.5499999999997 ms
174,1321.0499999999997 ms
174,1322.65 ms
174,1322.7499999999995 ms
174,1363.7499999999995 ms
174,1425.4499999999998 ms
174,1434.5 ms
174,1442.9499999999998 ms
174,1458.7999999999997 ms
174,1467.5499999999997 ms
174,1481.6 ms
174,1483.2999999999997 ms
174,1491.1999999999998 ms
174,1498.3999999999996 ms
174,1508.4499999999998 ms
174,1562.6 ms
174,1586.5499999999997 ms
174,1607.2000000000003 ms
174,1613.9500000000003 ms
174,1614.15 ms
174,1683.35 ms
174,1698.85 ms
174,1705.15 ms
174,1708.3000000000002 ms
174,1720.1000000000004 ms
174,1740.25 ms
174,1747.25 ms
174,1758.75 ms
174,1763.7000000000003 ms
174,1774.0000000000005 ms
174,1774.9500000000003 ms
174,1785.65 ms
174,1808.4 ms
174,1840.8500000000004 ms
174,1856.5500000000002 ms
174,1872.5500000000002 ms
174,1888.4500000000007 ms
174,1902.0500000000002 ms
174,1911.5000000000005 ms
174,1918.0500000000006 ms
174,1922.2500000000005 ms
174,1926.4500000000003 ms
174,1968.5500000000006 ms
174,2003.0500000000006 ms
174,2004.8000000000006 ms
174,2009.2000000000003 ms
174,2027.8500000000008 ms
174,2053.6500000000005 ms
174,2060.000000000001 ms
174,2066.2 ms
174,2069.05 ms
174,2071.1000000000004 ms
174,2073.25 ms
174,2076.5 ms
174,2077.9500000000007 ms
174,2102.1499999999996 ms
174,2104.6000000000004 ms
174,2106.1499999999996 ms
174,2111.75 ms
174,2149.1000000000004 ms
174,2150.6499999999996 ms
174,2152.8500000000004 ms
174,2154.1000000000004 ms
174,2172.6499999999996 ms
174,2185.25 ms
174,2222.2 ms
174,2222.3499999999995 ms
174,2225.05 ms
174,2226.8 ms
174,2232.1499999999996 ms
174,2237.75 ms
174,2241.3499999999995 ms
174,2252.7 ms
174,2253.95 ms
174,2261.2 ms
174,2266.2 ms
174,2276.3499999999995 ms
174,2297.7999999999993 ms
174,2308.199999999999 ms
174,2308.7999999999993 ms
174,2315.5499999999993 ms
174,2317.5999999999995 ms
174,2319.8999999999996 ms
174,2321.95 ms
174,2343.5 ms
174,2354.1499999999996 ms
174,2354.75 ms
174,2363.55 ms
174,2364.1500000000005 ms
174,2366.0 ms
174,2372.8999999999996 ms
174,2379.8 ms
174,2380.6000000000004 ms
174,2402.1500000000005 ms
174,2412.750000000001 ms
174,2437.8500000000004 ms
174,2438.6500000000005 ms
174,2447.05 ms
174,2452.7000000000007 ms
174,2458.4000000000005 ms
174,2461.3500000000004 ms
174,2536.4000000000005 ms
174,2558.9500000000007 ms
174,2567.2000000000007 ms
174,2572.800000000001 ms
174,2583.300000000001 ms
174,2586.1000000000004 ms
174,2586.4000000000015 ms
174,2587.4000000000015 ms
174,2638.1500000000015 ms
174,2651.750000000001 ms
174,2671.800000000001 ms
174,2671.9500000000007 ms
174,2678.9500000000007 ms
174,2681.050000000001 ms
174,2696.750000000001 ms
174,2697.4500000000007 ms
174,2701.6000000000004 ms
174,2702.3500000000004 ms
174,2711.050000000001 ms
174,2731.7000000000007 ms
174,2778.550000000001 ms
174,2796.9500000000007 ms
174,2799.7000000000007 ms
174,2801.250000000001 ms
174,2806.500000000001 ms
174,2830.250000000001 ms
174,2830.4000000000005 ms
174,2834.8500000000013 ms
174,2845.000000000001 ms
174,2872.6500000000005 ms
174,2911.000000000001 ms
174,2915.300000000001 ms
174,2915.9000000000015 ms
174,2928.1500000000015 ms
174,2953.1000000000004 ms
174,2956.1000000000004 ms
174,2988.6500000000015 ms
174,3008.8500000000004 ms
174,3016.500000000001 ms
174,3019.300000000001 ms
174,3072.4000000000015 ms
174,3081.6000000000004 ms
174,3083.750000000001 ms
174,3106.050000000001 ms
174,3113.3500000000013 ms
174,3137.6500000000015 ms
174,3144.550000000001 ms
174,3153.4500000000016 ms
174,3189.6000000000013 ms
174,3194.800000000002 ms
174,3195.9000000000015 ms
174,3200.000000000002 ms
174,3200.500000000002 ms
174,3212.9500000000007 ms
174,3225.6000000000013 ms
174,3230.2000000000016 ms
174,3241.1000000000013 ms
174,3260.1500000000015 ms
174,3260.9500000000016 ms
174,3261.3500000000013 ms
174,3266.300000000002 ms
174,3267.250000000001 ms
174,3288.750000000001 ms
174,3289.750000000001 ms
174,3296.3500000000013 ms
174,3304.800000000001 ms
174,3326.2000000000007 ms
174,3328.6000000000013 ms
174,3340.300000000001 ms
174,3347.9000000000015 ms
174,3351.7000000000007 ms
174,3383.250000000002 ms
174,3385.1500000000015 ms
174,3388.6500000000015 ms
174,3412.8500000000013 ms
174,3432.050000000001 ms
174,3432.300000000001 ms
174,3455.8500000000013 ms
174,3465.1500000000015 ms
174,3484.4000000000015 ms
174,3485.3500000000013 ms
174,3488.2000000000016 ms
174,3496.1500000000005 ms
174,3500.550000000001 ms
174,3514.9500000000007 ms
174,3516.7000000000007 ms
174,3530.250000000002 ms
174,3551.750000000002 ms
174,3563.6000000000013 ms
174,3577.000000000001 ms
174,3591.050000000002 ms
174,3602.1000000000013 ms
174,3614.6000000000013 ms
174,3623.800000000002 ms
174,3635.1500000000015 ms
174,3643.1000000000013 ms
174,3663.500000000001 ms
174,3672.750000000001 ms
174,3683.6500000000015 ms
174,3684.800000000001 ms
174,3688.050000000001 ms
174,3697.750000000002 ms
174,3699.2000000000007 ms
174,3722.9500000000007 ms
174,3727.550000000001 ms
174,3742.2000000000007 ms
174,3743.3500000000013 ms
174,3743.7000000000016 ms
174,3770.9000000000005 ms
174,3806.4500000000016 ms
174,3825.7000000000016 ms
174,3830.8500000000013 ms
174,3834.250000000001 ms
174,3846.6000000000013 ms
174,3855.4000000000015 ms
174,3858.6500000000015 ms
174,3924.800000000001 ms
174,3933.4000000000015 ms
174,3936.1500000000015 ms
174,3948.000000000002 ms
174,3956.6000000000013 ms
174,3956.9000000000015 ms
174,3984.250000000002 ms
174,3986.800000000001 ms
174,3998.250000000002 ms
175,3.5500000000000003 ms
175,6.1 ms
175,11.049999999999999 ms
175,12.35 ms
175,69.75 ms
175,90.69999999999999 ms
175,92.4 ms
175,110.75 ms
175,155.64999999999998 ms
175,213.3 ms
175,243.25 ms
175,252.0 ms
175,277.6 ms
175,279.25 ms
175,280.1 ms
175,299.05000000000007 ms
175,299.44999999999993 ms
175,300.75 ms
175,304.29999999999995 ms
175,323.85 ms
175,324.15 ms
175,342.0000000000001 ms
175,344.80000000000007 ms
175,357.1500000000001 ms
175,367.35000000000014 ms
175,389.85000000000014 ms
175,409.6500000000001 ms
175,422.7500000000001 ms
175,442.9000000000001 ms
175,453.9000000000001 ms
175,487.95000000000005 ms
175,498.0500000000002 ms
175,500.6500000000001 ms
175,503.45000000000016 ms
175,504.5000000000001 ms
175,520.2000000000002 ms
175,523.8000000000003 ms
175,543.5500000000001 ms
175,548.8000000000003 ms
175,562.5500000000001 ms
175,563.9500000000002 ms
175,623.85 ms
175,624.8500000000003 ms
175,625.85 ms
175,628.7000000000002 ms
175,635.2000000000002 ms
175,637.7000000000002 ms
175,649.7500000000001 ms
175,660.8000000000001 ms
175,675.8000000000001 ms
175,676.9499999999999 ms
175,693.9999999999999 ms
175,696.85 ms
175,703.65 ms
175,711.0000000000001 ms
175,724.4 ms
175,725.9 ms
175,731.6999999999999 ms
175,753.15 ms
175,754.2500000000001 ms
175,777.3000000000001 ms
175,796.1 ms
175,798.6999999999999 ms
175,807.8000000000001 ms
175,811.0000000000001 ms
175,815.4999999999999 ms
175,838.35 ms
175,839.4 ms
175,841.0499999999998 ms
175,855.8000000000001 ms
175,875.0499999999998 ms
175,879.4 ms
175,885.0000000000001 ms
175,887.4500000000002 ms
175,890.2500000000001 ms
175,903.7000000000002 ms
175,930.9499999999999 ms
175,941.9 ms
175,974.0000000000001 ms
175,974.8000000000001 ms
175,985.6999999999999 ms
175,993.2000000000002 ms
175,1021.9499999999999 ms
175,1022.9500000000002 ms
175,1030.9 ms
175,1032.5500000000002 ms
175,1067.9 ms
175,1073.5 ms
175,1083.1999999999998 ms
175,1083.8000000000002 ms
175,1089.6999999999998 ms
175,1099.5500000000002 ms
175,1102.1499999999996 ms
175,1116.25 ms
175,1162.9499999999998 ms
175,1171.0 ms
175,1212.8999999999996 ms
175,1225.1 ms
175,1252.5499999999997 ms
175,1262.9 ms
175,1269.5499999999997 ms
175,1274.9 ms
175,1285.4 ms
175,1304.4 ms
175,1318.2499999999995 ms
175,1333.2999999999997 ms
175,1343.1999999999998 ms
175,1352.0499999999997 ms
175,1359.8999999999996 ms
175,1360.4499999999998 ms
175,1379.1999999999998 ms
175,1412.0999999999995 ms
175,1441.75 ms
175,1457.3999999999996 ms
175,1458.85 ms
175,1481.5 ms
175,1499.4499999999998 ms
175,1517.0 ms
175,1529.75 ms
175,1558.85 ms
175,1564.75 ms
175,1577.3000000000002 ms
175,1578.3999999999996 ms
175,1583.6 ms
175,1601.35 ms
175,1623.25 ms
175,1623.85 ms
175,1627.6 ms
175,1628.0499999999997 ms
175,1628.15 ms
175,1628.35 ms
175,1640.5 ms
175,1661.15 ms
175,1682.15 ms
175,1685.0 ms
175,1690.5 ms
175,1705.9 ms
175,1722.5 ms
175,1723.4 ms
175,1732.3000000000002 ms
175,1768.3500000000004 ms
175,1770.1000000000004 ms
175,1778.3000000000002 ms
175,1793.3000000000002 ms
175,1797.9500000000003 ms
175,1849.3000000000002 ms
175,1852.3000000000002 ms
175,1853.1000000000004 ms
175,1865.5 ms
175,1870.6500000000005 ms
175,1870.8500000000004 ms
175,1872.3000000000002 ms
175,1875.8500000000004 ms
175,1876.5000000000005 ms
175,1898.4500000000003 ms
175,1900.0500000000006 ms
175,1908.65 ms
175,1915.5000000000005 ms
175,1919.5500000000002 ms
175,1926.0 ms
175,1931.3500000000004 ms
175,1931.5500000000002 ms
175,1933.2000000000003 ms
175,1977.15 ms
175,2006.5500000000006 ms
175,2016.4 ms
175,2030.6000000000004 ms
175,2046.4000000000005 ms
175,2058.55 ms
175,2068.8 ms
175,2076.3500000000004 ms
175,2088.75 ms
175,2102.2000000000007 ms
175,2117.3500000000004 ms
175,2143.8 ms
175,2146.45 ms
175,2160.8500000000004 ms
175,2164.1000000000004 ms
175,2171.8500000000004 ms
175,2173.25 ms
175,2178.550000000001 ms
175,2194.0 ms
175,2298.050000000001 ms
175,2298.4500000000007 ms
175,2311.250000000001 ms
175,2355.550000000001 ms
175,2356.8500000000013 ms
175,2370.3500000000013 ms
175,2397.050000000001 ms
175,2403.9000000000015 ms
175,2417.1000000000004 ms
175,2432.1000000000004 ms
175,2444.9500000000007 ms
175,2445.2000000000007 ms
175,2447.1500000000005 ms
175,2472.250000000001 ms
175,2480.55 ms
175,2485.2000000000007 ms
175,2491.9500000000007 ms
175,2503.800000000001 ms
175,2513.9000000000005 ms
175,2576.000000000001 ms
175,2578.05 ms
175,2580.1500000000005 ms
175,2614.000000000001 ms
175,2631.45 ms
175,2641.3 ms
175,2643.95 ms
175,2645.9000000000005 ms
175,2669.95 ms
175,2671.750000000001 ms
175,2682.1500000000005 ms
175,2687.55 ms
175,2720.250000000001 ms
175,2728.1000000000004 ms
175,2731.9000000000005 ms
175,2734.9000000000005 ms
175,2738.4000000000005 ms
175,2744.8500000000004 ms
175,2749.2000000000007 ms
175,2752.1499999999996 ms
175,2763.1000000000004 ms
175,2772.5 ms
175,2775.95 ms
175,2784.8999999999996 ms
175,2798.0499999999993 ms
175,2807.6499999999996 ms
175,2813.2999999999993 ms
175,2841.8999999999996 ms
175,2867.45 ms
175,2868.55 ms
175,2894.999999999999 ms
175,2897.95 ms
175,2898.1499999999987 ms
175,2923.1499999999987 ms
175,2928.8999999999987 ms
175,2936.5999999999995 ms
175,2950.8999999999987 ms
175,2960.2999999999993 ms
175,2976.5499999999993 ms
175,3008.499999999999 ms
175,3015.499999999999 ms
175,3039.2999999999993 ms
175,3060.949999999999 ms
175,3066.6499999999996 ms
175,3073.0499999999993 ms
175,3078.3999999999996 ms
175,3088.5999999999985 ms
175,3094.499999999999 ms
175,3096.699999999999 ms
175,3099.7999999999993 ms
175,3104.499999999998 ms
175,3108.0499999999993 ms
175,3113.3499999999985 ms
175,3118.249999999999 ms
175,3126.3499999999995 ms
175,3133.249999999999 ms
175,3136.2999999999993 ms
175,3150.949999999999 ms
175,3157.949999999999 ms
175,3187.0499999999993 ms
175,3190.7999999999993 ms
175,3201.949999999999 ms
175,3205.8999999999996 ms
175,3214.749999999999 ms
175,3220.6499999999987 ms
175,3221.45 ms
175,3239.6499999999987 ms
175,3240.7999999999993 ms
175,3262.0999999999995 ms
175,3262.2999999999993 ms
175,3274.749999999999 ms
175,3302.3999999999987 ms
175,3303.0999999999995 ms
175,3313.249999999999 ms
175,3324.2999999999993 ms
175,3324.8999999999996 ms
175,3336.1499999999996 ms
175,3340.949999999999 ms
175,3344.449999999999 ms
175,3349.449999999999 ms
175,3357.8499999999995 ms
175,3362.7999999999993 ms
175,3389.499999999999 ms
175,3393.199999999999 ms
175,3450.8499999999985 ms
175,3458.449999999999 ms
175,3474.3999999999987 ms
175,3483.6499999999987 ms
175,3514.8999999999987 ms
175,3519.8999999999987 ms
175,3527.5499999999984 ms
175,3553.749999999999 ms
175,3561.5499999999984 ms
175,3582.3999999999987 ms
175,3606.999999999999 ms
175,3612.3999999999987 ms
175,3619.3999999999987 ms
175,3638.249999999999 ms
175,3641.249999999999 ms
175,3660.6499999999987 ms
175,3672.8499999999985 ms
175,3673.949999999999 ms
175,3674.899999999998 ms
175,3682.2999999999984 ms
175,3695.199999999998 ms
175,3701.5499999999984 ms
175,3708.499999999998 ms
175,3716.5999999999985 ms
175,3716.999999999998 ms
175,3737.149999999998 ms
175,3756.5499999999984 ms
175,3762.8499999999985 ms
175,3773.6499999999987 ms
175,3804.0999999999985 ms
175,3816.999999999998 ms
175,3833.8499999999985 ms
175,3835.3999999999987 ms
175,3857.1499999999987 ms
175,3857.8499999999985 ms
175,3893.7999999999984 ms
175,3904.5499999999984 ms
175,3913.699999999998 ms
175,3928.749999999999 ms
175,3931.699999999998 ms
175,3934.7999999999984 ms
175,3951.499999999998 ms
175,3953.5499999999984 ms
175,3976.0999999999985 ms
175,3984.7999999999984 ms
175,3990.199999999998 ms
175,3993.5499999999984 ms
176,20.85 ms
176,21.700000000000003 ms
176,22.0 ms
176,26.75 ms
176,43.5 ms
176,61.349999999999994 ms
176,71.6 ms
176,77.44999999999999 ms
176,97.94999999999999 ms
176,98.64999999999998 ms
176,106.94999999999999 ms
176,110.39999999999998 ms
176,119.14999999999998 ms
176,152.14999999999998 ms
176,158.09999999999997 ms
176,165.89999999999998 ms
176,177.2 ms
176,179.8 ms
176,188.74999999999994 ms
176,203.95 ms
176,221.34999999999997 ms
176,228.79999999999995 ms
176,232.64999999999998 ms
176,268.9 ms
176,275.4 ms
176,331.5 ms
176,333.5 ms
176,336.0 ms
176,339.54999999999995 ms
176,341.35 ms
176,347.70000000000005 ms
176,367.0 ms
176,373.70000000000005 ms
176,383.55000000000007 ms
176,395.85 ms
176,410.1500000000001 ms
176,434.0000000000001 ms
176,458.70000000000016 ms
176,465.45000000000016 ms
176,501.80000000000007 ms
176,529.4500000000002 ms
176,530.5500000000003 ms
176,546.1000000000003 ms
176,573.1500000000002 ms
176,588.4 ms
176,591.4499999999999 ms
176,591.7499999999999 ms
176,597.9 ms
176,615.0499999999998 ms
176,627.3000000000001 ms
176,639.0499999999998 ms
176,653.0999999999998 ms
176,673.6 ms
176,678.7499999999999 ms
176,680.4999999999999 ms
176,691.6499999999997 ms
176,709.15 ms
176,739.6 ms
176,745.6999999999999 ms
176,750.3499999999998 ms
176,759.85 ms
176,771.0500000000001 ms
176,783.2500000000001 ms
176,788.4500000000002 ms
176,789.4000000000002 ms
176,790.9 ms
176,817.4499999999999 ms
176,829.4 ms
176,840.9000000000002 ms
176,858.4500000000002 ms
176,876.6500000000002 ms
176,879.2000000000002 ms
176,885.5500000000001 ms
176,890.9499999999999 ms
176,892.4500000000002 ms
176,909.5000000000001 ms
176,927.0500000000001 ms
176,934.6 ms
176,940.6999999999999 ms
176,944.9999999999999 ms
176,948.1499999999997 ms
176,955.4 ms
176,964.6499999999997 ms
176,967.6999999999997 ms
176,1001.6999999999999 ms
176,1012.2499999999999 ms
176,1028.2999999999997 ms
176,1034.85 ms
176,1040.6499999999996 ms
176,1043.4499999999998 ms
176,1090.0999999999995 ms
176,1097.25 ms
176,1098.4499999999998 ms
176,1107.6999999999998 ms
176,1151.2999999999997 ms
176,1178.1999999999998 ms
176,1178.5 ms
176,1185.8999999999996 ms
176,1196.1999999999998 ms
176,1206.35 ms
176,1221.1 ms
176,1222.0499999999997 ms
176,1226.1 ms
176,1230.35 ms
176,1273.85 ms
176,1298.65 ms
176,1299.4999999999995 ms
176,1314.4 ms
176,1330.7499999999995 ms
176,1332.7999999999997 ms
176,1339.35 ms
176,1350.0499999999997 ms
176,1409.7999999999997 ms
176,1413.9499999999998 ms
176,1416.0 ms
176,1419.8999999999996 ms
176,1427.6 ms
176,1429.9 ms
176,1446.6999999999998 ms
176,1456.8999999999996 ms
176,1464.6999999999998 ms
176,1473.1 ms
176,1478.85 ms
176,1488.4499999999998 ms
176,1537.1499999999996 ms
176,1546.85 ms
176,1552.4499999999998 ms
176,1563.5499999999997 ms
176,1580.6 ms
176,1589.9999999999995 ms
176,1613.4499999999998 ms
176,1616.5499999999997 ms
176,1625.8999999999996 ms
176,1634.9499999999998 ms
176,1636.4999999999995 ms
176,1640.5999999999995 ms
176,1646.1499999999996 ms
176,1649.7999999999993 ms
176,1678.6499999999996 ms
176,1685.1499999999996 ms
176,1689.8999999999996 ms
176,1711.8499999999995 ms
176,1748.5999999999995 ms
176,1751.1499999999996 ms
176,1759.3499999999995 ms
176,1778.2999999999993 ms
176,1780.3999999999996 ms
176,1791.8499999999995 ms
176,1802.3999999999996 ms
176,1825.6499999999996 ms
176,1839.6499999999996 ms
176,1842.8499999999995 ms
176,1847.8499999999995 ms
176,1861.8999999999996 ms
176,1873.8999999999996 ms
176,1881.3499999999995 ms
176,1908.7499999999995 ms
176,1910.9999999999995 ms
176,1921.9999999999995 ms
176,1936.2999999999997 ms
176,1937.1499999999992 ms
176,1954.0999999999995 ms
176,1977.1499999999996 ms
176,1984.3999999999996 ms
176,1994.1999999999994 ms
176,2008.8499999999995 ms
176,2016.6999999999994 ms
176,2025.7499999999995 ms
176,2026.849999999999 ms
176,2039.5499999999993 ms
176,2048.9499999999994 ms
176,2050.049999999999 ms
176,2061.7499999999986 ms
176,2067.299999999999 ms
176,2070.4999999999986 ms
176,2072.6999999999985 ms
176,2119.799999999999 ms
176,2121.9999999999986 ms
176,2125.399999999999 ms
176,2130.849999999999 ms
176,2149.049999999999 ms
176,2163.8999999999983 ms
176,2179.349999999998 ms
176,2181.7499999999986 ms
176,2216.849999999998 ms
176,2221.799999999998 ms
176,2230.049999999998 ms
176,2253.799999999998 ms
176,2281.9999999999977 ms
176,2292.9999999999977 ms
176,2296.7499999999977 ms
176,2314.4499999999975 ms
176,2318.1999999999975 ms
176,2336.4499999999975 ms
176,2345.099999999998 ms
176,2350.299999999998 ms
176,2354.1499999999974 ms
176,2367.549999999998 ms
176,2374.6999999999975 ms
176,2375.1499999999974 ms
176,2384.4499999999975 ms
176,2385.1999999999975 ms
176,2392.9999999999977 ms
176,2394.1499999999983 ms
176,2422.1499999999974 ms
176,2433.349999999997 ms
176,2433.9999999999977 ms
176,2459.1499999999983 ms
176,2477.1999999999985 ms
176,2487.799999999998 ms
176,2488.8999999999974 ms
176,2519.1499999999983 ms
176,2544.799999999998 ms
176,2546.8999999999974 ms
176,2547.9499999999975 ms
176,2549.599999999998 ms
176,2561.7499999999986 ms
176,2580.299999999999 ms
176,2580.4499999999985 ms
176,2601.3999999999983 ms
176,2613.1499999999983 ms
176,2660.099999999998 ms
176,2689.849999999998 ms
176,2709.2499999999986 ms
176,2715.599999999998 ms
176,2720.049999999998 ms
176,2766.4999999999977 ms
176,2771.299999999998 ms
176,2782.099999999998 ms
176,2811.849999999998 ms
176,2821.849999999998 ms
176,2835.299999999998 ms
176,2840.1999999999985 ms
176,2859.849999999998 ms
176,2874.6499999999983 ms
176,2885.3999999999983 ms
176,2900.7499999999977 ms
176,2908.1499999999983 ms
176,2915.599999999998 ms
176,2924.2499999999986 ms
176,2931.299999999999 ms
176,2936.9499999999985 ms
176,2941.3999999999983 ms
176,2941.599999999998 ms
176,2949.9999999999986 ms
176,2973.299999999999 ms
176,2988.599999999999 ms
176,2989.799999999999 ms
176,3001.3999999999983 ms
176,3022.7499999999977 ms
176,3033.6499999999983 ms
176,3063.1999999999985 ms
176,3090.849999999999 ms
176,3124.099999999998 ms
176,3127.349999999999 ms
176,3166.549999999999 ms
176,3195.7499999999986 ms
176,3196.6999999999985 ms
176,3206.349999999998 ms
176,3214.7499999999986 ms
176,3226.849999999998 ms
176,3230.4999999999986 ms
176,3233.7499999999977 ms
176,3244.349999999998 ms
176,3244.599999999998 ms
176,3246.8999999999983 ms
176,3281.1999999999985 ms
176,3283.099999999999 ms
176,3291.349999999998 ms
176,3299.6999999999985 ms
176,3304.099999999999 ms
176,3307.549999999999 ms
176,3310.8999999999983 ms
176,3313.1999999999985 ms
176,3316.599999999999 ms
176,3329.899999999999 ms
176,3353.4499999999994 ms
176,3356.149999999999 ms
176,3364.549999999999 ms
176,3367.099999999999 ms
176,3391.6999999999985 ms
176,3404.349999999999 ms
176,3426.899999999999 ms
176,3433.7499999999986 ms
176,3456.799999999999 ms
176,3464.149999999999 ms
176,3478.7999999999997 ms
176,3506.1999999999994 ms
176,3506.899999999999 ms
176,3525.7499999999986 ms
176,3532.6999999999985 ms
176,3562.4999999999986 ms
176,3567.399999999999 ms
176,3621.2499999999986 ms
176,3626.6999999999985 ms
176,3640.4499999999994 ms
176,3675.549999999999 ms
176,3688.8999999999983 ms
176,3693.599999999998 ms
176,3695.3999999999983 ms
176,3704.6999999999985 ms
176,3705.4999999999986 ms
176,3714.6999999999985 ms
176,3718.1499999999983 ms
176,3721.849999999998 ms
176,3733.9999999999986 ms
176,3736.4999999999986 ms
176,3742.6999999999985 ms
176,3798.9499999999985 ms
176,3824.099999999999 ms
176,3866.099999999998 ms
176,3866.6499999999983 ms
176,3884.049999999999 ms
176,3896.4499999999994 ms
176,3908.099999999999 ms
176,3914.9499999999985 ms
176,3919.9999999999986 ms
176,3926.549999999999 ms
176,3938.649999999999 ms
176,3943.9999999999986 ms
176,3945.2499999999995 ms
176,3954.4499999999994 ms
176,3956.6999999999985 ms
176,3960.2499999999986 ms
176,3961.099999999999 ms
176,3996.4999999999995 ms
177,3.95 ms
177,21.4 ms
177,49.85 ms
177,55.74999999999999 ms
177,81.9 ms
177,84.85 ms
177,89.55000000000001 ms
177,97.30000000000001 ms
177,100.45000000000002 ms
177,114.05000000000001 ms
177,119.05000000000001 ms
177,120.5 ms
177,123.35000000000002 ms
177,142.05 ms
177,170.95 ms
177,179.90000000000003 ms
177,198.75 ms
177,215.45 ms
177,218.59999999999997 ms
177,221.90000000000003 ms
177,223.7 ms
177,236.10000000000002 ms
177,249.5 ms
177,253.20000000000005 ms
177,254.70000000000005 ms
177,263.85 ms
177,266.70000000000005 ms
177,271.95000000000005 ms
177,289.30000000000007 ms
177,297.5000000000001 ms
177,346.0000000000001 ms
177,354.45000000000005 ms
177,394.45000000000005 ms
177,397.6500000000001 ms
177,400.0 ms
177,417.05000000000007 ms
177,428.95000000000005 ms
177,435.9000000000001 ms
177,475.1500000000001 ms
177,514.25 ms
177,519.0999999999999 ms
177,539.8000000000002 ms
177,551.6500000000001 ms
177,555.3500000000001 ms
177,569.4000000000001 ms
177,579.5 ms
177,580.6000000000001 ms
177,588.95 ms
177,596.3000000000002 ms
177,614.4000000000001 ms
177,631.3500000000004 ms
177,642.8000000000002 ms
177,648.0500000000002 ms
177,660.7500000000005 ms
177,661.3500000000004 ms
177,662.0000000000005 ms
177,676.2500000000005 ms
177,689.8000000000002 ms
177,695.7000000000003 ms
177,703.3000000000002 ms
177,719.4500000000003 ms
177,730.2000000000003 ms
177,731.8000000000002 ms
177,748.3000000000002 ms
177,769.8500000000004 ms
177,771.0500000000002 ms
177,773.7000000000003 ms
177,777.5000000000002 ms
177,804.5500000000002 ms
177,808.3500000000001 ms
177,818.3000000000002 ms
177,819.6000000000001 ms
177,826.95 ms
177,851.4000000000003 ms
177,854.8500000000001 ms
177,890.1500000000003 ms
177,891.8500000000001 ms
177,902.5500000000004 ms
177,915.6000000000001 ms
177,920.5000000000002 ms
177,925.4500000000003 ms
177,938.1000000000004 ms
177,950.4000000000001 ms
177,950.8000000000002 ms
177,982.1000000000001 ms
177,993.4000000000001 ms
177,1017.8000000000002 ms
177,1018.0500000000002 ms
177,1018.9000000000001 ms
177,1021.0500000000002 ms
177,1027.0500000000002 ms
177,1030.2000000000003 ms
177,1040.6000000000004 ms
177,1051.1000000000004 ms
177,1064.7500000000005 ms
177,1081.8500000000004 ms
177,1088.6000000000004 ms
177,1092.6000000000004 ms
177,1096.6000000000004 ms
177,1099.3000000000002 ms
177,1104.3500000000004 ms
177,1116.3500000000004 ms
177,1144.0500000000002 ms
177,1159.1500000000005 ms
177,1209.0500000000002 ms
177,1216.3000000000002 ms
177,1218.6000000000004 ms
177,1223.0500000000002 ms
177,1228.4500000000007 ms
177,1241.2000000000007 ms
177,1253.0500000000002 ms
177,1262.6000000000004 ms
177,1270.2500000000005 ms
177,1276.1500000000005 ms
177,1276.3000000000006 ms
177,1279.5000000000005 ms
177,1283.150000000001 ms
177,1289.5000000000005 ms
177,1326.2000000000007 ms
177,1345.8000000000006 ms
177,1378.2500000000005 ms
177,1395.6000000000008 ms
177,1406.9000000000005 ms
177,1427.4000000000005 ms
177,1429.3000000000006 ms
177,1432.9000000000005 ms
177,1434.7000000000007 ms
177,1449.7000000000007 ms
177,1465.9000000000005 ms
177,1500.4500000000007 ms
177,1517.9000000000005 ms
177,1534.6000000000004 ms
177,1584.9000000000005 ms
177,1588.3500000000004 ms
177,1590.0500000000006 ms
177,1615.8500000000008 ms
177,1621.1500000000005 ms
177,1624.3500000000004 ms
177,1654.750000000001 ms
177,1658.1500000000005 ms
177,1660.1000000000008 ms
177,1663.6000000000008 ms
177,1672.6000000000008 ms
177,1693.750000000001 ms
177,1703.800000000001 ms
177,1704.500000000001 ms
177,1738.6000000000008 ms
177,1768.4500000000007 ms
177,1772.500000000001 ms
177,1778.3500000000004 ms
177,1780.9000000000005 ms
177,1783.8000000000006 ms
177,1797.9500000000007 ms
177,1821.5500000000006 ms
177,1851.0000000000005 ms
177,1857.6000000000008 ms
177,1872.1000000000008 ms
177,1876.2500000000005 ms
177,1916.650000000001 ms
177,1926.900000000001 ms
177,1929.0500000000006 ms
177,1930.400000000001 ms
177,1944.900000000001 ms
177,1950.6000000000008 ms
177,1961.4500000000007 ms
177,1973.3500000000008 ms
177,1975.250000000001 ms
177,1985.1000000000008 ms
177,2003.000000000001 ms
177,2005.550000000001 ms
177,2018.250000000001 ms
177,2020.9500000000007 ms
177,2027.650000000001 ms
177,2032.6000000000008 ms
177,2035.5000000000014 ms
177,2043.0000000000014 ms
177,2054.7500000000005 ms
177,2073.5500000000006 ms
177,2080.900000000001 ms
177,2113.8000000000015 ms
177,2122.8500000000017 ms
177,2144.0500000000015 ms
177,2154.5500000000006 ms
177,2155.700000000001 ms
177,2158.5000000000014 ms
177,2172.2500000000014 ms
177,2198.450000000001 ms
177,2244.700000000001 ms
177,2268.8000000000006 ms
177,2277.850000000001 ms
177,2278.900000000001 ms
177,2298.400000000002 ms
177,2301.450000000002 ms
177,2303.1000000000017 ms
177,2303.8000000000015 ms
177,2315.8500000000017 ms
177,2320.8500000000017 ms
177,2323.3000000000015 ms
177,2336.8500000000017 ms
177,2348.1000000000017 ms
177,2362.7500000000023 ms
177,2370.1000000000017 ms
177,2421.8000000000015 ms
177,2427.0500000000015 ms
177,2450.700000000002 ms
177,2476.8000000000015 ms
177,2511.650000000001 ms
177,2523.2500000000014 ms
177,2587.950000000001 ms
177,2592.8000000000006 ms
177,2599.900000000001 ms
177,2618.0500000000015 ms
177,2619.8500000000017 ms
177,2619.950000000001 ms
177,2638.400000000001 ms
177,2638.900000000001 ms
177,2643.850000000001 ms
177,2645.850000000001 ms
177,2649.0000000000014 ms
177,2649.700000000001 ms
177,2674.350000000001 ms
177,2683.5000000000014 ms
177,2696.450000000001 ms
177,2701.0500000000006 ms
177,2722.350000000001 ms
177,2740.900000000001 ms
177,2775.700000000001 ms
177,2782.8500000000017 ms
177,2784.150000000002 ms
177,2788.2500000000014 ms
177,2791.900000000002 ms
177,2801.200000000002 ms
177,2812.200000000001 ms
177,2842.1000000000017 ms
177,2882.450000000001 ms
177,2892.3000000000015 ms
177,2914.950000000002 ms
177,2938.6000000000017 ms
177,2944.2500000000023 ms
177,2945.2500000000014 ms
177,2952.6000000000017 ms
177,2955.6000000000017 ms
177,2965.650000000002 ms
177,2971.700000000002 ms
177,2973.400000000002 ms
177,2997.3500000000017 ms
177,3004.7500000000023 ms
177,3008.900000000002 ms
177,3010.650000000002 ms
177,3049.200000000002 ms
177,3063.5500000000015 ms
177,3065.150000000002 ms
177,3071.450000000002 ms
177,3084.0000000000023 ms
177,3084.200000000002 ms
177,3112.0000000000023 ms
177,3112.8000000000025 ms
177,3117.450000000003 ms
177,3129.3500000000026 ms
177,3171.000000000003 ms
177,3181.5500000000034 ms
177,3187.8000000000025 ms
177,3194.400000000003 ms
177,3209.5000000000023 ms
177,3216.1000000000026 ms
177,3218.8000000000025 ms
177,3225.650000000002 ms
177,3236.400000000003 ms
177,3240.200000000003 ms
177,3243.150000000003 ms
177,3271.0500000000025 ms
177,3275.6000000000026 ms
177,3298.650000000003 ms
177,3301.0500000000034 ms
177,3304.400000000003 ms
177,3310.1000000000026 ms
177,3313.200000000002 ms
177,3317.400000000002 ms
177,3325.0500000000025 ms
177,3326.150000000002 ms
177,3330.5500000000025 ms
177,3334.1000000000026 ms
177,3340.0500000000025 ms
177,3341.5500000000025 ms
177,3385.650000000002 ms
177,3386.5000000000023 ms
177,3422.5500000000025 ms
177,3443.150000000002 ms
177,3449.2500000000023 ms
177,3453.200000000002 ms
177,3458.5500000000015 ms
177,3483.200000000002 ms
177,3519.5000000000023 ms
177,3524.7500000000023 ms
177,3531.650000000003 ms
177,3540.8500000000026 ms
177,3549.450000000002 ms
177,3559.0500000000015 ms
177,3568.0500000000025 ms
177,3584.3500000000026 ms
177,3594.0500000000025 ms
177,3596.950000000002 ms
177,3598.8000000000015 ms
177,3603.5500000000025 ms
177,3611.8500000000026 ms
177,3658.5500000000025 ms
177,3665.8000000000015 ms
177,3680.5500000000025 ms
177,3692.950000000002 ms
177,3695.3000000000015 ms
177,3706.1000000000017 ms
177,3728.0000000000023 ms
177,3747.8000000000025 ms
177,3759.700000000003 ms
177,3762.3000000000025 ms
177,3804.700000000003 ms
177,3815.900000000003 ms
177,3817.5000000000023 ms
177,3818.0500000000025 ms
177,3827.3500000000026 ms
177,3838.650000000003 ms
177,3882.6000000000026 ms
177,3910.0500000000025 ms
177,3928.0500000000025 ms
177,3939.8000000000025 ms
177,3952.8000000000025 ms
177,3957.7500000000023 ms
177,3963.7500000000023 ms
177,3968.2500000000023 ms
177,3990.5000000000023 ms
177,3991.450000000002 ms
177,3995.8500000000026 ms
178,6.4 ms
178,21.85 ms
178,24.35 ms
178,25.050000000000004 ms
178,35.8 ms
178,43.39999999999999 ms
178,52.55 ms
178,100.64999999999999 ms
178,132.05 ms
178,140.15000000000003 ms
178,144.55 ms
178,144.75 ms
178,178.45 ms
178,180.09999999999997 ms
178,190.55 ms
178,227.5 ms
178,230.60000000000002 ms
178,230.79999999999995 ms
178,250.04999999999995 ms
178,256.95 ms
178,262.6499999999999 ms
178,275.40000000000003 ms
178,280.8 ms
178,281.2 ms
178,298.99999999999994 ms
178,315.74999999999994 ms
178,320.6499999999999 ms
178,329.2999999999999 ms
178,358.74999999999983 ms
178,359.5499999999999 ms
178,380.24999999999983 ms
178,384.1499999999998 ms
178,384.3999999999999 ms
178,387.3999999999998 ms
178,397.0499999999998 ms
178,418.74999999999983 ms
178,422.09999999999985 ms
178,429.6999999999999 ms
178,452.3999999999998 ms
178,467.34999999999985 ms
178,491.9499999999999 ms
178,505.59999999999985 ms
178,513.1999999999998 ms
178,514.0499999999997 ms
178,535.0 ms
178,537.3999999999999 ms
178,576.1999999999998 ms
178,577.5499999999997 ms
178,598.3999999999999 ms
178,610.3999999999999 ms
178,615.05 ms
178,627.8 ms
178,649.6999999999998 ms
178,664.5999999999999 ms
178,669.7499999999998 ms
178,671.1499999999999 ms
178,673.8499999999997 ms
178,683.3 ms
178,685.7499999999998 ms
178,711.95 ms
178,723.45 ms
178,726.7 ms
178,742.9999999999998 ms
178,799.55 ms
178,810.8499999999997 ms
178,811.1499999999999 ms
178,817.9499999999996 ms
178,827.9999999999998 ms
178,834.8999999999996 ms
178,837.1499999999996 ms
178,860.4499999999996 ms
178,863.2499999999995 ms
178,882.6999999999996 ms
178,888.3999999999996 ms
178,900.0499999999997 ms
178,929.7999999999997 ms
178,931.4499999999996 ms
178,1002.6499999999996 ms
178,1017.0999999999997 ms
178,1019.0499999999997 ms
178,1019.3499999999997 ms
178,1025.0499999999997 ms
178,1031.2499999999995 ms
178,1032.4499999999998 ms
178,1048.25 ms
178,1053.1499999999996 ms
178,1059.1 ms
178,1061.4499999999998 ms
178,1063.6499999999996 ms
178,1072.4499999999998 ms
178,1079.5499999999997 ms
178,1099.2999999999997 ms
178,1108.3999999999996 ms
178,1122.1499999999996 ms
178,1122.8999999999996 ms
178,1141.0999999999995 ms
178,1165.5999999999995 ms
178,1172.6999999999998 ms
178,1188.1499999999996 ms
178,1198.2499999999995 ms
178,1199.4499999999994 ms
178,1275.1999999999994 ms
178,1281.2499999999995 ms
178,1287.5499999999997 ms
178,1331.9999999999995 ms
178,1337.9499999999994 ms
178,1360.6499999999996 ms
178,1364.4499999999998 ms
178,1364.6499999999996 ms
178,1380.6999999999998 ms
178,1395.6499999999996 ms
178,1426.7499999999995 ms
178,1428.1999999999994 ms
178,1454.6499999999996 ms
178,1458.9499999999998 ms
178,1484.0499999999993 ms
178,1500.6499999999996 ms
178,1521.0999999999995 ms
178,1556.1999999999994 ms
178,1562.4999999999995 ms
178,1571.5499999999993 ms
178,1572.2999999999993 ms
178,1586.2999999999993 ms
178,1587.6499999999992 ms
178,1599.099999999999 ms
178,1610.8999999999992 ms
178,1615.1499999999992 ms
178,1625.0499999999993 ms
178,1638.8499999999995 ms
178,1677.6499999999992 ms
178,1678.749999999999 ms
178,1678.949999999999 ms
178,1683.199999999999 ms
178,1690.499999999999 ms
178,1692.349999999999 ms
178,1755.249999999999 ms
178,1765.5499999999993 ms
178,1770.3999999999987 ms
178,1777.999999999999 ms
178,1778.8499999999985 ms
178,1790.3999999999987 ms
178,1798.3499999999985 ms
178,1802.0999999999985 ms
178,1817.7999999999988 ms
178,1821.449999999999 ms
178,1825.999999999999 ms
178,1827.1499999999987 ms
178,1868.999999999999 ms
178,1881.699999999999 ms
178,1882.699999999999 ms
178,1885.8999999999987 ms
178,1889.249999999999 ms
178,1901.0999999999985 ms
178,1960.449999999999 ms
178,1960.6499999999987 ms
178,1963.699999999999 ms
178,1980.199999999999 ms
178,1985.2499999999986 ms
178,2017.9999999999986 ms
178,2076.9499999999985 ms
178,2088.2499999999986 ms
178,2091.299999999999 ms
178,2133.9499999999994 ms
178,2181.2499999999995 ms
178,2204.2999999999997 ms
178,2210.85 ms
178,2213.099999999999 ms
178,2232.9999999999995 ms
178,2242.6999999999994 ms
178,2259.899999999999 ms
178,2273.899999999999 ms
178,2328.7999999999997 ms
178,2359.149999999999 ms
178,2373.1999999999994 ms
178,2393.6 ms
178,2405.5499999999997 ms
178,2408.799999999999 ms
178,2420.6999999999994 ms
178,2422.549999999999 ms
178,2425.2999999999997 ms
178,2443.85 ms
178,2451.4999999999995 ms
178,2456.6999999999994 ms
178,2462.6999999999994 ms
178,2473.4499999999994 ms
178,2511.9999999999995 ms
178,2519.4 ms
178,2531.0499999999997 ms
178,2548.9999999999995 ms
178,2554.6999999999994 ms
178,2583.9499999999994 ms
178,2589.35 ms
178,2604.849999999999 ms
178,2605.299999999999 ms
178,2632.6999999999994 ms
178,2658.35 ms
178,2663.5499999999997 ms
178,2700.9999999999995 ms
178,2714.899999999999 ms
178,2715.899999999999 ms
178,2723.349999999999 ms
178,2751.799999999999 ms
178,2789.3999999999983 ms
178,2793.7499999999986 ms
178,2813.4499999999985 ms
178,2814.549999999998 ms
178,2823.6499999999983 ms
178,2829.4499999999985 ms
178,2840.6499999999983 ms
178,2844.549999999999 ms
178,2887.4499999999985 ms
178,2889.9499999999985 ms
178,2929.6499999999983 ms
178,2933.599999999998 ms
178,2937.799999999998 ms
178,2940.3999999999974 ms
178,2953.9499999999975 ms
178,2956.6999999999985 ms
178,2957.799999999998 ms
178,2962.6999999999985 ms
178,2977.549999999998 ms
178,2986.6999999999985 ms
178,3011.1499999999983 ms
178,3011.4999999999977 ms
178,3022.1999999999975 ms
178,3040.849999999998 ms
178,3045.1999999999975 ms
178,3060.1999999999975 ms
178,3076.4999999999977 ms
178,3078.9499999999975 ms
178,3102.299999999997 ms
178,3109.4499999999975 ms
178,3113.799999999997 ms
178,3116.3999999999974 ms
178,3124.599999999997 ms
178,3133.3999999999974 ms
178,3135.349999999997 ms
178,3137.049999999997 ms
178,3151.999999999997 ms
178,3153.0999999999963 ms
178,3167.8999999999965 ms
178,3169.3499999999963 ms
178,3184.1499999999965 ms
178,3186.299999999997 ms
178,3190.6999999999975 ms
178,3195.299999999997 ms
178,3198.049999999997 ms
178,3199.1999999999975 ms
178,3212.849999999997 ms
178,3222.9999999999977 ms
178,3232.4499999999975 ms
178,3262.9999999999977 ms
178,3334.249999999997 ms
178,3339.4999999999977 ms
178,3354.999999999997 ms
178,3364.2499999999977 ms
178,3369.249999999997 ms
178,3381.4999999999977 ms
178,3406.749999999997 ms
178,3419.6999999999966 ms
178,3422.1999999999975 ms
178,3447.1499999999974 ms
178,3503.099999999997 ms
178,3513.6999999999966 ms
178,3523.749999999997 ms
178,3538.1499999999974 ms
178,3550.599999999997 ms
178,3554.6499999999974 ms
178,3557.249999999997 ms
178,3590.6499999999974 ms
178,3614.1999999999975 ms
178,3614.6999999999966 ms
178,3632.3999999999965 ms
178,3637.049999999997 ms
178,3649.4499999999975 ms
178,3658.049999999997 ms
178,3663.249999999997 ms
178,3687.749999999997 ms
178,3692.549999999997 ms
178,3730.249999999997 ms
178,3732.4499999999966 ms
178,3746.9499999999966 ms
178,3771.049999999996 ms
178,3777.8499999999963 ms
178,3794.099999999997 ms
178,3813.999999999997 ms
178,3843.299999999997 ms
178,3846.1499999999965 ms
178,3880.249999999997 ms
178,3885.6999999999966 ms
178,3896.6999999999966 ms
178,3918.799999999996 ms
178,3922.8499999999963 ms
178,3979.099999999997 ms
178,3980.0999999999963 ms
178,3985.249999999997 ms
178,3985.8999999999974 ms
178,3991.499999999997 ms
179,5.800000000000001 ms
179,6.15 ms
179,34.6 ms
179,72.95000000000002 ms
179,81.65 ms
179,88.85 ms
179,104.35 ms
179,104.9 ms
179,114.9 ms
179,119.65 ms
179,138.15 ms
179,146.99999999999997 ms
179,153.35 ms
179,156.1 ms
179,157.29999999999998 ms
179,200.39999999999995 ms
179,209.09999999999994 ms
179,237.44999999999996 ms
179,244.69999999999996 ms
179,249.79999999999993 ms
179,281.15 ms
179,339.19999999999993 ms
179,355.35 ms
179,360.54999999999995 ms
179,363.0 ms
179,374.44999999999993 ms
179,403.4 ms
179,421.15 ms
179,430.44999999999993 ms
179,469.0999999999999 ms
179,490.19999999999993 ms
179,512.3 ms
179,514.05 ms
179,515.8 ms
179,532.6499999999999 ms
179,550.8 ms
179,560.0 ms
179,609.6500000000001 ms
179,611.8499999999999 ms
179,613.7 ms
179,614.45 ms
179,627.2 ms
179,659.5 ms
179,665.75 ms
179,668.25 ms
179,671.5 ms
179,684.45 ms
179,737.9000000000001 ms
179,757.6500000000001 ms
179,771.9000000000001 ms
179,775.3500000000001 ms
179,786.2500000000002 ms
179,798.8500000000001 ms
179,804.6000000000001 ms
179,844.0500000000002 ms
179,865.9000000000001 ms
179,910.7000000000003 ms
179,914.3000000000002 ms
179,918.6000000000001 ms
179,949.1000000000001 ms
179,969.2 ms
179,992.6000000000001 ms
179,995.5000000000002 ms
179,1007.45 ms
179,1038.9 ms
179,1039.85 ms
179,1065.7500000000005 ms
179,1069.1 ms
179,1101.5500000000002 ms
179,1103.9 ms
179,1130.2000000000003 ms
179,1132.25 ms
179,1141.25 ms
179,1143.5 ms
179,1155.9 ms
179,1169.6 ms
179,1192.9 ms
179,1208.15 ms
179,1218.5 ms
179,1221.25 ms
179,1240.5500000000002 ms
179,1241.0500000000002 ms
179,1242.6 ms
179,1249.2999999999997 ms
179,1264.5499999999997 ms
179,1278.4500000000003 ms
179,1285.2999999999997 ms
179,1305.4 ms
179,1305.9499999999998 ms
179,1317.7999999999997 ms
179,1331.5499999999997 ms
179,1335.3999999999996 ms
179,1338.4999999999995 ms
179,1343.3499999999995 ms
179,1357.6999999999994 ms
179,1357.9499999999994 ms
179,1366.0499999999993 ms
179,1367.4499999999994 ms
179,1388.4499999999994 ms
179,1388.9999999999995 ms
179,1390.7999999999993 ms
179,1393.8999999999992 ms
179,1401.2999999999993 ms
179,1403.2999999999993 ms
179,1419.999999999999 ms
179,1430.3499999999995 ms
179,1435.0499999999993 ms
179,1456.9499999999994 ms
179,1468.7999999999993 ms
179,1480.2999999999993 ms
179,1481.3499999999995 ms
179,1497.949999999999 ms
179,1529.2999999999993 ms
179,1533.599999999999 ms
179,1535.449999999999 ms
179,1546.249999999999 ms
179,1556.499999999999 ms
179,1561.0999999999985 ms
179,1569.449999999999 ms
179,1570.2999999999984 ms
179,1575.699999999999 ms
179,1582.0999999999985 ms
179,1594.1499999999987 ms
179,1595.199999999999 ms
179,1596.7999999999984 ms
179,1602.4999999999986 ms
179,1623.9999999999986 ms
179,1628.4499999999985 ms
179,1630.349999999999 ms
179,1635.099999999999 ms
179,1662.1999999999985 ms
179,1683.5499999999988 ms
179,1700.6999999999985 ms
179,1708.6999999999985 ms
179,1718.2999999999988 ms
179,1723.4499999999985 ms
179,1746.2999999999988 ms
179,1762.5999999999985 ms
179,1763.4999999999986 ms
179,1766.8999999999987 ms
179,1781.0499999999988 ms
179,1805.099999999999 ms
179,1815.0499999999988 ms
179,1824.0499999999988 ms
179,1830.199999999999 ms
179,1836.099999999999 ms
179,1843.5499999999988 ms
179,1868.349999999999 ms
179,1901.449999999999 ms
179,1912.3999999999987 ms
179,1923.5499999999993 ms
179,1945.8999999999987 ms
179,1965.949999999999 ms
179,1966.7999999999988 ms
179,1974.849999999999 ms
179,1976.9999999999986 ms
179,1977.3999999999992 ms
179,1989.5499999999988 ms
179,2004.8999999999992 ms
179,2009.3999999999992 ms
179,2015.7999999999988 ms
179,2019.499999999999 ms
179,2026.749999999999 ms
179,2036.3999999999992 ms
179,2062.399999999999 ms
179,2064.649999999999 ms
179,2090.849999999999 ms
179,2102.4999999999995 ms
179,2103.5499999999997 ms
179,2106.149999999999 ms
179,2108.4999999999986 ms
179,2114.7499999999995 ms
179,2134.599999999999 ms
179,2135.1999999999985 ms
179,2140.849999999999 ms
179,2145.099999999999 ms
179,2163.6999999999985 ms
179,2172.6999999999994 ms
179,2175.4999999999995 ms
179,2192.6999999999994 ms
179,2199.099999999999 ms
179,2207.849999999999 ms
179,2213.549999999999 ms
179,2216.6999999999994 ms
179,2223.7499999999995 ms
179,2254.7499999999986 ms
179,2260.549999999999 ms
179,2276.149999999999 ms
179,2296.1999999999994 ms
179,2299.299999999999 ms
179,2339.399999999999 ms
179,2340.899999999999 ms
179,2357.849999999999 ms
179,2360.849999999999 ms
179,2406.099999999999 ms
179,2407.399999999999 ms
179,2418.7499999999986 ms
179,2421.9999999999995 ms
179,2441.2499999999986 ms
179,2447.099999999999 ms
179,2467.6999999999985 ms
179,2486.4499999999994 ms
179,2529.9499999999985 ms
179,2538.1999999999994 ms
179,2540.9499999999985 ms
179,2562.2499999999986 ms
179,2564.299999999999 ms
179,2573.399999999999 ms
179,2578.9999999999986 ms
179,2605.899999999999 ms
179,2611.5499999999997 ms
179,2622.4999999999995 ms
179,2636.4999999999986 ms
179,2636.599999999999 ms
179,2637.349999999999 ms
179,2637.649999999999 ms
179,2643.5499999999997 ms
179,2656.149999999999 ms
179,2662.6999999999994 ms
179,2671.1999999999994 ms
179,2675.6999999999994 ms
179,2699.4499999999994 ms
179,2726.299999999999 ms
179,2727.149999999999 ms
179,2736.0499999999997 ms
179,2772.4499999999994 ms
179,2783.549999999999 ms
179,2796.6999999999994 ms
179,2798.1 ms
179,2798.6999999999994 ms
179,2814.149999999999 ms
179,2818.899999999999 ms
179,2826.149999999999 ms
179,2830.4999999999986 ms
179,2846.049999999999 ms
179,2849.9999999999986 ms
179,2874.4499999999985 ms
179,2875.3999999999983 ms
179,2879.1999999999985 ms
179,2883.349999999999 ms
179,2907.599999999999 ms
179,2981.599999999999 ms
179,3004.599999999999 ms
179,3020.299999999999 ms
179,3040.049999999999 ms
179,3047.049999999999 ms
179,3059.1499999999983 ms
179,3062.099999999998 ms
179,3065.2499999999986 ms
179,3072.4499999999985 ms
179,3084.6499999999983 ms
179,3103.599999999998 ms
179,3104.349999999998 ms
179,3113.9499999999975 ms
179,3120.799999999998 ms
179,3125.599999999998 ms
179,3138.799999999998 ms
179,3149.8999999999974 ms
179,3149.9999999999977 ms
179,3160.6999999999975 ms
179,3161.099999999998 ms
179,3177.9999999999977 ms
179,3196.9999999999977 ms
179,3222.6499999999983 ms
179,3228.549999999998 ms
179,3233.099999999998 ms
179,3255.849999999998 ms
179,3259.799999999998 ms
179,3286.549999999998 ms
179,3290.2499999999977 ms
179,3306.9499999999975 ms
179,3307.6999999999975 ms
179,3309.8999999999974 ms
179,3322.749999999997 ms
179,3353.6999999999966 ms
179,3361.999999999997 ms
179,3362.9999999999977 ms
179,3379.499999999997 ms
179,3380.4999999999977 ms
179,3392.999999999997 ms
179,3409.8999999999974 ms
179,3415.6499999999974 ms
179,3415.9499999999975 ms
179,3430.849999999998 ms
179,3459.6499999999983 ms
179,3469.6999999999985 ms
179,3469.849999999998 ms
179,3480.7499999999986 ms
179,3482.6499999999983 ms
179,3486.7499999999977 ms
179,3496.299999999998 ms
179,3512.049999999999 ms
179,3519.8999999999983 ms
179,3529.099999999998 ms
179,3553.549999999998 ms
179,3577.8999999999974 ms
179,3583.1999999999975 ms
179,3599.8999999999974 ms
179,3600.8999999999983 ms
179,3608.849999999998 ms
179,3634.7499999999977 ms
179,3650.2499999999977 ms
179,3672.3999999999983 ms
179,3688.299999999998 ms
179,3704.4999999999977 ms
179,3708.9499999999975 ms
179,3745.549999999997 ms
179,3748.349999999997 ms
179,3749.049999999997 ms
179,3752.8999999999974 ms
179,3760.499999999997 ms
179,3790.799999999997 ms
179,3806.999999999997 ms
179,3812.1499999999974 ms
179,3821.349999999997 ms
179,3833.8999999999974 ms
179,3840.599999999997 ms
179,3849.049999999997 ms
179,3861.599999999997 ms
179,3884.549999999997 ms
179,3922.1499999999965 ms
179,3935.0999999999963 ms
179,3961.099999999997 ms
179,3962.4499999999966 ms
180,19.75 ms
180,66.4 ms
180,68.9 ms
180,87.35 ms
180,98.70000000000002 ms
180,101.55000000000001 ms
180,106.85000000000002 ms
180,120.0 ms
180,131.65 ms
180,133.80000000000004 ms
180,142.95000000000002 ms
180,168.4 ms
180,176.70000000000002 ms
180,179.00000000000003 ms
180,187.30000000000004 ms
180,205.15000000000006 ms
180,206.35000000000005 ms
180,206.70000000000002 ms
180,208.30000000000004 ms
180,215.20000000000007 ms
180,241.75000000000009 ms
180,256.0 ms
180,268.45000000000005 ms
180,270.25 ms
180,286.70000000000005 ms
180,301.85 ms
180,302.20000000000005 ms
180,310.55000000000007 ms
180,319.1 ms
180,338.5000000000001 ms
180,355.85 ms
180,360.1 ms
180,377.70000000000016 ms
180,385.2500000000001 ms
180,387.85000000000014 ms
180,436.2500000000001 ms
180,439.1500000000001 ms
180,453.10000000000014 ms
180,472.85000000000014 ms
180,499.20000000000005 ms
180,506.5500000000002 ms
180,511.5000000000001 ms
180,537.65 ms
180,546.0000000000001 ms
180,570.9 ms
180,607.1500000000002 ms
180,615.65 ms
180,621.35 ms
180,627.1000000000003 ms
180,648.6500000000002 ms
180,649.5000000000001 ms
180,655.15 ms
180,659.0500000000001 ms
180,660.85 ms
180,671.0500000000001 ms
180,672.0500000000001 ms
180,711.1500000000002 ms
180,722.2500000000001 ms
180,734.8000000000001 ms
180,764.35 ms
180,767.0500000000001 ms
180,792.2500000000001 ms
180,794.3500000000003 ms
180,803.9500000000002 ms
180,807.9000000000002 ms
180,811.8500000000003 ms
180,820.9500000000004 ms
180,821.8500000000003 ms
180,821.9500000000004 ms
180,829.4000000000004 ms
180,841.4000000000002 ms
180,850.4500000000002 ms
180,871.5500000000003 ms
180,885.3500000000003 ms
180,903.4500000000004 ms
180,923.7000000000002 ms
180,926.0000000000001 ms
180,927.6000000000003 ms
180,934.7000000000004 ms
180,944.0000000000003 ms
180,949.2000000000004 ms
180,955.3000000000003 ms
180,957.3500000000003 ms
180,960.0000000000001 ms
180,965.8000000000001 ms
180,968.0500000000003 ms
180,969.8000000000001 ms
180,972.0500000000003 ms
180,996.6500000000002 ms
180,1022.9500000000002 ms
180,1040.15 ms
180,1041.8000000000002 ms
180,1054.4500000000003 ms
180,1055.2000000000003 ms
180,1057.2000000000003 ms
180,1062.2500000000005 ms
180,1068.7000000000003 ms
180,1102.3000000000002 ms
180,1108.0500000000002 ms
180,1109.25 ms
180,1117.75 ms
180,1133.0 ms
180,1140.75 ms
180,1143.9500000000003 ms
180,1178.15 ms
180,1185.3000000000006 ms
180,1186.4500000000003 ms
180,1197.9000000000005 ms
180,1201.0000000000005 ms
180,1213.5000000000005 ms
180,1218.3500000000004 ms
180,1229.8500000000004 ms
180,1237.1000000000004 ms
180,1246.9500000000003 ms
180,1252.6000000000004 ms
180,1253.3500000000004 ms
180,1257.5000000000005 ms
180,1285.7000000000003 ms
180,1288.8500000000008 ms
180,1311.8000000000006 ms
180,1348.5000000000005 ms
180,1354.400000000001 ms
180,1361.9500000000007 ms
180,1376.3500000000008 ms
180,1384.9500000000007 ms
180,1393.000000000001 ms
180,1395.1500000000005 ms
180,1399.800000000001 ms
180,1415.3500000000008 ms
180,1444.3500000000008 ms
180,1446.8000000000006 ms
180,1492.3000000000006 ms
180,1503.8000000000006 ms
180,1508.5500000000006 ms
180,1517.3500000000008 ms
180,1532.8500000000008 ms
180,1534.000000000001 ms
180,1546.800000000001 ms
180,1554.4500000000007 ms
180,1566.400000000001 ms
180,1574.050000000001 ms
180,1582.1000000000013 ms
180,1589.3500000000013 ms
180,1589.650000000001 ms
180,1594.4500000000012 ms
180,1596.650000000001 ms
180,1618.400000000001 ms
180,1618.550000000001 ms
180,1618.8500000000013 ms
180,1646.8500000000013 ms
180,1646.9500000000007 ms
180,1663.550000000001 ms
180,1681.1500000000005 ms
180,1688.800000000001 ms
180,1690.750000000001 ms
180,1701.550000000001 ms
180,1702.7000000000007 ms
180,1717.6000000000013 ms
180,1721.1000000000013 ms
180,1724.2000000000007 ms
180,1726.000000000001 ms
180,1732.050000000001 ms
180,1735.800000000001 ms
180,1763.7000000000007 ms
180,1764.550000000001 ms
180,1776.300000000001 ms
180,1789.6000000000008 ms
180,1790.150000000001 ms
180,1798.3500000000008 ms
180,1801.000000000001 ms
180,1803.500000000001 ms
180,1808.800000000001 ms
180,1818.6500000000005 ms
180,1822.500000000001 ms
180,1824.7000000000007 ms
180,1825.1000000000008 ms
180,1827.2000000000007 ms
180,1848.2000000000007 ms
180,1851.7000000000007 ms
180,1870.5500000000006 ms
180,1872.4500000000007 ms
180,1872.7000000000007 ms
180,1875.750000000001 ms
180,1879.4000000000005 ms
180,1881.500000000001 ms
180,1887.6500000000005 ms
180,1889.800000000001 ms
180,1894.500000000001 ms
180,1903.150000000001 ms
180,1912.500000000001 ms
180,1959.150000000001 ms
180,1974.800000000001 ms
180,1978.500000000001 ms
180,1983.1000000000013 ms
180,1993.1000000000013 ms
180,1998.3500000000013 ms
180,2016.550000000001 ms
180,2035.900000000001 ms
180,2048.300000000001 ms
180,2076.9000000000015 ms
180,2089.000000000001 ms
180,2102.6000000000013 ms
180,2112.2000000000007 ms
180,2146.000000000001 ms
180,2149.2000000000007 ms
180,2172.550000000001 ms
180,2179.1000000000004 ms
180,2200.9500000000007 ms
180,2206.250000000001 ms
180,2207.4500000000007 ms
180,2228.1500000000005 ms
180,2236.1000000000004 ms
180,2246.7000000000007 ms
180,2254.3500000000004 ms
180,2265.3 ms
180,2288.4000000000005 ms
180,2293.8499999999995 ms
180,2300.6500000000005 ms
180,2302.45 ms
180,2307.05 ms
180,2333.25 ms
180,2333.5 ms
180,2343.25 ms
180,2369.1499999999996 ms
180,2378.3500000000004 ms
180,2409.7 ms
180,2428.3 ms
180,2431.8999999999996 ms
180,2437.5 ms
180,2491.199999999999 ms
180,2492.75 ms
180,2499.199999999999 ms
180,2499.699999999999 ms
180,2513.7999999999993 ms
180,2514.0499999999993 ms
180,2515.7999999999993 ms
180,2517.3499999999995 ms
180,2538.499999999999 ms
180,2549.05 ms
180,2558.45 ms
180,2574.8999999999996 ms
180,2575.8499999999995 ms
180,2591.8999999999996 ms
180,2608.0 ms
180,2608.3999999999996 ms
180,2638.2999999999993 ms
180,2652.6499999999996 ms
180,2669.0 ms
180,2689.199999999999 ms
180,2699.0 ms
180,2717.8999999999996 ms
180,2734.7 ms
180,2738.1499999999996 ms
180,2744.45 ms
180,2755.7 ms
180,2764.8 ms
180,2774.95 ms
180,2812.8499999999995 ms
180,2813.75 ms
180,2834.2 ms
180,2844.1499999999996 ms
180,2851.8999999999996 ms
180,2858.2999999999993 ms
180,2887.25 ms
180,2892.75 ms
180,2902.8999999999996 ms
180,2903.3999999999996 ms
180,2910.45 ms
180,2919.75 ms
180,2932.3500000000004 ms
180,2937.8500000000004 ms
180,2969.8999999999996 ms
180,3000.8 ms
180,3012.75 ms
180,3013.3999999999996 ms
180,3029.05 ms
180,3029.4000000000005 ms
180,3047.55 ms
180,3056.55 ms
180,3057.3500000000004 ms
180,3074.05 ms
180,3082.8 ms
180,3093.9000000000005 ms
180,3095.5999999999995 ms
180,3108.6500000000005 ms
180,3116.8 ms
180,3124.2 ms
180,3128.8500000000004 ms
180,3153.4500000000007 ms
180,3157.25 ms
180,3157.550000000001 ms
180,3170.9000000000005 ms
180,3176.7000000000007 ms
180,3183.550000000001 ms
180,3184.6500000000005 ms
180,3187.1500000000005 ms
180,3213.3 ms
180,3260.2000000000007 ms
180,3305.1000000000004 ms
180,3307.4500000000007 ms
180,3310.800000000001 ms
180,3333.9500000000007 ms
180,3364.2000000000007 ms
180,3371.300000000001 ms
180,3372.7000000000007 ms
180,3374.750000000001 ms
180,3400.9000000000005 ms
180,3407.500000000001 ms
180,3443.500000000001 ms
180,3455.4000000000005 ms
180,3474.250000000001 ms
180,3504.050000000001 ms
180,3530.6500000000015 ms
180,3553.300000000001 ms
180,3569.6000000000013 ms
180,3583.9500000000016 ms
180,3633.250000000001 ms
180,3647.000000000001 ms
180,3655.6500000000015 ms
180,3678.1500000000015 ms
180,3682.6000000000013 ms
180,3688.1500000000015 ms
180,3694.7000000000016 ms
180,3700.4500000000016 ms
180,3704.1000000000013 ms
180,3759.9500000000016 ms
180,3784.000000000002 ms
180,3785.850000000002 ms
180,3795.7000000000016 ms
180,3804.800000000002 ms
180,3804.9000000000015 ms
180,3816.4500000000016 ms
180,3833.4500000000016 ms
180,3865.500000000002 ms
180,3866.750000000002 ms
180,3882.1500000000015 ms
180,3894.1500000000015 ms
180,3903.4000000000015 ms
180,3909.1500000000015 ms
180,3915.500000000002 ms
180,3921.100000000002 ms
180,3946.000000000002 ms
180,3955.750000000002 ms
180,3965.250000000002 ms
180,3966.4500000000016 ms
180,3971.8500000000013 ms
180,3976.8500000000013 ms
180,3990.8500000000013 ms
181,6.15 ms
181,15.450000000000001 ms
181,37.85 ms
181,41.15 ms
181,44.6 ms
181,55.95000000000001 ms
181,70.35 ms
181,71.45000000000002 ms
181,75.35 ms
181,83.50000000000003 ms
181,101.25000000000003 ms
181,108.55000000000001 ms
181,116.70000000000002 ms
181,139.29999999999998 ms
181,145.30000000000004 ms
181,146.65 ms
181,157.24999999999997 ms
181,168.4 ms
181,177.85 ms
181,189.9 ms
181,194.30000000000004 ms
181,223.45000000000002 ms
181,225.04999999999998 ms
181,239.70000000000002 ms
181,243.75000000000003 ms
181,273.45000000000005 ms
181,316.1 ms
181,351.20000000000005 ms
181,352.35 ms
181,391.9 ms
181,411.85 ms
181,413.65 ms
181,415.95000000000005 ms
181,431.1500000000001 ms
181,435.75 ms
181,456.80000000000007 ms
181,458.7500000000001 ms
181,465.85 ms
181,474.80000000000007 ms
181,475.6500000000001 ms
181,476.45000000000005 ms
181,480.2500000000001 ms
181,483.55000000000007 ms
181,488.55000000000007 ms
181,505.05000000000007 ms
181,510.6500000000002 ms
181,520.1000000000003 ms
181,527.7000000000002 ms
181,534.0500000000003 ms
181,560.0500000000001 ms
181,560.4500000000002 ms
181,578.5500000000003 ms
181,578.9500000000002 ms
181,579.1 ms
181,596.0000000000001 ms
181,598.8500000000003 ms
181,614.8000000000003 ms
181,615.8500000000003 ms
181,638.1 ms
181,703.3500000000003 ms
181,715.1 ms
181,742.15 ms
181,745.3000000000001 ms
181,758.85 ms
181,761.4999999999999 ms
181,774.9 ms
181,776.85 ms
181,793.4999999999999 ms
181,797.2500000000001 ms
181,801.9 ms
181,816.85 ms
181,818.9500000000002 ms
181,869.6500000000002 ms
181,882.3000000000001 ms
181,882.4499999999999 ms
181,882.65 ms
181,885.9499999999999 ms
181,890.1 ms
181,900.9 ms
181,901.7999999999998 ms
181,935.0999999999998 ms
181,942.85 ms
181,962.0999999999998 ms
181,963.35 ms
181,977.9 ms
181,978.2499999999999 ms
181,986.1999999999999 ms
181,1002.2499999999999 ms
181,1003.4499999999999 ms
181,1004.5500000000001 ms
181,1015.6 ms
181,1033.5 ms
181,1045.6999999999998 ms
181,1055.4499999999998 ms
181,1059.9 ms
181,1060.0 ms
181,1078.8000000000002 ms
181,1089.6499999999996 ms
181,1095.1999999999998 ms
181,1113.75 ms
181,1127.6999999999998 ms
181,1144.1 ms
181,1154.4 ms
181,1196.7499999999995 ms
181,1213.4 ms
181,1218.15 ms
181,1223.0499999999997 ms
181,1228.35 ms
181,1243.0499999999997 ms
181,1243.7000000000003 ms
181,1245.35 ms
181,1254.8000000000002 ms
181,1281.1000000000004 ms
181,1295.15 ms
181,1313.4500000000003 ms
181,1329.6 ms
181,1342.7500000000005 ms
181,1348.2500000000005 ms
181,1350.9 ms
181,1362.8000000000006 ms
181,1368.1000000000004 ms
181,1368.3500000000004 ms
181,1369.4000000000005 ms
181,1389.3500000000004 ms
181,1421.1500000000005 ms
181,1482.5 ms
181,1484.7000000000003 ms
181,1523.8000000000002 ms
181,1550.3000000000002 ms
181,1550.9500000000003 ms
181,1553.4 ms
181,1568.5000000000005 ms
181,1572.7500000000005 ms
181,1610.0000000000005 ms
181,1614.35 ms
181,1626.85 ms
181,1635.3000000000002 ms
181,1671.9500000000003 ms
181,1704.1000000000004 ms
181,1710.5000000000005 ms
181,1718.7500000000005 ms
181,1746.5500000000006 ms
181,1767.8000000000006 ms
181,1777.3000000000006 ms
181,1786.7500000000005 ms
181,1788.8500000000004 ms
181,1810.0000000000005 ms
181,1829.5000000000005 ms
181,1833.2500000000005 ms
181,1835.7000000000003 ms
181,1868.7000000000003 ms
181,1870.6500000000005 ms
181,1876.7000000000007 ms
181,1880.7500000000005 ms
181,1884.4500000000003 ms
181,1896.2000000000003 ms
181,1909.6500000000005 ms
181,1922.0500000000006 ms
181,1953.9000000000005 ms
181,1974.8500000000004 ms
181,1989.3500000000004 ms
181,1998.3000000000006 ms
181,2023.1500000000005 ms
181,2025.5000000000005 ms
181,2029.6500000000005 ms
181,2035.4500000000007 ms
181,2041.5500000000002 ms
181,2047.3500000000004 ms
181,2072.75 ms
181,2078.0 ms
181,2078.75 ms
181,2085.4500000000007 ms
181,2090.3 ms
181,2111.05 ms
181,2112.6000000000004 ms
181,2118.4000000000005 ms
181,2148.3500000000004 ms
181,2153.25 ms
181,2156.300000000001 ms
181,2168.1000000000004 ms
181,2183.750000000001 ms
181,2190.1500000000005 ms
181,2190.9500000000016 ms
181,2193.4000000000005 ms
181,2215.4500000000016 ms
181,2226.9000000000005 ms
181,2268.3500000000013 ms
181,2291.9500000000007 ms
181,2300.050000000001 ms
181,2308.2000000000007 ms
181,2309.8500000000004 ms
181,2318.9000000000015 ms
181,2325.750000000001 ms
181,2345.500000000001 ms
181,2353.550000000001 ms
181,2373.4000000000015 ms
181,2388.7000000000007 ms
181,2398.500000000002 ms
181,2422.1500000000015 ms
181,2430.9000000000015 ms
181,2434.050000000001 ms
181,2436.550000000001 ms
181,2446.7000000000016 ms
181,2466.250000000002 ms
181,2475.100000000002 ms
181,2487.250000000002 ms
181,2521.100000000002 ms
181,2539.500000000002 ms
181,2547.250000000002 ms
181,2557.4500000000016 ms
181,2561.1000000000013 ms
181,2575.8500000000013 ms
181,2586.2000000000016 ms
181,2588.8500000000013 ms
181,2592.6500000000024 ms
181,2626.9500000000016 ms
181,2629.100000000002 ms
181,2634.9000000000024 ms
181,2651.4500000000025 ms
181,2652.050000000003 ms
181,2662.7000000000025 ms
181,2674.050000000003 ms
181,2687.300000000003 ms
181,2692.850000000002 ms
181,2695.600000000002 ms
181,2713.7500000000027 ms
181,2726.7000000000025 ms
181,2768.850000000002 ms
181,2772.4000000000033 ms
181,2775.2500000000027 ms
181,2789.800000000003 ms
181,2796.4000000000033 ms
181,2813.550000000003 ms
181,2851.9500000000025 ms
181,2860.2000000000025 ms
181,2880.5000000000036 ms
181,2899.4500000000025 ms
181,2925.9500000000025 ms
181,2935.800000000003 ms
181,2941.9000000000033 ms
181,2961.5000000000027 ms
181,2966.550000000003 ms
181,2984.0000000000027 ms
181,3002.550000000003 ms
181,3003.550000000003 ms
181,3015.550000000003 ms
181,3032.0000000000027 ms
181,3044.4000000000024 ms
181,3053.100000000003 ms
181,3094.9500000000025 ms
181,3123.350000000002 ms
181,3164.800000000003 ms
181,3168.800000000003 ms
181,3179.500000000002 ms
181,3190.800000000003 ms
181,3196.600000000002 ms
181,3208.4000000000033 ms
181,3216.300000000003 ms
181,3222.2500000000027 ms
181,3238.0000000000027 ms
181,3248.600000000003 ms
181,3256.550000000002 ms
181,3264.050000000002 ms
181,3277.6500000000024 ms
181,3279.350000000002 ms
181,3290.250000000002 ms
181,3313.600000000002 ms
181,3328.750000000002 ms
181,3328.9000000000024 ms
181,3336.5000000000027 ms
181,3350.800000000002 ms
181,3359.6500000000024 ms
181,3388.9000000000024 ms
181,3394.4000000000024 ms
181,3404.550000000002 ms
181,3413.6500000000024 ms
181,3421.6500000000024 ms
181,3428.4000000000024 ms
181,3440.4500000000025 ms
181,3449.550000000003 ms
181,3451.500000000002 ms
181,3489.350000000002 ms
181,3513.6500000000024 ms
181,3529.7000000000025 ms
181,3534.4000000000024 ms
181,3589.050000000002 ms
181,3602.2000000000025 ms
181,3605.800000000003 ms
181,3607.9500000000025 ms
181,3611.9000000000024 ms
181,3627.4000000000024 ms
181,3640.0000000000027 ms
181,3646.100000000002 ms
181,3681.9000000000024 ms
181,3691.300000000002 ms
181,3744.4500000000025 ms
181,3759.550000000003 ms
181,3760.350000000002 ms
181,3762.2500000000027 ms
181,3779.550000000003 ms
181,3807.2500000000027 ms
181,3825.6500000000024 ms
181,3851.550000000003 ms
181,3870.2500000000027 ms
181,3884.050000000003 ms
181,3896.4500000000025 ms
181,3939.2000000000025 ms
181,3963.1500000000033 ms
181,3967.9500000000025 ms
181,3975.850000000003 ms
182,4.7 ms
182,34.6 ms
182,40.800000000000004 ms
182,46.65000000000001 ms
182,48.350000000000016 ms
182,79.45000000000002 ms
182,84.75000000000003 ms
182,89.1 ms
182,119.05000000000001 ms
182,133.8 ms
182,141.5 ms
182,147.5 ms
182,156.39999999999998 ms
182,165.39999999999998 ms
182,183.89999999999998 ms
182,201.75 ms
182,203.60000000000002 ms
182,211.79999999999995 ms
182,239.64999999999998 ms
182,247.0 ms
182,249.5 ms
182,267.95000000000005 ms
182,281.70000000000005 ms
182,296.5999999999999 ms
182,298.4 ms
182,311.35 ms
182,314.29999999999995 ms
182,314.5 ms
182,327.44999999999993 ms
182,329.5999999999999 ms
182,345.19999999999993 ms
182,356.9999999999999 ms
182,361.35 ms
182,361.44999999999993 ms
182,379.65 ms
182,383.44999999999993 ms
182,383.6 ms
182,392.94999999999993 ms
182,429.80000000000007 ms
182,435.75 ms
182,470.79999999999995 ms
182,479.75 ms
182,480.95000000000005 ms
182,481.75 ms
182,509.6 ms
182,520.1 ms
182,562.7499999999999 ms
182,566.35 ms
182,581.15 ms
182,582.65 ms
182,585.6999999999999 ms
182,596.65 ms
182,605.9 ms
182,662.7500000000001 ms
182,669.4999999999999 ms
182,674.9499999999999 ms
182,687.15 ms
182,689.7500000000001 ms
182,690.8000000000001 ms
182,720.8000000000001 ms
182,751.5500000000001 ms
182,753.4000000000002 ms
182,757.8000000000001 ms
182,767.1 ms
182,778.35 ms
182,787.3000000000001 ms
182,800.6500000000002 ms
182,835.3500000000003 ms
182,846.0000000000001 ms
182,854.3500000000003 ms
182,860.2500000000001 ms
182,873.3000000000001 ms
182,891.3000000000001 ms
182,897.5000000000001 ms
182,928.0500000000001 ms
182,933.1999999999999 ms
182,934.85 ms
182,939.9999999999999 ms
182,941.4499999999999 ms
182,941.85 ms
182,989.2499999999999 ms
182,992.5499999999998 ms
182,992.8000000000001 ms
182,1005.7500000000001 ms
182,1037.75 ms
182,1057.5 ms
182,1059.5 ms
182,1094.0 ms
182,1104.6999999999998 ms
182,1134.9499999999998 ms
182,1137.9 ms
182,1150.7000000000003 ms
182,1151.7000000000003 ms
182,1177.1 ms
182,1177.2500000000005 ms
182,1188.4500000000003 ms
182,1210.0000000000005 ms
182,1301.1 ms
182,1322.15 ms
182,1331.8000000000002 ms
182,1336.25 ms
182,1359.6000000000004 ms
182,1376.1999999999998 ms
182,1385.1999999999998 ms
182,1385.6000000000004 ms
182,1391.25 ms
182,1394.1500000000005 ms
182,1394.8000000000002 ms
182,1395.7500000000005 ms
182,1436.9000000000005 ms
182,1438.7500000000005 ms
182,1442.6000000000004 ms
182,1448.5000000000005 ms
182,1470.8000000000006 ms
182,1488.4500000000003 ms
182,1492.3500000000008 ms
182,1516.3000000000006 ms
182,1522.5500000000006 ms
182,1528.6000000000008 ms
182,1551.2000000000003 ms
182,1554.8500000000008 ms
182,1587.9500000000003 ms
182,1599.5500000000006 ms
182,1603.6000000000004 ms
182,1612.4000000000005 ms
182,1618.7000000000003 ms
182,1623.7500000000005 ms
182,1624.65 ms
182,1633.7000000000003 ms
182,1650.8500000000004 ms
182,1653.5500000000002 ms
182,1657.3000000000002 ms
182,1662.3500000000004 ms
182,1664.5000000000005 ms
182,1673.5000000000005 ms
182,1674.0500000000006 ms
182,1722.6000000000004 ms
182,1725.4000000000005 ms
182,1748.1000000000004 ms
182,1748.4500000000003 ms
182,1765.3500000000004 ms
182,1781.0500000000002 ms
182,1792.2500000000005 ms
182,1807.4500000000003 ms
182,1811.9000000000005 ms
182,1816.1500000000005 ms
182,1824.8000000000006 ms
182,1881.9000000000005 ms
182,1885.8500000000004 ms
182,1889.250000000001 ms
182,1926.3000000000006 ms
182,1939.3000000000006 ms
182,1939.7000000000007 ms
182,1945.1500000000005 ms
182,1947.000000000001 ms
182,1955.0500000000006 ms
182,1977.1500000000005 ms
182,1989.7500000000005 ms
182,1991.9000000000005 ms
182,2005.7500000000005 ms
182,2011.0500000000006 ms
182,2011.7500000000005 ms
182,2017.7000000000003 ms
182,2019.5000000000005 ms
182,2026.9000000000005 ms
182,2037.3500000000004 ms
182,2053.1500000000005 ms
182,2067.250000000001 ms
182,2070.1000000000004 ms
182,2099.3500000000004 ms
182,2105.6500000000005 ms
182,2132.1000000000004 ms
182,2143.55 ms
182,2154.9000000000005 ms
182,2160.1500000000005 ms
182,2188.1500000000005 ms
182,2189.8 ms
182,2197.6000000000004 ms
182,2209.8500000000004 ms
182,2213.25 ms
182,2222.1000000000004 ms
182,2227.6000000000004 ms
182,2250.8500000000004 ms
182,2276.3500000000004 ms
182,2290.6000000000004 ms
182,2303.05 ms
182,2309.0 ms
182,2319.05 ms
182,2346.45 ms
182,2347.7 ms
182,2352.750000000001 ms
182,2398.7 ms
182,2411.750000000001 ms
182,2419.3500000000004 ms
182,2426.2000000000007 ms
182,2430.5 ms
182,2453.800000000001 ms
182,2456.050000000001 ms
182,2456.4000000000005 ms
182,2462.8500000000004 ms
182,2464.75 ms
182,2475.050000000001 ms
182,2475.4000000000005 ms
182,2481.8 ms
182,2483.500000000001 ms
182,2502.1500000000005 ms
182,2523.1000000000004 ms
182,2531.2000000000007 ms
182,2563.8999999999996 ms
182,2588.25 ms
182,2597.2 ms
182,2639.3999999999996 ms
182,2645.45 ms
182,2653.2 ms
182,2656.45 ms
182,2663.2 ms
182,2670.25 ms
182,2670.6499999999996 ms
182,2672.25 ms
182,2680.8 ms
182,2684.5 ms
182,2701.6499999999996 ms
182,2703.3999999999996 ms
182,2718.8 ms
182,2725.45 ms
182,2727.250000000001 ms
182,2734.95 ms
182,2743.6000000000004 ms
182,2744.2000000000007 ms
182,2752.1000000000004 ms
182,2808.1000000000004 ms
182,2816.5 ms
182,2854.0 ms
182,2870.9500000000007 ms
182,2884.75 ms
182,2894.75 ms
182,2904.550000000001 ms
182,2920.5 ms
182,2924.0 ms
182,2929.0 ms
182,2929.3500000000004 ms
182,2935.05 ms
182,2957.4000000000005 ms
182,2965.6500000000005 ms
182,2969.5 ms
182,2975.0 ms
182,2989.95 ms
182,3030.6499999999996 ms
182,3031.75 ms
182,3036.0999999999995 ms
182,3037.3499999999995 ms
182,3064.5499999999993 ms
182,3070.8999999999996 ms
182,3073.449999999999 ms
182,3120.8999999999996 ms
182,3121.5999999999985 ms
182,3137.449999999999 ms
182,3141.449999999999 ms
182,3143.449999999999 ms
182,3148.5999999999985 ms
182,3151.3499999999985 ms
182,3151.699999999999 ms
182,3159.0499999999993 ms
182,3173.8999999999987 ms
182,3175.8999999999987 ms
182,3202.999999999999 ms
182,3229.199999999998 ms
182,3239.699999999998 ms
182,3261.949999999998 ms
182,3266.449999999998 ms
182,3289.0499999999984 ms
182,3314.499999999998 ms
182,3318.199999999998 ms
182,3321.249999999998 ms
182,3341.5999999999985 ms
182,3357.8499999999985 ms
182,3365.649999999998 ms
182,3380.0499999999984 ms
182,3385.1499999999987 ms
182,3404.5499999999984 ms
182,3406.5999999999985 ms
182,3412.6499999999987 ms
182,3431.249999999999 ms
182,3472.2999999999984 ms
182,3478.949999999999 ms
182,3482.449999999999 ms
182,3497.499999999999 ms
182,3499.7999999999993 ms
182,3502.5499999999993 ms
182,3508.449999999999 ms
182,3511.449999999999 ms
182,3535.5999999999995 ms
182,3536.3999999999996 ms
182,3538.0 ms
182,3558.8499999999995 ms
182,3567.8499999999995 ms
182,3578.249999999999 ms
182,3581.7 ms
182,3597.5499999999993 ms
182,3605.449999999999 ms
182,3624.449999999999 ms
182,3636.1499999999996 ms
182,3636.949999999999 ms
182,3644.8499999999995 ms
182,3673.249999999999 ms
182,3678.8499999999995 ms
182,3690.6499999999996 ms
182,3693.0999999999995 ms
182,3736.8499999999995 ms
182,3750.5999999999995 ms
182,3752.249999999999 ms
182,3754.249999999999 ms
182,3767.8499999999995 ms
182,3779.2 ms
182,3779.7999999999993 ms
182,3780.5499999999993 ms
182,3788.949999999999 ms
182,3808.25 ms
182,3813.0499999999993 ms
182,3827.0 ms
182,3829.6499999999996 ms
182,3860.3999999999996 ms
182,3867.2 ms
182,3905.7 ms
182,3927.0 ms
182,3962.6000000000004 ms
182,3965.5499999999993 ms
182,3982.8500000000004 ms
182,3991.0499999999993 ms
183,13.600000000000001 ms
183,17.25 ms
183,29.1 ms
183,30.450000000000003 ms
183,40.0 ms
183,53.400000000000006 ms
183,54.75 ms
183,58.75 ms
183,66.95 ms
183,77.10000000000001 ms
183,97.50000000000001 ms
183,100.90000000000002 ms
183,110.00000000000001 ms
183,111.10000000000001 ms
183,117.05000000000003 ms
183,119.85000000000001 ms
183,140.85000000000002 ms
183,143.90000000000003 ms
183,144.40000000000003 ms
183,145.10000000000002 ms
183,170.10000000000002 ms
183,170.90000000000003 ms
183,174.95000000000005 ms
183,177.75000000000006 ms
183,184.80000000000007 ms
183,192.25000000000006 ms
183,192.75000000000006 ms
183,226.95000000000005 ms
183,261.80000000000007 ms
183,277.70000000000005 ms
183,282.6500000000001 ms
183,294.45000000000005 ms
183,297.95000000000005 ms
183,306.6 ms
183,310.1 ms
183,320.95000000000005 ms
183,328.20000000000005 ms
183,336.55000000000007 ms
183,407.6 ms
183,435.1 ms
183,435.45000000000016 ms
183,435.9000000000001 ms
183,440.30000000000007 ms
183,453.7500000000001 ms
183,465.5000000000001 ms
183,480.0000000000001 ms
183,491.15 ms
183,503.0000000000001 ms
183,531.9500000000002 ms
183,544.7500000000001 ms
183,545.1 ms
183,548.9 ms
183,550.7999999999998 ms
183,556.8499999999998 ms
183,559.6999999999999 ms
183,577.3000000000001 ms
183,608.5499999999998 ms
183,608.6999999999999 ms
183,625.8000000000001 ms
183,644.4499999999999 ms
183,648.5500000000001 ms
183,667.7999999999998 ms
183,678.0500000000001 ms
183,678.35 ms
183,686.0500000000001 ms
183,701.0000000000001 ms
183,718.9 ms
183,720.2999999999998 ms
183,735.2499999999999 ms
183,759.4 ms
183,760.15 ms
183,769.4 ms
183,771.5499999999998 ms
183,781.15 ms
183,789.5000000000001 ms
183,810.1 ms
183,828.65 ms
183,850.15 ms
183,852.5000000000001 ms
183,854.15 ms
183,862.9 ms
183,896.5000000000001 ms
183,899.2000000000002 ms
183,903.7500000000001 ms
183,904.9999999999999 ms
183,917.4499999999999 ms
183,941.0500000000001 ms
183,952.1500000000002 ms
183,1014.9500000000002 ms
183,1032.1 ms
183,1048.7500000000005 ms
183,1052.9 ms
183,1061.2000000000003 ms
183,1081.0500000000002 ms
183,1098.0 ms
183,1111.0 ms
183,1121.6500000000005 ms
183,1121.9000000000005 ms
183,1123.5500000000002 ms
183,1139.7000000000007 ms
183,1151.9000000000005 ms
183,1158.7000000000007 ms
183,1165.0000000000005 ms
183,1187.6000000000004 ms
183,1190.9000000000005 ms
183,1201.1000000000004 ms
183,1201.3500000000004 ms
183,1230.3000000000002 ms
183,1253.0500000000002 ms
183,1261.3500000000004 ms
183,1275.1500000000005 ms
183,1290.0 ms
183,1292.1000000000004 ms
183,1295.9499999999998 ms
183,1301.3500000000004 ms
183,1357.75 ms
183,1367.0 ms
183,1378.9000000000005 ms
183,1380.8500000000004 ms
183,1386.0500000000002 ms
183,1393.4000000000005 ms
183,1395.1000000000004 ms
183,1399.8000000000002 ms
183,1400.5000000000005 ms
183,1403.1500000000005 ms
183,1428.0500000000006 ms
183,1448.8000000000006 ms
183,1469.2500000000005 ms
183,1474.0500000000006 ms
183,1479.0500000000006 ms
183,1501.3000000000006 ms
183,1527.2500000000005 ms
183,1581.0000000000005 ms
183,1582.3500000000008 ms
183,1601.7000000000003 ms
183,1609.1000000000008 ms
183,1620.0500000000006 ms
183,1626.3000000000006 ms
183,1629.4000000000005 ms
183,1630.2500000000005 ms
183,1639.4500000000003 ms
183,1643.4500000000003 ms
183,1654.9000000000005 ms
183,1667.8000000000006 ms
183,1673.3500000000008 ms
183,1675.8000000000006 ms
183,1682.9000000000005 ms
183,1694.4000000000005 ms
183,1718.3000000000006 ms
183,1739.2500000000005 ms
183,1770.2000000000007 ms
183,1777.4500000000007 ms
183,1778.750000000001 ms
183,1782.9000000000005 ms
183,1790.4000000000005 ms
183,1820.4500000000007 ms
183,1841.8000000000006 ms
183,1868.3000000000006 ms
183,1874.7000000000007 ms
183,1883.8000000000006 ms
183,1888.0500000000006 ms
183,1912.4500000000007 ms
183,1927.3500000000008 ms
183,1928.000000000001 ms
183,1933.900000000001 ms
183,1956.750000000001 ms
183,1963.900000000001 ms
183,1985.800000000001 ms
183,1987.800000000001 ms
183,1998.300000000001 ms
183,2015.9500000000012 ms
183,2030.7000000000012 ms
183,2032.050000000001 ms
183,2048.700000000001 ms
183,2060.2500000000014 ms
183,2079.200000000001 ms
183,2090.8000000000006 ms
183,2110.150000000001 ms
183,2116.7500000000005 ms
183,2123.150000000001 ms
183,2130.2500000000005 ms
183,2132.9500000000003 ms
183,2161.65 ms
183,2164.4500000000003 ms
183,2178.450000000001 ms
183,2181.3000000000006 ms
183,2204.0500000000006 ms
183,2211.2500000000005 ms
183,2217.6 ms
183,2220.65 ms
183,2221.650000000001 ms
183,2230.4 ms
183,2242.150000000001 ms
183,2243.9 ms
183,2244.35 ms
183,2245.0000000000005 ms
183,2289.150000000001 ms
183,2311.4 ms
183,2323.900000000001 ms
183,2341.350000000001 ms
183,2361.650000000001 ms
183,2398.3000000000006 ms
183,2418.100000000001 ms
183,2431.9500000000003 ms
183,2464.8000000000006 ms
183,2497.8000000000006 ms
183,2512.100000000001 ms
183,2515.600000000001 ms
183,2519.850000000001 ms
183,2527.0000000000014 ms
183,2529.5500000000015 ms
183,2530.3500000000017 ms
183,2535.350000000001 ms
183,2538.0500000000006 ms
183,2542.150000000001 ms
183,2604.650000000001 ms
183,2612.950000000001 ms
183,2631.0000000000014 ms
183,2647.900000000002 ms
183,2729.1000000000017 ms
183,2743.3000000000015 ms
183,2775.6000000000017 ms
183,2785.2500000000014 ms
183,2815.100000000001 ms
183,2824.900000000001 ms
183,2832.5500000000015 ms
183,2843.0000000000014 ms
183,2855.450000000001 ms
183,2858.7500000000014 ms
183,2865.0500000000015 ms
183,2870.0500000000015 ms
183,2876.200000000002 ms
183,2884.900000000002 ms
183,2901.200000000002 ms
183,2910.450000000001 ms
183,2911.950000000002 ms
183,2913.6000000000017 ms
183,2919.700000000001 ms
183,2923.950000000002 ms
183,2924.200000000001 ms
183,2928.8000000000015 ms
183,2932.3000000000015 ms
183,2936.7500000000014 ms
183,2941.3000000000015 ms
183,2943.1000000000017 ms
183,2943.700000000001 ms
183,2943.8000000000015 ms
183,2952.950000000002 ms
183,2981.700000000001 ms
183,2981.900000000001 ms
183,2986.650000000002 ms
183,3011.450000000002 ms
183,3025.0500000000015 ms
183,3028.700000000002 ms
183,3031.5000000000023 ms
183,3039.6000000000017 ms
183,3047.450000000001 ms
183,3062.5000000000014 ms
183,3092.8500000000017 ms
183,3114.5500000000015 ms
183,3119.8500000000017 ms
183,3121.5500000000015 ms
183,3151.1000000000017 ms
183,3191.700000000001 ms
183,3204.950000000002 ms
183,3205.700000000001 ms
183,3217.200000000002 ms
183,3223.650000000002 ms
183,3227.150000000001 ms
183,3230.2500000000014 ms
183,3252.0500000000015 ms
183,3255.2500000000014 ms
183,3282.5000000000014 ms
183,3285.900000000002 ms
183,3289.3500000000017 ms
183,3291.400000000002 ms
183,3301.3000000000015 ms
183,3334.0500000000015 ms
183,3351.700000000002 ms
183,3361.900000000002 ms
183,3375.700000000002 ms
183,3404.3500000000017 ms
183,3406.2500000000023 ms
183,3417.650000000002 ms
183,3429.8500000000017 ms
183,3434.5500000000015 ms
183,3445.150000000001 ms
183,3452.0000000000014 ms
183,3494.450000000001 ms
183,3496.3000000000006 ms
183,3519.100000000001 ms
183,3523.3500000000017 ms
183,3536.5000000000014 ms
183,3557.5000000000014 ms
183,3563.2500000000014 ms
183,3603.150000000002 ms
183,3604.950000000002 ms
183,3614.6000000000017 ms
183,3628.450000000001 ms
183,3642.200000000002 ms
183,3645.3000000000015 ms
183,3662.3000000000015 ms
183,3701.7500000000014 ms
183,3701.850000000001 ms
183,3704.400000000001 ms
183,3706.650000000002 ms
183,3720.0500000000015 ms
183,3720.950000000002 ms
183,3722.8000000000015 ms
183,3725.450000000002 ms
183,3730.6000000000017 ms
183,3733.8000000000015 ms
183,3760.150000000001 ms
183,3778.5500000000015 ms
183,3809.950000000002 ms
183,3832.650000000002 ms
183,3861.3500000000017 ms
183,3873.400000000002 ms
183,3886.3000000000015 ms
183,3886.6000000000017 ms
183,3887.3500000000017 ms
183,3893.0000000000023 ms
183,3907.200000000002 ms
183,3911.150000000002 ms
184,9.5 ms
184,28.900000000000006 ms
184,35.80000000000001 ms
184,48.55000000000001 ms
184,62.150000000000006 ms
184,70.35 ms
184,77.35 ms
184,83.15 ms
184,84.65 ms
184,104.9 ms
184,127.4 ms
184,141.35 ms
184,143.44999999999996 ms
184,149.35 ms
184,154.69999999999996 ms
184,175.45000000000002 ms
184,178.85 ms
184,196.4 ms
184,214.74999999999997 ms
184,216.75000000000003 ms
184,241.95000000000002 ms
184,243.50000000000003 ms
184,249.65 ms
184,249.85 ms
184,253.69999999999996 ms
184,261.1 ms
184,270.1 ms
184,277.54999999999995 ms
184,284.19999999999993 ms
184,328.04999999999995 ms
184,330.19999999999993 ms
184,330.7499999999999 ms
184,334.94999999999993 ms
184,345.0999999999999 ms
184,349.79999999999995 ms
184,392.39999999999986 ms
184,393.75 ms
184,423.75 ms
184,426.79999999999995 ms
184,456.69999999999993 ms
184,460.7499999999999 ms
184,463.65 ms
184,475.4999999999999 ms
184,480.94999999999993 ms
184,530.05 ms
184,543.0 ms
184,564.55 ms
184,585.3499999999999 ms
184,595.9499999999998 ms
184,601.1999999999998 ms
184,605.3 ms
184,617.0 ms
184,628.8499999999999 ms
184,649.0999999999999 ms
184,669.75 ms
184,678.1500000000001 ms
184,711.8 ms
184,713.2 ms
184,729.2499999999998 ms
184,755.2499999999998 ms
184,772.3999999999999 ms
184,795.9499999999998 ms
184,816.4499999999998 ms
184,821.2999999999997 ms
184,832.5499999999997 ms
184,834.8999999999999 ms
184,840.9499999999998 ms
184,857.1999999999998 ms
184,858.7499999999998 ms
184,867.5999999999997 ms
184,884.55 ms
184,901.6499999999999 ms
184,915.2499999999998 ms
184,952.45 ms
184,998.7 ms
184,1000.8999999999999 ms
184,1028.35 ms
184,1035.0499999999997 ms
184,1062.4500000000003 ms
184,1065.0 ms
184,1066.75 ms
184,1081.6999999999998 ms
184,1105.3000000000002 ms
184,1117.1 ms
184,1127.9499999999998 ms
184,1198.7999999999997 ms
184,1200.1 ms
184,1216.9999999999995 ms
184,1231.7499999999995 ms
184,1250.4999999999995 ms
184,1265.6999999999998 ms
184,1271.4499999999998 ms
184,1286.5499999999997 ms
184,1289.7499999999995 ms
184,1292.7499999999995 ms
184,1328.6 ms
184,1329.9999999999995 ms
184,1330.15 ms
184,1330.9 ms
184,1334.9 ms
184,1340.7499999999995 ms
184,1345.35 ms
184,1348.85 ms
184,1351.35 ms
184,1376.9999999999995 ms
184,1385.2999999999997 ms
184,1404.3999999999996 ms
184,1414.0999999999995 ms
184,1423.8999999999996 ms
184,1429.5999999999995 ms
184,1431.5499999999997 ms
184,1483.6999999999998 ms
184,1487.6 ms
184,1511.4 ms
184,1529.0499999999997 ms
184,1567.1 ms
184,1580.1999999999998 ms
184,1595.1 ms
184,1596.1 ms
184,1604.2999999999997 ms
184,1619.5 ms
184,1640.85 ms
184,1667.25 ms
184,1674.5500000000002 ms
184,1678.5 ms
184,1710.1999999999998 ms
184,1726.3500000000004 ms
184,1726.9 ms
184,1727.35 ms
184,1728.9500000000003 ms
184,1733.75 ms
184,1736.25 ms
184,1736.8000000000002 ms
184,1816.85 ms
184,1819.9 ms
184,1847.1 ms
184,1858.35 ms
184,1863.2999999999997 ms
184,1867.7000000000003 ms
184,1878.9 ms
184,1912.4500000000003 ms
184,1919.9 ms
184,1924.6 ms
184,1930.4500000000003 ms
184,1945.7000000000003 ms
184,1974.0 ms
184,1974.5 ms
184,1978.0500000000002 ms
184,1989.5 ms
184,1991.75 ms
184,2007.0 ms
184,2015.0500000000002 ms
184,2022.1499999999996 ms
184,2023.0 ms
184,2041.5999999999995 ms
184,2057.5999999999995 ms
184,2059.3999999999996 ms
184,2103.95 ms
184,2106.8499999999995 ms
184,2125.75 ms
184,2126.95 ms
184,2132.25 ms
184,2139.6499999999996 ms
184,2174.6000000000004 ms
184,2182.5499999999993 ms
184,2184.7 ms
184,2189.6499999999996 ms
184,2231.1499999999996 ms
184,2240.0499999999993 ms
184,2247.3500000000004 ms
184,2273.7999999999993 ms
184,2281.0 ms
184,2291.699999999999 ms
184,2304.7999999999993 ms
184,2322.949999999999 ms
184,2350.1499999999996 ms
184,2369.999999999999 ms
184,2377.2999999999993 ms
184,2383.949999999999 ms
184,2408.25 ms
184,2436.25 ms
184,2440.0499999999993 ms
184,2442.95 ms
184,2457.3 ms
184,2460.8499999999995 ms
184,2480.9000000000005 ms
184,2483.45 ms
184,2488.3 ms
184,2488.5 ms
184,2492.8 ms
184,2509.45 ms
184,2556.250000000001 ms
184,2573.500000000001 ms
184,2589.000000000001 ms
184,2609.6500000000005 ms
184,2628.55 ms
184,2631.05 ms
184,2662.2000000000007 ms
184,2672.4500000000007 ms
184,2681.4500000000007 ms
184,2747.9000000000005 ms
184,2749.9000000000005 ms
184,2752.500000000001 ms
184,2760.000000000001 ms
184,2763.6000000000004 ms
184,2770.6000000000004 ms
184,2772.7000000000007 ms
184,2781.5 ms
184,2811.6000000000004 ms
184,2816.1500000000005 ms
184,2837.55 ms
184,2844.000000000001 ms
184,2852.750000000001 ms
184,2856.95 ms
184,2862.3500000000004 ms
184,2865.4500000000007 ms
184,2881.1000000000004 ms
184,2903.8500000000004 ms
184,2916.3500000000004 ms
184,2929.9000000000005 ms
184,2938.4500000000007 ms
184,2946.050000000001 ms
184,2956.7000000000007 ms
184,2982.800000000001 ms
184,2985.9000000000005 ms
184,2993.500000000001 ms
184,3000.8 ms
184,3034.750000000001 ms
184,3037.45 ms
184,3041.05 ms
184,3087.8500000000004 ms
184,3089.3500000000004 ms
184,3109.75 ms
184,3113.2000000000007 ms
184,3132.3 ms
184,3146.8500000000004 ms
184,3147.4500000000007 ms
184,3199.8 ms
184,3200.5 ms
184,3214.6000000000004 ms
184,3225.95 ms
184,3226.7 ms
184,3231.75 ms
184,3234.45 ms
184,3257.8999999999996 ms
184,3262.95 ms
184,3264.8 ms
184,3265.249999999999 ms
184,3268.3999999999996 ms
184,3282.1499999999996 ms
184,3282.3499999999995 ms
184,3315.95 ms
184,3320.7 ms
184,3335.749999999999 ms
184,3341.2 ms
184,3344.3999999999987 ms
184,3348.3999999999987 ms
184,3351.45 ms
184,3359.8999999999987 ms
184,3387.3499999999995 ms
184,3394.999999999999 ms
184,3423.749999999999 ms
184,3441.8999999999987 ms
184,3442.0999999999995 ms
184,3445.8499999999995 ms
184,3446.7999999999984 ms
184,3463.499999999999 ms
184,3466.249999999999 ms
184,3474.3999999999987 ms
184,3482.0999999999985 ms
184,3483.0499999999984 ms
184,3496.2999999999984 ms
184,3500.0499999999984 ms
184,3528.0499999999984 ms
184,3540.3999999999987 ms
184,3591.0499999999984 ms
184,3610.449999999998 ms
184,3616.1499999999987 ms
184,3623.8499999999976 ms
184,3625.949999999998 ms
184,3633.749999999998 ms
184,3650.399999999998 ms
184,3654.999999999998 ms
184,3656.749999999998 ms
184,3660.699999999998 ms
184,3672.899999999998 ms
184,3707.249999999998 ms
184,3717.999999999998 ms
184,3723.0499999999975 ms
184,3730.999999999998 ms
184,3740.749999999998 ms
184,3748.5999999999976 ms
184,3760.2999999999975 ms
184,3771.699999999997 ms
184,3786.0999999999976 ms
184,3787.949999999998 ms
184,3808.699999999998 ms
184,3833.449999999998 ms
184,3861.449999999998 ms
184,3862.0499999999975 ms
184,3877.0499999999975 ms
184,3902.2499999999973 ms
184,3902.649999999997 ms
184,3912.3499999999976 ms
184,3915.4999999999973 ms
184,3916.949999999997 ms
184,3923.7499999999973 ms
184,3966.5999999999976 ms
184,3972.399999999997 ms
185,6.25 ms
185,15.100000000000001 ms
185,18.35 ms
185,19.200000000000003 ms
185,32.150000000000006 ms
185,53.55000000000001 ms
185,57.750000000000014 ms
185,59.55000000000001 ms
185,67.70000000000002 ms
185,73.50000000000003 ms
185,94.25000000000003 ms
185,112.20000000000002 ms
185,117.30000000000001 ms
185,129.8 ms
185,151.2 ms
185,157.55 ms
185,160.55 ms
185,160.75 ms
185,182.89999999999998 ms
185,194.14999999999998 ms
185,203.05 ms
185,214.90000000000003 ms
185,218.84999999999997 ms
185,228.45 ms
185,233.95 ms
185,234.25 ms
185,249.8 ms
185,257.7 ms
185,283.3999999999999 ms
185,310.65000000000003 ms
185,314.8999999999999 ms
185,326.5499999999999 ms
185,330.9499999999999 ms
185,334.49999999999994 ms
185,360.9499999999999 ms
185,362.3999999999999 ms
185,368.59999999999985 ms
185,394.34999999999997 ms
185,395.2999999999999 ms
185,403.2999999999999 ms
185,421.4499999999999 ms
185,426.5499999999999 ms
185,435.4499999999999 ms
185,439.3999999999998 ms
185,466.24999999999983 ms
185,466.9499999999999 ms
185,483.2999999999999 ms
185,487.09999999999997 ms
185,497.95 ms
185,525.6999999999998 ms
185,527.0999999999999 ms
185,536.1999999999998 ms
185,547.0 ms
185,552.0999999999999 ms
185,556.8499999999999 ms
185,560.3499999999999 ms
185,567.3999999999999 ms
185,575.5999999999999 ms
185,579.9499999999998 ms
185,584.55 ms
185,590.25 ms
185,594.3 ms
185,597.2 ms
185,602.8499999999999 ms
185,617.55 ms
185,619.0999999999999 ms
185,627.0999999999999 ms
185,647.25 ms
185,647.5 ms
185,656.5999999999999 ms
185,663.6999999999998 ms
185,667.55 ms
185,675.8999999999999 ms
185,678.55 ms
185,694.45 ms
185,712.8499999999999 ms
185,732.25 ms
185,737.0499999999997 ms
185,737.6499999999999 ms
185,745.8999999999999 ms
185,756.4999999999998 ms
185,778.9999999999998 ms
185,786.0999999999999 ms
185,790.0 ms
185,792.3499999999999 ms
185,793.3 ms
185,800.2 ms
185,814.6499999999999 ms
185,819.25 ms
185,824.4000000000001 ms
185,827.5999999999999 ms
185,834.3499999999999 ms
185,875.75 ms
185,880.8499999999999 ms
185,886.3000000000002 ms
185,901.5 ms
185,901.6000000000001 ms
185,902.8000000000002 ms
185,907.5500000000002 ms
185,911.5000000000002 ms
185,912.3000000000002 ms
185,917.0500000000002 ms
185,919.9500000000003 ms
185,922.0500000000002 ms
185,924.9000000000001 ms
185,934.3500000000004 ms
185,961.6000000000004 ms
185,964.6000000000004 ms
185,976.8000000000002 ms
185,990.8500000000004 ms
185,1004.9500000000003 ms
185,1012.8500000000004 ms
185,1025.9000000000003 ms
185,1027.95 ms
185,1029.6500000000003 ms
185,1031.4000000000003 ms
185,1033.6000000000006 ms
185,1046.5000000000007 ms
185,1051.8000000000004 ms
185,1084.8000000000004 ms
185,1086.5000000000007 ms
185,1089.2000000000005 ms
185,1095.1000000000006 ms
185,1101.8000000000009 ms
185,1111.6500000000008 ms
185,1112.8000000000009 ms
185,1118.6000000000006 ms
185,1121.1000000000006 ms
185,1121.8000000000009 ms
185,1124.200000000001 ms
185,1146.9500000000005 ms
185,1148.6500000000008 ms
185,1150.9000000000008 ms
185,1181.2000000000005 ms
185,1191.8000000000004 ms
185,1200.0000000000007 ms
185,1201.8000000000004 ms
185,1204.1000000000006 ms
185,1225.5000000000007 ms
185,1228.700000000001 ms
185,1242.9000000000008 ms
185,1251.9000000000008 ms
185,1254.4000000000008 ms
185,1264.4000000000008 ms
185,1278.100000000001 ms
185,1291.3000000000009 ms
185,1317.950000000001 ms
185,1339.2500000000007 ms
185,1344.200000000001 ms
185,1347.100000000001 ms
185,1348.5500000000013 ms
185,1354.7000000000014 ms
185,1376.4000000000012 ms
185,1381.6500000000012 ms
185,1389.1000000000015 ms
185,1402.850000000001 ms
185,1408.2500000000011 ms
185,1421.4000000000012 ms
185,1447.2000000000014 ms
185,1450.5500000000013 ms
185,1455.9500000000014 ms
185,1502.7000000000014 ms
185,1527.5500000000013 ms
185,1572.7500000000016 ms
185,1576.1500000000017 ms
185,1577.5000000000016 ms
185,1593.2000000000014 ms
185,1605.9500000000014 ms
185,1614.0500000000013 ms
185,1614.9500000000014 ms
185,1625.9000000000017 ms
185,1629.3000000000018 ms
185,1630.8000000000013 ms
185,1645.1000000000015 ms
185,1667.6500000000012 ms
185,1674.8000000000013 ms
185,1683.9500000000014 ms
185,1694.5000000000016 ms
185,1721.6000000000015 ms
185,1727.6000000000015 ms
185,1733.4000000000012 ms
185,1737.4000000000017 ms
185,1756.6000000000015 ms
185,1780.8000000000018 ms
185,1786.1500000000017 ms
185,1797.1000000000015 ms
185,1826.4000000000012 ms
185,1849.6500000000017 ms
185,1854.4000000000012 ms
185,1907.1000000000015 ms
185,1922.0500000000018 ms
185,1928.6000000000015 ms
185,1930.7500000000016 ms
185,1973.3000000000013 ms
185,1997.1500000000012 ms
185,2036.8000000000013 ms
185,2037.4000000000012 ms
185,2135.800000000001 ms
185,2142.000000000002 ms
185,2144.300000000001 ms
185,2156.2000000000016 ms
185,2161.4500000000016 ms
185,2181.9500000000016 ms
185,2186.6500000000015 ms
185,2195.1500000000015 ms
185,2211.250000000002 ms
185,2229.1500000000015 ms
185,2269.800000000001 ms
185,2328.6500000000015 ms
185,2374.550000000001 ms
185,2378.050000000001 ms
185,2399.250000000002 ms
185,2404.800000000001 ms
185,2421.850000000002 ms
185,2425.050000000001 ms
185,2433.300000000001 ms
185,2444.100000000002 ms
185,2450.4500000000016 ms
185,2453.2000000000016 ms
185,2455.9000000000015 ms
185,2473.550000000001 ms
185,2477.050000000001 ms
185,2493.550000000001 ms
185,2520.7000000000016 ms
185,2523.4000000000015 ms
185,2526.8500000000013 ms
185,2540.6000000000013 ms
185,2540.8500000000013 ms
185,2549.750000000001 ms
185,2585.9500000000016 ms
185,2616.4000000000005 ms
185,2618.800000000001 ms
185,2636.300000000001 ms
185,2636.750000000001 ms
185,2636.8500000000013 ms
185,2645.250000000001 ms
185,2652.500000000001 ms
185,2671.8500000000013 ms
185,2672.9500000000007 ms
185,2682.500000000001 ms
185,2682.6000000000013 ms
185,2683.6500000000005 ms
185,2684.8500000000013 ms
185,2692.55 ms
185,2696.500000000001 ms
185,2697.6000000000004 ms
185,2712.05 ms
185,2721.8 ms
185,2762.75 ms
185,2766.6499999999996 ms
185,2774.5 ms
185,2778.2 ms
185,2800.45 ms
185,2817.3 ms
185,2819.7 ms
185,2831.3499999999995 ms
185,2832.55 ms
185,2855.499999999999 ms
185,2866.8 ms
185,2872.8 ms
185,2885.3499999999995 ms
185,2908.4000000000005 ms
185,2915.95 ms
185,2936.3500000000004 ms
185,2968.8500000000004 ms
185,3009.5 ms
185,3012.050000000001 ms
185,3030.6000000000004 ms
185,3036.050000000001 ms
185,3042.6500000000005 ms
185,3051.9000000000005 ms
185,3062.9000000000005 ms
185,3081.6000000000004 ms
185,3085.6500000000005 ms
185,3085.750000000001 ms
185,3091.55 ms
185,3099.000000000001 ms
185,3134.250000000001 ms
185,3134.45 ms
185,3152.8500000000004 ms
185,3171.1000000000004 ms
185,3198.2000000000007 ms
185,3209.75 ms
185,3214.75 ms
185,3247.300000000001 ms
185,3259.550000000001 ms
185,3269.9000000000005 ms
185,3275.4000000000005 ms
185,3277.2000000000007 ms
185,3289.2000000000007 ms
185,3291.550000000001 ms
185,3311.0 ms
185,3314.3500000000004 ms
185,3320.7000000000007 ms
185,3322.05 ms
185,3323.45 ms
185,3325.6500000000005 ms
185,3349.95 ms
185,3350.45 ms
185,3362.95 ms
185,3364.250000000001 ms
185,3402.45 ms
185,3414.8 ms
185,3478.8 ms
185,3481.9000000000005 ms
185,3514.4000000000005 ms
185,3544.8 ms
185,3549.5 ms
185,3556.05 ms
185,3588.6500000000005 ms
185,3596.2 ms
185,3604.000000000001 ms
185,3611.05 ms
185,3633.250000000001 ms
185,3634.250000000001 ms
185,3654.7 ms
185,3657.3500000000004 ms
185,3662.75 ms
185,3688.550000000001 ms
185,3698.4500000000007 ms
185,3704.1500000000005 ms
185,3709.3500000000004 ms
185,3728.3 ms
185,3764.1000000000004 ms
185,3778.6000000000004 ms
185,3821.05 ms
185,3824.1000000000004 ms
185,3829.55 ms
185,3836.9000000000005 ms
185,3862.55 ms
185,3866.6000000000004 ms
185,3868.75 ms
185,3876.800000000001 ms
185,3895.1500000000005 ms
185,3899.8500000000004 ms
185,3906.6000000000004 ms
185,3918.0 ms
185,3935.3500000000004 ms
185,3939.75 ms
185,3940.2000000000007 ms
185,3941.8999999999996 ms
185,3977.25 ms
185,3990.5 ms
185,3993.8 ms
186,6.6000000000000005 ms
186,17.25 ms
186,17.75 ms
186,24.85 ms
186,38.800000000000004 ms
186,54.90000000000001 ms
186,55.9 ms
186,72.44999999999999 ms
186,112.65 ms
186,115.9 ms
186,122.0 ms
186,127.05000000000001 ms
186,129.3 ms
186,132.7 ms
186,139.00000000000006 ms
186,140.3 ms
186,146.05 ms
186,148.00000000000006 ms
186,194.25000000000006 ms
186,194.60000000000002 ms
186,206.75 ms
186,207.65000000000003 ms
186,281.95000000000005 ms
186,313.1 ms
186,313.55000000000007 ms
186,326.15 ms
186,352.9 ms
186,370.6 ms
186,373.9 ms
186,375.70000000000005 ms
186,380.80000000000007 ms
186,381.95000000000005 ms
186,386.4000000000001 ms
186,431.70000000000005 ms
186,432.80000000000007 ms
186,454.20000000000005 ms
186,460.55000000000007 ms
186,479.20000000000005 ms
186,515.25 ms
186,521.95 ms
186,523.9000000000001 ms
186,524.8500000000001 ms
186,532.2 ms
186,534.9000000000003 ms
186,548.7 ms
186,568.0500000000002 ms
186,570.0000000000002 ms
186,577.9500000000003 ms
186,581.0500000000002 ms
186,584.6500000000003 ms
186,589.7000000000003 ms
186,598.3000000000002 ms
186,625.9000000000003 ms
186,635.7000000000003 ms
186,636.9000000000003 ms
186,638.9000000000003 ms
186,649.3500000000004 ms
186,654.1000000000004 ms
186,660.8500000000004 ms
186,679.2500000000005 ms
186,690.0500000000002 ms
186,696.1000000000004 ms
186,698.7000000000003 ms
186,715.9500000000003 ms
186,735.6500000000003 ms
186,736.6500000000003 ms
186,752.9000000000003 ms
186,754.4500000000003 ms
186,762.4000000000003 ms
186,815.4000000000003 ms
186,820.0000000000002 ms
186,824.2500000000002 ms
186,828.9500000000005 ms
186,856.9000000000003 ms
186,857.8000000000004 ms
186,860.1500000000003 ms
186,881.6500000000003 ms
186,905.6500000000003 ms
186,918.9500000000005 ms
186,922.3000000000004 ms
186,936.7000000000005 ms
186,959.1000000000004 ms
186,975.4000000000003 ms
186,996.2500000000002 ms
186,998.0000000000002 ms
186,1011.3000000000004 ms
186,1021.4000000000003 ms
186,1030.9000000000003 ms
186,1035.0500000000004 ms
186,1037.7000000000005 ms
186,1059.0000000000002 ms
186,1064.0500000000004 ms
186,1064.4000000000003 ms
186,1070.6000000000006 ms
186,1074.1000000000001 ms
186,1082.0000000000002 ms
186,1087.4500000000005 ms
186,1104.4500000000005 ms
186,1118.0000000000002 ms
186,1129.7500000000007 ms
186,1177.7500000000002 ms
186,1192.3500000000001 ms
186,1194.7500000000002 ms
186,1217.7500000000007 ms
186,1233.7000000000005 ms
186,1236.0500000000004 ms
186,1240.4500000000005 ms
186,1242.0500000000004 ms
186,1254.7500000000007 ms
186,1260.2500000000002 ms
186,1269.1500000000003 ms
186,1290.0500000000004 ms
186,1292.2500000000007 ms
186,1306.6500000000008 ms
186,1312.350000000001 ms
186,1317.8500000000006 ms
186,1321.5500000000009 ms
186,1332.0000000000011 ms
186,1335.2500000000007 ms
186,1336.5000000000011 ms
186,1341.3000000000009 ms
186,1388.5500000000009 ms
186,1398.7500000000011 ms
186,1400.950000000001 ms
186,1415.350000000001 ms
186,1432.200000000001 ms
186,1454.0500000000009 ms
186,1474.450000000001 ms
186,1506.0500000000009 ms
186,1520.3500000000006 ms
186,1526.100000000001 ms
186,1531.8500000000006 ms
186,1548.3000000000009 ms
186,1552.1500000000008 ms
186,1555.5000000000007 ms
186,1561.1500000000008 ms
186,1565.9500000000005 ms
186,1577.3500000000006 ms
186,1603.9000000000008 ms
186,1605.850000000001 ms
186,1617.3000000000009 ms
186,1621.5000000000011 ms
186,1629.700000000001 ms
186,1653.3000000000009 ms
186,1680.5500000000009 ms
186,1686.5000000000011 ms
186,1709.3000000000009 ms
186,1716.5500000000009 ms
186,1729.200000000001 ms
186,1763.7500000000007 ms
186,1776.3000000000009 ms
186,1795.1000000000006 ms
186,1801.9500000000005 ms
186,1802.0500000000004 ms
186,1806.7500000000007 ms
186,1816.7500000000007 ms
186,1831.0000000000007 ms
186,1836.6500000000008 ms
186,1863.0000000000007 ms
186,1865.700000000001 ms
186,1873.1500000000008 ms
186,1888.0000000000007 ms
186,1904.6000000000006 ms
186,1919.6000000000006 ms
186,1938.7000000000005 ms
186,1949.6500000000008 ms
186,1962.6000000000006 ms
186,1964.0000000000007 ms
186,1964.700000000001 ms
186,1974.850000000001 ms
186,1993.1000000000006 ms
186,2025.5500000000009 ms
186,2046.1500000000008 ms
186,2085.9000000000005 ms
186,2110.6000000000004 ms
186,2116.05 ms
186,2120.0 ms
186,2126.1000000000004 ms
186,2133.2999999999993 ms
186,2173.3999999999996 ms
186,2181.5499999999993 ms
186,2182.6000000000004 ms
186,2183.3500000000004 ms
186,2193.7 ms
186,2219.25 ms
186,2229.1499999999996 ms
186,2237.3999999999996 ms
186,2239.7000000000007 ms
186,2241.3999999999996 ms
186,2253.6499999999996 ms
186,2265.5 ms
186,2266.6000000000004 ms
186,2282.7 ms
186,2288.5999999999995 ms
186,2314.55 ms
186,2315.8999999999996 ms
186,2319.6499999999996 ms
186,2346.95 ms
186,2370.5 ms
186,2388.3500000000004 ms
186,2401.5499999999993 ms
186,2403.2999999999993 ms
186,2418.3500000000004 ms
186,2422.1499999999996 ms
186,2432.1499999999996 ms
186,2437.5 ms
186,2441.7 ms
186,2474.45 ms
186,2479.7 ms
186,2484.0 ms
186,2484.25 ms
186,2485.05 ms
186,2507.1000000000004 ms
186,2507.55 ms
186,2514.4000000000005 ms
186,2515.2 ms
186,2521.6500000000005 ms
186,2550.8499999999995 ms
186,2551.9000000000005 ms
186,2553.8 ms
186,2562.6500000000005 ms
186,2566.8499999999995 ms
186,2584.5 ms
186,2592.3500000000004 ms
186,2600.5499999999993 ms
186,2609.2 ms
186,2669.8499999999995 ms
186,2723.8 ms
186,2737.0999999999995 ms
186,2756.8 ms
186,2808.1499999999996 ms
186,2814.0 ms
186,2848.949999999999 ms
186,2849.5 ms
186,2865.5499999999993 ms
186,2866.25 ms
186,2872.1499999999996 ms
186,2879.0 ms
186,2903.5999999999995 ms
186,2904.5499999999993 ms
186,2907.499999999999 ms
186,2914.3999999999987 ms
186,2922.0999999999995 ms
186,2924.3499999999995 ms
186,2941.449999999999 ms
186,2943.0999999999985 ms
186,2949.5499999999993 ms
186,2960.999999999998 ms
186,2977.999999999998 ms
186,2988.1499999999987 ms
186,3024.0999999999985 ms
186,3039.3499999999985 ms
186,3044.0999999999985 ms
186,3057.1499999999987 ms
186,3058.749999999999 ms
186,3059.2999999999984 ms
186,3071.699999999999 ms
186,3076.5499999999993 ms
186,3085.0999999999985 ms
186,3097.7999999999993 ms
186,3126.999999999998 ms
186,3141.6499999999987 ms
186,3146.3999999999987 ms
186,3162.6499999999987 ms
186,3181.499999999999 ms
186,3196.3499999999985 ms
186,3196.749999999998 ms
186,3196.8499999999985 ms
186,3198.249999999998 ms
186,3202.499999999998 ms
186,3214.999999999998 ms
186,3221.749999999998 ms
186,3233.249999999998 ms
186,3246.5499999999993 ms
186,3274.3999999999987 ms
186,3297.8999999999987 ms
186,3302.6499999999987 ms
186,3308.949999999999 ms
186,3317.199999999999 ms
186,3327.3999999999987 ms
186,3329.449999999999 ms
186,3335.0499999999993 ms
186,3338.199999999999 ms
186,3348.5499999999993 ms
186,3363.949999999999 ms
186,3366.499999999999 ms
186,3375.5999999999995 ms
186,3379.999999999999 ms
186,3383.5999999999995 ms
186,3398.8999999999987 ms
186,3404.249999999999 ms
186,3406.8999999999987 ms
186,3411.749999999999 ms
186,3430.249999999999 ms
186,3458.949999999999 ms
186,3466.949999999999 ms
186,3505.1499999999987 ms
186,3536.5499999999984 ms
186,3620.949999999999 ms
186,3630.949999999999 ms
186,3637.5499999999993 ms
186,3646.199999999999 ms
186,3700.8999999999987 ms
186,3702.3499999999985 ms
186,3714.5499999999984 ms
186,3730.3499999999985 ms
186,3763.949999999999 ms
186,3777.649999999998 ms
186,3786.5499999999984 ms
186,3840.5999999999985 ms
186,3852.7999999999984 ms
186,3856.0499999999984 ms
186,3856.8499999999985 ms
186,3864.7999999999984 ms
186,3868.8999999999987 ms
186,3878.199999999998 ms
186,3933.1499999999987 ms
186,3945.699999999998 ms
186,3946.699999999998 ms
186,3955.0499999999984 ms
186,3983.749999999998 ms
186,3984.499999999998 ms
186,3993.499999999998 ms
186,3993.7999999999984 ms
186,3999.749999999998 ms
187,38.35 ms
187,40.20000000000001 ms
187,45.75000000000001 ms
187,53.20000000000001 ms
187,56.550000000000004 ms
187,58.75000000000001 ms
187,66.15 ms
187,71.9 ms
187,102.5 ms
187,106.30000000000001 ms
187,118.94999999999999 ms
187,162.0 ms
187,163.95 ms
187,164.05 ms
187,170.3 ms
187,175.24999999999994 ms
187,184.95 ms
187,216.54999999999995 ms
187,217.29999999999995 ms
187,227.34999999999997 ms
187,233.7 ms
187,272.15 ms
187,292.1 ms
187,292.85 ms
187,293.29999999999995 ms
187,302.54999999999995 ms
187,320.29999999999995 ms
187,321.15 ms
187,330.69999999999993 ms
187,356.80000000000007 ms
187,361.05000000000007 ms
187,365.69999999999993 ms
187,376.5 ms
187,400.35 ms
187,405.25 ms
187,412.95000000000005 ms
187,437.4 ms
187,459.15 ms
187,462.35 ms
187,470.9 ms
187,482.4 ms
187,487.0 ms
187,488.75 ms
187,493.1 ms
187,499.35 ms
187,513.25 ms
187,520.25 ms
187,523.3499999999999 ms
187,527.2 ms
187,529.3500000000001 ms
187,530.25 ms
187,595.6500000000001 ms
187,633.9499999999998 ms
187,645.6999999999998 ms
187,677.3 ms
187,683.0999999999999 ms
187,685.8999999999999 ms
187,702.6999999999998 ms
187,712.8499999999999 ms
187,749.5999999999999 ms
187,785.3999999999996 ms
187,787.6999999999998 ms
187,794.3499999999997 ms
187,796.5999999999997 ms
187,823.2999999999997 ms
187,827.3499999999997 ms
187,827.6499999999996 ms
187,831.4499999999996 ms
187,832.2999999999995 ms
187,861.7999999999995 ms
187,873.9499999999996 ms
187,882.2999999999995 ms
187,925.1499999999996 ms
187,931.6999999999996 ms
187,955.9499999999996 ms
187,976.3999999999996 ms
187,977.6999999999996 ms
187,994.6499999999996 ms
187,1002.5499999999997 ms
187,1032.4499999999996 ms
187,1038.4999999999993 ms
187,1059.3999999999994 ms
187,1082.6999999999996 ms
187,1127.2999999999995 ms
187,1128.0999999999992 ms
187,1129.9499999999991 ms
187,1162.8499999999992 ms
187,1167.9499999999991 ms
187,1170.7499999999993 ms
187,1192.049999999999 ms
187,1199.649999999999 ms
187,1200.5999999999992 ms
187,1212.5999999999992 ms
187,1219.149999999999 ms
187,1228.9999999999989 ms
187,1232.299999999999 ms
187,1232.9999999999993 ms
187,1234.3999999999994 ms
187,1259.4499999999991 ms
187,1278.2499999999989 ms
187,1280.2499999999993 ms
187,1294.2499999999989 ms
187,1295.3499999999988 ms
187,1300.2499999999989 ms
187,1315.5999999999988 ms
187,1325.3499999999992 ms
187,1389.899999999999 ms
187,1394.549999999999 ms
187,1403.049999999999 ms
187,1405.9999999999993 ms
187,1407.7499999999989 ms
187,1435.1999999999991 ms
187,1435.3999999999994 ms
187,1435.7499999999993 ms
187,1460.1999999999991 ms
187,1461.6999999999991 ms
187,1462.6499999999994 ms
187,1475.149999999999 ms
187,1484.549999999999 ms
187,1491.649999999999 ms
187,1495.1499999999994 ms
187,1502.8499999999992 ms
187,1554.2499999999993 ms
187,1558.799999999999 ms
187,1564.8499999999992 ms
187,1566.4499999999991 ms
187,1567.0999999999992 ms
187,1568.4499999999991 ms
187,1598.5999999999992 ms
187,1610.6999999999991 ms
187,1619.9999999999989 ms
187,1637.6999999999991 ms
187,1673.3999999999994 ms
187,1691.2499999999993 ms
187,1711.1999999999991 ms
187,1716.2499999999989 ms
187,1729.299999999999 ms
187,1744.049999999999 ms
187,1786.0999999999988 ms
187,1804.399999999999 ms
187,1809.4999999999989 ms
187,1818.2999999999986 ms
187,1836.4499999999987 ms
187,1867.6999999999991 ms
187,1869.1999999999987 ms
187,1894.2499999999989 ms
187,1906.7999999999986 ms
187,1921.0999999999988 ms
187,1931.9999999999989 ms
187,1956.9499999999991 ms
187,1972.799999999999 ms
187,1974.4999999999989 ms
187,1974.649999999999 ms
187,1990.7499999999989 ms
187,1992.4999999999989 ms
187,1992.9999999999989 ms
187,2006.1999999999991 ms
187,2027.9999999999989 ms
187,2029.0499999999986 ms
187,2034.299999999999 ms
187,2041.649999999999 ms
187,2046.9499999999987 ms
187,2065.699999999999 ms
187,2072.6499999999987 ms
187,2073.8999999999987 ms
187,2106.449999999999 ms
187,2115.699999999999 ms
187,2127.249999999999 ms
187,2142.5999999999995 ms
187,2143.0999999999995 ms
187,2143.449999999999 ms
187,2151.499999999999 ms
187,2153.8999999999987 ms
187,2167.249999999999 ms
187,2173.699999999999 ms
187,2178.199999999999 ms
187,2182.2999999999993 ms
187,2182.999999999998 ms
187,2184.3499999999985 ms
187,2185.699999999999 ms
187,2203.8499999999985 ms
187,2208.7999999999984 ms
187,2277.699999999998 ms
187,2278.0999999999985 ms
187,2280.3499999999985 ms
187,2281.8499999999985 ms
187,2312.3499999999985 ms
187,2318.499999999998 ms
187,2327.7999999999993 ms
187,2332.199999999999 ms
187,2347.0999999999985 ms
187,2356.1499999999996 ms
187,2361.0499999999993 ms
187,2363.3999999999996 ms
187,2367.8999999999996 ms
187,2419.6499999999996 ms
187,2428.0499999999993 ms
187,2435.499999999999 ms
187,2443.8999999999987 ms
187,2446.8499999999995 ms
187,2460.1499999999987 ms
187,2481.6499999999987 ms
187,2493.8999999999987 ms
187,2568.749999999999 ms
187,2570.0499999999993 ms
187,2572.1499999999996 ms
187,2574.2999999999993 ms
187,2579.0499999999993 ms
187,2585.8499999999995 ms
187,2594.8499999999995 ms
187,2600.6499999999996 ms
187,2607.0 ms
187,2617.75 ms
187,2629.199999999999 ms
187,2643.5999999999995 ms
187,2648.95 ms
187,2660.5499999999993 ms
187,2662.5999999999995 ms
187,2665.0999999999995 ms
187,2690.1499999999996 ms
187,2692.1499999999996 ms
187,2698.7999999999993 ms
187,2716.2999999999993 ms
187,2739.2999999999993 ms
187,2739.45 ms
187,2744.2 ms
187,2748.1499999999996 ms
187,2762.2999999999993 ms
187,2780.0499999999993 ms
187,2792.5499999999993 ms
187,2796.7 ms
187,2814.55 ms
187,2824.95 ms
187,2835.2 ms
187,2838.7 ms
187,2865.45 ms
187,2872.0999999999995 ms
187,2885.0 ms
187,2888.05 ms
187,2892.3500000000004 ms
187,2902.7000000000007 ms
187,2909.25 ms
187,2928.75 ms
187,2964.050000000001 ms
187,2972.300000000001 ms
187,2973.5 ms
187,3024.550000000001 ms
187,3042.2000000000007 ms
187,3065.6500000000005 ms
187,3083.05 ms
187,3086.9000000000005 ms
187,3093.6500000000005 ms
187,3112.4500000000007 ms
187,3126.4000000000005 ms
187,3137.3 ms
187,3142.6000000000013 ms
187,3171.7000000000007 ms
187,3173.300000000001 ms
187,3209.1000000000004 ms
187,3218.300000000001 ms
187,3230.3500000000004 ms
187,3241.000000000001 ms
187,3252.750000000001 ms
187,3261.3500000000013 ms
187,3281.8 ms
187,3282.8500000000013 ms
187,3309.1000000000013 ms
187,3316.55 ms
187,3357.2000000000007 ms
187,3371.9000000000005 ms
187,3376.750000000001 ms
187,3379.750000000001 ms
187,3380.55 ms
187,3390.500000000001 ms
187,3395.3 ms
187,3397.8 ms
187,3440.000000000001 ms
187,3478.250000000001 ms
187,3512.95 ms
187,3516.1000000000004 ms
187,3540.9000000000005 ms
187,3542.3500000000004 ms
187,3547.6500000000005 ms
187,3558.1000000000004 ms
187,3597.4500000000007 ms
187,3604.2000000000007 ms
187,3611.4500000000007 ms
187,3659.6499999999996 ms
187,3662.0 ms
187,3668.0 ms
187,3673.55 ms
187,3682.9000000000005 ms
187,3683.8 ms
187,3695.9000000000005 ms
187,3702.0 ms
187,3727.6000000000004 ms
187,3728.3500000000004 ms
187,3728.8500000000004 ms
187,3745.45 ms
187,3747.6499999999996 ms
187,3748.3999999999996 ms
187,3750.8999999999996 ms
187,3755.0 ms
187,3768.5999999999995 ms
187,3780.5999999999995 ms
187,3794.6499999999996 ms
187,3812.1499999999996 ms
187,3830.0999999999995 ms
187,3835.249999999999 ms
187,3866.55 ms
187,3871.749999999999 ms
187,3895.5999999999995 ms
187,3944.5499999999993 ms
187,3947.249999999999 ms
187,3949.449999999999 ms
187,3950.6499999999987 ms
187,3952.199999999999 ms
187,3956.499999999999 ms
187,3967.1499999999987 ms
187,3975.249999999999 ms
187,3980.699999999999 ms
188,9.600000000000001 ms
188,18.400000000000002 ms
188,29.55 ms
188,30.300000000000008 ms
188,52.0 ms
188,53.45000000000002 ms
188,59.85000000000001 ms
188,61.2 ms
188,94.45000000000003 ms
188,99.50000000000001 ms
188,101.95000000000003 ms
188,145.90000000000003 ms
188,168.90000000000003 ms
188,178.20000000000005 ms
188,199.65000000000003 ms
188,216.65000000000003 ms
188,220.70000000000005 ms
188,249.80000000000007 ms
188,252.95000000000005 ms
188,271.5 ms
188,300.60000000000014 ms
188,301.45000000000005 ms
188,307.70000000000005 ms
188,317.9000000000001 ms
188,327.10000000000014 ms
188,327.5 ms
188,343.80000000000007 ms
188,348.9000000000001 ms
188,350.7500000000001 ms
188,352.70000000000016 ms
188,376.20000000000016 ms
188,411.05000000000007 ms
188,432.0000000000001 ms
188,445.45000000000016 ms
188,458.6 ms
188,458.95000000000016 ms
188,470.20000000000016 ms
188,482.85 ms
188,485.0000000000001 ms
188,486.2500000000001 ms
188,490.65 ms
188,502.5000000000001 ms
188,516.75 ms
188,523.7 ms
188,524.8 ms
188,543.8 ms
188,545.05 ms
188,546.8 ms
188,588.3 ms
188,623.2 ms
188,624.8 ms
188,626.2 ms
188,632.45 ms
188,649.45 ms
188,683.55 ms
188,694.6500000000001 ms
188,743.3500000000001 ms
188,745.3500000000001 ms
188,762.95 ms
188,763.5500000000002 ms
188,765.6000000000001 ms
188,769.6000000000001 ms
188,773.5500000000002 ms
188,794.2500000000002 ms
188,807.1000000000001 ms
188,817.2000000000003 ms
188,825.8000000000002 ms
188,837.8000000000002 ms
188,841.8500000000004 ms
188,843.5500000000002 ms
188,846.0000000000005 ms
188,852.3000000000002 ms
188,862.6500000000003 ms
188,872.1000000000004 ms
188,874.4000000000003 ms
188,899.9500000000003 ms
188,906.3500000000004 ms
188,906.8000000000002 ms
188,932.0000000000005 ms
188,952.6500000000003 ms
188,954.2500000000002 ms
188,973.2000000000005 ms
188,1016.5000000000002 ms
188,1021.9500000000005 ms
188,1025.0500000000004 ms
188,1050.7500000000007 ms
188,1059.1000000000006 ms
188,1077.3000000000004 ms
188,1089.9000000000003 ms
188,1090.0500000000004 ms
188,1094.0500000000004 ms
188,1094.5500000000004 ms
188,1104.9000000000003 ms
188,1117.1500000000003 ms
188,1124.5500000000004 ms
188,1136.7500000000007 ms
188,1172.3500000000006 ms
188,1176.3000000000004 ms
188,1177.6500000000003 ms
188,1187.3500000000006 ms
188,1213.2500000000007 ms
188,1236.5500000000004 ms
188,1239.7500000000007 ms
188,1241.6500000000008 ms
188,1265.0000000000007 ms
188,1266.9000000000008 ms
188,1271.0000000000007 ms
188,1276.3500000000006 ms
188,1280.0500000000004 ms
188,1317.0000000000007 ms
188,1331.5000000000002 ms
188,1335.6000000000001 ms
188,1338.4000000000003 ms
188,1349.45 ms
188,1395.0000000000002 ms
188,1397.7500000000002 ms
188,1407.3 ms
188,1409.95 ms
188,1436.4500000000005 ms
188,1448.0500000000004 ms
188,1450.4500000000005 ms
188,1458.0500000000004 ms
188,1465.1500000000003 ms
188,1473.6499999999999 ms
188,1481.6000000000001 ms
188,1482.0500000000004 ms
188,1483.4000000000003 ms
188,1489.5000000000002 ms
188,1501.8500000000001 ms
188,1517.2500000000002 ms
188,1542.7 ms
188,1543.1000000000001 ms
188,1547.6000000000001 ms
188,1548.1499999999999 ms
188,1561.9999999999998 ms
188,1571.8999999999999 ms
188,1593.95 ms
188,1624.3500000000001 ms
188,1641.3999999999999 ms
188,1647.6000000000001 ms
188,1661.8999999999999 ms
188,1677.1500000000003 ms
188,1680.7 ms
188,1689.55 ms
188,1696.3999999999999 ms
188,1750.6499999999999 ms
188,1768.55 ms
188,1772.3999999999999 ms
188,1809.2499999999998 ms
188,1836.9999999999998 ms
188,1873.7 ms
188,1877.8 ms
188,1880.95 ms
188,1882.7499999999998 ms
188,1889.3499999999997 ms
188,1891.5999999999997 ms
188,1898.9499999999996 ms
188,1917.2499999999993 ms
188,1926.1499999999994 ms
188,1941.7499999999993 ms
188,1948.0999999999992 ms
188,1972.2499999999993 ms
188,1973.4999999999998 ms
188,1991.9999999999993 ms
188,2021.8499999999992 ms
188,2031.6499999999994 ms
188,2034.9999999999993 ms
188,2038.5999999999992 ms
188,2051.449999999999 ms
188,2061.449999999999 ms
188,2064.8499999999995 ms
188,2072.2999999999993 ms
188,2073.0499999999993 ms
188,2073.7999999999993 ms
188,2080.0499999999993 ms
188,2097.8999999999996 ms
188,2134.949999999999 ms
188,2140.1499999999996 ms
188,2154.999999999999 ms
188,2157.699999999999 ms
188,2157.8499999999985 ms
188,2169.749999999999 ms
188,2193.699999999999 ms
188,2204.749999999999 ms
188,2229.449999999999 ms
188,2233.3999999999987 ms
188,2237.199999999999 ms
188,2238.749999999999 ms
188,2248.2999999999993 ms
188,2259.449999999999 ms
188,2318.8499999999995 ms
188,2327.7999999999993 ms
188,2330.949999999999 ms
188,2332.699999999999 ms
188,2348.0499999999993 ms
188,2418.0499999999993 ms
188,2428.8999999999996 ms
188,2429.3999999999996 ms
188,2439.249999999999 ms
188,2454.999999999999 ms
188,2465.3499999999995 ms
188,2482.6499999999987 ms
188,2506.8999999999987 ms
188,2508.8999999999987 ms
188,2525.7 ms
188,2540.7999999999993 ms
188,2546.0999999999995 ms
188,2562.3499999999995 ms
188,2572.5499999999993 ms
188,2576.449999999999 ms
188,2576.699999999999 ms
188,2577.5999999999995 ms
188,2595.5499999999993 ms
188,2607.0499999999993 ms
188,2610.2999999999993 ms
188,2618.8999999999996 ms
188,2624.0999999999985 ms
188,2645.499999999999 ms
188,2679.499999999999 ms
188,2682.1499999999987 ms
188,2687.2999999999993 ms
188,2713.449999999999 ms
188,2715.449999999999 ms
188,2724.449999999999 ms
188,2749.699999999999 ms
188,2754.5 ms
188,2758.3999999999996 ms
188,2764.0 ms
188,2778.5499999999993 ms
188,2784.25 ms
188,2787.2999999999993 ms
188,2793.6499999999996 ms
188,2798.5999999999995 ms
188,2798.7999999999993 ms
188,2799.8999999999996 ms
188,2800.199999999999 ms
188,2802.6499999999996 ms
188,2804.5499999999993 ms
188,2810.999999999999 ms
188,2832.8999999999987 ms
188,2843.5999999999995 ms
188,2846.699999999999 ms
188,2866.3999999999987 ms
188,2877.0999999999985 ms
188,2889.449999999999 ms
188,2898.5999999999985 ms
188,2902.5499999999984 ms
188,2904.8999999999987 ms
188,2922.0999999999976 ms
188,2937.449999999998 ms
188,2966.5499999999984 ms
188,2993.3499999999976 ms
188,3008.1499999999987 ms
188,3027.6499999999987 ms
188,3028.7999999999984 ms
188,3029.699999999998 ms
188,3037.3499999999985 ms
188,3048.249999999998 ms
188,3051.999999999998 ms
188,3055.199999999999 ms
188,3055.699999999999 ms
188,3076.899999999998 ms
188,3101.3499999999985 ms
188,3105.7999999999975 ms
188,3130.3499999999985 ms
188,3152.749999999998 ms
188,3153.149999999998 ms
188,3163.0499999999984 ms
188,3184.6499999999987 ms
188,3231.249999999998 ms
188,3241.449999999998 ms
188,3246.149999999998 ms
188,3266.5999999999976 ms
188,3282.399999999998 ms
188,3303.8499999999976 ms
188,3323.3499999999976 ms
188,3331.199999999998 ms
188,3333.8499999999976 ms
188,3337.899999999998 ms
188,3350.0499999999975 ms
188,3357.7999999999975 ms
188,3360.699999999998 ms
188,3365.899999999998 ms
188,3381.249999999998 ms
188,3383.2999999999975 ms
188,3392.149999999998 ms
188,3392.3499999999976 ms
188,3393.949999999998 ms
188,3394.199999999998 ms
188,3400.5499999999975 ms
188,3400.9999999999973 ms
188,3408.5499999999975 ms
188,3414.3499999999976 ms
188,3444.149999999998 ms
188,3446.999999999998 ms
188,3454.449999999997 ms
188,3476.649999999998 ms
188,3499.4999999999973 ms
188,3536.149999999997 ms
188,3542.5499999999975 ms
188,3550.7999999999975 ms
188,3557.2499999999973 ms
188,3557.5499999999975 ms
188,3582.149999999998 ms
188,3588.0999999999967 ms
188,3602.899999999998 ms
188,3628.949999999997 ms
188,3642.449999999997 ms
188,3643.999999999998 ms
188,3676.2999999999975 ms
188,3717.149999999998 ms
188,3730.199999999998 ms
188,3740.249999999998 ms
188,3741.8499999999985 ms
188,3744.0999999999985 ms
188,3745.499999999998 ms
188,3752.5999999999985 ms
188,3756.199999999998 ms
188,3772.0499999999984 ms
188,3787.4999999999973 ms
188,3792.649999999998 ms
188,3793.3499999999976 ms
188,3825.199999999998 ms
188,3841.649999999997 ms
188,3876.4999999999973 ms
188,3892.9999999999973 ms
188,3904.0999999999976 ms
188,3946.949999999997 ms
188,3951.949999999997 ms
188,3959.2499999999973 ms
188,3961.0499999999975 ms
188,3964.649999999998 ms
188,3965.9999999999973 ms
188,3967.5999999999976 ms
188,3977.2999999999965 ms
188,3992.7499999999973 ms
188,3993.2499999999973 ms
189,20.55 ms
189,31.600000000000005 ms
189,35.39999999999999 ms
189,50.3 ms
189,53.599999999999994 ms
189,68.1 ms
189,69.5 ms
189,71.30000000000001 ms
189,82.05000000000001 ms
189,92.0 ms
189,119.94999999999999 ms
189,125.10000000000002 ms
189,133.45000000000005 ms
189,139.8 ms
189,146.05 ms
189,166.65000000000003 ms
189,177.65000000000003 ms
189,181.55 ms
189,207.3 ms
189,216.3 ms
189,221.3 ms
189,235.10000000000002 ms
189,236.20000000000005 ms
189,236.95000000000005 ms
189,246.25 ms
189,259.20000000000005 ms
189,269.30000000000007 ms
189,291.30000000000007 ms
189,294.6 ms
189,301.0000000000001 ms
189,304.85 ms
189,306.70000000000016 ms
189,332.5000000000001 ms
189,333.0000000000001 ms
189,346.35000000000014 ms
189,353.60000000000014 ms
189,360.95000000000016 ms
189,362.4000000000002 ms
189,383.55000000000007 ms
189,384.85000000000014 ms
189,397.7500000000001 ms
189,431.4000000000001 ms
189,453.95000000000005 ms
189,457.60000000000014 ms
189,467.85000000000014 ms
189,481.5 ms
189,490.10000000000014 ms
189,492.9000000000001 ms
189,521.7500000000001 ms
189,551.15 ms
189,551.6 ms
189,560.0500000000001 ms
189,564.1 ms
189,583.0500000000001 ms
189,584.35 ms
189,588.15 ms
189,593.35 ms
189,620.3500000000003 ms
189,641.4000000000002 ms
189,651.6000000000003 ms
189,661.1500000000002 ms
189,674.0500000000001 ms
189,675.7500000000001 ms
189,684.0000000000001 ms
189,688.8500000000003 ms
189,701.3000000000003 ms
189,726.1500000000002 ms
189,743.3500000000003 ms
189,750.8000000000003 ms
189,795.6000000000003 ms
189,802.5500000000003 ms
189,806.1500000000004 ms
189,872.7500000000003 ms
189,897.2500000000003 ms
189,903.1000000000005 ms
189,908.6000000000003 ms
189,928.4500000000004 ms
189,928.8000000000005 ms
189,933.2500000000006 ms
189,934.5000000000003 ms
189,951.7500000000006 ms
189,956.1000000000005 ms
189,968.9500000000006 ms
189,976.8000000000005 ms
189,980.8000000000005 ms
189,1004.4000000000007 ms
189,1009.3500000000007 ms
189,1018.0000000000006 ms
189,1019.0500000000005 ms
189,1045.8000000000006 ms
189,1054.7000000000007 ms
189,1079.1500000000005 ms
189,1082.250000000001 ms
189,1108.9500000000007 ms
189,1114.6500000000005 ms
189,1116.4500000000007 ms
189,1116.750000000001 ms
189,1119.9000000000005 ms
189,1166.7000000000007 ms
189,1180.4500000000007 ms
189,1198.0500000000006 ms
189,1203.6000000000008 ms
189,1205.6500000000005 ms
189,1213.8500000000004 ms
189,1216.1500000000005 ms
189,1220.4500000000007 ms
189,1228.2500000000005 ms
189,1232.4500000000003 ms
189,1232.5500000000006 ms
189,1234.6000000000004 ms
189,1238.0000000000005 ms
189,1239.5500000000006 ms
189,1246.4 ms
189,1281.3500000000004 ms
189,1282.4000000000005 ms
189,1297.0500000000002 ms
189,1307.5000000000005 ms
189,1324.1500000000005 ms
189,1326.2000000000007 ms
189,1332.7000000000007 ms
189,1339.6000000000004 ms
189,1339.7000000000007 ms
189,1349.4000000000005 ms
189,1377.8000000000006 ms
189,1421.4500000000007 ms
189,1421.6500000000005 ms
189,1439.3500000000008 ms
189,1446.6000000000008 ms
189,1453.2000000000007 ms
189,1457.250000000001 ms
189,1460.3500000000004 ms
189,1461.3000000000006 ms
189,1461.6000000000008 ms
189,1470.5000000000005 ms
189,1472.0000000000005 ms
189,1485.400000000001 ms
189,1497.3000000000006 ms
189,1499.0500000000006 ms
189,1500.0500000000006 ms
189,1502.0500000000006 ms
189,1506.0500000000006 ms
189,1509.3000000000006 ms
189,1511.3000000000006 ms
189,1532.0500000000006 ms
189,1539.4500000000012 ms
189,1540.8000000000006 ms
189,1563.4500000000012 ms
189,1586.500000000001 ms
189,1592.6000000000008 ms
189,1592.7000000000007 ms
189,1594.4500000000007 ms
189,1596.8000000000006 ms
189,1608.4500000000007 ms
189,1618.8500000000008 ms
189,1620.2000000000007 ms
189,1630.8500000000008 ms
189,1639.8500000000008 ms
189,1667.0500000000006 ms
189,1673.7000000000012 ms
189,1693.9500000000012 ms
189,1695.9500000000012 ms
189,1732.4500000000012 ms
189,1744.000000000001 ms
189,1751.6000000000008 ms
189,1757.250000000001 ms
189,1760.000000000001 ms
189,1804.050000000001 ms
189,1811.050000000001 ms
189,1813.3500000000008 ms
189,1815.5500000000006 ms
189,1849.7000000000012 ms
189,1854.5500000000006 ms
189,1869.000000000001 ms
189,1885.3500000000008 ms
189,1900.5500000000006 ms
189,1908.5500000000006 ms
189,1940.6000000000008 ms
189,1955.900000000001 ms
189,2003.0500000000006 ms
189,2034.3500000000008 ms
189,2036.4500000000007 ms
189,2040.8500000000008 ms
189,2047.900000000001 ms
189,2112.8000000000006 ms
189,2135.5000000000005 ms
189,2138.900000000001 ms
189,2161.350000000001 ms
189,2174.900000000001 ms
189,2182.9 ms
189,2183.0500000000006 ms
189,2187.700000000001 ms
189,2198.7000000000003 ms
189,2199.5000000000005 ms
189,2208.850000000001 ms
189,2213.150000000001 ms
189,2249.5500000000015 ms
189,2250.200000000001 ms
189,2254.7500000000014 ms
189,2261.650000000002 ms
189,2271.950000000002 ms
189,2278.900000000002 ms
189,2300.700000000002 ms
189,2316.0000000000023 ms
189,2362.0500000000025 ms
189,2365.700000000002 ms
189,2387.6000000000026 ms
189,2397.3000000000025 ms
189,2404.650000000002 ms
189,2413.900000000002 ms
189,2431.8000000000025 ms
189,2441.700000000002 ms
189,2442.900000000002 ms
189,2445.5000000000014 ms
189,2450.8500000000017 ms
189,2455.200000000001 ms
189,2460.2500000000014 ms
189,2469.150000000002 ms
189,2470.3000000000025 ms
189,2483.2500000000023 ms
189,2490.950000000002 ms
189,2498.400000000002 ms
189,2513.0500000000015 ms
189,2524.950000000002 ms
189,2540.1000000000017 ms
189,2544.8500000000017 ms
189,2574.8500000000017 ms
189,2591.650000000002 ms
189,2594.8500000000017 ms
189,2630.0000000000023 ms
189,2632.2500000000014 ms
189,2640.200000000001 ms
189,2659.8000000000015 ms
189,2673.0000000000014 ms
189,2677.200000000001 ms
189,2686.0000000000014 ms
189,2690.650000000002 ms
189,2693.450000000002 ms
189,2693.950000000001 ms
189,2710.5500000000015 ms
189,2730.3500000000017 ms
189,2742.3000000000015 ms
189,2742.5000000000014 ms
189,2753.150000000002 ms
189,2755.400000000001 ms
189,2781.350000000001 ms
189,2789.7500000000014 ms
189,2796.650000000002 ms
189,2801.6000000000017 ms
189,2808.150000000002 ms
189,2814.450000000002 ms
189,2817.950000000001 ms
189,2818.200000000002 ms
189,2822.900000000002 ms
189,2833.700000000002 ms
189,2850.2500000000023 ms
189,2853.7500000000014 ms
189,2853.8500000000017 ms
189,2866.650000000002 ms
189,2875.450000000002 ms
189,2888.5500000000015 ms
189,2900.650000000002 ms
189,2910.450000000002 ms
189,2937.400000000002 ms
189,2940.8000000000025 ms
189,2948.6000000000026 ms
189,2959.0500000000025 ms
189,2978.150000000002 ms
189,2980.1000000000017 ms
189,2994.450000000001 ms
189,3021.7500000000014 ms
189,3026.700000000001 ms
189,3065.2500000000014 ms
189,3086.0500000000015 ms
189,3088.0000000000014 ms
189,3091.450000000001 ms
189,3099.0500000000015 ms
189,3121.400000000001 ms
189,3150.2500000000014 ms
189,3170.450000000001 ms
189,3186.0500000000006 ms
189,3188.5500000000015 ms
189,3199.0500000000006 ms
189,3232.5000000000005 ms
189,3235.0500000000006 ms
189,3262.7500000000005 ms
189,3275.8000000000006 ms
189,3285.150000000001 ms
189,3298.0000000000005 ms
189,3315.400000000001 ms
189,3315.650000000001 ms
189,3333.7500000000005 ms
189,3340.100000000001 ms
189,3349.7000000000003 ms
189,3357.950000000001 ms
189,3366.3000000000006 ms
189,3367.5000000000005 ms
189,3385.1 ms
189,3400.4500000000003 ms
189,3404.600000000001 ms
189,3406.0500000000006 ms
189,3435.15 ms
189,3461.7499999999995 ms
189,3470.85 ms
189,3474.7999999999997 ms
189,3476.4999999999995 ms
189,3549.4499999999994 ms
189,3579.399999999999 ms
189,3579.5499999999997 ms
189,3610.1 ms
189,3625.599999999999 ms
189,3625.7499999999995 ms
189,3629.7999999999997 ms
189,3633.2499999999995 ms
189,3639.15 ms
189,3653.2000000000003 ms
189,3673.5000000000005 ms
189,3692.7000000000003 ms
189,3741.7500000000005 ms
189,3753.4500000000003 ms
189,3770.0000000000005 ms
189,3778.4999999999995 ms
189,3784.0499999999997 ms
189,3789.9500000000003 ms
189,3794.15 ms
189,3825.9500000000003 ms
189,3838.7999999999997 ms
189,3861.1 ms
189,3870.7000000000003 ms
189,3872.350000000001 ms
189,3890.5500000000006 ms
189,3912.350000000001 ms
189,3922.6 ms
189,3941.350000000001 ms
189,3941.5000000000005 ms
189,3964.0000000000005 ms
189,3978.5500000000006 ms
189,3985.350000000001 ms
189,3995.4500000000003 ms
190,4.75 ms
190,5.300000000000001 ms
190,10.25 ms
190,58.2 ms
190,60.05 ms
190,60.2 ms
190,60.75 ms
190,86.19999999999999 ms
190,92.0 ms
190,113.35 ms
190,122.1 ms
190,126.25 ms
190,136.0 ms
190,191.0 ms
190,212.05 ms
190,223.8 ms
190,234.8 ms
190,237.35000000000002 ms
190,239.85000000000002 ms
190,246.55 ms
190,252.85000000000002 ms
190,254.55 ms
190,275.24999999999994 ms
190,291.3 ms
190,292.2 ms
190,292.50000000000006 ms
190,304.7 ms
190,309.84999999999997 ms
190,311.49999999999994 ms
190,313.3 ms
190,349.2 ms
190,362.34999999999997 ms
190,368.95 ms
190,393.74999999999994 ms
190,442.99999999999994 ms
190,446.59999999999997 ms
190,452.7999999999999 ms
190,453.55 ms
190,456.40000000000003 ms
190,457.34999999999997 ms
190,462.15000000000003 ms
190,471.6499999999999 ms
190,519.8 ms
190,528.0999999999999 ms
190,546.3 ms
190,552.3999999999999 ms
190,564.3 ms
190,579.5 ms
190,595.6500000000001 ms
190,602.3 ms
190,606.0999999999999 ms
190,613.1499999999999 ms
190,634.2499999999998 ms
190,640.5999999999999 ms
190,657.6499999999999 ms
190,663.55 ms
190,668.05 ms
190,698.05 ms
190,710.9999999999998 ms
190,714.45 ms
190,715.7 ms
190,724.9999999999998 ms
190,732.7499999999998 ms
190,734.2 ms
190,739.2 ms
190,743.2499999999998 ms
190,750.8 ms
190,759.05 ms
190,777.4499999999998 ms
190,799.3499999999999 ms
190,802.9499999999998 ms
190,827.4499999999998 ms
190,828.4499999999998 ms
190,829.8499999999999 ms
190,830.9499999999998 ms
190,886.2499999999998 ms
190,886.5999999999997 ms
190,904.5999999999997 ms
190,906.7499999999998 ms
190,907.3999999999999 ms
190,909.1499999999999 ms
190,921.2999999999997 ms
190,927.3499999999997 ms
190,935.7499999999998 ms
190,958.6499999999996 ms
190,989.6499999999996 ms
190,998.7999999999997 ms
190,999.2499999999995 ms
190,1011.4999999999995 ms
190,1021.1499999999996 ms
190,1024.3499999999997 ms
190,1026.1499999999994 ms
190,1029.6499999999999 ms
190,1033.3 ms
190,1038.5499999999995 ms
190,1041.55 ms
190,1044.0999999999997 ms
190,1045.55 ms
190,1069.3499999999997 ms
190,1074.5999999999997 ms
190,1078.8 ms
190,1084.7499999999998 ms
190,1088.2999999999995 ms
190,1144.05 ms
190,1144.45 ms
190,1153.55 ms
190,1171.1499999999999 ms
190,1173.3999999999994 ms
190,1202.8999999999999 ms
190,1223.8 ms
190,1233.5999999999997 ms
190,1257.3999999999994 ms
190,1277.4499999999996 ms
190,1288.6499999999999 ms
190,1296.05 ms
190,1326.4999999999998 ms
190,1356.1499999999999 ms
190,1365.7499999999998 ms
190,1374.45 ms
190,1376.3 ms
190,1384.3999999999999 ms
190,1387.8499999999997 ms
190,1405.1999999999996 ms
190,1419.6999999999996 ms
190,1441.3999999999999 ms
190,1478.4499999999996 ms
190,1486.1999999999996 ms
190,1488.4999999999993 ms
190,1497.2999999999995 ms
190,1500.4499999999996 ms
190,1507.6999999999996 ms
190,1514.0499999999995 ms
190,1519.2499999999998 ms
190,1556.7499999999993 ms
190,1569.5499999999995 ms
190,1570.8499999999992 ms
190,1572.9499999999991 ms
190,1575.549999999999 ms
190,1584.4499999999991 ms
190,1594.3999999999994 ms
190,1609.8999999999994 ms
190,1635.2999999999995 ms
190,1644.8999999999994 ms
190,1656.9999999999993 ms
190,1672.6999999999996 ms
190,1680.8499999999997 ms
190,1688.7499999999998 ms
190,1716.6499999999999 ms
190,1751.3 ms
190,1754.7 ms
190,1760.3999999999999 ms
190,1764.4999999999998 ms
190,1769.7999999999995 ms
190,1812.4999999999998 ms
190,1832.0999999999997 ms
190,1842.1999999999996 ms
190,1851.9499999999996 ms
190,1870.0499999999995 ms
190,1893.2499999999998 ms
190,1899.2499999999993 ms
190,1922.6999999999996 ms
190,1932.0499999999995 ms
190,1939.9999999999998 ms
190,1947.4499999999996 ms
190,1969.6999999999996 ms
190,1972.9999999999993 ms
190,1984.8499999999992 ms
190,1991.1999999999991 ms
190,1993.5999999999992 ms
190,1997.7999999999995 ms
190,2027.4499999999996 ms
190,2051.3999999999996 ms
190,2055.1499999999996 ms
190,2066.5999999999995 ms
190,2089.3499999999995 ms
190,2095.0499999999993 ms
190,2097.5499999999993 ms
190,2099.3999999999996 ms
190,2102.5999999999985 ms
190,2121.1499999999996 ms
190,2125.5499999999993 ms
190,2156.3499999999995 ms
190,2158.95 ms
190,2169.749999999999 ms
190,2171.749999999999 ms
190,2191.0999999999995 ms
190,2202.3499999999995 ms
190,2221.8999999999996 ms
190,2222.0999999999995 ms
190,2222.2 ms
190,2226.95 ms
190,2308.3999999999987 ms
190,2310.499999999999 ms
190,2325.749999999999 ms
190,2338.449999999999 ms
190,2339.5499999999993 ms
190,2351.949999999999 ms
190,2372.499999999999 ms
190,2373.0999999999995 ms
190,2396.249999999999 ms
190,2439.749999999999 ms
190,2468.6499999999987 ms
190,2486.999999999999 ms
190,2488.6499999999987 ms
190,2495.249999999999 ms
190,2497.949999999999 ms
190,2509.1499999999987 ms
190,2512.2999999999984 ms
190,2518.6499999999987 ms
190,2532.1499999999987 ms
190,2548.5999999999985 ms
190,2549.0999999999985 ms
190,2560.5999999999985 ms
190,2587.3999999999987 ms
190,2594.2999999999984 ms
190,2611.949999999999 ms
190,2629.7999999999993 ms
190,2638.5499999999993 ms
190,2643.5499999999993 ms
190,2649.3499999999985 ms
190,2654.449999999999 ms
190,2670.499999999999 ms
190,2670.5999999999995 ms
190,2694.2999999999984 ms
190,2706.2999999999984 ms
190,2709.249999999999 ms
190,2721.199999999998 ms
190,2746.6499999999987 ms
190,2746.8499999999976 ms
190,2747.949999999998 ms
190,2773.649999999998 ms
190,2775.0499999999975 ms
190,2781.0499999999975 ms
190,2806.8499999999985 ms
190,2825.0499999999975 ms
190,2833.649999999998 ms
190,2855.499999999998 ms
190,2858.249999999998 ms
190,2860.399999999998 ms
190,2891.7999999999975 ms
190,2904.0999999999985 ms
190,2910.749999999998 ms
190,2914.949999999998 ms
190,2915.649999999998 ms
190,2963.2999999999975 ms
190,2978.699999999998 ms
190,2996.199999999998 ms
190,3007.449999999998 ms
190,3028.499999999998 ms
190,3043.999999999998 ms
190,3046.149999999998 ms
190,3081.7999999999984 ms
190,3094.1499999999987 ms
190,3096.949999999998 ms
190,3115.3499999999985 ms
190,3153.1499999999987 ms
190,3157.949999999999 ms
190,3160.2999999999993 ms
190,3170.249999999998 ms
190,3217.3499999999985 ms
190,3221.3999999999987 ms
190,3223.1499999999987 ms
190,3238.199999999999 ms
190,3246.8499999999985 ms
190,3248.7999999999993 ms
190,3255.5499999999993 ms
190,3279.199999999999 ms
190,3296.1499999999987 ms
190,3320.6499999999987 ms
190,3328.249999999999 ms
190,3337.949999999998 ms
190,3339.5499999999984 ms
190,3347.999999999998 ms
190,3410.7999999999984 ms
190,3414.199999999998 ms
190,3430.3999999999987 ms
190,3433.7999999999984 ms
190,3446.2999999999984 ms
190,3446.3999999999987 ms
190,3447.5999999999976 ms
190,3455.699999999998 ms
190,3472.949999999998 ms
190,3477.449999999998 ms
190,3483.2999999999984 ms
190,3485.7999999999984 ms
190,3514.9999999999973 ms
190,3516.8499999999976 ms
190,3518.7499999999973 ms
190,3525.9999999999973 ms
190,3548.2999999999984 ms
190,3570.649999999998 ms
190,3595.149999999998 ms
190,3608.5999999999976 ms
190,3624.9999999999973 ms
190,3626.199999999998 ms
190,3634.949999999998 ms
190,3638.9999999999973 ms
190,3640.899999999998 ms
190,3643.3499999999976 ms
190,3661.7499999999973 ms
190,3667.449999999998 ms
190,3672.8499999999976 ms
190,3683.149999999998 ms
190,3694.249999999998 ms
190,3717.499999999998 ms
190,3721.699999999997 ms
190,3724.649999999998 ms
190,3724.7499999999973 ms
190,3758.0999999999976 ms
190,3786.2999999999965 ms
190,3795.9999999999973 ms
190,3809.5999999999967 ms
190,3811.5999999999967 ms
190,3831.949999999997 ms
190,3832.0499999999965 ms
190,3835.2499999999964 ms
190,3835.449999999996 ms
190,3870.599999999996 ms
190,3891.399999999997 ms
190,3901.5499999999965 ms
190,3917.5499999999965 ms
190,3922.3499999999967 ms
190,3943.7999999999965 ms
190,3945.449999999996 ms
190,3947.9999999999973 ms
190,3955.2499999999973 ms
190,3961.8499999999967 ms
190,3970.2499999999964 ms
190,3973.2499999999964 ms
190,3976.649999999997 ms
190,3996.899999999997 ms
191,10.4 ms
191,25.950000000000003 ms
191,37.2 ms
191,45.10000000000001 ms
191,48.14999999999999 ms
191,67.8 ms
191,73.8 ms
191,78.8 ms
191,81.34999999999998 ms
191,88.44999999999997 ms
191,92.7 ms
191,130.95 ms
191,136.2 ms
191,166.39999999999998 ms
191,215.7 ms
191,216.25 ms
191,222.10000000000002 ms
191,244.35000000000002 ms
191,270.05000000000007 ms
191,295.44999999999993 ms
191,298.65 ms
191,312.65 ms
191,360.9 ms
191,370.9 ms
191,376.1 ms
191,410.9 ms
191,413.65 ms
191,429.69999999999993 ms
191,434.05000000000007 ms
191,437.0 ms
191,447.79999999999995 ms
191,451.45000000000005 ms
191,463.20000000000005 ms
191,479.70000000000005 ms
191,480.20000000000005 ms
191,481.20000000000005 ms
191,510.45000000000005 ms
191,513.35 ms
191,526.6 ms
191,534.2000000000002 ms
191,541.3000000000001 ms
191,542.85 ms
191,556.4500000000002 ms
191,571.6 ms
191,609.3000000000001 ms
191,633.4000000000002 ms
191,634.0500000000001 ms
191,635.6 ms
191,650.7499999999999 ms
191,652.5499999999998 ms
191,669.9999999999999 ms
191,699.5499999999998 ms
191,707.9999999999999 ms
191,718.4499999999999 ms
191,720.4 ms
191,742.7500000000001 ms
191,751.65 ms
191,751.85 ms
191,790.65 ms
191,798.4499999999999 ms
191,802.9999999999999 ms
191,817.85 ms
191,823.6 ms
191,834.35 ms
191,841.9999999999999 ms
191,847.6 ms
191,856.4 ms
191,860.9499999999999 ms
191,862.2499999999999 ms
191,895.6 ms
191,895.7499999999999 ms
191,929.2499999999999 ms
191,955.7999999999998 ms
191,957.1999999999997 ms
191,980.1499999999997 ms
191,983.4 ms
191,988.6 ms
191,1001.9 ms
191,1016.5499999999998 ms
191,1018.8499999999998 ms
191,1046.9999999999995 ms
191,1067.65 ms
191,1071.5499999999997 ms
191,1078.0 ms
191,1078.3000000000002 ms
191,1095.75 ms
191,1123.9499999999998 ms
191,1126.3500000000004 ms
191,1127.6999999999998 ms
191,1134.15 ms
191,1170.35 ms
191,1171.5500000000002 ms
191,1195.8500000000004 ms
191,1204.1999999999998 ms
191,1232.75 ms
191,1241.8000000000002 ms
191,1249.0500000000002 ms
191,1257.3000000000002 ms
191,1258.4499999999998 ms
191,1309.75 ms
191,1319.5 ms
191,1332.1999999999998 ms
191,1360.5500000000002 ms
191,1370.35 ms
191,1372.6999999999998 ms
191,1385.1 ms
191,1392.4 ms
191,1412.2999999999997 ms
191,1431.9 ms
191,1440.1999999999998 ms
191,1456.9499999999998 ms
191,1503.8999999999996 ms
191,1504.5500000000002 ms
191,1507.3999999999996 ms
191,1518.1999999999998 ms
191,1545.7999999999997 ms
191,1557.1499999999996 ms
191,1563.7999999999997 ms
191,1568.7499999999995 ms
191,1604.0499999999997 ms
191,1637.5499999999997 ms
191,1657.6499999999996 ms
191,1673.8499999999995 ms
191,1675.3499999999995 ms
191,1713.6999999999998 ms
191,1715.3499999999995 ms
191,1729.0499999999997 ms
191,1733.2999999999997 ms
191,1735.8999999999996 ms
191,1763.0499999999997 ms
191,1764.6499999999996 ms
191,1786.1999999999998 ms
191,1807.7499999999995 ms
191,1810.9499999999994 ms
191,1840.6499999999996 ms
191,1869.8499999999995 ms
191,1881.25 ms
191,1889.0499999999997 ms
191,1914.7999999999997 ms
191,1933.9999999999995 ms
191,1944.1 ms
191,1948.6 ms
191,1956.7499999999995 ms
191,1966.0499999999997 ms
191,1966.2499999999995 ms
191,1974.4999999999995 ms
191,1985.9499999999998 ms
191,2011.5 ms
191,2014.7999999999997 ms
191,2021.6999999999998 ms
191,2025.9499999999998 ms
191,2027.1499999999996 ms
191,2033.6999999999998 ms
191,2046.2999999999997 ms
191,2046.3999999999996 ms
191,2055.7999999999993 ms
191,2107.6000000000004 ms
191,2117.25 ms
191,2125.5 ms
191,2137.45 ms
191,2140.8999999999996 ms
191,2148.1499999999996 ms
191,2154.5499999999993 ms
191,2167.75 ms
191,2169.5 ms
191,2186.75 ms
191,2187.2999999999993 ms
191,2201.7999999999993 ms
191,2207.1499999999996 ms
191,2234.0499999999993 ms
191,2242.8999999999996 ms
191,2250.8499999999995 ms
191,2279.7 ms
191,2285.1499999999987 ms
191,2293.0499999999993 ms
191,2321.499999999999 ms
191,2326.1499999999987 ms
191,2333.749999999999 ms
191,2342.7999999999993 ms
191,2346.3499999999995 ms
191,2348.3999999999996 ms
191,2360.2999999999993 ms
191,2364.3500000000004 ms
191,2377.2 ms
191,2390.3 ms
191,2399.05 ms
191,2408.499999999999 ms
191,2412.6499999999996 ms
191,2448.3499999999995 ms
191,2458.0499999999993 ms
191,2466.5999999999995 ms
191,2480.999999999999 ms
191,2522.5999999999995 ms
191,2525.249999999999 ms
191,2532.999999999999 ms
191,2543.3 ms
191,2543.45 ms
191,2545.8499999999995 ms
191,2580.25 ms
191,2590.0 ms
191,2599.1000000000004 ms
191,2620.0499999999993 ms
191,2635.1000000000004 ms
191,2648.5 ms
191,2650.7 ms
191,2676.6499999999996 ms
191,2697.0499999999993 ms
191,2697.2999999999993 ms
191,2720.5 ms
191,2741.0499999999993 ms
191,2741.45 ms
191,2747.3999999999996 ms
191,2769.3999999999996 ms
191,2777.5499999999993 ms
191,2817.75 ms
191,2818.25 ms
191,2818.949999999999 ms
191,2831.7999999999993 ms
191,2840.249999999999 ms
191,2847.5499999999993 ms
191,2853.3999999999996 ms
191,2879.3999999999996 ms
191,2881.2999999999993 ms
191,2889.499999999999 ms
191,2901.1499999999987 ms
191,2902.1499999999987 ms
191,2928.749999999999 ms
191,2954.199999999999 ms
191,2964.5499999999993 ms
191,2988.5499999999993 ms
191,2998.949999999999 ms
191,3031.6499999999987 ms
191,3034.0999999999985 ms
191,3066.499999999998 ms
191,3072.3499999999985 ms
191,3078.249999999998 ms
191,3095.699999999999 ms
191,3107.999999999998 ms
191,3113.5499999999993 ms
191,3121.3499999999985 ms
191,3148.699999999999 ms
191,3165.6499999999987 ms
191,3180.0999999999985 ms
191,3191.1499999999987 ms
191,3199.3499999999985 ms
191,3208.699999999999 ms
191,3218.999999999998 ms
191,3233.3999999999987 ms
191,3235.999999999999 ms
191,3240.1499999999987 ms
191,3247.199999999999 ms
191,3252.699999999999 ms
191,3260.7999999999993 ms
191,3280.199999999999 ms
191,3310.5999999999985 ms
191,3340.0999999999985 ms
191,3351.499999999999 ms
191,3367.7999999999993 ms
191,3377.2999999999993 ms
191,3406.8999999999996 ms
191,3410.749999999999 ms
191,3413.499999999999 ms
191,3422.3999999999987 ms
191,3430.8999999999987 ms
191,3431.7999999999993 ms
191,3441.5999999999995 ms
191,3442.5999999999995 ms
191,3452.2 ms
191,3456.7 ms
191,3462.3999999999987 ms
191,3465.499999999999 ms
191,3471.199999999999 ms
191,3512.199999999999 ms
191,3513.3499999999985 ms
191,3513.499999999999 ms
191,3516.0499999999993 ms
191,3516.949999999999 ms
191,3519.199999999999 ms
191,3525.0499999999993 ms
191,3527.749999999999 ms
191,3560.449999999999 ms
191,3561.3499999999985 ms
191,3574.3999999999996 ms
191,3601.499999999999 ms
191,3635.5499999999993 ms
191,3648.199999999999 ms
191,3655.699999999999 ms
191,3684.0999999999995 ms
191,3687.5499999999993 ms
191,3700.0999999999995 ms
191,3700.5999999999995 ms
191,3702.249999999999 ms
191,3719.8499999999995 ms
191,3738.3499999999995 ms
191,3738.7 ms
191,3743.999999999999 ms
191,3752.3999999999996 ms
191,3756.3999999999996 ms
191,3771.2999999999993 ms
191,3776.7 ms
191,3776.8999999999996 ms
191,3791.95 ms
191,3799.45 ms
191,3801.3499999999995 ms
191,3802.95 ms
191,3808.3499999999995 ms
191,3826.95 ms
191,3830.7 ms
191,3837.5 ms
191,3841.8999999999996 ms
191,3851.7000000000007 ms
191,3860.6499999999996 ms
191,3870.4500000000007 ms
191,3882.75 ms
191,3885.2000000000007 ms
191,3887.3 ms
191,3900.45 ms
191,3930.8 ms
191,3944.8 ms
191,3981.05 ms
191,3992.2 ms
192,1.05 ms
192,28.450000000000003 ms
192,37.95 ms
192,38.55 ms
192,42.85000000000001 ms
192,54.400000000000006 ms
192,56.80000000000001 ms
192,58.80000000000001 ms
192,63.400000000000006 ms
192,88.75 ms
192,91.25 ms
192,97.19999999999999 ms
192,99.30000000000001 ms
192,121.0 ms
192,132.65 ms
192,135.85 ms
192,140.04999999999998 ms
192,144.6 ms
192,153.44999999999996 ms
192,166.1 ms
192,168.15 ms
192,178.55000000000004 ms
192,196.79999999999998 ms
192,201.85 ms
192,215.95000000000002 ms
192,217.29999999999998 ms
192,223.99999999999997 ms
192,229.94999999999996 ms
192,235.14999999999995 ms
192,259.54999999999995 ms
192,311.25 ms
192,312.39999999999986 ms
192,319.89999999999986 ms
192,324.3499999999999 ms
192,329.39999999999986 ms
192,345.0 ms
192,375.5999999999999 ms
192,419.0999999999999 ms
192,450.29999999999995 ms
192,455.9 ms
192,471.35 ms
192,489.65 ms
192,493.0 ms
192,498.85 ms
192,510.9 ms
192,516.8000000000001 ms
192,517.2500000000001 ms
192,517.8000000000001 ms
192,527.1999999999999 ms
192,528.6 ms
192,541.4999999999999 ms
192,578.1999999999999 ms
192,594.3000000000001 ms
192,626.35 ms
192,630.9 ms
192,642.65 ms
192,650.1 ms
192,676.7000000000002 ms
192,705.6999999999999 ms
192,707.2499999999999 ms
192,716.0000000000001 ms
192,725.4999999999999 ms
192,737.35 ms
192,742.35 ms
192,770.9 ms
192,779.5499999999998 ms
192,783.8000000000001 ms
192,786.2500000000001 ms
192,786.85 ms
192,790.15 ms
192,797.15 ms
192,800.0499999999998 ms
192,828.3499999999998 ms
192,828.5499999999998 ms
192,841.3499999999998 ms
192,852.4499999999999 ms
192,857.4 ms
192,864.1 ms
192,887.4 ms
192,887.5499999999998 ms
192,910.8499999999998 ms
192,915.35 ms
192,919.7499999999999 ms
192,929.7999999999998 ms
192,967.3499999999998 ms
192,983.1499999999997 ms
192,991.8999999999997 ms
192,1028.0 ms
192,1052.2999999999997 ms
192,1075.4999999999995 ms
192,1091.1999999999998 ms
192,1093.85 ms
192,1104.6 ms
192,1140.85 ms
192,1142.9 ms
192,1150.4 ms
192,1187.2999999999997 ms
192,1190.5499999999997 ms
192,1226.15 ms
192,1259.0499999999997 ms
192,1279.25 ms
192,1279.9 ms
192,1286.85 ms
192,1300.65 ms
192,1311.4500000000003 ms
192,1334.7000000000003 ms
192,1343.15 ms
192,1346.9 ms
192,1379.3000000000002 ms
192,1381.15 ms
192,1425.25 ms
192,1434.3000000000002 ms
192,1442.25 ms
192,1442.4 ms
192,1447.35 ms
192,1451.0000000000005 ms
192,1453.5500000000002 ms
192,1482.7000000000003 ms
192,1484.3500000000004 ms
192,1486.6000000000004 ms
192,1490.8500000000004 ms
192,1540.1000000000004 ms
192,1547.7000000000003 ms
192,1549.7000000000003 ms
192,1607.4500000000003 ms
192,1616.9 ms
192,1630.0500000000006 ms
192,1633.7000000000003 ms
192,1640.1000000000008 ms
192,1647.9500000000003 ms
192,1649.6500000000005 ms
192,1651.5000000000005 ms
192,1660.4500000000003 ms
192,1674.8500000000008 ms
192,1675.9500000000003 ms
192,1678.1000000000008 ms
192,1692.3000000000006 ms
192,1695.0000000000005 ms
192,1714.150000000001 ms
192,1733.900000000001 ms
192,1737.4500000000007 ms
192,1755.7000000000007 ms
192,1768.5500000000006 ms
192,1783.1000000000008 ms
192,1790.4000000000005 ms
192,1806.2500000000005 ms
192,1809.7500000000005 ms
192,1825.2500000000005 ms
192,1827.4000000000005 ms
192,1836.7000000000007 ms
192,1847.1000000000004 ms
192,1847.7000000000007 ms
192,1855.2000000000007 ms
192,1869.6000000000004 ms
192,1902.000000000001 ms
192,1902.250000000001 ms
192,1930.3000000000006 ms
192,1933.3000000000006 ms
192,1951.4500000000007 ms
192,1952.4500000000007 ms
192,1954.2000000000007 ms
192,1955.8000000000006 ms
192,1960.8000000000006 ms
192,1978.6500000000005 ms
192,1988.2000000000007 ms
192,1989.1500000000005 ms
192,1991.2500000000005 ms
192,1993.5000000000005 ms
192,2011.1500000000005 ms
192,2026.8000000000006 ms
192,2027.3000000000006 ms
192,2051.7500000000005 ms
192,2058.9500000000003 ms
192,2093.0499999999997 ms
192,2099.2000000000003 ms
192,2102.65 ms
192,2117.7000000000003 ms
192,2119.2999999999997 ms
192,2136.65 ms
192,2141.7499999999995 ms
192,2149.0499999999997 ms
192,2161.6 ms
192,2169.15 ms
192,2171.900000000001 ms
192,2191.15 ms
192,2193.7000000000003 ms
192,2211.700000000001 ms
192,2221.5500000000006 ms
192,2234.0500000000006 ms
192,2236.950000000001 ms
192,2264.0000000000014 ms
192,2272.900000000001 ms
192,2283.0500000000015 ms
192,2297.7500000000014 ms
192,2308.5500000000015 ms
192,2336.400000000001 ms
192,2361.400000000001 ms
192,2368.700000000001 ms
192,2370.6000000000017 ms
192,2374.0000000000014 ms
192,2404.150000000002 ms
192,2414.450000000002 ms
192,2426.1000000000017 ms
192,2451.2500000000023 ms
192,2452.8500000000017 ms
192,2472.150000000002 ms
192,2488.900000000002 ms
192,2499.950000000002 ms
192,2508.2500000000023 ms
192,2516.3000000000025 ms
192,2519.7500000000023 ms
192,2524.3500000000017 ms
192,2525.900000000002 ms
192,2532.1000000000017 ms
192,2553.150000000002 ms
192,2556.5000000000023 ms
192,2568.200000000002 ms
192,2568.7500000000023 ms
192,2578.400000000003 ms
192,2588.8500000000026 ms
192,2593.1000000000017 ms
192,2625.450000000002 ms
192,2642.700000000002 ms
192,2645.7500000000023 ms
192,2649.7500000000023 ms
192,2651.900000000003 ms
192,2659.8500000000026 ms
192,2708.1000000000017 ms
192,2742.900000000002 ms
192,2753.150000000003 ms
192,2758.0000000000023 ms
192,2763.2500000000023 ms
192,2779.450000000002 ms
192,2786.3000000000015 ms
192,2792.3000000000025 ms
192,2802.8500000000026 ms
192,2804.950000000002 ms
192,2821.0500000000015 ms
192,2833.150000000002 ms
192,2845.700000000002 ms
192,2850.7500000000023 ms
192,2852.0500000000025 ms
192,2866.0000000000023 ms
192,2884.6000000000017 ms
192,2913.950000000002 ms
192,2914.8500000000026 ms
192,2925.400000000003 ms
192,2928.950000000003 ms
192,2942.3000000000025 ms
192,2951.2500000000023 ms
192,2956.5500000000025 ms
192,2958.450000000003 ms
192,2964.250000000003 ms
192,2979.0000000000023 ms
192,3002.200000000002 ms
192,3004.2500000000023 ms
192,3032.950000000002 ms
192,3036.200000000003 ms
192,3042.250000000003 ms
192,3051.650000000003 ms
192,3067.3000000000034 ms
192,3068.0500000000025 ms
192,3104.900000000003 ms
192,3109.150000000003 ms
192,3140.5500000000034 ms
192,3164.0500000000025 ms
192,3186.7500000000023 ms
192,3203.750000000003 ms
192,3218.2500000000023 ms
192,3218.450000000002 ms
192,3221.400000000002 ms
192,3221.5000000000023 ms
192,3231.200000000002 ms
192,3269.650000000002 ms
192,3307.7500000000014 ms
192,3335.8000000000015 ms
192,3339.0000000000014 ms
192,3372.700000000001 ms
192,3402.900000000001 ms
192,3418.200000000001 ms
192,3419.5500000000015 ms
192,3425.200000000002 ms
192,3453.700000000001 ms
192,3456.700000000002 ms
192,3481.5000000000023 ms
192,3488.5000000000014 ms
192,3492.3000000000015 ms
192,3498.5000000000014 ms
192,3515.950000000001 ms
192,3524.5500000000015 ms
192,3549.8500000000017 ms
192,3562.650000000002 ms
192,3569.1000000000017 ms
192,3576.0500000000015 ms
192,3579.0000000000014 ms
192,3588.3000000000015 ms
192,3600.8500000000017 ms
192,3621.400000000002 ms
192,3646.3500000000017 ms
192,3651.150000000002 ms
192,3651.5500000000025 ms
192,3655.3500000000026 ms
192,3698.7500000000023 ms
192,3705.5500000000025 ms
192,3715.8000000000025 ms
192,3716.3500000000026 ms
192,3719.950000000002 ms
192,3728.8000000000025 ms
192,3734.700000000003 ms
192,3740.400000000003 ms
192,3740.5500000000025 ms
192,3759.6000000000026 ms
192,3782.3000000000025 ms
192,3786.900000000002 ms
192,3795.0500000000025 ms
192,3797.0000000000023 ms
192,3802.5000000000023 ms
192,3805.900000000003 ms
192,3828.1000000000026 ms
192,3833.1000000000017 ms
192,3841.5000000000023 ms
192,3842.3500000000017 ms
192,3850.450000000002 ms
192,3853.0500000000015 ms
192,3863.950000000002 ms
192,3875.2500000000023 ms
192,3876.650000000003 ms
192,3880.450000000003 ms
192,3893.3000000000025 ms
192,3906.5500000000025 ms
192,3906.950000000003 ms
192,3920.400000000003 ms
192,3920.8000000000025 ms
192,3937.8500000000026 ms
192,3952.200000000002 ms
192,3955.2500000000023 ms
192,3958.000000000003 ms
192,3968.7500000000023 ms
192,3982.450000000002 ms
192,3993.450000000003 ms
193,3.35 ms
193,5.700000000000001 ms
193,12.299999999999999 ms
193,16.800000000000004 ms
193,19.300000000000004 ms
193,31.85 ms
193,36.15 ms
193,49.15 ms
193,49.29999999999999 ms
193,67.70000000000002 ms
193,71.9 ms
193,96.65 ms
193,97.35 ms
193,100.1 ms
193,101.00000000000003 ms
193,115.65 ms
193,116.60000000000002 ms
193,136.20000000000002 ms
193,144.60000000000005 ms
193,147.90000000000006 ms
193,175.95000000000007 ms
193,180.00000000000009 ms
193,185.60000000000005 ms
193,206.80000000000004 ms
193,215.70000000000007 ms
193,217.90000000000006 ms
193,219.95000000000007 ms
193,240.20000000000007 ms
193,254.1000000000001 ms
193,256.75 ms
193,260.25 ms
193,263.75 ms
193,271.6500000000001 ms
193,282.0 ms
193,282.70000000000005 ms
193,304.80000000000007 ms
193,312.45000000000005 ms
193,342.05000000000007 ms
193,350.05000000000007 ms
193,350.6500000000001 ms
193,394.05000000000007 ms
193,401.6 ms
193,441.45000000000016 ms
193,483.70000000000016 ms
193,503.2500000000001 ms
193,554.1000000000003 ms
193,567.3000000000003 ms
193,572.1000000000003 ms
193,578.2500000000001 ms
193,594.9500000000002 ms
193,597.0000000000001 ms
193,598.5000000000001 ms
193,618.8000000000001 ms
193,622.5500000000001 ms
193,626.6999999999999 ms
193,628.15 ms
193,633.3000000000001 ms
193,634.6999999999999 ms
193,650.5500000000001 ms
193,668.0500000000001 ms
193,682.1999999999999 ms
193,695.9 ms
193,713.6 ms
193,725.9500000000002 ms
193,731.35 ms
193,737.0000000000001 ms
193,745.3500000000003 ms
193,753.2000000000002 ms
193,768.7000000000002 ms
193,777.5000000000001 ms
193,784.7500000000001 ms
193,799.0500000000001 ms
193,810.8000000000001 ms
193,857.7500000000001 ms
193,858.8500000000003 ms
193,865.9000000000002 ms
193,878.5500000000001 ms
193,884.5000000000001 ms
193,909.9 ms
193,916.9499999999999 ms
193,924.85 ms
193,928.1 ms
193,935.2000000000002 ms
193,945.5500000000001 ms
193,980.4499999999999 ms
193,1005.5500000000001 ms
193,1007.7500000000001 ms
193,1012.0500000000001 ms
193,1031.0500000000002 ms
193,1042.5 ms
193,1049.5500000000002 ms
193,1054.8000000000002 ms
193,1058.5500000000002 ms
193,1070.8000000000002 ms
193,1073.65 ms
193,1089.15 ms
193,1090.9500000000003 ms
193,1122.4500000000003 ms
193,1131.15 ms
193,1172.4500000000003 ms
193,1206.7999999999997 ms
193,1212.65 ms
193,1234.1 ms
193,1241.9 ms
193,1243.85 ms
193,1251.2999999999997 ms
193,1252.1 ms
193,1259.15 ms
193,1271.9499999999998 ms
193,1274.25 ms
193,1285.5999999999995 ms
193,1297.5999999999995 ms
193,1298.6999999999998 ms
193,1305.4499999999998 ms
193,1320.4499999999998 ms
193,1334.7999999999993 ms
193,1334.9499999999998 ms
193,1338.5499999999993 ms
193,1338.8499999999995 ms
193,1354.6999999999994 ms
193,1363.0999999999995 ms
193,1386.8999999999996 ms
193,1392.4499999999994 ms
193,1401.8999999999992 ms
193,1405.4999999999995 ms
193,1410.4999999999995 ms
193,1417.3999999999992 ms
193,1452.3499999999995 ms
193,1503.4499999999994 ms
193,1506.4499999999994 ms
193,1508.3499999999995 ms
193,1509.6499999999996 ms
193,1521.7999999999993 ms
193,1523.7499999999995 ms
193,1530.5999999999995 ms
193,1532.0499999999993 ms
193,1535.0999999999995 ms
193,1543.4499999999994 ms
193,1546.2999999999993 ms
193,1551.6499999999992 ms
193,1552.249999999999 ms
193,1555.949999999999 ms
193,1578.449999999999 ms
193,1611.699999999999 ms
193,1617.1499999999992 ms
193,1621.0499999999993 ms
193,1633.3999999999992 ms
193,1650.599999999999 ms
193,1664.099999999999 ms
193,1721.599999999999 ms
193,1725.5499999999993 ms
193,1739.3999999999992 ms
193,1742.599999999999 ms
193,1743.849999999999 ms
193,1746.2499999999995 ms
193,1775.6499999999992 ms
193,1789.2499999999995 ms
193,1800.599999999999 ms
193,1808.9499999999994 ms
193,1830.3999999999992 ms
193,1845.1499999999992 ms
193,1876.3999999999992 ms
193,1891.1499999999992 ms
193,1892.249999999999 ms
193,1901.3999999999992 ms
193,1911.749999999999 ms
193,1927.949999999999 ms
193,1950.949999999999 ms
193,1955.949999999999 ms
193,1972.3499999999995 ms
193,1973.8999999999992 ms
193,1990.099999999999 ms
193,1994.4499999999994 ms
193,2014.2999999999988 ms
193,2022.1499999999992 ms
193,2033.7499999999986 ms
193,2041.2499999999986 ms
193,2073.4999999999995 ms
193,2074.649999999999 ms
193,2085.149999999999 ms
193,2096.2499999999986 ms
193,2110.899999999999 ms
193,2126.149999999999 ms
193,2129.649999999999 ms
193,2138.9999999999986 ms
193,2143.899999999999 ms
193,2188.2499999999986 ms
193,2217.799999999999 ms
193,2232.349999999999 ms
193,2235.149999999999 ms
193,2250.2999999999997 ms
193,2273.649999999999 ms
193,2292.2499999999995 ms
193,2297.2999999999997 ms
193,2321.1 ms
193,2329.1 ms
193,2362.35 ms
193,2383.2500000000005 ms
193,2392.85 ms
193,2434.7500000000005 ms
193,2435.7000000000003 ms
193,2465.2999999999997 ms
193,2469.2000000000003 ms
193,2472.2999999999997 ms
193,2475.85 ms
193,2477.0000000000005 ms
193,2488.9999999999995 ms
193,2528.15 ms
193,2547.2000000000003 ms
193,2548.15 ms
193,2561.0500000000006 ms
193,2603.4500000000003 ms
193,2613.0499999999997 ms
193,2622.85 ms
193,2653.4 ms
193,2677.400000000001 ms
193,2682.450000000001 ms
193,2684.650000000001 ms
193,2688.7500000000005 ms
193,2699.1 ms
193,2703.0000000000005 ms
193,2704.3000000000006 ms
193,2711.7500000000005 ms
193,2726.0500000000006 ms
193,2744.3000000000006 ms
193,2757.3000000000006 ms
193,2764.9 ms
193,2780.2000000000003 ms
193,2782.4 ms
193,2790.7500000000005 ms
193,2793.8000000000006 ms
193,2797.15 ms
193,2823.3000000000006 ms
193,2826.600000000001 ms
193,2829.650000000001 ms
193,2830.400000000001 ms
193,2847.0500000000015 ms
193,2868.1000000000017 ms
193,2869.3000000000015 ms
193,2893.700000000001 ms
193,2896.450000000001 ms
193,2905.8500000000017 ms
193,2946.200000000001 ms
193,2977.7500000000014 ms
193,2985.7500000000014 ms
193,2988.600000000001 ms
193,2992.900000000001 ms
193,3011.100000000001 ms
193,3047.2500000000014 ms
193,3047.450000000001 ms
193,3056.5000000000014 ms
193,3071.0000000000014 ms
193,3110.900000000002 ms
193,3119.200000000002 ms
193,3140.5000000000023 ms
193,3157.5500000000025 ms
193,3161.0000000000023 ms
193,3186.450000000002 ms
193,3226.650000000002 ms
193,3236.8500000000017 ms
193,3268.850000000001 ms
193,3271.400000000001 ms
193,3274.2500000000014 ms
193,3281.900000000002 ms
193,3284.5000000000014 ms
193,3290.700000000001 ms
193,3297.700000000001 ms
193,3314.0000000000014 ms
193,3327.450000000001 ms
193,3341.200000000001 ms
193,3342.450000000001 ms
193,3353.0500000000006 ms
193,3375.400000000001 ms
193,3385.5500000000015 ms
193,3393.2500000000014 ms
193,3393.400000000001 ms
193,3394.3000000000015 ms
193,3419.0000000000014 ms
193,3419.100000000001 ms
193,3423.5000000000014 ms
193,3437.200000000001 ms
193,3483.5500000000006 ms
193,3492.7500000000005 ms
193,3499.7500000000005 ms
193,3519.0500000000006 ms
193,3529.9 ms
193,3543.5500000000006 ms
193,3557.600000000001 ms
193,3559.600000000001 ms
193,3574.0500000000006 ms
193,3587.5000000000005 ms
193,3637.400000000001 ms
193,3668.450000000001 ms
193,3675.0500000000006 ms
193,3676.0500000000006 ms
193,3696.600000000001 ms
193,3698.600000000001 ms
193,3724.5500000000006 ms
193,3724.8000000000006 ms
193,3729.4 ms
193,3744.0500000000006 ms
193,3748.7500000000005 ms
193,3760.9500000000003 ms
193,3775.4 ms
193,3781.4999999999995 ms
193,3822.35 ms
193,3859.4 ms
193,3879.2000000000003 ms
193,3897.2000000000003 ms
193,3907.15 ms
193,3940.15 ms
193,3942.9999999999995 ms
193,3945.15 ms
193,3952.2000000000003 ms
193,3954.2500000000005 ms
193,3975.85 ms
193,3994.5499999999997 ms
193,3999.4 ms
194,0.7000000000000001 ms
194,6.050000000000001 ms
194,7.65 ms
194,21.1 ms
194,50.20000000000001 ms
194,65.5 ms
194,80.35 ms
194,106.85 ms
194,111.54999999999998 ms
194,111.79999999999998 ms
194,116.9 ms
194,117.1 ms
194,121.9 ms
194,134.95000000000002 ms
194,144.35 ms
194,146.1 ms
194,180.65 ms
194,188.9 ms
194,189.35 ms
194,199.6 ms
194,206.04999999999998 ms
194,213.35 ms
194,226.19999999999996 ms
194,235.45000000000002 ms
194,245.54999999999998 ms
194,253.39999999999995 ms
194,258.9 ms
194,269.9 ms
194,271.04999999999995 ms
194,282.5 ms
194,283.5999999999999 ms
194,323.5999999999999 ms
194,334.8499999999999 ms
194,353.0999999999999 ms
194,357.5 ms
194,364.39999999999986 ms
194,365.29999999999995 ms
194,376.04999999999995 ms
194,404.5999999999999 ms
194,408.69999999999993 ms
194,420.94999999999993 ms
194,433.4999999999999 ms
194,436.2499999999999 ms
194,438.29999999999995 ms
194,454.15 ms
194,464.69999999999993 ms
194,466.0 ms
194,468.04999999999995 ms
194,473.1 ms
194,474.9 ms
194,478.80000000000007 ms
194,480.35 ms
194,493.35 ms
194,506.0 ms
194,511.79999999999995 ms
194,513.95 ms
194,568.05 ms
194,576.6000000000001 ms
194,592.8999999999999 ms
194,607.45 ms
194,611.7499999999998 ms
194,622.9999999999998 ms
194,633.8999999999999 ms
194,641.5999999999999 ms
194,649.8499999999999 ms
194,659.9499999999998 ms
194,665.3 ms
194,686.8499999999999 ms
194,696.75 ms
194,700.5 ms
194,705.3499999999999 ms
194,727.5 ms
194,730.6999999999998 ms
194,731.4499999999998 ms
194,750.4000000000001 ms
194,762.05 ms
194,797.0999999999999 ms
194,805.5999999999999 ms
194,829.3499999999999 ms
194,831.25 ms
194,862.0 ms
194,878.25 ms
194,896.75 ms
194,916.3999999999999 ms
194,938.05 ms
194,943.7499999999998 ms
194,946.05 ms
194,949.3999999999999 ms
194,956.3 ms
194,973.1499999999999 ms
194,975.5999999999999 ms
194,979.6999999999998 ms
194,986.25 ms
194,991.4499999999998 ms
194,994.8499999999999 ms
194,999.25 ms
194,1007.3999999999999 ms
194,1008.4999999999998 ms
194,1018.7499999999998 ms
194,1023.8499999999999 ms
194,1027.35 ms
194,1031.25 ms
194,1075.0 ms
194,1084.65 ms
194,1099.5 ms
194,1102.4499999999998 ms
194,1106.4 ms
194,1112.4500000000003 ms
194,1114.65 ms
194,1114.85 ms
194,1123.4500000000003 ms
194,1133.5499999999997 ms
194,1147.5 ms
194,1152.85 ms
194,1158.5 ms
194,1182.9 ms
194,1185.15 ms
194,1209.4 ms
194,1224.7000000000003 ms
194,1244.75 ms
194,1266.5500000000002 ms
194,1276.1 ms
194,1285.6999999999998 ms
194,1289.9499999999998 ms
194,1345.6 ms
194,1354.9 ms
194,1379.2999999999997 ms
194,1394.9 ms
194,1420.2999999999997 ms
194,1437.9500000000003 ms
194,1439.2000000000003 ms
194,1441.1 ms
194,1444.0000000000005 ms
194,1449.8000000000002 ms
194,1460.4 ms
194,1472.4 ms
194,1494.4500000000003 ms
194,1497.85 ms
194,1509.7500000000005 ms
194,1537.8000000000002 ms
194,1570.1000000000004 ms
194,1571.15 ms
194,1587.4 ms
194,1589.5 ms
194,1590.6 ms
194,1603.15 ms
194,1627.4 ms
194,1633.7499999999995 ms
194,1635.4999999999995 ms
194,1644.7999999999997 ms
194,1651.1 ms
194,1660.3999999999996 ms
194,1715.0499999999997 ms
194,1715.5499999999997 ms
194,1720.6499999999996 ms
194,1722.2999999999997 ms
194,1726.7999999999997 ms
194,1734.1499999999996 ms
194,1738.4499999999998 ms
194,1748.5499999999993 ms
194,1759.3999999999996 ms
194,1772.499999999999 ms
194,1773.2999999999993 ms
194,1781.5999999999995 ms
194,1788.749999999999 ms
194,1807.249999999999 ms
194,1829.0999999999995 ms
194,1840.0999999999995 ms
194,1853.249999999999 ms
194,1861.999999999999 ms
194,1901.5499999999993 ms
194,1902.6999999999994 ms
194,1910.2499999999995 ms
194,1913.599999999999 ms
194,1917.7999999999993 ms
194,1943.0999999999995 ms
194,1952.1499999999992 ms
194,1952.9499999999994 ms
194,1961.2999999999988 ms
194,1961.4499999999994 ms
194,1969.9499999999994 ms
194,1978.1999999999994 ms
194,1979.9499999999994 ms
194,1988.4499999999994 ms
194,2001.849999999999 ms
194,2009.5499999999993 ms
194,2017.1499999999992 ms
194,2018.599999999999 ms
194,2041.849999999999 ms
194,2069.7499999999995 ms
194,2081.1999999999994 ms
194,2110.4499999999985 ms
194,2120.1499999999983 ms
194,2121.9499999999985 ms
194,2138.4999999999986 ms
194,2147.149999999999 ms
194,2151.2999999999997 ms
194,2151.6 ms
194,2174.9999999999995 ms
194,2178.0499999999997 ms
194,2189.399999999999 ms
194,2197.349999999999 ms
194,2223.399999999999 ms
194,2241.4499999999994 ms
194,2267.9500000000003 ms
194,2277.5000000000005 ms
194,2289.9 ms
194,2291.4 ms
194,2310.8000000000006 ms
194,2314.850000000001 ms
194,2318.35 ms
194,2331.7000000000003 ms
194,2339.4500000000003 ms
194,2352.2000000000003 ms
194,2358.850000000001 ms
194,2360.3000000000006 ms
194,2364.9 ms
194,2368.1 ms
194,2374.7999999999997 ms
194,2380.35 ms
194,2393.0000000000005 ms
194,2411.7000000000003 ms
194,2447.5000000000005 ms
194,2452.9 ms
194,2471.3000000000006 ms
194,2488.4500000000003 ms
194,2491.2000000000003 ms
194,2491.5499999999997 ms
194,2510.2000000000003 ms
194,2516.9 ms
194,2527.1 ms
194,2604.9 ms
194,2610.9 ms
194,2625.85 ms
194,2642.7999999999997 ms
194,2655.7999999999997 ms
194,2662.35 ms
194,2690.4 ms
194,2729.15 ms
194,2753.7000000000003 ms
194,2761.600000000001 ms
194,2779.8000000000006 ms
194,2783.7000000000003 ms
194,2786.5499999999997 ms
194,2808.7000000000003 ms
194,2816.5000000000005 ms
194,2819.7000000000003 ms
194,2821.9500000000003 ms
194,2847.350000000001 ms
194,2856.7000000000003 ms
194,2862.65 ms
194,2871.85 ms
194,2874.85 ms
194,2888.5000000000005 ms
194,2891.15 ms
194,2893.85 ms
194,2906.0000000000005 ms
194,2914.9 ms
194,2915.0500000000006 ms
194,2920.600000000001 ms
194,2921.9500000000003 ms
194,2925.65 ms
194,2935.5500000000006 ms
194,2938.4 ms
194,2940.6 ms
194,2943.85 ms
194,2951.85 ms
194,2991.4 ms
194,2997.7000000000003 ms
194,3017.4 ms
194,3039.1 ms
194,3065.4499999999994 ms
194,3070.2999999999997 ms
194,3071.9500000000003 ms
194,3082.85 ms
194,3103.4499999999994 ms
194,3119.2499999999995 ms
194,3119.7999999999997 ms
194,3165.4500000000003 ms
194,3171.65 ms
194,3186.65 ms
194,3192.5500000000006 ms
194,3195.4500000000003 ms
194,3210.15 ms
194,3231.2499999999995 ms
194,3280.4499999999994 ms
194,3284.399999999999 ms
194,3306.099999999999 ms
194,3314.549999999999 ms
194,3328.349999999999 ms
194,3363.899999999999 ms
194,3364.7499999999995 ms
194,3368.349999999999 ms
194,3373.9999999999995 ms
194,3388.599999999999 ms
194,3391.7499999999995 ms
194,3392.5499999999997 ms
194,3431.2999999999997 ms
194,3447.7499999999995 ms
194,3456.599999999999 ms
194,3500.899999999999 ms
194,3523.1999999999994 ms
194,3526.9500000000003 ms
194,3547.35 ms
194,3556.7500000000005 ms
194,3570.2000000000003 ms
194,3580.4 ms
194,3589.899999999999 ms
194,3595.7499999999995 ms
194,3598.9499999999994 ms
194,3602.1 ms
194,3628.5499999999997 ms
194,3643.1999999999994 ms
194,3665.549999999999 ms
194,3676.4999999999986 ms
194,3677.649999999999 ms
194,3681.349999999999 ms
194,3692.4999999999995 ms
194,3703.6999999999994 ms
194,3703.849999999999 ms
194,3713.4499999999985 ms
194,3774.7499999999986 ms
194,3805.4999999999995 ms
194,3837.349999999999 ms
194,3853.899999999999 ms
194,3864.5499999999997 ms
194,3865.4999999999995 ms
194,3865.9499999999994 ms
194,3885.399999999999 ms
194,3921.549999999999 ms
194,3928.849999999999 ms
194,3932.099999999999 ms
194,3954.849999999999 ms
194,3964.599999999999 ms
194,3992.9999999999995 ms
194,3995.4999999999986 ms
195,4.1000000000000005 ms
195,35.65 ms
195,37.50000000000001 ms
195,40.6 ms
195,80.15 ms
195,89.70000000000002 ms
195,90.35 ms
195,98.20000000000002 ms
195,103.6 ms
195,116.6 ms
195,125.75000000000003 ms
195,154.4 ms
195,174.05000000000004 ms
195,174.60000000000005 ms
195,177.30000000000004 ms
195,194.04999999999998 ms
195,201.99999999999997 ms
195,205.04999999999998 ms
195,230.55000000000004 ms
195,235.9 ms
195,245.65 ms
195,254.35 ms
195,261.29999999999995 ms
195,266.70000000000005 ms
195,270.79999999999995 ms
195,273.1500000000001 ms
195,274.1500000000001 ms
195,294.29999999999995 ms
195,302.20000000000005 ms
195,313.29999999999995 ms
195,313.79999999999995 ms
195,349.85 ms
195,352.05000000000007 ms
195,358.55000000000007 ms
195,390.94999999999993 ms
195,405.80000000000007 ms
195,417.44999999999993 ms
195,422.69999999999993 ms
195,427.19999999999993 ms
195,457.5 ms
195,471.45000000000005 ms
195,480.0 ms
195,499.20000000000005 ms
195,504.25 ms
195,515.0 ms
195,521.0999999999999 ms
195,521.8000000000002 ms
195,546.0999999999999 ms
195,555.8000000000002 ms
195,575.8000000000002 ms
195,609.5500000000002 ms
195,652.9000000000001 ms
195,686.1000000000001 ms
195,691.0500000000002 ms
195,692.3000000000002 ms
195,698.4000000000001 ms
195,705.7500000000002 ms
195,721.0000000000002 ms
195,723.6000000000001 ms
195,748.5500000000004 ms
195,755.5000000000002 ms
195,800.8000000000004 ms
195,809.0500000000004 ms
195,817.9500000000003 ms
195,829.4000000000003 ms
195,832.3500000000004 ms
195,846.7500000000005 ms
195,871.4000000000003 ms
195,871.9000000000003 ms
195,893.5000000000002 ms
195,894.9000000000003 ms
195,901.5000000000002 ms
195,905.0000000000002 ms
195,915.8500000000004 ms
195,939.1000000000004 ms
195,954.5500000000004 ms
195,956.2500000000005 ms
195,979.2500000000005 ms
195,1005.4000000000005 ms
195,1005.5500000000004 ms
195,1020.8000000000004 ms
195,1023.7500000000005 ms
195,1026.8000000000006 ms
195,1046.2000000000003 ms
195,1046.8500000000008 ms
195,1058.7500000000005 ms
195,1062.3000000000006 ms
195,1069.7500000000005 ms
195,1072.5500000000006 ms
195,1074.9000000000005 ms
195,1082.7000000000007 ms
195,1093.9000000000005 ms
195,1109.8500000000004 ms
195,1117.1000000000004 ms
195,1118.250000000001 ms
195,1127.9500000000007 ms
195,1138.6000000000008 ms
195,1142.250000000001 ms
195,1150.7000000000007 ms
195,1163.550000000001 ms
195,1169.800000000001 ms
195,1181.750000000001 ms
195,1208.800000000001 ms
195,1214.800000000001 ms
195,1259.8500000000008 ms
195,1283.9500000000007 ms
195,1289.1000000000008 ms
195,1330.5500000000006 ms
195,1355.9500000000012 ms
195,1359.2000000000012 ms
195,1364.650000000001 ms
195,1377.9500000000012 ms
195,1386.400000000001 ms
195,1406.1000000000008 ms
195,1454.800000000001 ms
195,1455.550000000001 ms
195,1462.4500000000012 ms
195,1466.2000000000012 ms
195,1472.150000000001 ms
195,1472.4500000000012 ms
195,1474.050000000001 ms
195,1482.9500000000012 ms
195,1484.6000000000013 ms
195,1501.2000000000012 ms
195,1533.5000000000014 ms
195,1535.150000000001 ms
195,1538.400000000001 ms
195,1550.9500000000012 ms
195,1564.6000000000013 ms
195,1566.3500000000013 ms
195,1574.8500000000013 ms
195,1592.9000000000015 ms
195,1593.4000000000015 ms
195,1609.050000000001 ms
195,1615.2500000000014 ms
195,1618.7000000000012 ms
195,1632.2000000000012 ms
195,1638.8500000000017 ms
195,1642.7500000000014 ms
195,1646.4500000000016 ms
195,1659.1500000000015 ms
195,1686.800000000002 ms
195,1690.6000000000017 ms
195,1700.6000000000017 ms
195,1755.3500000000017 ms
195,1759.7500000000018 ms
195,1771.2000000000016 ms
195,1778.2500000000018 ms
195,1791.800000000002 ms
195,1804.5000000000018 ms
195,1817.900000000002 ms
195,1818.800000000002 ms
195,1838.400000000002 ms
195,1840.1000000000017 ms
195,1847.2500000000023 ms
195,1852.0000000000023 ms
195,1871.700000000002 ms
195,1884.450000000002 ms
195,1888.5000000000023 ms
195,1895.450000000002 ms
195,1945.900000000002 ms
195,1956.8000000000025 ms
195,1988.700000000002 ms
195,2086.850000000002 ms
195,2091.9500000000025 ms
195,2131.7000000000025 ms
195,2135.7000000000025 ms
195,2143.050000000002 ms
195,2153.800000000002 ms
195,2221.500000000002 ms
195,2225.850000000002 ms
195,2247.750000000002 ms
195,2259.100000000002 ms
195,2274.300000000001 ms
195,2305.550000000001 ms
195,2318.100000000002 ms
195,2328.600000000002 ms
195,2329.600000000002 ms
195,2345.4500000000016 ms
195,2377.9500000000016 ms
195,2378.4500000000016 ms
195,2387.550000000002 ms
195,2396.2000000000016 ms
195,2415.1000000000013 ms
195,2454.8500000000013 ms
195,2455.300000000002 ms
195,2457.9500000000016 ms
195,2463.1000000000013 ms
195,2491.8500000000013 ms
195,2493.9500000000016 ms
195,2517.050000000002 ms
195,2525.050000000002 ms
195,2527.4000000000015 ms
195,2565.8500000000013 ms
195,2574.2000000000016 ms
195,2584.9000000000005 ms
195,2599.1500000000005 ms
195,2612.1000000000013 ms
195,2614.6000000000013 ms
195,2627.4000000000005 ms
195,2638.6000000000013 ms
195,2643.6000000000013 ms
195,2650.1500000000005 ms
195,2651.250000000001 ms
195,2658.000000000001 ms
195,2663.3500000000013 ms
195,2667.6500000000005 ms
195,2684.4000000000005 ms
195,2685.9500000000016 ms
195,2702.1000000000013 ms
195,2722.3500000000013 ms
195,2737.4500000000016 ms
195,2744.1000000000013 ms
195,2751.250000000001 ms
195,2755.1500000000015 ms
195,2756.4500000000016 ms
195,2762.1500000000015 ms
195,2766.7000000000016 ms
195,2767.250000000002 ms
195,2790.000000000002 ms
195,2834.7000000000016 ms
195,2846.750000000002 ms
195,2852.4500000000016 ms
195,2857.550000000002 ms
195,2866.2000000000016 ms
195,2880.4500000000016 ms
195,2885.4000000000015 ms
195,2889.9500000000016 ms
195,2903.050000000002 ms
195,2932.750000000001 ms
195,2946.1000000000013 ms
195,2970.6500000000015 ms
195,2981.1500000000015 ms
195,3006.000000000002 ms
195,3013.9500000000007 ms
195,3023.7000000000007 ms
195,3024.7000000000007 ms
195,3026.000000000002 ms
195,3037.250000000002 ms
195,3056.1500000000015 ms
195,3057.9500000000016 ms
195,3072.6000000000013 ms
195,3074.500000000002 ms
195,3075.800000000002 ms
195,3077.7000000000016 ms
195,3081.1500000000024 ms
195,3097.1000000000013 ms
195,3103.1000000000013 ms
195,3111.3500000000013 ms
195,3117.050000000002 ms
195,3121.000000000001 ms
195,3137.550000000002 ms
195,3174.7000000000016 ms
195,3175.050000000002 ms
195,3198.3500000000013 ms
195,3216.4500000000016 ms
195,3217.250000000002 ms
195,3218.250000000002 ms
195,3225.050000000002 ms
195,3256.4500000000016 ms
195,3340.850000000002 ms
195,3342.6500000000024 ms
195,3355.2000000000025 ms
195,3358.800000000003 ms
195,3370.850000000002 ms
195,3373.850000000002 ms
195,3443.6500000000033 ms
195,3445.6500000000033 ms
195,3446.4500000000025 ms
195,3448.4500000000025 ms
195,3451.7000000000025 ms
195,3463.6500000000033 ms
195,3503.050000000003 ms
195,3508.0000000000027 ms
195,3531.9000000000024 ms
195,3537.2500000000027 ms
195,3563.600000000003 ms
195,3565.050000000002 ms
195,3565.4500000000025 ms
195,3581.850000000002 ms
195,3588.2500000000027 ms
195,3592.9000000000024 ms
195,3593.9000000000024 ms
195,3604.600000000003 ms
195,3606.300000000002 ms
195,3617.2500000000027 ms
195,3628.100000000002 ms
195,3648.2000000000025 ms
195,3652.4500000000025 ms
195,3665.850000000002 ms
195,3675.4000000000024 ms
195,3676.050000000002 ms
195,3677.9000000000024 ms
195,3681.050000000002 ms
195,3690.800000000002 ms
195,3692.350000000003 ms
195,3699.300000000002 ms
195,3713.800000000002 ms
195,3727.300000000002 ms
195,3741.6500000000024 ms
195,3744.9000000000024 ms
195,3776.100000000002 ms
195,3798.300000000002 ms
195,3799.550000000002 ms
195,3801.1500000000024 ms
195,3803.2000000000016 ms
195,3811.550000000002 ms
195,3824.000000000002 ms
195,3843.2000000000016 ms
195,3853.550000000002 ms
195,3860.2000000000016 ms
195,3878.550000000002 ms
195,3891.6500000000015 ms
195,3895.3500000000013 ms
195,3900.9500000000016 ms
195,3905.050000000001 ms
195,3905.3500000000013 ms
195,3913.300000000001 ms
195,3924.050000000001 ms
195,3924.250000000001 ms
195,3927.000000000001 ms
195,3941.1000000000013 ms
195,3952.250000000001 ms
195,3953.1000000000013 ms
195,3953.6000000000013 ms
195,3974.9500000000007 ms
195,3985.4000000000005 ms
196,8.15 ms
196,14.6 ms
196,23.5 ms
196,45.849999999999994 ms
196,60.95 ms
196,63.85000000000001 ms
196,81.2 ms
196,101.95 ms
196,122.65000000000002 ms
196,125.2 ms
196,144.8 ms
196,159.3 ms
196,172.75 ms
196,174.75 ms
196,176.5 ms
196,194.55 ms
196,220.90000000000003 ms
196,264.35 ms
196,270.1 ms
196,291.05000000000007 ms
196,295.65 ms
196,350.4 ms
196,386.35 ms
196,388.85 ms
196,407.75 ms
196,456.54999999999995 ms
196,457.75 ms
196,462.45000000000005 ms
196,486.20000000000005 ms
196,535.9 ms
196,547.4499999999999 ms
196,551.8000000000001 ms
196,554.65 ms
196,585.6999999999999 ms
196,597.6999999999999 ms
196,608.4999999999999 ms
196,609.6 ms
196,613.7499999999999 ms
196,620.1999999999999 ms
196,621.7499999999999 ms
196,622.1 ms
196,634.5500000000001 ms
196,671.7500000000001 ms
196,674.9500000000002 ms
196,679.4499999999999 ms
196,686.4 ms
196,687.2500000000001 ms
196,706.6000000000003 ms
196,717.4500000000002 ms
196,720.0000000000001 ms
196,721.1000000000003 ms
196,736.0500000000003 ms
196,771.2000000000002 ms
196,775.4500000000002 ms
196,775.9500000000002 ms
196,777.0000000000001 ms
196,791.2500000000001 ms
196,798.5000000000001 ms
196,819.8000000000001 ms
196,825.4499999999999 ms
196,829.65 ms
196,862.6500000000002 ms
196,922.4 ms
196,930.8000000000001 ms
196,934.0000000000001 ms
196,945.4500000000002 ms
196,949.2500000000001 ms
196,951.15 ms
196,970.4000000000002 ms
196,971.9500000000002 ms
196,995.9000000000002 ms
196,1019.4500000000002 ms
196,1027.75 ms
196,1033.15 ms
196,1061.75 ms
196,1071.85 ms
196,1093.4 ms
196,1097.35 ms
196,1111.75 ms
196,1112.4 ms
196,1130.2000000000003 ms
196,1130.6 ms
196,1138.85 ms
196,1161.85 ms
196,1162.85 ms
196,1177.9500000000003 ms
196,1193.4 ms
196,1212.5 ms
196,1240.5 ms
196,1248.4 ms
196,1249.6 ms
196,1256.9500000000003 ms
196,1257.9 ms
196,1291.65 ms
196,1342.0 ms
196,1363.5 ms
196,1379.9499999999998 ms
196,1398.25 ms
196,1414.1 ms
196,1478.0499999999997 ms
196,1484.5499999999997 ms
196,1484.7000000000003 ms
196,1485.9500000000003 ms
196,1487.4 ms
196,1499.9500000000003 ms
196,1503.25 ms
196,1529.4499999999998 ms
196,1543.3500000000004 ms
196,1561.4 ms
196,1568.6 ms
196,1597.6 ms
196,1604.4 ms
196,1604.6 ms
196,1607.35 ms
196,1680.9 ms
196,1683.8000000000002 ms
196,1686.1000000000004 ms
196,1686.65 ms
196,1691.0 ms
196,1694.4 ms
196,1702.4500000000003 ms
196,1714.9 ms
196,1736.5 ms
196,1741.5500000000002 ms
196,1744.5 ms
196,1757.9499999999998 ms
196,1777.9 ms
196,1801.35 ms
196,1842.4500000000003 ms
196,1850.4 ms
196,1856.65 ms
196,1863.65 ms
196,1868.1 ms
196,1907.0000000000005 ms
196,1915.65 ms
196,1918.5000000000005 ms
196,1919.9 ms
196,1922.1000000000004 ms
196,1949.9000000000005 ms
196,1979.1500000000005 ms
196,2002.7000000000003 ms
196,2004.65 ms
196,2015.4500000000003 ms
196,2022.0000000000005 ms
196,2052.0 ms
196,2053.8 ms
196,2088.1500000000005 ms
196,2097.0999999999995 ms
196,2174.3 ms
196,2174.95 ms
196,2175.55 ms
196,2177.7 ms
196,2193.0 ms
196,2202.05 ms
196,2210.4000000000005 ms
196,2217.3499999999995 ms
196,2224.7 ms
196,2236.8999999999996 ms
196,2246.2999999999993 ms
196,2247.5 ms
196,2249.25 ms
196,2267.3499999999995 ms
196,2280.3499999999995 ms
196,2293.1499999999996 ms
196,2309.8499999999995 ms
196,2321.7999999999993 ms
196,2322.449999999999 ms
196,2335.949999999999 ms
196,2354.449999999999 ms
196,2361.0499999999993 ms
196,2397.5499999999993 ms
196,2415.5499999999993 ms
196,2425.8499999999995 ms
196,2429.3999999999996 ms
196,2429.8499999999995 ms
196,2446.0499999999993 ms
196,2449.3999999999996 ms
196,2463.8499999999985 ms
196,2466.1499999999996 ms
196,2474.949999999999 ms
196,2496.0999999999995 ms
196,2529.0499999999993 ms
196,2542.249999999999 ms
196,2548.249999999999 ms
196,2549.3999999999987 ms
196,2560.2999999999993 ms
196,2567.699999999999 ms
196,2600.8499999999995 ms
196,2614.2999999999993 ms
196,2624.7999999999993 ms
196,2629.749999999999 ms
196,2631.199999999999 ms
196,2634.1499999999987 ms
196,2682.5499999999984 ms
196,2683.949999999999 ms
196,2720.0999999999985 ms
196,2741.3499999999985 ms
196,2744.8999999999996 ms
196,2765.0999999999985 ms
196,2777.0999999999985 ms
196,2778.0999999999985 ms
196,2792.999999999999 ms
196,2797.1499999999987 ms
196,2832.2 ms
196,2857.7999999999993 ms
196,2868.6499999999996 ms
196,2876.8499999999985 ms
196,2891.0999999999985 ms
196,2891.6499999999996 ms
196,2898.8999999999996 ms
196,2934.7999999999993 ms
196,2944.3999999999996 ms
196,2968.5499999999993 ms
196,2986.749999999999 ms
196,3014.199999999999 ms
196,3016.5999999999985 ms
196,3024.3999999999996 ms
196,3050.8999999999996 ms
196,3060.1499999999996 ms
196,3068.5499999999993 ms
196,3075.3499999999995 ms
196,3076.0499999999993 ms
196,3092.0999999999995 ms
196,3108.2999999999993 ms
196,3108.999999999999 ms
196,3128.2999999999993 ms
196,3128.749999999999 ms
196,3133.8999999999987 ms
196,3145.45 ms
196,3148.5999999999995 ms
196,3151.3999999999996 ms
196,3186.0 ms
196,3211.449999999999 ms
196,3217.8499999999995 ms
196,3223.2 ms
196,3229.8499999999995 ms
196,3238.1499999999996 ms
196,3238.3999999999996 ms
196,3267.7 ms
196,3292.8 ms
196,3301.8999999999996 ms
196,3355.7999999999993 ms
196,3367.75 ms
196,3369.3499999999995 ms
196,3385.5999999999995 ms
196,3395.0499999999993 ms
196,3399.249999999999 ms
196,3411.199999999999 ms
196,3414.6499999999987 ms
196,3416.7999999999984 ms
196,3429.199999999999 ms
196,3436.5499999999993 ms
196,3467.699999999999 ms
196,3479.3499999999985 ms
196,3492.7999999999993 ms
196,3494.2999999999993 ms
196,3496.249999999998 ms
196,3498.0499999999993 ms
196,3520.0999999999985 ms
196,3524.5499999999993 ms
196,3543.449999999999 ms
196,3563.0499999999993 ms
196,3564.949999999999 ms
196,3592.6499999999987 ms
196,3612.949999999999 ms
196,3626.699999999999 ms
196,3633.5999999999985 ms
196,3648.949999999999 ms
196,3649.3499999999985 ms
196,3653.1499999999996 ms
196,3668.949999999999 ms
196,3681.25 ms
196,3684.6499999999996 ms
196,3714.6499999999996 ms
196,3717.3499999999995 ms
196,3720.3999999999996 ms
196,3741.2999999999993 ms
196,3742.45 ms
196,3747.5999999999995 ms
196,3752.9000000000005 ms
196,3762.3 ms
196,3778.3 ms
196,3789.25 ms
196,3796.8999999999996 ms
196,3798.5 ms
196,3804.8500000000004 ms
196,3829.7999999999993 ms
196,3830.95 ms
196,3834.95 ms
196,3842.05 ms
196,3849.45 ms
196,3853.3999999999996 ms
196,3868.7999999999993 ms
196,3872.7999999999993 ms
196,3873.3999999999996 ms
196,3876.8999999999996 ms
196,3883.0999999999995 ms
196,3885.7999999999993 ms
196,3898.5499999999993 ms
196,3941.8999999999996 ms
196,3949.0499999999993 ms
196,3960.8499999999995 ms
196,3970.7 ms
196,3973.2999999999993 ms
196,3987.3999999999996 ms
196,3995.699999999999 ms
197,0.8500000000000001 ms
197,6.0 ms
197,41.1 ms
197,43.6 ms
197,56.15 ms
197,56.949999999999996 ms
197,74.10000000000002 ms
197,103.45000000000002 ms
197,125.15 ms
197,125.65 ms
197,161.40000000000006 ms
197,167.95000000000007 ms
197,201.05000000000004 ms
197,226.25000000000003 ms
197,245.00000000000009 ms
197,264.0 ms
197,268.0 ms
197,274.05000000000007 ms
197,275.9000000000001 ms
197,280.95000000000005 ms
197,287.45000000000005 ms
197,336.85000000000014 ms
197,340.0000000000001 ms
197,355.05000000000007 ms
197,376.2500000000001 ms
197,377.45000000000016 ms
197,384.05000000000007 ms
197,396.30000000000007 ms
197,405.85000000000014 ms
197,410.45000000000016 ms
197,446.0000000000001 ms
197,465.8000000000002 ms
197,472.4000000000002 ms
197,478.5500000000002 ms
197,492.5500000000002 ms
197,501.6500000000002 ms
197,508.1500000000002 ms
197,546.1500000000002 ms
197,550.7000000000002 ms
197,590.4500000000002 ms
197,597.35 ms
197,624.4500000000002 ms
197,625.6500000000002 ms
197,625.7500000000003 ms
197,631.9000000000002 ms
197,646.5000000000003 ms
197,656.3500000000003 ms
197,664.9500000000004 ms
197,665.4000000000004 ms
197,680.4500000000004 ms
197,695.9000000000004 ms
197,701.6500000000002 ms
197,725.4500000000002 ms
197,728.2000000000004 ms
197,737.9500000000002 ms
197,740.9500000000004 ms
197,746.5000000000003 ms
197,751.2000000000004 ms
197,752.4500000000002 ms
197,761.9500000000004 ms
197,769.0500000000003 ms
197,778.5500000000003 ms
197,780.6000000000003 ms
197,787.8500000000003 ms
197,799.5000000000001 ms
197,803.0000000000003 ms
197,819.2000000000004 ms
197,840.7500000000003 ms
197,846.2000000000004 ms
197,848.5500000000003 ms
197,854.8500000000003 ms
197,867.5000000000001 ms
197,873.7500000000003 ms
197,879.1000000000003 ms
197,896.8500000000003 ms
197,898.2500000000001 ms
197,908.9000000000002 ms
197,916.6000000000003 ms
197,919.7000000000004 ms
197,936.9500000000002 ms
197,941.8000000000003 ms
197,944.7000000000002 ms
197,978.2500000000001 ms
197,994.1500000000002 ms
197,1005.3000000000001 ms
197,1020.35 ms
197,1026.2500000000005 ms
197,1051.3000000000002 ms
197,1051.4 ms
197,1065.7000000000003 ms
197,1074.0499999999997 ms
197,1080.4 ms
197,1116.85 ms
197,1118.2999999999997 ms
197,1131.2000000000003 ms
197,1138.0499999999997 ms
197,1155.9 ms
197,1168.2999999999997 ms
197,1197.0499999999997 ms
197,1240.6 ms
197,1244.6 ms
197,1249.85 ms
197,1255.65 ms
197,1257.85 ms
197,1265.85 ms
197,1280.5499999999997 ms
197,1291.5499999999997 ms
197,1314.0 ms
197,1322.25 ms
197,1326.5500000000002 ms
197,1344.8000000000002 ms
197,1360.9499999999998 ms
197,1366.75 ms
197,1369.5500000000002 ms
197,1369.6499999999996 ms
197,1380.75 ms
197,1381.75 ms
197,1386.4499999999998 ms
197,1408.3999999999996 ms
197,1416.1 ms
197,1430.0499999999997 ms
197,1444.1 ms
197,1446.4499999999998 ms
197,1449.1499999999996 ms
197,1456.35 ms
197,1485.1999999999998 ms
197,1494.4499999999998 ms
197,1499.85 ms
197,1521.5499999999997 ms
197,1525.5499999999997 ms
197,1529.6 ms
197,1538.5499999999997 ms
197,1542.65 ms
197,1556.4 ms
197,1563.2499999999995 ms
197,1582.1 ms
197,1604.8999999999996 ms
197,1616.5499999999997 ms
197,1620.5499999999997 ms
197,1633.1499999999996 ms
197,1674.4999999999995 ms
197,1675.5999999999995 ms
197,1692.7499999999995 ms
197,1693.1999999999994 ms
197,1702.8999999999996 ms
197,1719.6499999999996 ms
197,1757.3999999999996 ms
197,1761.4999999999995 ms
197,1782.9499999999994 ms
197,1787.1999999999994 ms
197,1794.1499999999996 ms
197,1812.4499999999998 ms
197,1822.1499999999996 ms
197,1824.3499999999995 ms
197,1828.5499999999997 ms
197,1830.9499999999998 ms
197,1844.1 ms
197,1858.75 ms
197,1871.6999999999998 ms
197,1876.75 ms
197,1878.8000000000002 ms
197,1881.25 ms
197,1884.4 ms
197,1905.5500000000002 ms
197,1918.8000000000002 ms
197,1957.6000000000004 ms
197,1958.6999999999998 ms
197,1960.9 ms
197,1962.0500000000002 ms
197,1985.25 ms
197,1986.3000000000002 ms
197,2003.25 ms
197,2043.6000000000004 ms
197,2074.1000000000004 ms
197,2100.25 ms
197,2105.4500000000007 ms
197,2108.8 ms
197,2115.8 ms
197,2118.3 ms
197,2118.4000000000005 ms
197,2133.3 ms
197,2146.7 ms
197,2175.1000000000004 ms
197,2191.3500000000004 ms
197,2195.55 ms
197,2197.8 ms
197,2247.7 ms
197,2260.3500000000004 ms
197,2278.7000000000007 ms
197,2279.9500000000007 ms
197,2301.8999999999996 ms
197,2351.8999999999996 ms
197,2366.8500000000004 ms
197,2384.3500000000004 ms
197,2385.2 ms
197,2406.8499999999995 ms
197,2407.7 ms
197,2421.6499999999996 ms
197,2436.1499999999996 ms
197,2442.0999999999995 ms
197,2471.0999999999995 ms
197,2501.45 ms
197,2509.95 ms
197,2514.8499999999995 ms
197,2537.7999999999993 ms
197,2542.449999999999 ms
197,2553.5 ms
197,2571.2999999999993 ms
197,2580.5 ms
197,2597.699999999999 ms
197,2599.449999999999 ms
197,2601.699999999999 ms
197,2608.75 ms
197,2641.8999999999996 ms
197,2646.5499999999993 ms
197,2680.0 ms
197,2682.449999999999 ms
197,2688.5499999999993 ms
197,2697.0999999999995 ms
197,2701.2 ms
197,2725.95 ms
197,2741.249999999999 ms
197,2755.3499999999995 ms
197,2791.6499999999996 ms
197,2813.7999999999993 ms
197,2837.0 ms
197,2880.5499999999993 ms
197,2894.5499999999993 ms
197,2916.95 ms
197,2924.05 ms
197,2927.8999999999996 ms
197,2937.5999999999995 ms
197,2962.2 ms
197,2972.0999999999995 ms
197,2974.3999999999996 ms
197,2974.5 ms
197,3000.0499999999993 ms
197,3005.25 ms
197,3009.0999999999995 ms
197,3018.749999999999 ms
197,3021.1499999999996 ms
197,3028.7 ms
197,3050.8 ms
197,3056.0999999999995 ms
197,3060.4000000000005 ms
197,3064.05 ms
197,3081.25 ms
197,3098.1000000000004 ms
197,3110.8500000000004 ms
197,3114.0499999999993 ms
197,3124.3500000000004 ms
197,3160.3500000000004 ms
197,3175.0499999999993 ms
197,3175.8999999999996 ms
197,3181.8999999999996 ms
197,3195.5 ms
197,3198.3999999999996 ms
197,3211.2 ms
197,3213.3499999999995 ms
197,3225.3499999999995 ms
197,3254.5999999999995 ms
197,3274.8499999999995 ms
197,3284.8499999999995 ms
197,3286.75 ms
197,3287.3500000000004 ms
197,3302.95 ms
197,3317.8499999999995 ms
197,3347.2 ms
197,3348.55 ms
197,3349.5999999999995 ms
197,3364.05 ms
197,3368.95 ms
197,3375.2 ms
197,3377.8999999999996 ms
197,3385.7999999999993 ms
197,3403.8500000000004 ms
197,3411.45 ms
197,3417.5 ms
197,3418.95 ms
197,3420.8 ms
197,3439.2 ms
197,3464.45 ms
197,3478.1499999999996 ms
197,3516.75 ms
197,3531.5499999999993 ms
197,3543.5 ms
197,3560.6499999999996 ms
197,3566.5999999999995 ms
197,3577.999999999999 ms
197,3597.45 ms
197,3606.5999999999995 ms
197,3608.8499999999995 ms
197,3637.1499999999996 ms
197,3656.2999999999993 ms
197,3664.3500000000004 ms
197,3682.6000000000004 ms
197,3692.8500000000004 ms
197,3704.0499999999993 ms
197,3709.5499999999993 ms
197,3720.0 ms
197,3776.8499999999995 ms
197,3783.249999999999 ms
197,3784.499999999999 ms
197,3789.05 ms
197,3794.55 ms
197,3829.749999999999 ms
197,3868.95 ms
197,3878.999999999999 ms
197,3906.6499999999996 ms
197,3918.8999999999996 ms
197,3919.75 ms
197,3926.699999999999 ms
197,3968.1499999999996 ms
197,3978.5499999999993 ms
197,3978.8999999999996 ms
198,3.5500000000000003 ms
198,55.8 ms
198,56.14999999999999 ms
198,62.8 ms
198,75.55 ms
198,91.95 ms
198,92.65000000000002 ms
198,107.10000000000001 ms
198,118.35000000000001 ms
198,145.10000000000002 ms
198,156.3 ms
198,157.75 ms
198,166.60000000000002 ms
198,181.25 ms
198,241.39999999999998 ms
198,284.55000000000007 ms
198,292.94999999999993 ms
198,334.85 ms
198,357.20000000000005 ms
198,370.5 ms
198,371.70000000000005 ms
198,380.75 ms
198,400.80000000000007 ms
198,406.1500000000001 ms
198,442.95000000000005 ms
198,450.35000000000014 ms
198,473.30000000000007 ms
198,482.95000000000005 ms
198,488.75 ms
198,531.4000000000001 ms
198,542.8000000000002 ms
198,552.75 ms
198,564.75 ms
198,568.25 ms
198,588.8000000000002 ms
198,595.0999999999999 ms
198,606.0 ms
198,643.45 ms
198,679.55 ms
198,693.3500000000001 ms
198,701.0 ms
198,716.3 ms
198,741.3 ms
198,742.75 ms
198,777.0999999999999 ms
198,778.8499999999999 ms
198,781.3499999999999 ms
198,791.75 ms
198,793.7 ms
198,797.95 ms
198,811.8500000000001 ms
198,820.55 ms
198,856.6500000000001 ms
198,859.5500000000002 ms
198,873.5 ms
198,898.4500000000003 ms
198,900.75 ms
198,904.4000000000001 ms
198,907.5 ms
198,921.3500000000001 ms
198,938.8500000000001 ms
198,940.7 ms
198,941.7500000000002 ms
198,985.7 ms
198,999.8000000000002 ms
198,1005.0500000000002 ms
198,1028.6000000000001 ms
198,1057.3999999999999 ms
198,1061.7499999999998 ms
198,1066.5999999999997 ms
198,1075.3 ms
198,1097.3499999999997 ms
198,1101.9499999999996 ms
198,1108.3499999999997 ms
198,1116.3500000000001 ms
198,1121.0000000000002 ms
198,1123.95 ms
198,1129.1500000000003 ms
198,1156.2 ms
198,1156.4000000000003 ms
198,1156.6000000000001 ms
198,1171.2500000000002 ms
198,1180.7000000000005 ms
198,1187.2 ms
198,1213.1500000000003 ms
198,1217.4000000000003 ms
198,1226.2500000000002 ms
198,1227.4500000000005 ms
198,1233.4000000000003 ms
198,1238.3000000000004 ms
198,1241.2500000000007 ms
198,1284.6000000000006 ms
198,1293.8000000000004 ms
198,1313.4000000000003 ms
198,1318.45 ms
198,1319.7000000000005 ms
198,1342.3000000000004 ms
198,1363.1000000000001 ms
198,1376.5000000000002 ms
198,1385.4000000000003 ms
198,1390.2 ms
198,1401.55 ms
198,1414.1000000000001 ms
198,1426.3500000000001 ms
198,1428.3999999999999 ms
198,1431.1500000000003 ms
198,1435.1499999999999 ms
198,1435.6000000000001 ms
198,1438.7500000000002 ms
198,1461.1500000000003 ms
198,1470.4000000000003 ms
198,1487.5000000000002 ms
198,1492.7500000000002 ms
198,1495.4500000000005 ms
198,1499.0000000000002 ms
198,1515.5000000000002 ms
198,1532.7500000000002 ms
198,1552.1500000000003 ms
198,1565.0000000000002 ms
198,1573.6500000000003 ms
198,1596.8000000000004 ms
198,1598.0500000000004 ms
198,1599.5500000000004 ms
198,1604.7000000000005 ms
198,1618.6500000000008 ms
198,1644.5500000000009 ms
198,1645.0500000000004 ms
198,1647.8500000000006 ms
198,1694.8000000000009 ms
198,1696.1500000000008 ms
198,1698.9500000000005 ms
198,1701.3500000000006 ms
198,1722.5500000000009 ms
198,1737.200000000001 ms
198,1774.9500000000005 ms
198,1775.1000000000006 ms
198,1781.1500000000008 ms
198,1786.7500000000007 ms
198,1792.0000000000007 ms
198,1796.3500000000006 ms
198,1799.5500000000009 ms
198,1820.1000000000006 ms
198,1826.0000000000007 ms
198,1830.5500000000004 ms
198,1838.5500000000009 ms
198,1847.5000000000007 ms
198,1850.200000000001 ms
198,1868.600000000001 ms
198,1870.1500000000008 ms
198,1879.5500000000009 ms
198,1884.2500000000011 ms
198,1887.0500000000009 ms
198,1919.5000000000011 ms
198,1947.1500000000012 ms
198,1950.600000000001 ms
198,1951.850000000001 ms
198,1963.950000000001 ms
198,1972.7500000000007 ms
198,1985.5000000000011 ms
198,2013.5000000000007 ms
198,2057.750000000001 ms
198,2077.8500000000013 ms
198,2081.3 ms
198,2095.6500000000005 ms
198,2096.55 ms
198,2101.3 ms
198,2103.2000000000007 ms
198,2119.4000000000005 ms
198,2161.3500000000004 ms
198,2170.7000000000007 ms
198,2204.1499999999996 ms
198,2206.55 ms
198,2218.1000000000004 ms
198,2247.0 ms
198,2268.800000000001 ms
198,2278.6500000000005 ms
198,2294.55 ms
198,2307.4500000000007 ms
198,2307.9000000000005 ms
198,2333.55 ms
198,2339.1000000000013 ms
198,2344.9000000000005 ms
198,2353.500000000001 ms
198,2371.9500000000007 ms
198,2375.300000000001 ms
198,2397.4500000000007 ms
198,2399.000000000001 ms
198,2415.1000000000013 ms
198,2415.7000000000007 ms
198,2421.800000000001 ms
198,2424.4000000000005 ms
198,2426.3500000000004 ms
198,2426.4500000000007 ms
198,2432.75 ms
198,2442.2000000000007 ms
198,2445.6000000000004 ms
198,2447.0 ms
198,2453.9500000000007 ms
198,2500.6000000000004 ms
198,2547.55 ms
198,2556.95 ms
198,2563.3 ms
198,2567.5 ms
198,2576.8500000000004 ms
198,2580.1000000000004 ms
198,2582.6000000000004 ms
198,2608.5 ms
198,2670.05 ms
198,2688.55 ms
198,2705.8 ms
198,2718.9000000000005 ms
198,2719.5 ms
198,2734.6000000000004 ms
198,2743.95 ms
198,2752.3 ms
198,2754.249999999999 ms
198,2777.8999999999996 ms
198,2781.6499999999996 ms
198,2783.5 ms
198,2789.25 ms
198,2810.949999999999 ms
198,2830.8999999999996 ms
198,2831.449999999999 ms
198,2863.699999999999 ms
198,2864.3999999999996 ms
198,2890.7999999999993 ms
198,2918.0999999999995 ms
198,2920.0999999999995 ms
198,2925.5499999999993 ms
198,2944.3999999999996 ms
198,2960.949999999999 ms
198,2983.699999999999 ms
198,2989.0999999999995 ms
198,2989.749999999999 ms
198,2990.6499999999996 ms
198,3001.8999999999996 ms
198,3016.7 ms
198,3017.8499999999995 ms
198,3018.25 ms
198,3019.6000000000004 ms
198,3046.3999999999996 ms
198,3047.6499999999996 ms
198,3057.4500000000007 ms
198,3061.7000000000007 ms
198,3086.75 ms
198,3093.9500000000007 ms
198,3097.25 ms
198,3102.7000000000007 ms
198,3103.05 ms
198,3130.25 ms
198,3132.7 ms
198,3138.7 ms
198,3142.05 ms
198,3156.7 ms
198,3159.5999999999995 ms
198,3160.0 ms
198,3168.6499999999996 ms
198,3181.8500000000004 ms
198,3204.7 ms
198,3206.7 ms
198,3212.3999999999996 ms
198,3217.25 ms
198,3237.5999999999995 ms
198,3241.7 ms
198,3245.3999999999987 ms
198,3262.7999999999993 ms
198,3266.199999999999 ms
198,3271.0999999999995 ms
198,3282.95 ms
198,3296.5999999999995 ms
198,3297.3499999999995 ms
198,3300.5999999999995 ms
198,3321.0999999999995 ms
198,3329.999999999999 ms
198,3335.0999999999995 ms
198,3336.1499999999996 ms
198,3336.25 ms
198,3345.7999999999993 ms
198,3367.6000000000004 ms
198,3388.8500000000004 ms
198,3392.7999999999993 ms
198,3399.8500000000004 ms
198,3410.5 ms
198,3416.55 ms
198,3431.6500000000005 ms
198,3440.75 ms
198,3447.8999999999996 ms
198,3449.3999999999996 ms
198,3450.6499999999996 ms
198,3452.25 ms
198,3456.75 ms
198,3465.1000000000004 ms
198,3467.3500000000004 ms
198,3473.45 ms
198,3475.0999999999995 ms
198,3488.45 ms
198,3543.3499999999995 ms
198,3553.6500000000005 ms
198,3567.0999999999995 ms
198,3602.45 ms
198,3630.75 ms
198,3675.3999999999996 ms
198,3679.6000000000004 ms
198,3719.8500000000004 ms
198,3738.45 ms
198,3740.05 ms
198,3744.999999999999 ms
198,3756.749999999999 ms
198,3766.2 ms
198,3802.6499999999987 ms
198,3804.7999999999993 ms
198,3806.449999999999 ms
198,3827.5499999999993 ms
198,3840.999999999999 ms
198,3871.3499999999995 ms
198,3876.1499999999987 ms
198,3881.2999999999993 ms
198,3891.8499999999995 ms
198,3896.499999999999 ms
198,3898.249999999999 ms
198,3906.499999999999 ms
198,3924.0999999999995 ms
198,3927.95 ms
198,3933.2 ms
198,3957.8999999999987 ms
198,3971.7999999999993 ms
198,3987.449999999999 ms
198,3994.7999999999993 ms
199,2.75 ms
199,11.3 ms
199,19.35 ms
199,38.35 ms
199,84.6 ms
199,93.94999999999999 ms
199,95.64999999999998 ms
199,111.1 ms
199,115.5 ms
199,119.4 ms
199,120.1 ms
199,144.45000000000002 ms
199,147.00000000000003 ms
199,151.35 ms
199,156.15 ms
199,158.30000000000004 ms
199,175.70000000000007 ms
199,190.35000000000005 ms
199,192.25000000000009 ms
199,198.75000000000003 ms
199,201.35000000000005 ms
199,213.10000000000005 ms
199,222.45000000000002 ms
199,232.80000000000004 ms
199,238.25000000000003 ms
199,243.6 ms
199,260.70000000000005 ms
199,267.25 ms
199,270.60000000000014 ms
199,315.60000000000014 ms
199,328.30000000000007 ms
199,329.80000000000007 ms
199,332.35 ms
199,345.70000000000016 ms
199,359.9000000000001 ms
199,398.95000000000005 ms
199,400.85000000000014 ms
199,406.1500000000001 ms
199,408.0000000000001 ms
199,420.10000000000014 ms
199,424.20000000000016 ms
199,429.35000000000014 ms
199,430.5000000000001 ms
199,432.95000000000016 ms
199,439.0000000000001 ms
199,443.55000000000007 ms
199,466.4000000000002 ms
199,485.10000000000014 ms
199,486.85000000000014 ms
199,487.60000000000014 ms
199,488.20000000000016 ms
199,514.9500000000002 ms
199,530.1 ms
199,531.0500000000001 ms
199,539.3000000000003 ms
199,550.3500000000003 ms
199,551.4500000000002 ms
199,563.7500000000001 ms
199,584.3500000000003 ms
199,639.85 ms
199,642.4 ms
199,667.2500000000001 ms
199,680.2500000000001 ms
199,683.4500000000002 ms
199,685.0500000000003 ms
199,686.4000000000002 ms
199,688.5500000000001 ms
199,692.0000000000001 ms
199,697.2000000000002 ms
199,705.3000000000003 ms
199,719.2500000000003 ms
199,722.0000000000003 ms
199,730.9000000000002 ms
199,753.9000000000004 ms
199,771.4500000000004 ms
199,774.0000000000003 ms
199,792.9000000000002 ms
199,805.2000000000002 ms
199,814.9000000000002 ms
199,831.2000000000002 ms
199,838.35 ms
199,843.9500000000002 ms
199,846.9500000000002 ms
199,849.4500000000002 ms
199,882.3000000000003 ms
199,896.2000000000002 ms
199,906.4500000000002 ms
199,917.4000000000002 ms
199,919.2500000000003 ms
199,930.0000000000001 ms
199,941.9500000000002 ms
199,944.8000000000003 ms
199,949.9000000000004 ms
199,956.5500000000003 ms
199,974.3000000000003 ms
199,981.2500000000003 ms
199,1001.1500000000002 ms
199,1002.7000000000002 ms
199,1032.25 ms
199,1075.9000000000005 ms
199,1084.4000000000005 ms
199,1093.5500000000002 ms
199,1106.7500000000005 ms
199,1126.8000000000006 ms
199,1132.4500000000003 ms
199,1149.8500000000008 ms
199,1151.0500000000006 ms
199,1154.4500000000007 ms
199,1155.9000000000005 ms
199,1159.8500000000008 ms
199,1190.2000000000007 ms
199,1198.500000000001 ms
199,1203.7000000000007 ms
199,1231.4500000000007 ms
199,1242.9500000000007 ms
199,1243.3000000000006 ms
199,1262.0000000000005 ms
199,1265.3500000000008 ms
199,1265.4500000000003 ms
199,1267.2500000000005 ms
199,1270.1000000000004 ms
199,1277.8500000000004 ms
199,1277.9500000000003 ms
199,1280.65 ms
199,1297.9500000000003 ms
199,1355.0000000000005 ms
199,1365.65 ms
199,1381.0500000000006 ms
199,1401.7000000000003 ms
199,1418.5500000000006 ms
199,1436.15 ms
199,1443.8000000000006 ms
199,1464.8500000000004 ms
199,1475.7500000000005 ms
199,1505.9500000000003 ms
199,1514.9500000000003 ms
199,1516.5000000000005 ms
199,1526.7000000000003 ms
199,1528.8000000000006 ms
199,1533.9500000000003 ms
199,1575.2500000000005 ms
199,1594.6500000000005 ms
199,1629.1500000000005 ms
199,1630.5500000000006 ms
199,1631.3000000000006 ms
199,1639.3500000000008 ms
199,1641.0000000000005 ms
199,1643.900000000001 ms
199,1648.3000000000006 ms
199,1666.150000000001 ms
199,1678.150000000001 ms
199,1681.150000000001 ms
199,1690.1000000000008 ms
199,1719.7000000000007 ms
199,1734.8000000000006 ms
199,1757.2000000000007 ms
199,1765.8000000000006 ms
199,1767.9500000000007 ms
199,1768.6500000000005 ms
199,1774.800000000001 ms
199,1781.000000000001 ms
199,1806.250000000001 ms
199,1807.1000000000008 ms
199,1822.0500000000006 ms
199,1848.250000000001 ms
199,1865.9500000000007 ms
199,1868.550000000001 ms
199,1874.4000000000005 ms
199,1897.750000000001 ms
199,1898.2000000000007 ms
199,1898.750000000001 ms
199,1911.3500000000004 ms
199,1919.5500000000006 ms
199,1937.8000000000006 ms
199,1943.5500000000006 ms
199,1946.0000000000005 ms
199,1952.2000000000007 ms
199,1961.000000000001 ms
199,1976.5500000000006 ms
199,1986.6500000000005 ms
199,2002.7000000000007 ms
199,2012.5500000000002 ms
199,2038.1000000000004 ms
199,2052.7000000000003 ms
199,2094.2000000000003 ms
199,2099.4 ms
199,2103.15 ms
199,2117.9 ms
199,2119.2499999999995 ms
199,2124.65 ms
199,2130.4 ms
199,2137.4 ms
199,2153.7000000000003 ms
199,2159.15 ms
199,2170.35 ms
199,2177.5000000000005 ms
199,2180.9999999999995 ms
199,2193.35 ms
199,2200.15 ms
199,2219.6 ms
199,2231.2500000000005 ms
199,2235.7499999999995 ms
199,2254.4 ms
199,2256.8000000000006 ms
199,2261.2999999999997 ms
199,2269.3000000000006 ms
199,2296.350000000001 ms
199,2309.150000000001 ms
199,2311.2500000000005 ms
199,2311.4500000000003 ms
199,2343.9500000000003 ms
199,2347.4500000000003 ms
199,2354.4 ms
199,2363.9 ms
199,2407.8000000000006 ms
199,2427.4500000000003 ms
199,2468.850000000001 ms
199,2483.35 ms
199,2492.9 ms
199,2517.6 ms
199,2519.9 ms
199,2527.5500000000006 ms
199,2528.15 ms
199,2555.7000000000003 ms
199,2589.350000000001 ms
199,2589.5500000000006 ms
199,2600.5500000000006 ms
199,2631.2500000000005 ms
199,2639.6 ms
199,2662.7999999999997 ms
199,2663.15 ms
199,2681.0500000000006 ms
199,2690.2000000000003 ms
199,2697.5000000000005 ms
199,2716.85 ms
199,2728.100000000001 ms
199,2728.4500000000003 ms
199,2739.850000000001 ms
199,2773.5500000000006 ms
199,2793.0499999999997 ms
199,2801.4 ms
199,2806.0500000000006 ms
199,2809.0499999999997 ms
199,2820.4999999999995 ms
199,2822.6999999999994 ms
199,2825.7999999999997 ms
199,2840.149999999999 ms
199,2841.7499999999995 ms
199,2846.15 ms
199,2846.6 ms
199,2855.15 ms
199,2856.85 ms
199,2875.1999999999994 ms
199,2875.649999999999 ms
199,2909.6999999999994 ms
199,2955.6 ms
199,2966.349999999999 ms
199,2969.049999999999 ms
199,2977.7499999999986 ms
199,2981.7499999999995 ms
199,2994.1999999999994 ms
199,3007.849999999999 ms
199,3022.599999999999 ms
199,3043.099999999999 ms
199,3049.549999999999 ms
199,3069.2499999999986 ms
199,3069.899999999999 ms
199,3084.849999999999 ms
199,3084.9999999999986 ms
199,3087.7499999999986 ms
199,3095.4499999999985 ms
199,3102.3999999999983 ms
199,3107.7499999999977 ms
199,3128.099999999998 ms
199,3130.599999999998 ms
199,3133.849999999998 ms
199,3154.6499999999983 ms
199,3160.549999999999 ms
199,3162.2499999999986 ms
199,3212.4499999999985 ms
199,3219.3999999999983 ms
199,3219.9999999999977 ms
199,3221.2499999999977 ms
199,3224.4999999999977 ms
199,3235.6999999999975 ms
199,3246.799999999997 ms
199,3247.749999999997 ms
199,3267.6999999999966 ms
199,3291.9499999999975 ms
199,3296.8999999999974 ms
199,3305.349999999997 ms
199,3328.1999999999966 ms
199,3328.749999999997 ms
199,3335.049999999997 ms
199,3348.8999999999965 ms
199,3349.249999999997 ms
199,3358.249999999997 ms
199,3361.1499999999974 ms
199,3367.3999999999965 ms
199,3387.3499999999963 ms
199,3403.8999999999965 ms
199,3404.3499999999963 ms
199,3416.249999999997 ms
199,3434.749999999997 ms
199,3449.499999999997 ms
199,3474.6999999999966 ms
199,3493.049999999996 ms
199,3508.8999999999965 ms
199,3510.799999999997 ms
199,3520.349999999997 ms
199,3528.1999999999966 ms
199,3530.1999999999966 ms
199,3634.9499999999966 ms
199,3640.1999999999966 ms
199,3657.749999999997 ms
199,3671.499999999997 ms
199,3673.3499999999963 ms
199,3677.599999999997 ms
199,3679.499999999997 ms
199,3686.249999999997 ms
199,3687.499999999997 ms
199,3715.0999999999963 ms
199,3732.599999999997 ms
199,3768.4499999999966 ms
199,3775.549999999996 ms
199,3777.1499999999965 ms
199,3786.549999999997 ms
199,3787.1499999999965 ms
199,3788.299999999997 ms
199,3832.349999999997 ms
199,3833.799999999997 ms
199,3834.849999999997 ms
199,3836.8499999999963 ms
199,3846.9499999999966 ms
199,3854.999999999997 ms
199,3859.5999999999963 ms
199,3878.549999999996 ms
199,3884.1999999999966 ms
199,3924.6999999999966 ms
199,3937.599999999997 ms
199,3955.1999999999966 ms
199,3995.599999999997 ms
199,3998.4499999999966 ms
200,7.8500000000000005 ms
200,13.8 ms
200,30.999999999999996 ms
200,48.150000000000006 ms
200,59.95 ms
200,77.55 ms
200,85.45 ms
200,95.50000000000001 ms
200,98.70000000000003 ms
200,121.45 ms
200,135.25000000000006 ms
200,139.55 ms
200,142.70000000000005 ms
200,146.35000000000002 ms
200,151.95000000000005 ms
200,152.70000000000005 ms
200,152.80000000000007 ms
200,160.95000000000005 ms
200,177.90000000000003 ms
200,195.8 ms
200,196.20000000000005 ms
200,259.75000000000006 ms
200,260.3500000000001 ms
200,266.1000000000001 ms
200,287.55 ms
200,288.3500000000001 ms
200,325.7000000000001 ms
200,341.25000000000017 ms
200,344.90000000000015 ms
200,353.5500000000001 ms
200,362.40000000000015 ms
200,367.7000000000001 ms
200,372.3000000000001 ms
200,381.6000000000002 ms
200,384.00000000000017 ms
200,385.8000000000001 ms
200,408.3000000000001 ms
200,410.3500000000002 ms
200,436.15000000000015 ms
200,446.4500000000002 ms
200,450.9500000000001 ms
200,453.00000000000017 ms
200,454.2000000000001 ms
200,471.75000000000017 ms
200,484.65000000000015 ms
200,489.8500000000001 ms
200,501.3500000000002 ms
200,512.7500000000002 ms
200,513.7500000000002 ms
200,522.7500000000002 ms
200,528.2500000000002 ms
200,542.6000000000001 ms
200,544.6000000000001 ms
200,554.2 ms
200,558.3000000000002 ms
200,567.4500000000003 ms
200,605.8000000000002 ms
200,618.8500000000001 ms
200,626.2 ms
200,640.6000000000001 ms
200,660.1000000000001 ms
200,690.7500000000002 ms
200,692.55 ms
200,724.0000000000002 ms
200,746.5000000000002 ms
200,750.9000000000001 ms
200,785.8500000000001 ms
200,793.8000000000002 ms
200,798.4000000000001 ms
200,807.5500000000002 ms
200,818.4500000000003 ms
200,865.1500000000001 ms
200,886.0000000000002 ms
200,916.1000000000001 ms
200,931.4500000000003 ms
200,933.1500000000003 ms
200,939.6500000000003 ms
200,943.2500000000002 ms
200,948.7000000000005 ms
200,970.7000000000005 ms
200,974.9500000000005 ms
200,975.5000000000002 ms
200,990.5500000000004 ms
200,1001.7000000000003 ms
200,1006.1000000000004 ms
200,1008.1000000000004 ms
200,1039.5500000000002 ms
200,1058.1000000000004 ms
200,1069.75 ms
200,1077.6500000000005 ms
200,1099.75 ms
200,1101.1500000000005 ms
200,1102.9500000000003 ms
200,1117.9 ms
200,1127.7500000000005 ms
200,1140.35 ms
200,1149.5000000000005 ms
200,1160.2000000000003 ms
200,1162.7000000000003 ms
200,1197.3000000000002 ms
200,1200.8000000000002 ms
200,1202.65 ms
200,1221.2000000000003 ms
200,1298.0 ms
200,1308.3000000000002 ms
200,1308.8000000000002 ms
200,1331.1499999999996 ms
200,1339.25 ms
200,1348.8999999999996 ms
200,1349.3999999999996 ms
200,1367.3999999999996 ms
200,1413.85 ms
200,1423.2999999999997 ms
200,1426.5 ms
200,1435.15 ms
200,1458.35 ms
200,1492.8000000000002 ms
200,1497.9500000000003 ms
200,1502.9 ms
200,1503.3000000000006 ms
200,1511.15 ms
200,1511.7000000000003 ms
200,1519.4500000000003 ms
200,1525.15 ms
200,1533.0500000000006 ms
200,1556.7500000000005 ms
200,1571.6000000000004 ms
200,1582.9000000000005 ms
200,1588.3000000000002 ms
200,1601.1000000000004 ms
200,1630.7000000000003 ms
200,1634.9 ms
200,1646.7000000000003 ms
200,1716.5000000000005 ms
200,1719.4 ms
200,1727.4 ms
200,1735.7500000000005 ms
200,1739.1 ms
200,1746.0500000000002 ms
200,1783.8500000000004 ms
200,1791.25 ms
200,1813.25 ms
200,1832.8000000000002 ms
200,1838.5 ms
200,1858.2000000000003 ms
200,1867.9500000000003 ms
200,1927.5500000000002 ms
200,1942.8000000000002 ms
200,1952.75 ms
200,1960.1500000000005 ms
200,1968.1000000000004 ms
200,1968.7500000000005 ms
200,1970.2500000000005 ms
200,1978.4500000000003 ms
200,1992.7000000000003 ms
200,1999.9000000000005 ms
200,2005.1500000000005 ms
200,2018.9500000000007 ms
200,2045.1500000000005 ms
200,2053.8500000000004 ms
200,2096.3500000000004 ms
200,2098.05 ms
200,2148.05 ms
200,2155.1000000000004 ms
200,2158.3500000000004 ms
200,2160.8500000000004 ms
200,2177.9500000000007 ms
200,2186.7000000000007 ms
200,2190.6499999999996 ms
200,2190.8 ms
200,2194.4000000000005 ms
200,2248.4000000000005 ms
200,2275.5999999999995 ms
200,2308.8499999999995 ms
200,2310.55 ms
200,2321.8 ms
200,2330.5999999999995 ms
200,2340.0999999999995 ms
200,2346.8 ms
200,2349.1499999999996 ms
200,2350.2 ms
200,2352.7 ms
200,2360.25 ms
200,2361.5 ms
200,2456.8999999999996 ms
200,2465.05 ms
200,2468.9000000000005 ms
200,2473.5 ms
200,2509.7 ms
200,2511.5 ms
200,2511.8999999999996 ms
200,2520.0 ms
200,2538.8500000000004 ms
200,2541.95 ms
200,2549.8499999999995 ms
200,2554.7 ms
200,2555.5 ms
200,2562.8999999999996 ms
200,2570.75 ms
200,2576.8500000000004 ms
200,2592.8999999999996 ms
200,2601.1000000000004 ms
200,2610.25 ms
200,2637.2 ms
200,2650.6499999999996 ms
200,2664.8999999999996 ms
200,2673.25 ms
200,2701.7999999999993 ms
200,2711.6000000000004 ms
200,2728.25 ms
200,2736.1000000000004 ms
200,2771.0499999999993 ms
200,2779.7 ms
200,2821.55 ms
200,2829.5999999999995 ms
200,2843.5 ms
200,2854.7 ms
200,2857.55 ms
200,2880.8499999999995 ms
200,2881.75 ms
200,2895.7 ms
200,2898.3 ms
200,2912.249999999999 ms
200,2913.249999999999 ms
200,2914.2 ms
200,2931.249999999999 ms
200,2934.3999999999996 ms
200,2937.8999999999996 ms
200,2938.3499999999995 ms
200,2958.3999999999996 ms
200,2969.5499999999993 ms
200,2972.5499999999993 ms
200,2979.2 ms
200,2987.3 ms
200,2990.1499999999996 ms
200,2997.1499999999996 ms
200,3003.5499999999993 ms
200,3020.0 ms
200,3038.949999999999 ms
200,3048.449999999999 ms
200,3050.75 ms
200,3053.0 ms
200,3067.2999999999993 ms
200,3083.0499999999993 ms
200,3112.75 ms
200,3144.5999999999995 ms
200,3145.5999999999995 ms
200,3163.2999999999993 ms
200,3182.5499999999993 ms
200,3196.3499999999995 ms
200,3199.499999999999 ms
200,3205.6499999999996 ms
200,3207.95 ms
200,3210.1499999999996 ms
200,3211.8999999999996 ms
200,3236.5499999999993 ms
200,3240.0499999999993 ms
200,3251.3999999999996 ms
200,3253.3499999999995 ms
200,3283.0499999999993 ms
200,3297.8999999999996 ms
200,3320.3999999999996 ms
200,3363.5499999999993 ms
200,3372.199999999999 ms
200,3375.3499999999995 ms
200,3379.5999999999995 ms
200,3380.3999999999996 ms
200,3383.3999999999996 ms
200,3384.0999999999995 ms
200,3399.5499999999993 ms
200,3416.3999999999996 ms
200,3423.0499999999993 ms
200,3423.6499999999996 ms
200,3428.999999999999 ms
200,3429.8999999999987 ms
200,3446.8499999999995 ms
200,3454.499999999999 ms
200,3460.5499999999993 ms
200,3482.7999999999993 ms
200,3492.8499999999995 ms
200,3513.5499999999993 ms
200,3532.0499999999993 ms
200,3548.0999999999995 ms
200,3555.5499999999993 ms
200,3584.7999999999993 ms
200,3608.749999999999 ms
200,3656.6499999999987 ms
200,3666.0999999999995 ms
200,3667.199999999999 ms
200,3685.5499999999993 ms
200,3726.3499999999985 ms
200,3729.499999999999 ms
200,3730.8499999999995 ms
200,3775.3999999999987 ms
200,3777.499999999999 ms
200,3788.5499999999993 ms
200,3794.3999999999996 ms
200,3798.0499999999993 ms
200,3833.699999999999 ms
200,3850.5499999999993 ms
200,3862.1499999999996 ms
200,3872.5999999999985 ms
200,3874.449999999999 ms
200,3879.249999999999 ms
200,3886.3499999999995 ms
200,3888.199999999999 ms
200,3925.499999999999 ms
200,3931.5999999999995 ms
200,3932.699999999999 ms
200,3947.6499999999987 ms
200,3998.7999999999984 ms
201,11.15 ms
201,28.9 ms
201,40.699999999999996 ms
201,46.550000000000004 ms
201,47.90000000000001 ms
201,64.4 ms
201,80.20000000000002 ms
201,93.55000000000001 ms
201,116.65 ms
201,125.05000000000001 ms
201,125.45000000000002 ms
201,136.50000000000003 ms
201,140.65000000000006 ms
201,146.45000000000007 ms
201,153.05000000000004 ms
201,175.05000000000004 ms
201,179.35000000000005 ms
201,180.85000000000005 ms
201,230.95000000000002 ms
201,252.80000000000004 ms
201,264.1 ms
201,270.45000000000005 ms
201,278.80000000000007 ms
201,320.2500000000001 ms
201,338.65 ms
201,392.30000000000007 ms
201,402.05000000000007 ms
201,402.80000000000007 ms
201,409.30000000000007 ms
201,441.70000000000005 ms
201,517.0500000000001 ms
201,529.3000000000001 ms
201,549.5000000000001 ms
201,550.5000000000001 ms
201,556.3500000000003 ms
201,567.7000000000002 ms
201,571.1 ms
201,571.4 ms
201,622.5000000000001 ms
201,635.9500000000002 ms
201,641.0000000000001 ms
201,667.0500000000001 ms
201,689.6 ms
201,690.2000000000002 ms
201,710.6 ms
201,715.5500000000001 ms
201,720.1 ms
201,733.85 ms
201,742.15 ms
201,749.4 ms
201,751.85 ms
201,755.5500000000001 ms
201,774.1999999999999 ms
201,789.9 ms
201,793.1 ms
201,797.7500000000001 ms
201,800.8500000000003 ms
201,804.1500000000002 ms
201,835.9500000000002 ms
201,850.2500000000001 ms
201,858.0500000000001 ms
201,872.5499999999998 ms
201,882.0999999999998 ms
201,883.6999999999999 ms
201,904.1999999999999 ms
201,916.9499999999999 ms
201,944.5999999999998 ms
201,959.1999999999999 ms
201,976.15 ms
201,993.15 ms
201,1046.4 ms
201,1055.4500000000003 ms
201,1067.9 ms
201,1083.75 ms
201,1106.15 ms
201,1120.4500000000003 ms
201,1120.7999999999997 ms
201,1130.65 ms
201,1136.2999999999997 ms
201,1138.0499999999997 ms
201,1148.6 ms
201,1159.4499999999998 ms
201,1161.5 ms
201,1168.9499999999998 ms
201,1225.1 ms
201,1227.7999999999997 ms
201,1232.4500000000003 ms
201,1234.0 ms
201,1243.1 ms
201,1261.15 ms
201,1265.4 ms
201,1294.4999999999995 ms
201,1294.7499999999995 ms
201,1326.2999999999997 ms
201,1329.9999999999995 ms
201,1337.5499999999997 ms
201,1338.7999999999997 ms
201,1366.6999999999998 ms
201,1379.4499999999998 ms
201,1384.8999999999996 ms
201,1388.3000000000002 ms
201,1391.25 ms
201,1393.0 ms
201,1409.1999999999998 ms
201,1413.5500000000002 ms
201,1417.0500000000002 ms
201,1424.5 ms
201,1441.3000000000002 ms
201,1457.1499999999996 ms
201,1477.6999999999998 ms
201,1486.1499999999996 ms
201,1486.3999999999996 ms
201,1488.1999999999998 ms
201,1504.6499999999996 ms
201,1509.4499999999998 ms
201,1510.3999999999996 ms
201,1514.8999999999996 ms
201,1536.6 ms
201,1548.6 ms
201,1552.9499999999998 ms
201,1555.25 ms
201,1575.7999999999997 ms
201,1583.2999999999997 ms
201,1601.0499999999997 ms
201,1610.1499999999996 ms
201,1632.9999999999995 ms
201,1665.9499999999994 ms
201,1692.8999999999996 ms
201,1731.3499999999995 ms
201,1755.0999999999995 ms
201,1758.2999999999997 ms
201,1780.6999999999998 ms
201,1797.0 ms
201,1846.1499999999996 ms
201,1849.6499999999996 ms
201,1851.6499999999996 ms
201,1916.8000000000002 ms
201,1928.3000000000002 ms
201,1932.75 ms
201,1938.6 ms
201,1942.6 ms
201,1944.5 ms
201,1954.6999999999998 ms
201,1963.8500000000004 ms
201,1990.4499999999998 ms
201,1992.5 ms
201,2032.5500000000002 ms
201,2035.5500000000002 ms
201,2042.0500000000002 ms
201,2084.8499999999995 ms
201,2095.9000000000005 ms
201,2099.0999999999995 ms
201,2103.3 ms
201,2118.5999999999995 ms
201,2130.1500000000005 ms
201,2145.9000000000005 ms
201,2157.2 ms
201,2163.000000000001 ms
201,2208.1000000000004 ms
201,2237.3500000000004 ms
201,2258.7000000000007 ms
201,2261.3500000000004 ms
201,2262.3500000000004 ms
201,2270.55 ms
201,2272.8 ms
201,2278.95 ms
201,2312.6000000000004 ms
201,2313.6500000000005 ms
201,2324.500000000001 ms
201,2384.2 ms
201,2417.2 ms
201,2420.1000000000004 ms
201,2423.3500000000004 ms
201,2435.7000000000007 ms
201,2441.05 ms
201,2452.6000000000004 ms
201,2462.2000000000007 ms
201,2481.3 ms
201,2506.5 ms
201,2507.55 ms
201,2514.8500000000004 ms
201,2525.4500000000007 ms
201,2527.3999999999996 ms
201,2533.2000000000007 ms
201,2540.1499999999996 ms
201,2544.1499999999996 ms
201,2546.25 ms
201,2546.3500000000004 ms
201,2552.5 ms
201,2565.1000000000004 ms
201,2595.8500000000004 ms
201,2654.5499999999993 ms
201,2664.5 ms
201,2681.0 ms
201,2692.0499999999993 ms
201,2693.6499999999996 ms
201,2714.3999999999996 ms
201,2718.0999999999995 ms
201,2720.2999999999993 ms
201,2722.7999999999993 ms
201,2748.0499999999993 ms
201,2768.2999999999993 ms
201,2768.449999999999 ms
201,2777.8999999999996 ms
201,2780.3999999999996 ms
201,2794.8499999999985 ms
201,2813.199999999999 ms
201,2827.1499999999987 ms
201,2830.7999999999984 ms
201,2831.199999999999 ms
201,2831.3499999999985 ms
201,2836.8999999999996 ms
201,2837.449999999999 ms
201,2840.5 ms
201,2843.8499999999995 ms
201,2847.8499999999995 ms
201,2855.249999999999 ms
201,2896.249999999999 ms
201,2898.95 ms
201,2936.1499999999987 ms
201,2954.2999999999993 ms
201,2968.5999999999995 ms
201,2978.5999999999995 ms
201,2985.8999999999996 ms
201,2993.1499999999996 ms
201,2998.0499999999993 ms
201,2999.25 ms
201,3009.25 ms
201,3022.199999999999 ms
201,3065.5 ms
201,3070.75 ms
201,3090.5 ms
201,3097.3999999999996 ms
201,3118.7 ms
201,3125.3499999999995 ms
201,3126.2 ms
201,3131.5 ms
201,3158.8500000000004 ms
201,3172.3500000000004 ms
201,3173.8999999999996 ms
201,3183.3999999999996 ms
201,3187.55 ms
201,3188.9000000000005 ms
201,3193.2 ms
201,3196.750000000001 ms
201,3204.55 ms
201,3211.8500000000013 ms
201,3215.500000000001 ms
201,3231.000000000001 ms
201,3231.4500000000007 ms
201,3236.2000000000007 ms
201,3242.2000000000007 ms
201,3246.8500000000004 ms
201,3258.3500000000004 ms
201,3275.7000000000007 ms
201,3275.9500000000007 ms
201,3312.9000000000005 ms
201,3349.4000000000005 ms
201,3391.250000000001 ms
201,3422.2 ms
201,3427.45 ms
201,3433.9000000000005 ms
201,3442.0999999999995 ms
201,3449.75 ms
201,3460.3 ms
201,3467.7 ms
201,3474.6000000000004 ms
201,3498.8500000000004 ms
201,3499.0 ms
201,3515.6000000000004 ms
201,3536.9000000000005 ms
201,3541.4000000000005 ms
201,3546.05 ms
201,3565.750000000001 ms
201,3568.9000000000005 ms
201,3570.2000000000007 ms
201,3637.7000000000007 ms
201,3641.7000000000007 ms
201,3643.050000000001 ms
201,3655.4500000000007 ms
201,3667.500000000001 ms
201,3676.4500000000007 ms
201,3684.250000000001 ms
201,3691.050000000001 ms
201,3723.4500000000007 ms
201,3737.1000000000013 ms
201,3778.1000000000013 ms
201,3801.8500000000013 ms
201,3814.750000000001 ms
201,3820.2000000000016 ms
201,3823.800000000001 ms
201,3829.2000000000007 ms
201,3838.000000000002 ms
201,3844.750000000002 ms
201,3859.500000000002 ms
201,3861.1500000000015 ms
201,3862.3500000000013 ms
201,3863.800000000001 ms
201,3880.800000000001 ms
201,3899.800000000001 ms
201,3906.300000000001 ms
201,3912.4500000000007 ms
201,3916.7000000000007 ms
201,3945.550000000001 ms
201,3976.1000000000013 ms
201,3999.1000000000013 ms
202,21.55 ms
202,25.850000000000005 ms
202,29.05 ms
202,35.60000000000001 ms
202,36.55 ms
202,42.45 ms
202,46.60000000000001 ms
202,51.7 ms
202,54.55 ms
202,79.80000000000003 ms
202,81.35000000000001 ms
202,85.60000000000001 ms
202,90.75000000000001 ms
202,100.75000000000001 ms
202,101.40000000000002 ms
202,104.15000000000002 ms
202,111.65000000000002 ms
202,117.30000000000003 ms
202,136.05 ms
202,160.40000000000003 ms
202,183.40000000000003 ms
202,201.84999999999997 ms
202,207.2 ms
202,235.45 ms
202,239.64999999999998 ms
202,246.29999999999995 ms
202,250.7 ms
202,256.09999999999997 ms
202,278.84999999999997 ms
202,289.95 ms
202,290.3999999999999 ms
202,297.90000000000003 ms
202,298.95 ms
202,326.84999999999997 ms
202,327.74999999999994 ms
202,330.1999999999999 ms
202,338.99999999999994 ms
202,341.9499999999999 ms
202,346.59999999999985 ms
202,350.2999999999999 ms
202,355.99999999999983 ms
202,369.24999999999994 ms
202,412.5499999999999 ms
202,419.0499999999999 ms
202,443.5499999999999 ms
202,467.3999999999999 ms
202,478.95 ms
202,491.1499999999999 ms
202,541.2 ms
202,556.3499999999999 ms
202,558.3 ms
202,566.05 ms
202,567.05 ms
202,574.6499999999999 ms
202,575.55 ms
202,600.2 ms
202,607.7 ms
202,619.4999999999998 ms
202,622.9999999999998 ms
202,633.0999999999999 ms
202,645.5 ms
202,653.3499999999999 ms
202,656.6999999999998 ms
202,669.75 ms
202,703.8999999999999 ms
202,704.8 ms
202,714.55 ms
202,723.3 ms
202,727.4999999999998 ms
202,730.0999999999999 ms
202,742.25 ms
202,746.0999999999999 ms
202,753.6499999999999 ms
202,772.3999999999999 ms
202,813.3999999999999 ms
202,815.1499999999999 ms
202,854.4999999999998 ms
202,879.2499999999998 ms
202,916.2 ms
202,923.3499999999999 ms
202,926.1999999999998 ms
202,931.3499999999999 ms
202,936.3999999999999 ms
202,939.6999999999998 ms
202,989.6499999999999 ms
202,1008.3999999999999 ms
202,1012.6999999999998 ms
202,1037.35 ms
202,1038.15 ms
202,1052.4 ms
202,1054.7499999999995 ms
202,1075.4 ms
202,1082.9 ms
202,1105.65 ms
202,1107.6999999999998 ms
202,1155.2999999999997 ms
202,1166.9499999999998 ms
202,1172.6499999999996 ms
202,1175.6 ms
202,1237.9 ms
202,1254.2499999999995 ms
202,1258.9999999999995 ms
202,1259.9499999999998 ms
202,1267.35 ms
202,1271.4 ms
202,1290.65 ms
202,1300.9499999999998 ms
202,1312.6499999999996 ms
202,1367.6999999999998 ms
202,1381.6999999999998 ms
202,1383.0499999999997 ms
202,1389.3999999999996 ms
202,1393.1499999999996 ms
202,1400.9999999999995 ms
202,1405.0999999999995 ms
202,1407.5499999999993 ms
202,1413.5999999999995 ms
202,1425.0499999999993 ms
202,1443.7999999999993 ms
202,1460.7999999999993 ms
202,1494.3999999999996 ms
202,1501.0499999999993 ms
202,1544.4999999999995 ms
202,1562.1999999999994 ms
202,1584.3999999999996 ms
202,1588.0499999999997 ms
202,1588.4999999999995 ms
202,1592.1 ms
202,1595.35 ms
202,1618.2999999999997 ms
202,1628.6 ms
202,1640.2499999999995 ms
202,1646.4 ms
202,1649.9999999999995 ms
202,1663.4499999999998 ms
202,1666.3999999999996 ms
202,1684.8000000000002 ms
202,1728.1999999999998 ms
202,1728.6999999999998 ms
202,1731.6000000000004 ms
202,1758.4499999999998 ms
202,1773.3500000000004 ms
202,1840.3500000000004 ms
202,1841.65 ms
202,1846.2000000000003 ms
202,1858.7000000000003 ms
202,1866.0499999999997 ms
202,1867.0 ms
202,1877.25 ms
202,1892.1 ms
202,1894.15 ms
202,1894.6999999999998 ms
202,1895.35 ms
202,1912.9499999999998 ms
202,1948.1499999999996 ms
202,1959.6999999999998 ms
202,1963.1499999999996 ms
202,1963.5500000000002 ms
202,1987.9499999999998 ms
202,1997.8000000000002 ms
202,2004.6999999999998 ms
202,2004.8000000000002 ms
202,2008.0500000000002 ms
202,2022.1 ms
202,2034.9499999999998 ms
202,2040.25 ms
202,2048.5499999999997 ms
202,2048.7499999999995 ms
202,2055.7499999999995 ms
202,2057.9499999999994 ms
202,2059.899999999999 ms
202,2065.2499999999986 ms
202,2065.6999999999985 ms
202,2070.299999999999 ms
202,2075.1499999999983 ms
202,2079.049999999999 ms
202,2080.599999999999 ms
202,2101.049999999999 ms
202,2118.3999999999983 ms
202,2143.049999999999 ms
202,2168.599999999999 ms
202,2174.849999999999 ms
202,2205.2499999999995 ms
202,2205.399999999999 ms
202,2213.849999999999 ms
202,2215.1999999999985 ms
202,2215.6999999999994 ms
202,2216.149999999999 ms
202,2232.3999999999983 ms
202,2236.099999999998 ms
202,2237.9999999999986 ms
202,2245.6999999999985 ms
202,2246.3999999999983 ms
202,2259.049999999999 ms
202,2271.299999999998 ms
202,2310.9999999999977 ms
202,2355.2499999999986 ms
202,2358.3999999999983 ms
202,2365.849999999998 ms
202,2392.7499999999986 ms
202,2401.3999999999983 ms
202,2427.9499999999985 ms
202,2429.2499999999986 ms
202,2431.549999999999 ms
202,2437.6499999999983 ms
202,2439.4999999999986 ms
202,2445.149999999999 ms
202,2460.1499999999983 ms
202,2464.7499999999986 ms
202,2504.9999999999986 ms
202,2506.4499999999985 ms
202,2513.3999999999983 ms
202,2535.1999999999985 ms
202,2557.849999999999 ms
202,2568.549999999999 ms
202,2573.9999999999986 ms
202,2602.599999999998 ms
202,2621.549999999998 ms
202,2623.7499999999977 ms
202,2627.099999999997 ms
202,2634.9499999999975 ms
202,2711.1999999999975 ms
202,2764.849999999998 ms
202,2767.6499999999983 ms
202,2775.849999999998 ms
202,2785.4999999999977 ms
202,2786.349999999997 ms
202,2795.2499999999977 ms
202,2796.6999999999975 ms
202,2802.299999999997 ms
202,2818.6999999999975 ms
202,2831.549999999997 ms
202,2835.099999999997 ms
202,2849.7499999999977 ms
202,2856.799999999998 ms
202,2869.1999999999985 ms
202,2870.049999999998 ms
202,2870.6999999999985 ms
202,2871.1499999999983 ms
202,2894.6999999999985 ms
202,2907.6499999999983 ms
202,2911.9499999999985 ms
202,2923.349999999998 ms
202,2941.8999999999983 ms
202,2948.3999999999983 ms
202,2951.9999999999977 ms
202,2979.349999999998 ms
202,2980.1499999999983 ms
202,2989.4999999999977 ms
202,2992.549999999998 ms
202,2996.049999999999 ms
202,3002.7499999999986 ms
202,3006.299999999999 ms
202,3011.099999999999 ms
202,3016.599999999998 ms
202,3016.799999999998 ms
202,3019.6999999999985 ms
202,3033.1999999999985 ms
202,3061.849999999999 ms
202,3071.599999999998 ms
202,3071.9999999999986 ms
202,3074.349999999998 ms
202,3086.849999999999 ms
202,3092.4499999999985 ms
202,3096.1499999999983 ms
202,3116.549999999999 ms
202,3117.849999999999 ms
202,3120.9999999999986 ms
202,3141.549999999999 ms
202,3153.3999999999983 ms
202,3160.7499999999986 ms
202,3162.9999999999986 ms
202,3165.099999999998 ms
202,3201.299999999998 ms
202,3220.3999999999983 ms
202,3220.6499999999983 ms
202,3232.4999999999977 ms
202,3246.8999999999983 ms
202,3285.9499999999985 ms
202,3305.9999999999986 ms
202,3317.599999999998 ms
202,3341.049999999998 ms
202,3361.9499999999985 ms
202,3368.799999999998 ms
202,3377.8999999999983 ms
202,3382.049999999999 ms
202,3390.799999999998 ms
202,3394.3999999999983 ms
202,3398.3999999999983 ms
202,3401.1999999999985 ms
202,3402.9999999999986 ms
202,3413.9999999999986 ms
202,3417.649999999999 ms
202,3421.8999999999983 ms
202,3425.4499999999985 ms
202,3428.1499999999983 ms
202,3431.399999999999 ms
202,3433.849999999999 ms
202,3440.9999999999986 ms
202,3443.6999999999985 ms
202,3491.9999999999986 ms
202,3501.1999999999985 ms
202,3501.3999999999983 ms
202,3507.2499999999977 ms
202,3509.549999999998 ms
202,3512.6499999999983 ms
202,3523.349999999998 ms
202,3530.1499999999983 ms
202,3537.049999999999 ms
202,3542.2499999999986 ms
202,3577.299999999999 ms
202,3590.099999999999 ms
202,3591.7499999999986 ms
202,3600.9499999999985 ms
202,3614.549999999998 ms
202,3615.1499999999983 ms
202,3638.599999999998 ms
202,3642.6499999999983 ms
202,3643.1499999999983 ms
202,3647.4999999999977 ms
202,3651.3999999999983 ms
202,3666.799999999999 ms
202,3667.349999999999 ms
202,3681.899999999999 ms
202,3690.599999999999 ms
202,3692.049999999999 ms
202,3693.4999999999986 ms
202,3696.049999999999 ms
202,3704.599999999999 ms
202,3713.9499999999985 ms
202,3740.4499999999985 ms
202,3755.7499999999986 ms
202,3757.399999999999 ms
202,3762.849999999999 ms
202,3766.399999999999 ms
202,3769.1999999999994 ms
202,3779.2499999999995 ms
202,3812.1999999999994 ms
202,3813.899999999999 ms
202,3846.3999999999983 ms
202,3860.7499999999986 ms
202,3860.849999999998 ms
202,3863.6999999999985 ms
202,3864.9499999999985 ms
202,3868.049999999998 ms
202,3876.349999999998 ms
202,3878.599999999999 ms
202,3886.549999999999 ms
202,3896.4999999999986 ms
202,3939.9499999999985 ms
202,3953.299999999998 ms
202,3971.8999999999974 ms
203,1.4000000000000001 ms
203,6.450000000000001 ms
203,44.35 ms
203,46.24999999999999 ms
203,58.199999999999996 ms
203,60.1 ms
203,66.15 ms
203,75.05000000000001 ms
203,75.30000000000001 ms
203,89.45000000000002 ms
203,93.05000000000001 ms
203,95.30000000000001 ms
203,113.15 ms
203,114.80000000000001 ms
203,117.95000000000002 ms
203,128.4 ms
203,130.80000000000004 ms
203,133.29999999999998 ms
203,133.85 ms
203,138.54999999999998 ms
203,151.80000000000004 ms
203,201.85000000000005 ms
203,202.05000000000004 ms
203,237.4 ms
203,239.35 ms
203,251.1 ms
203,257.6 ms
203,288.30000000000007 ms
203,314.80000000000007 ms
203,319.80000000000007 ms
203,338.55000000000007 ms
203,342.75 ms
203,350.65 ms
203,351.9 ms
203,370.94999999999993 ms
203,385.5 ms
203,386.4 ms
203,387.69999999999993 ms
203,388.05000000000007 ms
203,396.30000000000007 ms
203,411.25 ms
203,413.35 ms
203,417.30000000000007 ms
203,426.69999999999993 ms
203,433.44999999999993 ms
203,465.65 ms
203,481.0 ms
203,481.95000000000005 ms
203,488.0 ms
203,488.20000000000005 ms
203,492.8499999999999 ms
203,500.70000000000005 ms
203,507.54999999999995 ms
203,521.6499999999999 ms
203,524.7 ms
203,531.0999999999999 ms
203,535.3 ms
203,572.1499999999999 ms
203,575.3 ms
203,616.3 ms
203,630.3999999999999 ms
203,630.8999999999999 ms
203,631.1000000000001 ms
203,635.7 ms
203,641.25 ms
203,659.0 ms
203,660.8 ms
203,666.8 ms
203,681.8 ms
203,717.2 ms
203,734.4999999999998 ms
203,745.3 ms
203,768.8 ms
203,775.3999999999999 ms
203,777.6999999999998 ms
203,780.2499999999998 ms
203,798.7999999999997 ms
203,808.8499999999997 ms
203,823.9999999999998 ms
203,829.5999999999997 ms
203,834.1499999999996 ms
203,872.0499999999997 ms
203,884.8999999999996 ms
203,886.1499999999996 ms
203,923.0999999999997 ms
203,930.5999999999997 ms
203,946.1499999999996 ms
203,956.4999999999995 ms
203,963.7999999999997 ms
203,972.9999999999995 ms
203,984.4999999999995 ms
203,986.2999999999997 ms
203,986.7499999999995 ms
203,999.1999999999998 ms
203,1011.3499999999997 ms
203,1015.4999999999998 ms
203,1022.6999999999996 ms
203,1043.5999999999997 ms
203,1055.3 ms
203,1057.7499999999998 ms
203,1084.4999999999998 ms
203,1091.8999999999999 ms
203,1095.6999999999996 ms
203,1135.2999999999995 ms
203,1163.55 ms
203,1173.0499999999995 ms
203,1178.3499999999997 ms
203,1208.4999999999998 ms
203,1228.3499999999997 ms
203,1229.05 ms
203,1234.7499999999998 ms
203,1245.9999999999998 ms
203,1278.0499999999995 ms
203,1279.9499999999996 ms
203,1289.2999999999995 ms
203,1294.3499999999997 ms
203,1303.05 ms
203,1362.7 ms
203,1365.1000000000001 ms
203,1367.8999999999999 ms
203,1387.05 ms
203,1396.3499999999997 ms
203,1403.8 ms
203,1404.6499999999999 ms
203,1408.3500000000001 ms
203,1419.0000000000002 ms
203,1419.1000000000001 ms
203,1434.3 ms
203,1441.3999999999999 ms
203,1454.8 ms
203,1504.2 ms
203,1504.8 ms
203,1537.95 ms
203,1543.4000000000003 ms
203,1566.7 ms
203,1572.1000000000001 ms
203,1580.7 ms
203,1582.2 ms
203,1590.3500000000001 ms
203,1618.2 ms
203,1642.55 ms
203,1646.2 ms
203,1682.1000000000001 ms
203,1696.8999999999999 ms
203,1712.4999999999998 ms
203,1721.7 ms
203,1726.05 ms
203,1738.5999999999997 ms
203,1739.05 ms
203,1785.7 ms
203,1799.05 ms
203,1799.55 ms
203,1801.8 ms
203,1805.0999999999997 ms
203,1805.2499999999998 ms
203,1823.55 ms
203,1825.55 ms
203,1826.3999999999999 ms
203,1829.55 ms
203,1845.2500000000002 ms
203,1851.05 ms
203,1859.0000000000002 ms
203,1875.1500000000003 ms
203,1893.2500000000002 ms
203,1899.8500000000001 ms
203,1902.1499999999999 ms
203,1903.8500000000001 ms
203,1911.45 ms
203,1941.3500000000001 ms
203,1950.8999999999999 ms
203,1953.4999999999998 ms
203,2009.4999999999998 ms
203,2012.7499999999998 ms
203,2024.8499999999997 ms
203,2033.1999999999996 ms
203,2051.2999999999993 ms
203,2063.1000000000004 ms
203,2085.0 ms
203,2128.2 ms
203,2138.6499999999996 ms
203,2143.45 ms
203,2144.0999999999995 ms
203,2170.4000000000005 ms
203,2198.5 ms
203,2213.3500000000004 ms
203,2224.95 ms
203,2251.05 ms
203,2270.3499999999995 ms
203,2323.0999999999995 ms
203,2355.3 ms
203,2378.499999999999 ms
203,2382.0999999999995 ms
203,2402.7999999999993 ms
203,2411.8499999999995 ms
203,2413.1499999999996 ms
203,2435.5499999999993 ms
203,2471.95 ms
203,2479.5 ms
203,2492.05 ms
203,2519.75 ms
203,2539.3999999999996 ms
203,2551.9500000000007 ms
203,2568.2000000000007 ms
203,2584.05 ms
203,2592.1000000000004 ms
203,2594.6000000000004 ms
203,2605.05 ms
203,2605.9000000000005 ms
203,2642.5 ms
203,2660.5 ms
203,2684.95 ms
203,2687.05 ms
203,2708.45 ms
203,2710.0999999999995 ms
203,2712.25 ms
203,2714.3999999999996 ms
203,2724.6499999999996 ms
203,2738.3 ms
203,2743.3500000000004 ms
203,2768.1000000000004 ms
203,2789.25 ms
203,2804.2000000000007 ms
203,2804.8500000000004 ms
203,2806.6000000000004 ms
203,2827.6500000000005 ms
203,2833.3500000000004 ms
203,2859.2000000000007 ms
203,2879.7000000000007 ms
203,2881.9500000000007 ms
203,2890.5 ms
203,2910.1500000000005 ms
203,2917.500000000001 ms
203,2920.250000000001 ms
203,2937.1500000000005 ms
203,2969.9000000000005 ms
203,2975.8 ms
203,3036.3500000000013 ms
203,3039.55 ms
203,3049.1500000000005 ms
203,3051.500000000001 ms
203,3053.000000000001 ms
203,3061.45 ms
203,3070.6500000000005 ms
203,3103.2 ms
203,3108.95 ms
203,3112.8 ms
203,3126.5 ms
203,3131.7 ms
203,3143.8499999999995 ms
203,3173.05 ms
203,3174.7 ms
203,3186.0999999999995 ms
203,3207.2 ms
203,3218.8499999999995 ms
203,3230.2 ms
203,3245.3999999999996 ms
203,3251.7999999999993 ms
203,3268.0 ms
203,3278.75 ms
203,3284.949999999999 ms
203,3303.199999999999 ms
203,3308.25 ms
203,3320.5 ms
203,3321.0499999999993 ms
203,3345.0499999999993 ms
203,3349.75 ms
203,3358.1499999999996 ms
203,3386.5999999999995 ms
203,3388.1499999999996 ms
203,3403.8999999999996 ms
203,3406.7999999999993 ms
203,3421.0499999999993 ms
203,3423.5499999999993 ms
203,3428.2 ms
203,3450.1499999999996 ms
203,3471.2 ms
203,3478.0 ms
203,3481.05 ms
203,3483.25 ms
203,3516.2 ms
203,3554.3999999999996 ms
203,3567.5 ms
203,3567.5999999999995 ms
203,3568.7999999999993 ms
203,3568.8999999999996 ms
203,3574.0499999999993 ms
203,3575.449999999999 ms
203,3580.6499999999996 ms
203,3607.949999999999 ms
203,3615.5 ms
203,3633.6499999999996 ms
203,3657.0499999999993 ms
203,3661.6000000000004 ms
203,3667.3999999999996 ms
203,3669.55 ms
203,3676.75 ms
203,3679.95 ms
203,3741.8999999999996 ms
203,3746.0999999999995 ms
203,3750.7999999999993 ms
203,3754.699999999999 ms
203,3766.5 ms
203,3768.449999999999 ms
203,3790.5499999999993 ms
203,3810.749999999999 ms
203,3813.3499999999995 ms
203,3825.3999999999987 ms
203,3837.999999999999 ms
203,3865.949999999999 ms
203,3869.249999999999 ms
203,3876.7999999999993 ms
203,3911.8499999999995 ms
203,3921.7999999999993 ms
203,3925.0499999999993 ms
203,3925.8499999999995 ms
203,3945.2 ms
203,3982.6499999999987 ms
204,17.2 ms
204,23.3 ms
204,25.600000000000005 ms
204,51.05 ms
204,79.39999999999999 ms
204,88.35000000000001 ms
204,93.14999999999999 ms
204,94.49999999999999 ms
204,101.7 ms
204,120.8 ms
204,129.10000000000002 ms
204,169.25 ms
204,170.95000000000005 ms
204,173.5 ms
204,211.80000000000007 ms
204,243.15000000000003 ms
204,264.3 ms
204,275.95 ms
204,276.75000000000006 ms
204,309.24999999999994 ms
204,315.34999999999997 ms
204,320.24999999999994 ms
204,338.00000000000006 ms
204,359.55 ms
204,360.99999999999994 ms
204,376.75000000000006 ms
204,379.3500000000001 ms
204,384.55 ms
204,384.90000000000003 ms
204,394.59999999999997 ms
204,444.55 ms
204,446.24999999999994 ms
204,454.59999999999997 ms
204,455.45 ms
204,456.84999999999997 ms
204,477.3 ms
204,489.65000000000003 ms
204,503.7000000000001 ms
204,527.3000000000002 ms
204,582.3000000000002 ms
204,587.8499999999999 ms
204,593.95 ms
204,594.8 ms
204,597.7500000000002 ms
204,622.3 ms
204,635.8500000000001 ms
204,649.95 ms
204,668.1000000000001 ms
204,677.05 ms
204,694.9000000000001 ms
204,695.1000000000001 ms
204,707.5500000000002 ms
204,722.7000000000003 ms
204,747.1000000000001 ms
204,750.6000000000001 ms
204,766.5000000000002 ms
204,769.7500000000002 ms
204,780.05 ms
204,780.55 ms
204,782.8500000000001 ms
204,828.3500000000001 ms
204,835.5 ms
204,838.05 ms
204,841.8499999999999 ms
204,856.75 ms
204,857.0499999999997 ms
204,862.0999999999999 ms
204,865.0999999999999 ms
204,867.7999999999997 ms
204,883.1999999999998 ms
204,885.0999999999999 ms
204,902.5999999999999 ms
204,908.2999999999997 ms
204,933.0 ms
204,944.75 ms
204,970.7999999999997 ms
204,1019.6499999999999 ms
204,1023.8499999999999 ms
204,1024.05 ms
204,1032.7 ms
204,1033.4000000000003 ms
204,1041.0500000000004 ms
204,1042.8500000000001 ms
204,1051.95 ms
204,1058.6000000000001 ms
204,1060.3000000000004 ms
204,1075.1000000000001 ms
204,1084.3000000000004 ms
204,1088.55 ms
204,1126.1000000000001 ms
204,1146.8999999999999 ms
204,1148.6000000000001 ms
204,1172.5000000000002 ms
204,1184.8500000000001 ms
204,1227.8000000000004 ms
204,1229.4500000000005 ms
204,1231.0000000000002 ms
204,1238.05 ms
204,1241.6000000000001 ms
204,1266.8000000000004 ms
204,1270.05 ms
204,1272.6499999999999 ms
204,1273.8500000000001 ms
204,1306.0500000000004 ms
204,1331.1000000000001 ms
204,1332.2500000000002 ms
204,1358.9000000000003 ms
204,1364.7 ms
204,1365.0000000000002 ms
204,1371.2500000000002 ms
204,1380.7500000000002 ms
204,1391.9000000000003 ms
204,1394.0500000000004 ms
204,1405.6000000000001 ms
204,1412.7500000000002 ms
204,1432.8000000000004 ms
204,1442.3500000000001 ms
204,1443.3500000000006 ms
204,1445.5500000000004 ms
204,1455.4500000000005 ms
204,1459.4000000000008 ms
204,1502.2500000000007 ms
204,1508.6000000000006 ms
204,1513.2000000000005 ms
204,1524.0000000000002 ms
204,1531.8 ms
204,1544.0000000000002 ms
204,1552.55 ms
204,1558.7 ms
204,1568.9500000000005 ms
204,1569.2500000000002 ms
204,1588.4000000000003 ms
204,1597.7500000000002 ms
204,1615.4000000000003 ms
204,1630.1500000000003 ms
204,1642.95 ms
204,1658.2500000000002 ms
204,1670.2000000000005 ms
204,1672.6500000000003 ms
204,1682.2 ms
204,1692.05 ms
204,1698.7 ms
204,1726.1500000000003 ms
204,1728.8000000000004 ms
204,1735.1500000000003 ms
204,1749.2500000000002 ms
204,1851.0000000000002 ms
204,1872.2000000000005 ms
204,1874.5000000000002 ms
204,1888.0000000000002 ms
204,1902.3 ms
204,1936.7 ms
204,1937.1500000000003 ms
204,1944.0500000000004 ms
204,1945.9000000000003 ms
204,1964.2500000000002 ms
204,1978.6500000000003 ms
204,1987.1500000000003 ms
204,1997.95 ms
204,2002.8500000000001 ms
204,2012.6500000000003 ms
204,2013.7 ms
204,2030.1000000000001 ms
204,2039.8000000000004 ms
204,2050.4500000000007 ms
204,2053.55 ms
204,2056.0 ms
204,2068.05 ms
204,2094.5 ms
204,2096.95 ms
204,2103.25 ms
204,2113.45 ms
204,2117.95 ms
204,2122.0 ms
204,2124.45 ms
204,2143.1499999999996 ms
204,2145.0 ms
204,2180.3499999999995 ms
204,2190.1499999999996 ms
204,2197.8999999999996 ms
204,2211.2999999999993 ms
204,2220.1000000000004 ms
204,2246.45 ms
204,2280.8999999999996 ms
204,2287.2999999999993 ms
204,2317.45 ms
204,2370.75 ms
204,2389.55 ms
204,2435.95 ms
204,2445.8 ms
204,2453.1500000000005 ms
204,2459.0 ms
204,2459.8999999999996 ms
204,2460.1499999999996 ms
204,2467.25 ms
204,2471.3500000000004 ms
204,2471.6499999999996 ms
204,2472.4500000000007 ms
204,2477.3500000000004 ms
204,2480.1000000000004 ms
204,2487.75 ms
204,2504.6000000000004 ms
204,2533.05 ms
204,2572.45 ms
204,2574.3 ms
204,2594.3500000000004 ms
204,2614.5 ms
204,2624.1500000000005 ms
204,2645.9000000000005 ms
204,2668.7000000000007 ms
204,2678.750000000001 ms
204,2696.800000000001 ms
204,2711.4500000000007 ms
204,2728.6500000000015 ms
204,2731.9500000000007 ms
204,2738.1500000000015 ms
204,2755.4500000000007 ms
204,2758.8500000000013 ms
204,2800.8500000000013 ms
204,2805.250000000001 ms
204,2832.1000000000013 ms
204,2839.2000000000016 ms
204,2861.800000000001 ms
204,2864.6000000000013 ms
204,2868.750000000001 ms
204,2870.750000000001 ms
204,2872.9500000000016 ms
204,2873.8500000000013 ms
204,2891.6000000000013 ms
204,2891.800000000001 ms
204,2899.4500000000007 ms
204,2904.800000000001 ms
204,2909.2000000000007 ms
204,2923.300000000001 ms
204,2925.050000000001 ms
204,2931.550000000001 ms
204,2935.250000000001 ms
204,2937.9500000000007 ms
204,2947.7000000000007 ms
204,2949.750000000001 ms
204,2956.300000000001 ms
204,2959.250000000001 ms
204,2985.1500000000005 ms
204,2985.3500000000013 ms
204,2990.500000000001 ms
204,2996.300000000001 ms
204,3000.250000000001 ms
204,3010.4000000000005 ms
204,3012.6000000000013 ms
204,3028.3500000000013 ms
204,3061.3 ms
204,3076.6000000000013 ms
204,3104.55 ms
204,3129.05 ms
204,3134.55 ms
204,3143.500000000001 ms
204,3146.3500000000004 ms
204,3149.2000000000007 ms
204,3160.9500000000007 ms
204,3175.05 ms
204,3209.4000000000005 ms
204,3220.3499999999995 ms
204,3225.75 ms
204,3243.8999999999996 ms
204,3249.8500000000004 ms
204,3255.75 ms
204,3285.1000000000004 ms
204,3291.3500000000004 ms
204,3294.8500000000004 ms
204,3304.2 ms
204,3308.3 ms
204,3327.7 ms
204,3342.95 ms
204,3355.3 ms
204,3361.249999999999 ms
204,3388.5999999999995 ms
204,3419.2 ms
204,3422.5499999999993 ms
204,3426.5999999999995 ms
204,3443.8999999999996 ms
204,3467.3499999999995 ms
204,3481.0499999999993 ms
204,3487.949999999999 ms
204,3494.0999999999995 ms
204,3499.6499999999996 ms
204,3501.25 ms
204,3504.8499999999995 ms
204,3514.7 ms
204,3525.6499999999987 ms
204,3538.6499999999987 ms
204,3564.499999999999 ms
204,3568.1499999999987 ms
204,3568.95 ms
204,3580.999999999999 ms
204,3594.499999999999 ms
204,3602.0999999999995 ms
204,3607.499999999999 ms
204,3638.8999999999996 ms
204,3686.8499999999995 ms
204,3687.249999999999 ms
204,3704.55 ms
204,3716.05 ms
204,3727.0999999999995 ms
204,3745.45 ms
204,3754.5999999999995 ms
204,3763.1500000000005 ms
204,3770.25 ms
204,3776.5 ms
204,3783.3 ms
204,3788.45 ms
204,3790.1000000000004 ms
204,3807.4500000000007 ms
204,3827.55 ms
204,3842.8 ms
204,3847.9000000000005 ms
204,3854.45 ms
204,3885.9000000000005 ms
204,3891.55 ms
204,3892.1000000000004 ms
204,3892.4000000000005 ms
204,3901.6000000000004 ms
204,3902.25 ms
204,3921.1000000000004 ms
204,3923.05 ms
204,3925.1000000000004 ms
204,3925.8500000000004 ms
204,3938.6000000000004 ms
204,3940.0 ms
204,3958.25 ms
204,3961.1000000000004 ms
204,3966.6500000000005 ms
204,3967.05 ms
204,3970.1500000000005 ms
204,3974.8 ms
205,24.25 ms
205,27.0 ms
205,27.6 ms
205,29.950000000000003 ms
205,38.8 ms
205,48.10000000000001 ms
205,64.00000000000001 ms
205,85.95000000000003 ms
205,88.05000000000003 ms
205,101.50000000000001 ms
205,135.5 ms
205,138.05 ms
205,139.05 ms
205,151.60000000000002 ms
205,167.0 ms
205,199.15000000000003 ms
205,199.65000000000003 ms
205,200.35000000000002 ms
205,202.65000000000003 ms
205,214.55 ms
205,259.85 ms
205,294.15 ms
205,297.05000000000007 ms
205,308.5 ms
205,315.65 ms
205,323.79999999999995 ms
205,336.0 ms
205,338.19999999999993 ms
205,339.5999999999999 ms
205,342.4999999999999 ms
205,352.9999999999999 ms
205,368.54999999999984 ms
205,374.29999999999984 ms
205,414.4 ms
205,423.7499999999999 ms
205,425.94999999999993 ms
205,429.29999999999995 ms
205,432.15 ms
205,437.75 ms
205,438.1 ms
205,438.95000000000005 ms
205,473.20000000000005 ms
205,489.85 ms
205,501.05000000000007 ms
205,547.35 ms
205,556.7000000000002 ms
205,602.3000000000001 ms
205,612.2500000000001 ms
205,616.2000000000002 ms
205,664.8000000000003 ms
205,669.6500000000002 ms
205,691.5000000000003 ms
205,692.0500000000003 ms
205,702.7000000000002 ms
205,706.4000000000002 ms
205,712.9500000000002 ms
205,727.4000000000002 ms
205,761.0000000000003 ms
205,763.7000000000004 ms
205,816.7000000000002 ms
205,833.7000000000004 ms
205,835.0500000000003 ms
205,850.0500000000003 ms
205,862.0500000000003 ms
205,893.1500000000004 ms
205,896.3500000000005 ms
205,909.2000000000004 ms
205,930.8500000000003 ms
205,934.8000000000003 ms
205,945.8500000000003 ms
205,947.4500000000004 ms
205,958.3000000000005 ms
205,979.1000000000005 ms
205,988.0000000000003 ms
205,1008.0500000000003 ms
205,1008.9000000000004 ms
205,1021.6000000000005 ms
205,1039.3500000000004 ms
205,1041.3500000000004 ms
205,1071.8000000000002 ms
205,1090.4000000000005 ms
205,1137.9500000000003 ms
205,1139.4 ms
205,1155.2000000000003 ms
205,1182.2000000000003 ms
205,1208.2000000000003 ms
205,1220.3500000000004 ms
205,1234.3000000000002 ms
205,1267.1000000000004 ms
205,1296.7500000000005 ms
205,1327.9000000000005 ms
205,1331.5500000000006 ms
205,1334.2500000000005 ms
205,1377.8000000000006 ms
205,1380.3000000000006 ms
205,1423.4500000000007 ms
205,1429.3500000000008 ms
205,1441.2000000000007 ms
205,1467.6500000000005 ms
205,1485.500000000001 ms
205,1502.3000000000006 ms
205,1542.6500000000005 ms
205,1544.5000000000005 ms
205,1547.9500000000003 ms
205,1564.3000000000006 ms
205,1572.1000000000004 ms
205,1586.8000000000002 ms
205,1597.5000000000005 ms
205,1616.7500000000005 ms
205,1622.4500000000003 ms
205,1639.1000000000008 ms
205,1641.8500000000008 ms
205,1644.8500000000008 ms
205,1655.3000000000006 ms
205,1657.1000000000008 ms
205,1670.6000000000008 ms
205,1672.3000000000006 ms
205,1680.7000000000007 ms
205,1709.000000000001 ms
205,1710.5500000000006 ms
205,1717.0000000000005 ms
205,1722.6000000000008 ms
205,1728.2000000000003 ms
205,1730.0500000000006 ms
205,1739.7000000000003 ms
205,1769.4500000000003 ms
205,1770.3500000000008 ms
205,1785.3000000000006 ms
205,1823.1000000000008 ms
205,1839.6000000000008 ms
205,1846.5500000000006 ms
205,1858.9500000000007 ms
205,1859.1500000000005 ms
205,1860.1500000000005 ms
205,1863.800000000001 ms
205,1872.4000000000005 ms
205,1873.3500000000008 ms
205,1880.900000000001 ms
205,1892.2000000000007 ms
205,1896.3500000000008 ms
205,1920.9500000000007 ms
205,1928.500000000001 ms
205,1956.5500000000006 ms
205,1958.0500000000006 ms
205,1971.4500000000007 ms
205,1972.7000000000007 ms
205,1975.8500000000008 ms
205,1984.0500000000006 ms
205,1995.8000000000006 ms
205,2023.000000000001 ms
205,2025.250000000001 ms
205,2040.400000000001 ms
205,2060.5000000000005 ms
205,2082.100000000001 ms
205,2086.400000000001 ms
205,2121.5000000000005 ms
205,2143.7000000000003 ms
205,2149.65 ms
205,2152.6 ms
205,2168.9 ms
205,2191.400000000001 ms
205,2196.0000000000005 ms
205,2251.6 ms
205,2284.7999999999997 ms
205,2290.7499999999995 ms
205,2305.7500000000005 ms
205,2306.5500000000006 ms
205,2310.7500000000005 ms
205,2348.7000000000003 ms
205,2357.0499999999997 ms
205,2363.85 ms
205,2369.4499999999994 ms
205,2375.899999999999 ms
205,2375.9999999999995 ms
205,2381.2999999999997 ms
205,2408.4999999999995 ms
205,2432.599999999999 ms
205,2459.799999999999 ms
205,2460.6999999999994 ms
205,2467.1999999999994 ms
205,2468.4999999999995 ms
205,2470.7999999999997 ms
205,2485.35 ms
205,2487.6 ms
205,2490.0000000000005 ms
205,2504.15 ms
205,2509.8000000000006 ms
205,2509.9500000000003 ms
205,2528.7999999999997 ms
205,2536.4500000000003 ms
205,2554.65 ms
205,2580.9500000000003 ms
205,2583.2000000000003 ms
205,2603.7999999999997 ms
205,2610.35 ms
205,2615.9 ms
205,2617.5000000000005 ms
205,2633.150000000001 ms
205,2647.0500000000006 ms
205,2661.5500000000006 ms
205,2674.0000000000005 ms
205,2680.9500000000003 ms
205,2733.850000000001 ms
205,2738.2000000000003 ms
205,2759.7999999999997 ms
205,2779.3000000000006 ms
205,2782.4 ms
205,2789.35 ms
205,2804.15 ms
205,2836.8000000000006 ms
205,2845.2000000000003 ms
205,2857.2999999999997 ms
205,2858.3000000000006 ms
205,2860.7500000000005 ms
205,2879.15 ms
205,2886.35 ms
205,2911.15 ms
205,2942.5500000000006 ms
205,2966.2000000000003 ms
205,2966.5000000000005 ms
205,2975.150000000001 ms
205,2994.0000000000005 ms
205,2994.35 ms
205,2995.0000000000005 ms
205,3001.150000000001 ms
205,3010.200000000001 ms
205,3052.3000000000006 ms
205,3055.0500000000006 ms
205,3056.5500000000006 ms
205,3060.5500000000006 ms
205,3077.350000000001 ms
205,3090.2000000000003 ms
205,3101.7500000000005 ms
205,3108.7500000000014 ms
205,3140.2500000000005 ms
205,3140.9500000000003 ms
205,3143.15 ms
205,3166.0000000000005 ms
205,3189.0500000000006 ms
205,3195.200000000001 ms
205,3225.8000000000006 ms
205,3253.7500000000005 ms
205,3255.150000000001 ms
205,3255.2500000000005 ms
205,3258.0000000000005 ms
205,3262.35 ms
205,3265.2000000000003 ms
205,3279.2000000000003 ms
205,3286.100000000001 ms
205,3298.3000000000006 ms
205,3307.9500000000003 ms
205,3310.600000000001 ms
205,3312.3000000000006 ms
205,3330.2500000000005 ms
205,3334.85 ms
205,3363.6 ms
205,3366.2500000000005 ms
205,3367.4999999999995 ms
205,3371.85 ms
205,3400.35 ms
205,3411.4 ms
205,3424.6 ms
205,3428.7500000000005 ms
205,3484.15 ms
205,3488.7499999999995 ms
205,3507.0000000000005 ms
205,3508.15 ms
205,3514.65 ms
205,3525.4999999999995 ms
205,3526.5499999999997 ms
205,3534.5500000000006 ms
205,3538.7000000000003 ms
205,3553.5000000000005 ms
205,3554.5000000000005 ms
205,3564.6 ms
205,3565.2999999999997 ms
205,3569.9500000000003 ms
205,3573.15 ms
205,3575.9 ms
205,3587.4 ms
205,3606.4500000000003 ms
205,3611.2000000000003 ms
205,3618.2000000000003 ms
205,3625.7000000000003 ms
205,3673.7500000000005 ms
205,3689.2500000000005 ms
205,3694.7500000000005 ms
205,3696.2000000000003 ms
205,3700.600000000001 ms
205,3704.2500000000005 ms
205,3728.2500000000005 ms
205,3740.2000000000003 ms
205,3747.100000000001 ms
205,3752.400000000001 ms
205,3778.5500000000006 ms
205,3811.950000000001 ms
205,3812.9500000000003 ms
205,3828.950000000001 ms
205,3830.3000000000006 ms
205,3837.7500000000005 ms
205,3849.85 ms
205,3867.350000000001 ms
205,3908.5500000000006 ms
205,3912.5499999999997 ms
205,3918.0500000000006 ms
205,3919.100000000001 ms
205,3925.650000000001 ms
205,3926.5000000000005 ms
205,3931.650000000001 ms
205,3942.0000000000005 ms
205,3956.400000000001 ms
205,3970.0500000000006 ms
205,3974.700000000001 ms
205,3987.900000000001 ms
205,3996.200000000001 ms
206,19.25 ms
206,25.6 ms
206,54.15 ms
206,63.15000000000001 ms
206,67.35000000000002 ms
206,71.30000000000001 ms
206,71.95000000000002 ms
206,81.85000000000002 ms
206,87.20000000000002 ms
206,101.05000000000001 ms
206,103.75 ms
206,106.5 ms
206,128.05 ms
206,150.8 ms
206,156.40000000000003 ms
206,185.85000000000002 ms
206,222.40000000000003 ms
206,247.95000000000005 ms
206,250.20000000000005 ms
206,256.30000000000007 ms
206,263.0000000000001 ms
206,264.6 ms
206,278.9000000000001 ms
206,305.60000000000014 ms
206,324.80000000000007 ms
206,325.4000000000001 ms
206,343.1500000000001 ms
206,352.20000000000005 ms
206,364.95000000000005 ms
206,377.9000000000001 ms
206,399.1500000000001 ms
206,436.4000000000001 ms
206,445.10000000000014 ms
206,451.05000000000007 ms
206,476.5000000000001 ms
206,500.70000000000005 ms
206,506.05000000000007 ms
206,509.1 ms
206,516.5500000000001 ms
206,531.6999999999999 ms
206,538.5500000000001 ms
206,547.1 ms
206,554.35 ms
206,570.0500000000001 ms
206,598.1500000000002 ms
206,610.8500000000003 ms
206,638.5500000000003 ms
206,650.5000000000003 ms
206,652.0500000000003 ms
206,657.2000000000002 ms
206,657.35 ms
206,686.9 ms
206,725.9499999999999 ms
206,734.1 ms
206,757.9500000000002 ms
206,770.6500000000002 ms
206,771.9500000000002 ms
206,804.0500000000001 ms
206,808.9000000000002 ms
206,822.0000000000001 ms
206,840.0000000000001 ms
206,862.15 ms
206,866.9499999999999 ms
206,872.65 ms
206,874.5500000000001 ms
206,882.4499999999999 ms
206,889.9999999999999 ms
206,896.0000000000001 ms
206,896.3000000000001 ms
206,898.4499999999999 ms
206,902.9499999999999 ms
206,909.15 ms
206,933.2500000000001 ms
206,942.2499999999999 ms
206,985.15 ms
206,1021.9499999999999 ms
206,1041.8000000000002 ms
206,1073.4499999999998 ms
206,1094.4 ms
206,1110.5500000000002 ms
206,1158.65 ms
206,1164.1 ms
206,1170.0000000000005 ms
206,1172.9 ms
206,1188.0000000000005 ms
206,1191.35 ms
206,1194.35 ms
206,1206.3000000000002 ms
206,1229.0500000000002 ms
206,1244.6000000000004 ms
206,1258.6000000000004 ms
206,1260.6999999999998 ms
206,1284.0500000000002 ms
206,1301.8000000000002 ms
206,1306.1 ms
206,1308.1999999999998 ms
206,1308.9499999999998 ms
206,1375.6999999999998 ms
206,1432.1 ms
206,1455.6 ms
206,1457.85 ms
206,1466.9 ms
206,1488.7999999999997 ms
206,1491.9500000000003 ms
206,1497.75 ms
206,1503.1 ms
206,1522.6 ms
206,1532.85 ms
206,1533.2999999999997 ms
206,1536.15 ms
206,1540.4999999999995 ms
206,1585.0499999999997 ms
206,1612.35 ms
206,1618.4499999999994 ms
206,1619.2499999999995 ms
206,1623.5499999999997 ms
206,1636.3999999999992 ms
206,1654.5999999999995 ms
206,1679.0499999999993 ms
206,1685.4999999999995 ms
206,1715.1499999999996 ms
206,1735.8499999999995 ms
206,1743.0499999999997 ms
206,1757.4999999999995 ms
206,1764.35 ms
206,1764.8999999999996 ms
206,1772.3499999999995 ms
206,1779.0999999999995 ms
206,1784.8999999999996 ms
206,1805.3499999999995 ms
206,1815.25 ms
206,1822.3999999999996 ms
206,1833.8000000000002 ms
206,1839.3000000000002 ms
206,1847.9499999999998 ms
206,1860.4499999999998 ms
206,1874.6999999999998 ms
206,1898.1000000000004 ms
206,1898.3500000000004 ms
206,1904.5500000000002 ms
206,1940.7000000000003 ms
206,1941.9 ms
206,1960.8000000000006 ms
206,1972.0000000000005 ms
206,1999.8000000000006 ms
206,2043.7500000000005 ms
206,2054.9500000000003 ms
206,2061.4500000000003 ms
206,2074.850000000001 ms
206,2090.400000000001 ms
206,2095.950000000001 ms
206,2107.9500000000003 ms
206,2109.5000000000005 ms
206,2119.900000000001 ms
206,2121.8000000000015 ms
206,2161.3000000000006 ms
206,2165.950000000001 ms
206,2171.450000000001 ms
206,2184.0500000000006 ms
206,2200.0000000000005 ms
206,2208.7000000000003 ms
206,2211.0000000000005 ms
206,2211.600000000001 ms
206,2234.4500000000003 ms
206,2241.950000000001 ms
206,2292.350000000001 ms
206,2309.150000000001 ms
206,2313.100000000001 ms
206,2336.600000000001 ms
206,2339.400000000001 ms
206,2340.2500000000005 ms
206,2340.350000000001 ms
206,2346.100000000001 ms
206,2353.900000000001 ms
206,2387.5000000000005 ms
206,2391.5500000000006 ms
206,2393.5000000000005 ms
206,2394.0500000000006 ms
206,2396.200000000001 ms
206,2405.3500000000017 ms
206,2411.350000000001 ms
206,2412.200000000001 ms
206,2427.0000000000014 ms
206,2427.200000000001 ms
206,2433.2500000000014 ms
206,2436.0000000000014 ms
206,2439.400000000002 ms
206,2463.8500000000017 ms
206,2472.650000000002 ms
206,2478.200000000002 ms
206,2482.950000000001 ms
206,2483.450000000002 ms
206,2499.150000000002 ms
206,2501.200000000002 ms
206,2515.950000000001 ms
206,2521.8500000000017 ms
206,2525.5000000000023 ms
206,2545.5500000000025 ms
206,2552.0000000000023 ms
206,2590.200000000002 ms
206,2613.5500000000015 ms
206,2616.7500000000014 ms
206,2626.0000000000014 ms
206,2626.450000000001 ms
206,2638.3500000000017 ms
206,2638.650000000002 ms
206,2638.7500000000014 ms
206,2679.0500000000015 ms
206,2690.1000000000017 ms
206,2704.3000000000015 ms
206,2720.400000000001 ms
206,2737.700000000001 ms
206,2749.5000000000014 ms
206,2750.450000000001 ms
206,2754.0500000000015 ms
206,2773.450000000002 ms
206,2778.0000000000023 ms
206,2789.3500000000017 ms
206,2800.450000000001 ms
206,2825.200000000002 ms
206,2825.6000000000017 ms
206,2827.3500000000017 ms
206,2836.150000000002 ms
206,2861.150000000002 ms
206,2868.3000000000025 ms
206,2870.6000000000026 ms
206,2880.700000000002 ms
206,2907.900000000002 ms
206,2908.7500000000014 ms
206,2915.8000000000015 ms
206,2939.8000000000025 ms
206,2939.900000000002 ms
206,2944.7500000000014 ms
206,2947.200000000001 ms
206,2953.900000000001 ms
206,2957.3000000000015 ms
206,2962.0500000000015 ms
206,2975.400000000001 ms
206,2981.950000000001 ms
206,3008.8500000000017 ms
206,3017.900000000002 ms
206,3020.2500000000014 ms
206,3022.450000000001 ms
206,3023.150000000001 ms
206,3035.0500000000015 ms
206,3051.8000000000015 ms
206,3063.0500000000015 ms
206,3067.5500000000015 ms
206,3068.200000000002 ms
206,3073.0500000000015 ms
206,3117.0500000000015 ms
206,3125.5500000000015 ms
206,3127.1000000000017 ms
206,3170.0500000000015 ms
206,3176.0500000000015 ms
206,3183.200000000002 ms
206,3223.7500000000023 ms
206,3237.5000000000014 ms
206,3294.3000000000015 ms
206,3302.0500000000025 ms
206,3324.0500000000015 ms
206,3326.8000000000025 ms
206,3333.200000000002 ms
206,3352.5000000000023 ms
206,3363.3000000000025 ms
206,3377.3000000000025 ms
206,3387.0500000000025 ms
206,3391.900000000002 ms
206,3410.6000000000017 ms
206,3483.7500000000023 ms
206,3485.650000000003 ms
206,3509.700000000003 ms
206,3520.700000000002 ms
206,3539.5500000000025 ms
206,3550.3000000000025 ms
206,3578.400000000002 ms
206,3599.5500000000025 ms
206,3604.200000000003 ms
206,3607.0500000000025 ms
206,3607.650000000002 ms
206,3610.3000000000025 ms
206,3620.5500000000025 ms
206,3622.8500000000026 ms
206,3656.6000000000026 ms
206,3675.900000000003 ms
206,3680.0000000000023 ms
206,3704.3500000000026 ms
206,3721.250000000003 ms
206,3735.5500000000034 ms
206,3738.3000000000025 ms
206,3779.650000000003 ms
206,3816.5500000000034 ms
206,3829.900000000003 ms
206,3839.5000000000023 ms
206,3847.400000000003 ms
206,3848.6000000000026 ms
206,3880.200000000002 ms
206,3893.0500000000025 ms
206,3898.400000000002 ms
206,3911.5000000000023 ms
206,3913.1000000000017 ms
206,3924.5500000000015 ms
206,3935.6000000000017 ms
206,3985.200000000002 ms
206,3999.3000000000015 ms
207,8.5 ms
207,31.549999999999997 ms
207,40.39999999999999 ms
207,53.39999999999999 ms
207,59.55 ms
207,109.64999999999999 ms
207,123.95 ms
207,158.85000000000002 ms
207,161.75 ms
207,202.39999999999998 ms
207,213.3 ms
207,215.15000000000003 ms
207,232.0 ms
207,234.5 ms
207,240.39999999999998 ms
207,243.89999999999998 ms
207,272.05000000000007 ms
207,285.75 ms
207,296.65 ms
207,305.44999999999993 ms
207,337.05000000000007 ms
207,353.35 ms
207,358.25 ms
207,365.85 ms
207,387.5 ms
207,399.45000000000005 ms
207,404.65 ms
207,409.85 ms
207,413.65 ms
207,429.0 ms
207,432.04999999999995 ms
207,440.6 ms
207,463.4 ms
207,473.85 ms
207,483.75 ms
207,505.45000000000005 ms
207,548.8 ms
207,552.0 ms
207,558.55 ms
207,583.75 ms
207,586.8 ms
207,592.5999999999999 ms
207,609.1999999999998 ms
207,628.9000000000001 ms
207,642.6999999999998 ms
207,674.0999999999999 ms
207,677.4499999999998 ms
207,683.8499999999999 ms
207,684.3999999999999 ms
207,690.05 ms
207,691.2499999999998 ms
207,694.8999999999999 ms
207,701.1999999999998 ms
207,701.3999999999999 ms
207,709.55 ms
207,722.3999999999999 ms
207,738.5999999999999 ms
207,742.8 ms
207,744.2 ms
207,771.3999999999999 ms
207,780.3 ms
207,790.25 ms
207,794.45 ms
207,796.95 ms
207,797.55 ms
207,801.0000000000002 ms
207,808.0000000000002 ms
207,814.8500000000001 ms
207,820.9000000000001 ms
207,822.7 ms
207,837.2 ms
207,853.1000000000001 ms
207,856.8999999999999 ms
207,859.8999999999999 ms
207,870.0 ms
207,886.6500000000001 ms
207,902.9000000000001 ms
207,924.3 ms
207,930.75 ms
207,947.7 ms
207,948.5 ms
207,950.6500000000001 ms
207,959.6999999999998 ms
207,978.5999999999999 ms
207,989.8999999999999 ms
207,990.5999999999999 ms
207,1016.3 ms
207,1021.1499999999999 ms
207,1036.45 ms
207,1041.1500000000003 ms
207,1053.3000000000004 ms
207,1055.1000000000001 ms
207,1056.0500000000004 ms
207,1075.8 ms
207,1077.7 ms
207,1078.8 ms
207,1109.95 ms
207,1110.05 ms
207,1113.0500000000004 ms
207,1115.55 ms
207,1146.3000000000004 ms
207,1151.6500000000003 ms
207,1180.5500000000004 ms
207,1182.05 ms
207,1186.1499999999999 ms
207,1189.1500000000003 ms
207,1195.45 ms
207,1197.9000000000003 ms
207,1212.3999999999999 ms
207,1221.8500000000001 ms
207,1230.1000000000001 ms
207,1243.45 ms
207,1279.1500000000003 ms
207,1288.8999999999999 ms
207,1304.1500000000003 ms
207,1306.45 ms
207,1307.9000000000003 ms
207,1326.2500000000002 ms
207,1331.95 ms
207,1338.7 ms
207,1377.3 ms
207,1391.8499999999997 ms
207,1407.55 ms
207,1423.7500000000002 ms
207,1428.8500000000001 ms
207,1433.8 ms
207,1457.95 ms
207,1459.95 ms
207,1464.3500000000001 ms
207,1479.95 ms
207,1507.3 ms
207,1525.6499999999999 ms
207,1526.2499999999998 ms
207,1556.0499999999995 ms
207,1556.2499999999998 ms
207,1569.2499999999998 ms
207,1570.5999999999997 ms
207,1588.6499999999994 ms
207,1590.1499999999999 ms
207,1590.3 ms
207,1594.4999999999998 ms
207,1599.95 ms
207,1604.6999999999996 ms
207,1632.7 ms
207,1633.7499999999998 ms
207,1655.2999999999995 ms
207,1655.8999999999994 ms
207,1670.2999999999995 ms
207,1674.4999999999998 ms
207,1685.8499999999997 ms
207,1692.1999999999996 ms
207,1710.4499999999996 ms
207,1712.2999999999995 ms
207,1719.5499999999995 ms
207,1732.3999999999994 ms
207,1734.7999999999995 ms
207,1768.8999999999994 ms
207,1782.9499999999991 ms
207,1789.799999999999 ms
207,1790.8499999999992 ms
207,1797.5999999999992 ms
207,1799.0499999999995 ms
207,1850.3999999999994 ms
207,1899.2499999999993 ms
207,1928.0999999999992 ms
207,1954.1999999999991 ms
207,1956.2499999999989 ms
207,1967.2999999999986 ms
207,1970.1499999999985 ms
207,1983.0499999999986 ms
207,1984.4499999999987 ms
207,1989.4499999999991 ms
207,1999.4499999999987 ms
207,2003.399999999999 ms
207,2012.549999999999 ms
207,2012.8499999999988 ms
207,2031.0999999999992 ms
207,2044.3499999999988 ms
207,2051.7999999999993 ms
207,2054.5999999999985 ms
207,2060.999999999999 ms
207,2061.3999999999987 ms
207,2064.0499999999993 ms
207,2093.0999999999995 ms
207,2093.5999999999995 ms
207,2099.8999999999996 ms
207,2143.95 ms
207,2150.95 ms
207,2159.6499999999996 ms
207,2162.1499999999996 ms
207,2183.8499999999995 ms
207,2189.249999999999 ms
207,2190.749999999999 ms
207,2195.95 ms
207,2207.999999999999 ms
207,2213.999999999999 ms
207,2220.8499999999995 ms
207,2221.2 ms
207,2221.7 ms
207,2253.999999999999 ms
207,2256.45 ms
207,2266.45 ms
207,2268.0499999999993 ms
207,2281.449999999999 ms
207,2329.25 ms
207,2346.25 ms
207,2347.3999999999996 ms
207,2368.0499999999993 ms
207,2400.8999999999996 ms
207,2412.95 ms
207,2423.8999999999996 ms
207,2425.3499999999995 ms
207,2432.999999999999 ms
207,2445.0999999999995 ms
207,2449.3499999999995 ms
207,2456.6499999999996 ms
207,2460.75 ms
207,2473.7999999999993 ms
207,2478.0 ms
207,2506.75 ms
207,2508.75 ms
207,2512.0999999999995 ms
207,2523.0499999999993 ms
207,2524.2999999999993 ms
207,2546.3999999999996 ms
207,2551.8999999999996 ms
207,2570.6499999999996 ms
207,2578.5499999999993 ms
207,2601.999999999999 ms
207,2661.749999999999 ms
207,2670.999999999999 ms
207,2680.199999999999 ms
207,2686.0999999999985 ms
207,2689.5499999999993 ms
207,2699.199999999999 ms
207,2712.8499999999985 ms
207,2733.6499999999996 ms
207,2740.0999999999985 ms
207,2745.7999999999993 ms
207,2752.7999999999993 ms
207,2764.0999999999985 ms
207,2780.6499999999996 ms
207,2786.449999999999 ms
207,2812.3499999999995 ms
207,2813.0999999999995 ms
207,2820.2 ms
207,2827.45 ms
207,2842.5499999999993 ms
207,2847.8999999999996 ms
207,2855.5499999999993 ms
207,2867.5999999999995 ms
207,2874.0999999999995 ms
207,2894.7 ms
207,2903.2 ms
207,2927.749999999999 ms
207,2936.499999999999 ms
207,2946.8999999999996 ms
207,2949.1499999999996 ms
207,2962.45 ms
207,2965.75 ms
207,2975.75 ms
207,2985.2 ms
207,3024.75 ms
207,3034.2 ms
207,3046.0999999999995 ms
207,3072.25 ms
207,3092.7 ms
207,3093.0 ms
207,3097.2 ms
207,3099.8 ms
207,3099.95 ms
207,3110.45 ms
207,3132.3499999999995 ms
207,3140.75 ms
207,3175.8 ms
207,3182.3500000000004 ms
207,3187.0 ms
207,3188.7000000000007 ms
207,3189.2000000000007 ms
207,3218.3 ms
207,3229.6000000000004 ms
207,3250.3500000000004 ms
207,3283.6000000000004 ms
207,3286.4500000000007 ms
207,3308.8999999999996 ms
207,3309.8 ms
207,3322.6500000000005 ms
207,3334.8499999999995 ms
207,3339.3499999999995 ms
207,3342.5 ms
207,3353.45 ms
207,3364.6499999999996 ms
207,3368.3999999999996 ms
207,3369.0 ms
207,3383.8499999999995 ms
207,3397.95 ms
207,3401.3999999999987 ms
207,3409.45 ms
207,3433.0999999999995 ms
207,3434.6499999999996 ms
207,3436.5999999999995 ms
207,3460.8999999999996 ms
207,3468.95 ms
207,3482.2 ms
207,3487.25 ms
207,3489.0 ms
207,3491.75 ms
207,3503.3500000000004 ms
207,3507.8500000000004 ms
207,3516.0499999999993 ms
207,3525.75 ms
207,3547.2999999999993 ms
207,3553.7999999999993 ms
207,3558.6499999999996 ms
207,3565.8499999999995 ms
207,3585.7 ms
207,3614.1499999999987 ms
207,3616.5999999999995 ms
207,3645.0499999999984 ms
207,3656.1499999999987 ms
207,3658.749999999999 ms
207,3661.1499999999987 ms
207,3667.3999999999987 ms
207,3675.5999999999985 ms
207,3677.699999999999 ms
207,3678.149999999998 ms
207,3688.2999999999984 ms
207,3703.0999999999985 ms
207,3703.7999999999984 ms
207,3714.3999999999987 ms
207,3716.8999999999987 ms
207,3728.1499999999987 ms
207,3745.3499999999976 ms
207,3755.7999999999984 ms
207,3757.5999999999976 ms
207,3760.0499999999984 ms
207,3773.949999999998 ms
207,3786.8499999999976 ms
207,3791.199999999998 ms
207,3816.149999999998 ms
207,3853.649999999998 ms
207,3854.249999999998 ms
207,3859.5999999999976 ms
207,3875.0999999999976 ms
207,3877.199999999998 ms
207,3883.399999999997 ms
207,3897.649999999997 ms
207,3911.149999999997 ms
207,3928.949999999998 ms
207,3934.899999999997 ms
207,3939.649999999997 ms
207,3942.5499999999975 ms
207,3956.149999999998 ms
207,3960.8499999999967 ms
207,3968.9999999999973 ms
207,3977.8499999999976 ms
208,1.1 ms
208,5.0 ms
208,14.700000000000003 ms
208,27.650000000000006 ms
208,36.849999999999994 ms
208,37.5 ms
208,39.2 ms
208,40.55 ms
208,83.5 ms
208,84.19999999999999 ms
208,84.4 ms
208,85.9 ms
208,93.0 ms
208,115.30000000000001 ms
208,122.44999999999999 ms
208,126.10000000000002 ms
208,134.05 ms
208,138.7 ms
208,156.25000000000006 ms
208,180.70000000000005 ms
208,195.30000000000007 ms
208,207.15000000000003 ms
208,210.55 ms
208,220.35000000000008 ms
208,227.20000000000005 ms
208,246.15000000000003 ms
208,252.05 ms
208,256.70000000000005 ms
208,292.0 ms
208,294.80000000000007 ms
208,300.1 ms
208,327.2500000000001 ms
208,341.55000000000007 ms
208,380.5000000000001 ms
208,387.80000000000007 ms
208,389.0000000000001 ms
208,391.85 ms
208,404.70000000000016 ms
208,440.1 ms
208,478.70000000000016 ms
208,503.85 ms
208,520.65 ms
208,526.5500000000001 ms
208,543.0000000000001 ms
208,561.2000000000002 ms
208,567.85 ms
208,568.2500000000001 ms
208,568.6000000000003 ms
208,608.7500000000001 ms
208,618.4 ms
208,653.4499999999999 ms
208,659.85 ms
208,661.9 ms
208,668.2500000000001 ms
208,670.9999999999999 ms
208,672.9499999999999 ms
208,687.8000000000001 ms
208,704.1500000000002 ms
208,713.4500000000002 ms
208,747.4499999999999 ms
208,751.4 ms
208,761.3000000000001 ms
208,763.4000000000002 ms
208,772.9 ms
208,809.6500000000002 ms
208,824.5500000000001 ms
208,833.0000000000001 ms
208,838.8000000000001 ms
208,842.6500000000002 ms
208,850.15 ms
208,892.4499999999999 ms
208,898.2499999999999 ms
208,910.0000000000001 ms
208,924.0500000000001 ms
208,943.9 ms
208,945.4499999999999 ms
208,948.5500000000001 ms
208,971.2999999999998 ms
208,1003.1999999999999 ms
208,1032.6999999999998 ms
208,1046.6499999999996 ms
208,1070.1499999999996 ms
208,1077.25 ms
208,1085.8499999999995 ms
208,1126.4499999999998 ms
208,1130.0999999999995 ms
208,1145.0999999999995 ms
208,1168.5 ms
208,1168.8499999999995 ms
208,1173.0999999999995 ms
208,1174.1999999999998 ms
208,1208.1499999999996 ms
208,1212.4499999999998 ms
208,1214.3999999999996 ms
208,1251.4499999999998 ms
208,1267.8999999999996 ms
208,1275.1499999999996 ms
208,1276.6999999999998 ms
208,1277.3999999999996 ms
208,1297.0999999999995 ms
208,1331.1999999999998 ms
208,1331.6499999999996 ms
208,1336.2999999999997 ms
208,1341.6999999999998 ms
208,1400.0 ms
208,1419.5499999999997 ms
208,1420.2999999999997 ms
208,1424.1 ms
208,1444.2499999999995 ms
208,1450.6 ms
208,1454.2499999999995 ms
208,1459.6999999999998 ms
208,1479.1 ms
208,1482.5499999999997 ms
208,1487.5 ms
208,1522.4499999999998 ms
208,1529.9499999999998 ms
208,1533.65 ms
208,1545.15 ms
208,1553.2000000000003 ms
208,1562.15 ms
208,1576.0 ms
208,1580.75 ms
208,1612.1 ms
208,1625.2999999999997 ms
208,1666.2999999999997 ms
208,1681.7000000000003 ms
208,1682.6 ms
208,1700.6 ms
208,1710.65 ms
208,1714.15 ms
208,1721.0 ms
208,1722.75 ms
208,1730.25 ms
208,1773.3000000000002 ms
208,1777.8000000000002 ms
208,1783.1 ms
208,1794.0 ms
208,1807.8000000000002 ms
208,1820.5500000000002 ms
208,1820.8000000000002 ms
208,1821.1 ms
208,1855.85 ms
208,1863.25 ms
208,1897.3000000000002 ms
208,1901.4499999999998 ms
208,1902.8500000000004 ms
208,1910.0500000000002 ms
208,1925.8000000000002 ms
208,1944.3000000000002 ms
208,1957.3500000000004 ms
208,1963.3000000000002 ms
208,1979.3000000000002 ms
208,1981.15 ms
208,1989.2000000000003 ms
208,1995.85 ms
208,1996.85 ms
208,2007.5500000000002 ms
208,2033.65 ms
208,2041.35 ms
208,2075.4 ms
208,2092.3000000000006 ms
208,2093.4 ms
208,2113.7499999999995 ms
208,2114.5000000000005 ms
208,2114.9500000000003 ms
208,2116.4499999999994 ms
208,2146.9500000000003 ms
208,2165.7999999999997 ms
208,2167.85 ms
208,2170.6999999999994 ms
208,2173.7999999999997 ms
208,2175.899999999999 ms
208,2188.849999999999 ms
208,2197.6999999999994 ms
208,2204.6999999999994 ms
208,2226.4499999999994 ms
208,2235.85 ms
208,2235.9499999999994 ms
208,2247.799999999999 ms
208,2277.1999999999994 ms
208,2303.9999999999995 ms
208,2325.4 ms
208,2332.4500000000003 ms
208,2342.2500000000005 ms
208,2353.9 ms
208,2364.85 ms
208,2368.35 ms
208,2371.15 ms
208,2374.35 ms
208,2377.35 ms
208,2377.65 ms
208,2380.35 ms
208,2400.0000000000005 ms
208,2415.4 ms
208,2429.2499999999995 ms
208,2445.9 ms
208,2458.65 ms
208,2468.0500000000006 ms
208,2477.0000000000005 ms
208,2481.15 ms
208,2490.1 ms
208,2499.9 ms
208,2548.65 ms
208,2556.8000000000006 ms
208,2590.0499999999997 ms
208,2612.6 ms
208,2620.4 ms
208,2620.6 ms
208,2624.5499999999997 ms
208,2626.7000000000003 ms
208,2642.65 ms
208,2644.9 ms
208,2645.2000000000003 ms
208,2670.5000000000005 ms
208,2677.900000000001 ms
208,2724.8000000000006 ms
208,2740.600000000001 ms
208,2741.7500000000014 ms
208,2746.100000000001 ms
208,2800.650000000001 ms
208,2827.5500000000015 ms
208,2838.150000000001 ms
208,2844.950000000001 ms
208,2864.7500000000014 ms
208,2884.0500000000015 ms
208,2888.400000000001 ms
208,2895.0000000000014 ms
208,2900.0000000000014 ms
208,2908.400000000002 ms
208,2933.150000000001 ms
208,2948.8000000000015 ms
208,2961.650000000001 ms
208,2963.950000000001 ms
208,2976.5000000000014 ms
208,3005.950000000001 ms
208,3020.3500000000017 ms
208,3055.650000000002 ms
208,3067.1000000000017 ms
208,3077.8500000000017 ms
208,3081.900000000002 ms
208,3104.2500000000014 ms
208,3114.3500000000017 ms
208,3117.0000000000023 ms
208,3118.8500000000017 ms
208,3121.3000000000015 ms
208,3122.1000000000017 ms
208,3171.400000000002 ms
208,3171.650000000002 ms
208,3176.5500000000025 ms
208,3195.950000000002 ms
208,3197.8000000000015 ms
208,3217.950000000002 ms
208,3220.200000000002 ms
208,3223.150000000002 ms
208,3239.7500000000014 ms
208,3242.150000000002 ms
208,3247.8000000000025 ms
208,3250.450000000002 ms
208,3251.400000000002 ms
208,3252.0500000000025 ms
208,3266.0500000000015 ms
208,3298.1000000000017 ms
208,3302.5000000000023 ms
208,3303.0000000000023 ms
208,3325.3500000000017 ms
208,3358.450000000002 ms
208,3365.8500000000026 ms
208,3367.3000000000025 ms
208,3381.5500000000015 ms
208,3414.700000000002 ms
208,3497.5500000000015 ms
208,3502.200000000002 ms
208,3502.5000000000023 ms
208,3503.6000000000017 ms
208,3509.150000000002 ms
208,3511.2500000000023 ms
208,3521.700000000002 ms
208,3543.900000000002 ms
208,3553.200000000002 ms
208,3559.950000000002 ms
208,3561.0500000000015 ms
208,3561.3000000000025 ms
208,3585.2500000000023 ms
208,3615.8000000000025 ms
208,3631.950000000002 ms
208,3672.3000000000015 ms
208,3674.450000000002 ms
208,3677.900000000002 ms
208,3680.7500000000014 ms
208,3694.700000000001 ms
208,3696.8000000000015 ms
208,3697.5500000000015 ms
208,3711.5000000000014 ms
208,3727.7500000000014 ms
208,3729.0000000000014 ms
208,3764.5000000000014 ms
208,3768.0500000000015 ms
208,3771.700000000002 ms
208,3792.0000000000023 ms
208,3801.3000000000025 ms
208,3828.650000000002 ms
208,3831.700000000002 ms
208,3859.900000000002 ms
208,3863.6000000000017 ms
208,3911.0000000000023 ms
208,3928.5500000000025 ms
208,3932.450000000002 ms
208,3933.8000000000015 ms
208,3952.200000000002 ms
208,3954.3000000000015 ms
208,3965.0500000000025 ms
209,4.9 ms
209,5.35 ms
209,5.950000000000001 ms
209,7.100000000000001 ms
209,17.900000000000002 ms
209,29.3 ms
209,51.95 ms
209,57.95 ms
209,76.05 ms
209,93.05000000000003 ms
209,100.90000000000002 ms
209,112.05000000000003 ms
209,134.35000000000002 ms
209,140.85000000000002 ms
209,142.10000000000002 ms
209,154.20000000000005 ms
209,160.70000000000005 ms
209,169.55 ms
209,186.2 ms
209,192.90000000000003 ms
209,193.3 ms
209,198.45 ms
209,211.50000000000006 ms
209,216.25000000000006 ms
209,227.60000000000002 ms
209,240.0 ms
209,245.20000000000005 ms
209,247.89999999999998 ms
209,323.0 ms
209,358.6 ms
209,373.80000000000007 ms
209,380.85 ms
209,386.0 ms
209,386.45000000000005 ms
209,387.75 ms
209,430.85 ms
209,486.15 ms
209,500.4 ms
209,535.6500000000002 ms
209,540.15 ms
209,545.1999999999999 ms
209,551.65 ms
209,557.0500000000001 ms
209,574.9499999999999 ms
209,607.9 ms
209,653.7500000000001 ms
209,689.2500000000001 ms
209,693.3000000000001 ms
209,700.85 ms
209,714.9999999999999 ms
209,727.15 ms
209,740.15 ms
209,747.2500000000001 ms
209,765.7000000000002 ms
209,777.9000000000002 ms
209,796.9 ms
209,804.5000000000001 ms
209,858.2000000000002 ms
209,867.6500000000002 ms
209,879.9500000000002 ms
209,880.7500000000001 ms
209,881.8500000000003 ms
209,888.8000000000003 ms
209,897.1000000000003 ms
209,924.7000000000002 ms
209,931.5500000000003 ms
209,945.4500000000002 ms
209,946.8000000000003 ms
209,953.6000000000003 ms
209,962.9500000000002 ms
209,973.6500000000002 ms
209,978.0000000000003 ms
209,981.0500000000003 ms
209,992.0000000000003 ms
209,1015.7500000000001 ms
209,1051.8000000000002 ms
209,1062.7000000000003 ms
209,1078.2500000000005 ms
209,1083.9500000000003 ms
209,1121.0500000000002 ms
209,1125.4500000000003 ms
209,1130.3500000000004 ms
209,1134.2500000000005 ms
209,1139.2500000000005 ms
209,1143.7500000000005 ms
209,1147.6500000000005 ms
209,1149.7000000000007 ms
209,1157.1500000000005 ms
209,1168.8500000000004 ms
209,1169.3000000000006 ms
209,1172.2000000000007 ms
209,1191.9500000000007 ms
209,1206.3000000000006 ms
209,1209.6500000000005 ms
209,1213.3500000000004 ms
209,1217.5500000000006 ms
209,1219.0000000000005 ms
209,1243.5000000000005 ms
209,1244.150000000001 ms
209,1268.6000000000008 ms
209,1272.150000000001 ms
209,1280.3500000000008 ms
209,1291.1000000000008 ms
209,1291.250000000001 ms
209,1295.750000000001 ms
209,1296.3500000000008 ms
209,1300.9500000000007 ms
209,1335.5500000000006 ms
209,1346.8000000000006 ms
209,1378.5000000000005 ms
209,1379.7000000000007 ms
209,1394.4000000000005 ms
209,1410.1500000000005 ms
209,1410.6000000000008 ms
209,1410.750000000001 ms
209,1424.3500000000008 ms
209,1447.8500000000008 ms
209,1453.2000000000007 ms
209,1466.500000000001 ms
209,1515.1000000000004 ms
209,1533.750000000001 ms
209,1534.1500000000005 ms
209,1560.4000000000005 ms
209,1569.4500000000007 ms
209,1587.5500000000006 ms
209,1599.5000000000005 ms
209,1607.6000000000008 ms
209,1620.6500000000005 ms
209,1644.1000000000004 ms
209,1677.8500000000004 ms
209,1694.8000000000006 ms
209,1706.5000000000005 ms
209,1714.7500000000005 ms
209,1714.9500000000007 ms
209,1723.5500000000006 ms
209,1728.6500000000005 ms
209,1739.8000000000006 ms
209,1771.1500000000005 ms
209,1772.6500000000005 ms
209,1778.6500000000005 ms
209,1800.9000000000005 ms
209,1806.0500000000006 ms
209,1817.1500000000005 ms
209,1829.7500000000005 ms
209,1844.5500000000006 ms
209,1846.3500000000004 ms
209,1854.6500000000005 ms
209,1858.2000000000003 ms
209,1868.2500000000005 ms
209,1872.15 ms
209,1882.5500000000006 ms
209,1892.3000000000006 ms
209,1899.6000000000004 ms
209,1903.8500000000004 ms
209,1914.3000000000002 ms
209,1914.9000000000005 ms
209,1933.3500000000004 ms
209,1935.3500000000004 ms
209,1946.7000000000003 ms
209,1951.15 ms
209,1955.7500000000005 ms
209,1973.7500000000005 ms
209,1994.7500000000005 ms
209,2054.3 ms
209,2063.75 ms
209,2070.8500000000004 ms
209,2076.5499999999993 ms
209,2081.0499999999993 ms
209,2098.75 ms
209,2099.199999999999 ms
209,2111.0 ms
209,2114.0 ms
209,2126.5 ms
209,2157.2999999999993 ms
209,2168.7 ms
209,2173.2 ms
209,2198.0 ms
209,2198.1499999999996 ms
209,2228.25 ms
209,2286.95 ms
209,2287.1499999999996 ms
209,2288.0999999999995 ms
209,2308.3999999999996 ms
209,2322.7 ms
209,2336.45 ms
209,2344.0 ms
209,2356.25 ms
209,2378.3500000000004 ms
209,2379.2 ms
209,2396.3499999999995 ms
209,2432.5 ms
209,2455.8999999999996 ms
209,2479.55 ms
209,2492.8 ms
209,2515.0 ms
209,2524.3500000000004 ms
209,2538.1499999999996 ms
209,2539.3999999999996 ms
209,2593.05 ms
209,2623.3 ms
209,2624.8 ms
209,2628.7 ms
209,2633.45 ms
209,2643.05 ms
209,2654.3 ms
209,2662.1500000000005 ms
209,2663.8499999999995 ms
209,2683.8499999999995 ms
209,2685.9000000000005 ms
209,2704.3499999999995 ms
209,2711.05 ms
209,2726.249999999999 ms
209,2726.749999999999 ms
209,2739.55 ms
209,2748.3 ms
209,2783.3 ms
209,2799.3499999999995 ms
209,2809.0999999999995 ms
209,2815.8499999999995 ms
209,2816.5999999999995 ms
209,2823.3499999999995 ms
209,2840.25 ms
209,2851.3999999999996 ms
209,2852.55 ms
209,2855.05 ms
209,2861.8 ms
209,2862.45 ms
209,2868.1500000000005 ms
209,2886.4000000000005 ms
209,2887.8 ms
209,2904.7 ms
209,2925.250000000001 ms
209,2929.55 ms
209,2943.500000000001 ms
209,2971.1000000000004 ms
209,2996.8500000000004 ms
209,2997.6000000000004 ms
209,3001.3500000000004 ms
209,3028.3 ms
209,3042.2 ms
209,3057.9000000000005 ms
209,3060.4000000000005 ms
209,3061.0999999999995 ms
209,3071.3499999999995 ms
209,3079.4000000000005 ms
209,3081.05 ms
209,3088.9000000000005 ms
209,3090.25 ms
209,3118.8 ms
209,3119.4000000000005 ms
209,3129.1500000000005 ms
209,3133.8499999999995 ms
209,3153.6500000000005 ms
209,3157.1500000000005 ms
209,3162.95 ms
209,3177.7 ms
209,3212.1000000000004 ms
209,3248.4000000000005 ms
209,3283.9500000000007 ms
209,3286.1500000000005 ms
209,3327.3500000000004 ms
209,3345.8500000000004 ms
209,3374.75 ms
209,3383.9500000000007 ms
209,3387.7000000000007 ms
209,3388.3500000000004 ms
209,3395.3500000000004 ms
209,3400.6500000000005 ms
209,3406.6500000000005 ms
209,3421.3 ms
209,3426.2000000000007 ms
209,3437.4500000000007 ms
209,3446.6000000000004 ms
209,3465.500000000001 ms
209,3476.4000000000005 ms
209,3489.3500000000013 ms
209,3548.3500000000013 ms
209,3550.1000000000013 ms
209,3560.750000000001 ms
209,3572.000000000001 ms
209,3595.4500000000007 ms
209,3606.800000000001 ms
209,3626.6000000000004 ms
209,3641.550000000001 ms
209,3653.9500000000007 ms
209,3665.300000000001 ms
209,3692.050000000001 ms
209,3710.800000000001 ms
209,3720.1000000000004 ms
209,3745.500000000001 ms
209,3752.6500000000005 ms
209,3770.2000000000016 ms
209,3776.500000000001 ms
209,3819.6500000000015 ms
209,3934.550000000001 ms
209,3952.050000000001 ms
209,3971.250000000002 ms
209,3977.800000000001 ms
209,3991.7000000000016 ms
210,11.850000000000001 ms
210,40.6 ms
210,45.4 ms
210,58.6 ms
210,60.25000000000001 ms
210,94.80000000000001 ms
210,110.60000000000002 ms
210,114.0 ms
210,138.9 ms
210,162.30000000000004 ms
210,165.10000000000005 ms
210,166.05000000000004 ms
210,168.70000000000002 ms
210,191.35000000000005 ms
210,203.95000000000002 ms
210,204.4 ms
210,211.45000000000002 ms
210,231.70000000000002 ms
210,237.29999999999998 ms
210,243.70000000000002 ms
210,278.25 ms
210,299.75 ms
210,303.15 ms
210,305.35 ms
210,311.15 ms
210,332.25 ms
210,358.45000000000005 ms
210,370.75 ms
210,375.25 ms
210,384.4 ms
210,391.35 ms
210,408.1 ms
210,410.7499999999999 ms
210,415.04999999999995 ms
210,428.0999999999999 ms
210,432.75 ms
210,442.5999999999999 ms
210,447.9 ms
210,465.94999999999993 ms
210,473.35 ms
210,506.35 ms
210,522.8499999999998 ms
210,532.0499999999998 ms
210,552.6999999999999 ms
210,557.9499999999999 ms
210,560.0999999999998 ms
210,567.2499999999999 ms
210,614.0499999999998 ms
210,671.4499999999997 ms
210,681.1499999999997 ms
210,704.4 ms
210,747.7999999999998 ms
210,776.8499999999998 ms
210,826.5999999999998 ms
210,832.1999999999999 ms
210,857.4 ms
210,866.7499999999999 ms
210,872.2999999999998 ms
210,892.4499999999997 ms
210,905.3499999999998 ms
210,910.7999999999998 ms
210,916.4499999999997 ms
210,927.2499999999997 ms
210,929.6499999999997 ms
210,931.8499999999998 ms
210,936.2999999999998 ms
210,950.9999999999999 ms
210,960.1999999999999 ms
210,981.5999999999998 ms
210,983.1 ms
210,988.2499999999999 ms
210,991.3999999999997 ms
210,1009.0499999999998 ms
210,1009.2499999999999 ms
210,1015.7999999999998 ms
210,1023.8499999999998 ms
210,1043.1999999999998 ms
210,1051.6999999999998 ms
210,1065.1 ms
210,1074.35 ms
210,1103.35 ms
210,1111.2999999999997 ms
210,1120.0499999999997 ms
210,1123.25 ms
210,1126.1 ms
210,1145.4499999999998 ms
210,1161.6999999999998 ms
210,1162.25 ms
210,1182.4499999999998 ms
210,1193.5499999999997 ms
210,1194.9999999999995 ms
210,1207.4 ms
210,1211.65 ms
210,1226.65 ms
210,1233.7999999999997 ms
210,1266.1 ms
210,1269.4499999999998 ms
210,1287.6499999999996 ms
210,1291.25 ms
210,1328.0499999999997 ms
210,1330.9499999999998 ms
210,1339.3999999999996 ms
210,1357.0 ms
210,1359.75 ms
210,1360.75 ms
210,1365.2999999999997 ms
210,1387.3999999999996 ms
210,1388.9499999999998 ms
210,1394.1499999999996 ms
210,1396.8999999999996 ms
210,1407.2999999999997 ms
210,1418.9499999999998 ms
210,1427.85 ms
210,1428.25 ms
210,1433.0 ms
210,1433.9 ms
210,1440.35 ms
210,1456.65 ms
210,1459.0500000000002 ms
210,1482.65 ms
210,1495.0500000000002 ms
210,1512.1000000000004 ms
210,1512.3500000000004 ms
210,1519.9 ms
210,1538.5500000000002 ms
210,1539.5500000000002 ms
210,1546.65 ms
210,1573.0 ms
210,1597.25 ms
210,1599.75 ms
210,1606.0 ms
210,1615.0 ms
210,1622.0500000000002 ms
210,1624.5500000000002 ms
210,1645.75 ms
210,1651.6999999999998 ms
210,1658.6999999999998 ms
210,1665.4 ms
210,1683.15 ms
210,1693.4500000000003 ms
210,1697.6 ms
210,1728.4 ms
210,1731.8000000000002 ms
210,1751.3500000000004 ms
210,1757.75 ms
210,1763.1500000000005 ms
210,1768.4000000000005 ms
210,1770.5 ms
210,1775.5500000000002 ms
210,1786.1000000000004 ms
210,1815.6000000000004 ms
210,1825.0 ms
210,1834.1500000000005 ms
210,1835.5500000000002 ms
210,1836.5500000000002 ms
210,1839.8000000000002 ms
210,1864.9000000000005 ms
210,1908.9500000000003 ms
210,1912.4500000000003 ms
210,1917.65 ms
210,1955.9 ms
210,1965.15 ms
210,1972.15 ms
210,1978.4500000000003 ms
210,1978.6000000000004 ms
210,1981.1000000000004 ms
210,2007.6500000000005 ms
210,2009.6000000000004 ms
210,2010.5000000000005 ms
210,2022.5500000000006 ms
210,2033.4 ms
210,2048.4500000000003 ms
210,2054.5499999999997 ms
210,2086.2499999999995 ms
210,2096.7999999999997 ms
210,2107.0500000000006 ms
210,2109.0000000000005 ms
210,2114.2499999999995 ms
210,2117.1 ms
210,2125.7500000000005 ms
210,2127.5500000000006 ms
210,2141.4500000000003 ms
210,2152.15 ms
210,2161.4500000000003 ms
210,2172.0000000000005 ms
210,2177.5000000000005 ms
210,2178.4500000000003 ms
210,2182.5499999999997 ms
210,2224.65 ms
210,2239.8000000000006 ms
210,2244.65 ms
210,2247.15 ms
210,2263.5500000000006 ms
210,2267.5000000000005 ms
210,2269.65 ms
210,2274.35 ms
210,2279.9 ms
210,2280.1 ms
210,2302.2500000000005 ms
210,2319.85 ms
210,2326.2999999999997 ms
210,2338.7000000000003 ms
210,2365.4499999999994 ms
210,2368.1 ms
210,2387.7999999999997 ms
210,2396.9999999999995 ms
210,2418.15 ms
210,2427.4999999999995 ms
210,2433.7499999999995 ms
210,2435.6999999999994 ms
210,2440.649999999999 ms
210,2444.599999999999 ms
210,2475.349999999999 ms
210,2475.9999999999995 ms
210,2476.899999999999 ms
210,2478.7999999999997 ms
210,2543.049999999999 ms
210,2554.349999999999 ms
210,2559.1999999999994 ms
210,2579.2499999999995 ms
210,2586.7499999999995 ms
210,2600.4 ms
210,2612.7000000000003 ms
210,2630.4 ms
210,2649.149999999999 ms
210,2650.4499999999994 ms
210,2657.9500000000003 ms
210,2677.85 ms
210,2735.6999999999994 ms
210,2741.7999999999997 ms
210,2765.9999999999995 ms
210,2769.15 ms
210,2781.5499999999997 ms
210,2789.35 ms
210,2796.1 ms
210,2798.4 ms
210,2803.85 ms
210,2808.9 ms
210,2810.6 ms
210,2818.5000000000005 ms
210,2824.4500000000003 ms
210,2835.0499999999997 ms
210,2836.85 ms
210,2855.7999999999997 ms
210,2869.2499999999995 ms
210,2869.599999999999 ms
210,2874.35 ms
210,2884.2499999999995 ms
210,2888.099999999999 ms
210,2895.7499999999995 ms
210,2941.599999999999 ms
210,2968.1999999999994 ms
210,2987.2499999999995 ms
210,2992.7999999999997 ms
210,3046.2999999999997 ms
210,3081.7000000000003 ms
210,3121.7500000000005 ms
210,3189.1 ms
210,3196.4 ms
210,3224.15 ms
210,3228.1 ms
210,3245.35 ms
210,3284.4499999999994 ms
210,3286.149999999999 ms
210,3304.7999999999997 ms
210,3321.649999999999 ms
210,3327.65 ms
210,3341.4500000000003 ms
210,3353.15 ms
210,3363.35 ms
210,3368.65 ms
210,3382.2999999999997 ms
210,3394.85 ms
210,3433.5000000000005 ms
210,3434.9999999999995 ms
210,3435.4 ms
210,3447.4500000000003 ms
210,3467.100000000001 ms
210,3470.650000000001 ms
210,3482.0000000000005 ms
210,3496.7000000000003 ms
210,3509.0000000000005 ms
210,3511.400000000001 ms
210,3513.100000000001 ms
210,3521.35 ms
210,3590.350000000001 ms
210,3609.2000000000003 ms
210,3610.9 ms
210,3630.7000000000003 ms
210,3638.0000000000005 ms
210,3641.7000000000003 ms
210,3654.65 ms
210,3674.6 ms
210,3696.4499999999994 ms
210,3709.899999999999 ms
210,3731.0499999999997 ms
210,3745.9999999999995 ms
210,3761.4499999999994 ms
210,3768.2499999999995 ms
210,3775.4 ms
210,3786.35 ms
210,3796.4499999999994 ms
210,3798.35 ms
210,3812.2999999999997 ms
210,3822.2499999999995 ms
210,3835.4499999999994 ms
210,3837.7499999999995 ms
210,3879.2499999999986 ms
210,3881.549999999999 ms
210,3883.399999999999 ms
210,3886.399999999999 ms
210,3902.899999999999 ms
210,3919.2499999999986 ms
210,3923.4999999999995 ms
210,3924.2999999999997 ms
210,3959.2499999999995 ms
210,3959.5499999999997 ms
210,3960.7499999999995 ms
210,3964.599999999999 ms
210,3969.7499999999995 ms
210,3981.9999999999986 ms
210,3988.849999999999 ms
210,3992.849999999999 ms
211,5.550000000000001 ms
211,7.050000000000001 ms
211,63.650000000000006 ms
211,73.35 ms
211,87.45000000000002 ms
211,136.25000000000003 ms
211,138.20000000000002 ms
211,143.9 ms
211,175.80000000000004 ms
211,179.10000000000005 ms
211,194.90000000000006 ms
211,201.4 ms
211,215.15000000000006 ms
211,225.25000000000003 ms
211,247.25000000000003 ms
211,257.25 ms
211,257.6 ms
211,302.9 ms
211,307.5000000000001 ms
211,309.0000000000001 ms
211,388.30000000000007 ms
211,391.0000000000001 ms
211,406.0000000000001 ms
211,420.9 ms
211,445.65 ms
211,451.80000000000007 ms
211,452.4 ms
211,453.20000000000005 ms
211,464.45000000000005 ms
211,472.20000000000005 ms
211,490.1500000000001 ms
211,506.35 ms
211,507.95000000000005 ms
211,514.5 ms
211,514.9000000000001 ms
211,533.25 ms
211,560.1500000000001 ms
211,562.6999999999998 ms
211,562.8499999999999 ms
211,577.4499999999998 ms
211,592.75 ms
211,593.5999999999999 ms
211,595.05 ms
211,608.2 ms
211,656.7499999999998 ms
211,659.5999999999999 ms
211,665.8 ms
211,669.25 ms
211,695.3 ms
211,699.75 ms
211,702.95 ms
211,735.6500000000001 ms
211,737.6500000000001 ms
211,768.6000000000001 ms
211,804.6000000000001 ms
211,814.8000000000002 ms
211,830.4000000000001 ms
211,838.6000000000004 ms
211,845.9000000000001 ms
211,853.3000000000002 ms
211,857.9000000000001 ms
211,879.1000000000004 ms
211,902.8500000000004 ms
211,912.3500000000004 ms
211,925.7500000000002 ms
211,927.3000000000002 ms
211,938.6500000000001 ms
211,952.4500000000003 ms
211,957.6500000000001 ms
211,983.9000000000001 ms
211,1014.3500000000004 ms
211,1023.2500000000002 ms
211,1044.8 ms
211,1061.5500000000004 ms
211,1062.8500000000001 ms
211,1067.3500000000001 ms
211,1085.2500000000002 ms
211,1102.4000000000003 ms
211,1106.1000000000006 ms
211,1107.7000000000005 ms
211,1143.5500000000004 ms
211,1145.8500000000001 ms
211,1173.95 ms
211,1174.9000000000003 ms
211,1175.7500000000002 ms
211,1189.9999999999998 ms
211,1198.0999999999997 ms
211,1200.3500000000001 ms
211,1229.7500000000002 ms
211,1258.8 ms
211,1274.0000000000002 ms
211,1281.7499999999998 ms
211,1284.8999999999999 ms
211,1302.7499999999998 ms
211,1338.3499999999997 ms
211,1346.1499999999999 ms
211,1397.4999999999998 ms
211,1408.2499999999998 ms
211,1414.9999999999998 ms
211,1424.3499999999997 ms
211,1433.9499999999996 ms
211,1450.7499999999993 ms
211,1455.9499999999996 ms
211,1478.8499999999997 ms
211,1490.55 ms
211,1490.95 ms
211,1500.8 ms
211,1514.7499999999998 ms
211,1525.0999999999997 ms
211,1535.5999999999997 ms
211,1535.7499999999998 ms
211,1545.8999999999999 ms
211,1550.1499999999999 ms
211,1553.05 ms
211,1559.05 ms
211,1579.55 ms
211,1595.5999999999997 ms
211,1604.3 ms
211,1618.05 ms
211,1635.8999999999999 ms
211,1636.4499999999996 ms
211,1638.2999999999995 ms
211,1652.9499999999996 ms
211,1670.45 ms
211,1675.6000000000001 ms
211,1680.7 ms
211,1691.6000000000001 ms
211,1694.2500000000002 ms
211,1724.1000000000001 ms
211,1728.0000000000002 ms
211,1731.7499999999998 ms
211,1735.05 ms
211,1750.55 ms
211,1755.6499999999999 ms
211,1790.1499999999999 ms
211,1800.9499999999996 ms
211,1848.4999999999998 ms
211,1871.6499999999999 ms
211,1883.3999999999999 ms
211,1888.3 ms
211,1908.5999999999997 ms
211,1911.1999999999996 ms
211,1921.7499999999998 ms
211,1925.5499999999995 ms
211,1961.55 ms
211,1985.2 ms
211,1988.1499999999999 ms
211,2005.8 ms
211,2025.45 ms
211,2067.3500000000004 ms
211,2067.95 ms
211,2095.05 ms
211,2098.1499999999996 ms
211,2101.75 ms
211,2104.0499999999993 ms
211,2111.8500000000004 ms
211,2121.6000000000004 ms
211,2195.7999999999993 ms
211,2202.75 ms
211,2207.949999999999 ms
211,2211.5 ms
211,2242.699999999999 ms
211,2244.2999999999993 ms
211,2252.8499999999995 ms
211,2253.5999999999995 ms
211,2279.999999999999 ms
211,2286.749999999999 ms
211,2318.499999999999 ms
211,2325.8 ms
211,2333.3499999999995 ms
211,2340.9000000000005 ms
211,2355.55 ms
211,2366.3 ms
211,2376.3500000000004 ms
211,2378.6500000000005 ms
211,2392.9500000000007 ms
211,2394.4000000000005 ms
211,2412.3 ms
211,2425.05 ms
211,2465.9000000000005 ms
211,2467.7000000000007 ms
211,2496.7000000000007 ms
211,2500.300000000001 ms
211,2500.800000000001 ms
211,2527.4000000000005 ms
211,2531.500000000001 ms
211,2567.1500000000005 ms
211,2576.000000000001 ms
211,2594.3 ms
211,2622.000000000001 ms
211,2666.7 ms
211,2674.3500000000004 ms
211,2685.8500000000004 ms
211,2731.6000000000004 ms
211,2734.3 ms
211,2750.8 ms
211,2751.5 ms
211,2753.0 ms
211,2770.55 ms
211,2776.3500000000004 ms
211,2791.8500000000004 ms
211,2795.7000000000007 ms
211,2797.05 ms
211,2809.1500000000005 ms
211,2812.9000000000005 ms
211,2823.3499999999995 ms
211,2845.6500000000005 ms
211,2854.4000000000005 ms
211,2855.9000000000005 ms
211,2863.0 ms
211,2876.1499999999996 ms
211,2879.2000000000007 ms
211,2879.8500000000004 ms
211,2883.0 ms
211,2887.25 ms
211,2891.9500000000007 ms
211,2905.8500000000004 ms
211,2910.05 ms
211,2915.2 ms
211,2918.6500000000005 ms
211,2926.5 ms
211,2939.45 ms
211,2978.3 ms
211,2998.3499999999995 ms
211,3016.6500000000005 ms
211,3027.8 ms
211,3042.1000000000004 ms
211,3049.9500000000007 ms
211,3054.0 ms
211,3056.1500000000005 ms
211,3057.750000000001 ms
211,3058.3 ms
211,3059.250000000001 ms
211,3064.1500000000005 ms
211,3080.6500000000005 ms
211,3108.9000000000005 ms
211,3114.250000000001 ms
211,3132.3500000000004 ms
211,3144.05 ms
211,3157.9000000000005 ms
211,3221.4000000000005 ms
211,3225.25 ms
211,3248.2 ms
211,3254.6499999999996 ms
211,3261.2 ms
211,3267.1499999999996 ms
211,3352.8999999999996 ms
211,3361.45 ms
211,3378.3999999999996 ms
211,3395.2 ms
211,3408.5999999999995 ms
211,3436.5 ms
211,3444.5 ms
211,3454.1000000000004 ms
211,3473.2 ms
211,3505.6499999999996 ms
211,3505.75 ms
211,3522.8999999999996 ms
211,3531.8999999999996 ms
211,3556.5 ms
211,3560.5499999999993 ms
211,3582.95 ms
211,3598.25 ms
211,3615.6000000000004 ms
211,3627.3999999999996 ms
211,3656.9500000000007 ms
211,3671.2000000000007 ms
211,3693.1499999999996 ms
211,3710.55 ms
211,3714.9000000000005 ms
211,3725.6500000000005 ms
211,3727.2 ms
211,3735.45 ms
211,3744.45 ms
211,3750.7 ms
211,3752.55 ms
211,3777.05 ms
211,3807.0 ms
211,3810.8 ms
211,3817.55 ms
211,3821.0 ms
211,3840.0 ms
211,3852.7 ms
211,3874.6499999999996 ms
211,3878.6499999999996 ms
211,3893.2999999999993 ms
211,3913.7 ms
211,3916.8499999999995 ms
211,3920.5 ms
211,3968.3999999999996 ms
211,3970.1000000000004 ms
211,3986.6499999999996 ms
211,3988.1000000000004 ms
211,3997.45 ms
212,8.3 ms
212,14.100000000000001 ms
212,39.1 ms
212,46.050000000000004 ms
212,50.25000000000001 ms
212,61.00000000000001 ms
212,70.10000000000002 ms
212,72.65 ms
212,73.85 ms
212,82.35 ms
212,99.65 ms
212,112.85 ms
212,116.15 ms
212,121.05000000000001 ms
212,139.55 ms
212,159.3 ms
212,163.05 ms
212,163.3 ms
212,167.2 ms
212,168.15000000000003 ms
212,180.75 ms
212,182.45 ms
212,195.3 ms
212,199.2 ms
212,206.0 ms
212,253.05 ms
212,256.6 ms
212,257.25 ms
212,258.79999999999995 ms
212,259.0 ms
212,280.1 ms
212,288.20000000000005 ms
212,295.55000000000007 ms
212,316.1500000000001 ms
212,320.30000000000007 ms
212,324.20000000000005 ms
212,332.55000000000007 ms
212,352.4000000000001 ms
212,359.9000000000001 ms
212,368.60000000000014 ms
212,381.85000000000014 ms
212,386.1500000000001 ms
212,403.20000000000005 ms
212,404.45000000000005 ms
212,426.20000000000005 ms
212,449.95000000000005 ms
212,460.0500000000002 ms
212,464.8000000000002 ms
212,476.5500000000002 ms
212,486.6500000000001 ms
212,490.45000000000016 ms
212,507.10000000000014 ms
212,532.3500000000001 ms
212,539.3500000000001 ms
212,541.8000000000002 ms
212,550.3000000000002 ms
212,571.7000000000003 ms
212,575.4500000000003 ms
212,582.5500000000002 ms
212,588.6000000000001 ms
212,598.3500000000001 ms
212,615.5500000000002 ms
212,616.9000000000001 ms
212,628.6500000000001 ms
212,634.2500000000002 ms
212,640.1000000000001 ms
212,642.8000000000004 ms
212,647.6500000000003 ms
212,655.1000000000004 ms
212,686.4000000000003 ms
212,694.9000000000003 ms
212,697.5000000000002 ms
212,704.7500000000002 ms
212,708.4500000000005 ms
212,709.6500000000003 ms
212,716.5000000000005 ms
212,738.9500000000005 ms
212,746.8500000000006 ms
212,761.0500000000004 ms
212,767.5000000000007 ms
212,772.8500000000006 ms
212,774.9500000000005 ms
212,776.2000000000005 ms
212,793.8000000000006 ms
212,833.8500000000006 ms
212,837.2500000000007 ms
212,867.9500000000005 ms
212,888.8000000000006 ms
212,899.3000000000006 ms
212,923.2000000000007 ms
212,929.8500000000006 ms
212,955.2500000000007 ms
212,970.6000000000006 ms
212,972.0000000000007 ms
212,974.5500000000004 ms
212,991.1500000000005 ms
212,999.8500000000006 ms
212,1024.2000000000005 ms
212,1040.6000000000006 ms
212,1057.0500000000009 ms
212,1079.1000000000006 ms
212,1081.5500000000009 ms
212,1093.4000000000008 ms
212,1098.0500000000009 ms
212,1107.450000000001 ms
212,1114.4000000000008 ms
212,1135.0500000000009 ms
212,1139.6000000000006 ms
212,1139.7500000000007 ms
212,1141.7500000000011 ms
212,1142.100000000001 ms
212,1147.0000000000011 ms
212,1164.4000000000012 ms
212,1165.3000000000013 ms
212,1174.1500000000012 ms
212,1175.3000000000013 ms
212,1175.5500000000009 ms
212,1182.4000000000008 ms
212,1208.450000000001 ms
212,1221.200000000001 ms
212,1225.2500000000007 ms
212,1231.0500000000009 ms
212,1232.1000000000006 ms
212,1237.5000000000007 ms
212,1237.700000000001 ms
212,1242.200000000001 ms
212,1248.1500000000012 ms
212,1281.9000000000008 ms
212,1299.700000000001 ms
212,1335.950000000001 ms
212,1352.5000000000007 ms
212,1358.3500000000006 ms
212,1387.2000000000005 ms
212,1400.7500000000007 ms
212,1434.950000000001 ms
212,1449.2000000000005 ms
212,1461.450000000001 ms
212,1474.5000000000007 ms
212,1490.1500000000008 ms
212,1511.0000000000007 ms
212,1530.450000000001 ms
212,1532.6500000000008 ms
212,1536.1500000000008 ms
212,1547.350000000001 ms
212,1557.5000000000011 ms
212,1572.7500000000007 ms
212,1583.0500000000009 ms
212,1598.950000000001 ms
212,1628.350000000001 ms
212,1638.600000000001 ms
212,1655.100000000001 ms
212,1672.7500000000011 ms
212,1727.350000000001 ms
212,1730.450000000001 ms
212,1748.1500000000012 ms
212,1753.4000000000008 ms
212,1760.9000000000012 ms
212,1848.100000000001 ms
212,1851.950000000001 ms
212,1873.950000000001 ms
212,1876.5000000000007 ms
212,1884.3500000000006 ms
212,1889.9500000000005 ms
212,1893.7500000000007 ms
212,1898.1500000000008 ms
212,1898.9000000000008 ms
212,1900.100000000001 ms
212,1910.5000000000011 ms
212,1948.100000000001 ms
212,1958.3000000000009 ms
212,1960.1000000000006 ms
212,1973.5000000000007 ms
212,2009.5000000000011 ms
212,2025.4000000000012 ms
212,2038.8000000000013 ms
212,2046.4000000000012 ms
212,2053.1500000000005 ms
212,2073.9500000000016 ms
212,2081.500000000001 ms
212,2083.300000000002 ms
212,2088.500000000001 ms
212,2102.250000000001 ms
212,2103.9000000000015 ms
212,2109.050000000001 ms
212,2119.850000000002 ms
212,2135.9000000000015 ms
212,2137.2000000000025 ms
212,2143.800000000002 ms
212,2148.9000000000024 ms
212,2164.250000000002 ms
212,2178.250000000002 ms
212,2181.4500000000016 ms
212,2191.500000000002 ms
212,2222.350000000002 ms
212,2236.7000000000016 ms
212,2245.6500000000015 ms
212,2248.000000000002 ms
212,2283.8500000000013 ms
212,2291.4000000000015 ms
212,2317.3500000000013 ms
212,2317.4500000000016 ms
212,2317.750000000001 ms
212,2361.250000000001 ms
212,2364.3500000000013 ms
212,2367.000000000001 ms
212,2367.7000000000016 ms
212,2448.2000000000016 ms
212,2459.300000000001 ms
212,2467.1000000000013 ms
212,2467.6000000000013 ms
212,2478.2000000000016 ms
212,2497.1000000000013 ms
212,2498.7000000000016 ms
212,2504.2000000000016 ms
212,2510.300000000001 ms
212,2522.4500000000007 ms
212,2556.000000000002 ms
212,2575.9000000000015 ms
212,2593.8500000000013 ms
212,2604.9000000000015 ms
212,2648.800000000001 ms
212,2653.250000000002 ms
212,2654.3500000000013 ms
212,2661.4000000000015 ms
212,2670.1000000000013 ms
212,2672.4000000000015 ms
212,2673.9500000000016 ms
212,2684.050000000002 ms
212,2685.1000000000013 ms
212,2688.9500000000016 ms
212,2693.9000000000015 ms
212,2694.4000000000015 ms
212,2719.4000000000015 ms
212,2732.7000000000016 ms
212,2745.2000000000016 ms
212,2749.2000000000016 ms
212,2755.1500000000015 ms
212,2762.6000000000013 ms
212,2774.6000000000013 ms
212,2786.3500000000013 ms
212,2792.4000000000015 ms
212,2853.1500000000015 ms
212,2873.500000000002 ms
212,2880.2000000000007 ms
212,2883.050000000001 ms
212,2884.2000000000007 ms
212,2894.4500000000007 ms
212,2895.550000000001 ms
212,2903.9500000000007 ms
212,2922.1500000000015 ms
212,2933.9000000000015 ms
212,2944.9000000000015 ms
212,2967.6500000000015 ms
212,2995.550000000001 ms
212,3020.2000000000007 ms
212,3046.500000000002 ms
212,3065.300000000001 ms
212,3079.750000000002 ms
212,3080.7000000000007 ms
212,3094.8500000000013 ms
212,3107.8500000000013 ms
212,3200.6500000000015 ms
212,3220.9500000000016 ms
212,3242.6000000000013 ms
212,3244.1000000000013 ms
212,3254.6500000000024 ms
212,3274.550000000002 ms
212,3296.9500000000016 ms
212,3308.0000000000027 ms
212,3308.850000000002 ms
212,3326.550000000002 ms
212,3330.600000000002 ms
212,3365.1500000000024 ms
212,3370.050000000002 ms
212,3372.550000000002 ms
212,3382.1500000000024 ms
212,3386.1500000000024 ms
212,3389.850000000002 ms
212,3395.100000000002 ms
212,3402.9000000000024 ms
212,3417.4500000000025 ms
212,3417.850000000002 ms
212,3418.6500000000033 ms
212,3440.100000000002 ms
212,3459.1500000000033 ms
212,3472.7000000000025 ms
212,3513.9000000000033 ms
212,3526.850000000002 ms
212,3528.550000000003 ms
212,3533.500000000002 ms
212,3550.2000000000025 ms
212,3550.850000000002 ms
212,3565.250000000002 ms
212,3571.250000000002 ms
212,3623.1500000000024 ms
212,3636.050000000002 ms
212,3644.6500000000024 ms
212,3646.7500000000027 ms
212,3647.5000000000027 ms
212,3650.6500000000024 ms
212,3707.300000000002 ms
212,3746.550000000002 ms
212,3769.9000000000024 ms
212,3772.2500000000027 ms
212,3777.6500000000024 ms
212,3784.9500000000025 ms
212,3806.600000000002 ms
212,3807.100000000002 ms
212,3812.350000000002 ms
212,3821.1500000000033 ms
212,3831.7500000000027 ms
212,3835.300000000003 ms
212,3859.100000000003 ms
212,3866.1500000000033 ms
212,3874.050000000003 ms
212,3874.9000000000033 ms
212,3878.4000000000033 ms
212,3879.0000000000036 ms
212,3889.4000000000033 ms
212,3891.9500000000035 ms
212,3902.4000000000033 ms
212,3914.800000000003 ms
212,3929.350000000004 ms
212,3929.850000000004 ms
212,3934.7500000000036 ms
212,3934.9500000000035 ms
212,3939.800000000004 ms
212,3944.2000000000035 ms
212,3951.550000000004 ms
212,3952.1500000000033 ms
212,3956.300000000003 ms
212,3956.7500000000036 ms
212,3957.9500000000025 ms
212,3978.850000000003 ms
212,3982.6500000000033 ms
212,3994.600000000003 ms
213,5.7 ms
213,46.25000000000001 ms
213,47.300000000000004 ms
213,60.199999999999996 ms
213,70.95000000000002 ms
213,73.1 ms
213,73.95000000000002 ms
213,75.4 ms
213,79.30000000000001 ms
213,96.4 ms
213,102.45000000000002 ms
213,104.5 ms
213,111.35 ms
213,124.6 ms
213,150.94999999999996 ms
213,153.79999999999998 ms
213,158.89999999999995 ms
213,180.15 ms
213,188.24999999999997 ms
213,197.34999999999994 ms
213,197.49999999999997 ms
213,209.84999999999994 ms
213,211.44999999999996 ms
213,259.4 ms
213,266.85 ms
213,275.54999999999995 ms
213,277.4 ms
213,302.0 ms
213,305.25 ms
213,306.1 ms
213,368.65 ms
213,369.55000000000007 ms
213,393.19999999999993 ms
213,393.69999999999993 ms
213,430.15 ms
213,437.19999999999993 ms
213,437.5 ms
213,449.45000000000005 ms
213,491.29999999999995 ms
213,504.0 ms
213,511.95000000000005 ms
213,524.05 ms
213,527.3499999999999 ms
213,527.5999999999999 ms
213,536.0 ms
213,563.6999999999998 ms
213,576.55 ms
213,578.5999999999999 ms
213,579.25 ms
213,584.25 ms
213,597.6999999999998 ms
213,601.8 ms
213,611.5 ms
213,616.95 ms
213,653.25 ms
213,670.8499999999999 ms
213,680.3000000000002 ms
213,684.75 ms
213,696.4000000000001 ms
213,717.0500000000002 ms
213,723.75 ms
213,726.6000000000001 ms
213,735.8500000000001 ms
213,744.8500000000001 ms
213,751.5500000000002 ms
213,755.1500000000001 ms
213,761.6500000000001 ms
213,773.3000000000002 ms
213,774.4500000000003 ms
213,784.3500000000001 ms
213,789.7500000000002 ms
213,830.2 ms
213,850.3000000000002 ms
213,862.3500000000001 ms
213,872.8500000000001 ms
213,880.1000000000001 ms
213,885.2500000000002 ms
213,905.3 ms
213,910.95 ms
213,917.9000000000001 ms
213,921.6500000000001 ms
213,933.9000000000001 ms
213,939.8500000000001 ms
213,947.6000000000001 ms
213,976.5500000000002 ms
213,999.4000000000001 ms
213,1003.1500000000001 ms
213,1009.7500000000002 ms
213,1015.9500000000003 ms
213,1056.4 ms
213,1056.9500000000003 ms
213,1073.1000000000004 ms
213,1081.5500000000002 ms
213,1083.7500000000005 ms
213,1093.7000000000003 ms
213,1094.2000000000003 ms
213,1098.9500000000003 ms
213,1099.7500000000005 ms
213,1122.8500000000004 ms
213,1132.6500000000005 ms
213,1167.8000000000002 ms
213,1170.1500000000005 ms
213,1178.8000000000002 ms
213,1182.2000000000007 ms
213,1195.6000000000004 ms
213,1207.000000000001 ms
213,1213.9000000000005 ms
213,1223.1000000000008 ms
213,1224.000000000001 ms
213,1226.550000000001 ms
213,1236.8500000000008 ms
213,1237.750000000001 ms
213,1254.4500000000007 ms
213,1258.250000000001 ms
213,1311.250000000001 ms
213,1313.650000000001 ms
213,1314.150000000001 ms
213,1318.750000000001 ms
213,1326.500000000001 ms
213,1369.500000000001 ms
213,1379.400000000001 ms
213,1387.8500000000008 ms
213,1390.400000000001 ms
213,1423.2000000000012 ms
213,1436.5500000000006 ms
213,1439.150000000001 ms
213,1461.0500000000006 ms
213,1468.250000000001 ms
213,1489.000000000001 ms
213,1526.3500000000008 ms
213,1539.900000000001 ms
213,1543.150000000001 ms
213,1562.5500000000006 ms
213,1568.000000000001 ms
213,1568.7000000000007 ms
213,1570.6000000000013 ms
213,1572.800000000001 ms
213,1593.2000000000012 ms
213,1597.400000000001 ms
213,1600.900000000001 ms
213,1610.8500000000013 ms
213,1623.550000000001 ms
213,1623.9000000000015 ms
213,1624.8500000000013 ms
213,1650.800000000001 ms
213,1658.800000000001 ms
213,1681.550000000001 ms
213,1722.050000000001 ms
213,1726.550000000001 ms
213,1739.1500000000015 ms
213,1756.2000000000012 ms
213,1786.800000000001 ms
213,1786.9500000000012 ms
213,1787.1000000000013 ms
213,1801.800000000001 ms
213,1823.3500000000013 ms
213,1824.550000000001 ms
213,1854.6000000000013 ms
213,1891.1000000000013 ms
213,1894.4500000000012 ms
213,1904.550000000001 ms
213,1917.8500000000013 ms
213,1926.650000000001 ms
213,1949.3500000000008 ms
213,1960.3500000000008 ms
213,1969.7500000000014 ms
213,1979.400000000001 ms
213,1996.9500000000012 ms
213,2009.1000000000013 ms
213,2016.050000000001 ms
213,2024.050000000001 ms
213,2053.4000000000015 ms
213,2064.1500000000015 ms
213,2077.550000000001 ms
213,2077.800000000001 ms
213,2141.1500000000015 ms
213,2148.050000000001 ms
213,2150.6500000000015 ms
213,2167.550000000001 ms
213,2167.9500000000016 ms
213,2186.250000000002 ms
213,2201.1500000000015 ms
213,2207.550000000002 ms
213,2219.050000000002 ms
213,2219.4500000000016 ms
213,2230.300000000002 ms
213,2241.000000000002 ms
213,2270.550000000002 ms
213,2278.550000000002 ms
213,2284.800000000002 ms
213,2293.100000000002 ms
213,2300.800000000002 ms
213,2315.550000000002 ms
213,2325.850000000002 ms
213,2332.800000000002 ms
213,2346.9000000000024 ms
213,2371.4500000000016 ms
213,2376.5000000000027 ms
213,2408.350000000002 ms
213,2409.800000000002 ms
213,2420.600000000002 ms
213,2429.850000000002 ms
213,2445.300000000002 ms
213,2457.1500000000024 ms
213,2470.000000000002 ms
213,2476.100000000002 ms
213,2494.850000000002 ms
213,2508.4500000000016 ms
213,2529.8500000000013 ms
213,2531.1000000000013 ms
213,2535.500000000002 ms
213,2583.050000000002 ms
213,2592.9000000000024 ms
213,2594.9000000000024 ms
213,2629.3500000000013 ms
213,2636.800000000002 ms
213,2647.1000000000013 ms
213,2649.500000000002 ms
213,2676.100000000002 ms
213,2693.4500000000016 ms
213,2699.1000000000013 ms
213,2705.8500000000013 ms
213,2739.4000000000024 ms
213,2743.2000000000016 ms
213,2763.300000000002 ms
213,2769.050000000002 ms
213,2790.6500000000024 ms
213,2816.800000000002 ms
213,2839.4000000000024 ms
213,2870.9500000000016 ms
213,2873.2000000000016 ms
213,2889.4500000000016 ms
213,2904.050000000002 ms
213,2932.300000000002 ms
213,2934.9000000000024 ms
213,2979.4500000000016 ms
213,2996.4500000000016 ms
213,3002.600000000002 ms
213,3006.800000000002 ms
213,3029.500000000002 ms
213,3035.500000000002 ms
213,3041.4500000000016 ms
213,3044.050000000002 ms
213,3044.550000000002 ms
213,3046.000000000001 ms
213,3049.9000000000015 ms
213,3055.4000000000015 ms
213,3096.000000000002 ms
213,3107.050000000001 ms
213,3108.050000000001 ms
213,3113.350000000002 ms
213,3116.050000000001 ms
213,3116.4500000000016 ms
213,3154.3500000000013 ms
213,3173.500000000002 ms
213,3181.4500000000016 ms
213,3188.1000000000013 ms
213,3190.550000000002 ms
213,3193.300000000002 ms
213,3212.300000000002 ms
213,3226.8500000000013 ms
213,3251.2000000000016 ms
213,3274.8500000000013 ms
213,3280.550000000002 ms
213,3285.4500000000016 ms
213,3291.050000000002 ms
213,3309.9000000000015 ms
213,3319.3500000000013 ms
213,3325.1000000000013 ms
213,3325.3500000000013 ms
213,3349.800000000001 ms
213,3352.9500000000007 ms
213,3366.7000000000007 ms
213,3384.3500000000013 ms
213,3412.050000000001 ms
213,3448.300000000001 ms
213,3451.800000000001 ms
213,3452.2000000000007 ms
213,3460.6500000000015 ms
213,3471.4000000000015 ms
213,3488.1500000000015 ms
213,3528.000000000001 ms
213,3528.2000000000007 ms
213,3549.500000000001 ms
213,3563.9000000000005 ms
213,3567.250000000001 ms
213,3590.1000000000013 ms
213,3595.4000000000005 ms
213,3658.9500000000016 ms
213,3659.050000000001 ms
213,3659.9500000000007 ms
213,3665.8500000000013 ms
213,3668.2000000000016 ms
213,3672.9500000000016 ms
213,3690.1500000000005 ms
213,3723.1500000000005 ms
213,3735.6000000000013 ms
213,3736.500000000001 ms
213,3770.6000000000013 ms
213,3787.4000000000005 ms
213,3791.2000000000016 ms
213,3793.4500000000016 ms
213,3859.8500000000013 ms
213,3861.300000000001 ms
213,3876.000000000001 ms
213,3883.500000000001 ms
213,3884.4000000000005 ms
213,3885.000000000001 ms
213,3895.1000000000013 ms
213,3910.500000000001 ms
213,3919.4500000000007 ms
213,3921.6000000000004 ms
213,3945.1500000000015 ms
213,3958.9000000000015 ms
213,3970.8500000000004 ms
213,3972.3500000000004 ms
213,3996.4500000000007 ms
214,7.3500000000000005 ms
214,10.95 ms
214,27.3 ms
214,33.60000000000001 ms
214,45.60000000000001 ms
214,76.10000000000001 ms
214,77.89999999999999 ms
214,98.15000000000002 ms
214,102.64999999999999 ms
214,125.49999999999999 ms
214,132.0 ms
214,134.85000000000002 ms
214,149.75 ms
214,155.45 ms
214,160.34999999999997 ms
214,176.5 ms
214,178.64999999999998 ms
214,187.5 ms
214,188.2 ms
214,190.84999999999997 ms
214,212.3 ms
214,223.40000000000003 ms
214,244.7 ms
214,252.2 ms
214,262.50000000000006 ms
214,306.2 ms
214,313.6499999999999 ms
214,329.40000000000003 ms
214,331.34999999999997 ms
214,384.2 ms
214,396.3999999999999 ms
214,397.95 ms
214,442.6499999999999 ms
214,462.09999999999997 ms
214,465.95 ms
214,470.1499999999999 ms
214,488.99999999999994 ms
214,496.59999999999997 ms
214,524.8500000000001 ms
214,555.1000000000001 ms
214,562.7 ms
214,564.1500000000001 ms
214,594.9000000000001 ms
214,605.0 ms
214,612.9000000000001 ms
214,621.6000000000001 ms
214,635.3500000000001 ms
214,651.0000000000002 ms
214,655.6000000000001 ms
214,676.9000000000001 ms
214,699.0 ms
214,723.3500000000001 ms
214,756.5500000000002 ms
214,772.7000000000003 ms
214,780.5500000000002 ms
214,781.6000000000001 ms
214,784.45 ms
214,788.45 ms
214,792.45 ms
214,793.1500000000003 ms
214,802.5000000000002 ms
214,811.9000000000003 ms
214,847.1000000000001 ms
214,860.5500000000004 ms
214,896.5500000000004 ms
214,927.9000000000003 ms
214,933.6500000000003 ms
214,955.4500000000003 ms
214,957.2000000000003 ms
214,961.5000000000002 ms
214,983.2500000000002 ms
214,984.6000000000001 ms
214,1036.1500000000003 ms
214,1040.5500000000004 ms
214,1044.4500000000005 ms
214,1053.1000000000006 ms
214,1054.4500000000005 ms
214,1057.5500000000004 ms
214,1058.8500000000001 ms
214,1078.1000000000006 ms
214,1086.0000000000007 ms
214,1111.9500000000005 ms
214,1121.8000000000004 ms
214,1143.3000000000004 ms
214,1199.3500000000001 ms
214,1238.3000000000004 ms
214,1240.5000000000007 ms
214,1260.2000000000005 ms
214,1276.7000000000005 ms
214,1325.3000000000004 ms
214,1339.2500000000007 ms
214,1339.6000000000006 ms
214,1344.6000000000001 ms
214,1345.6000000000006 ms
214,1353.7500000000007 ms
214,1359.4000000000008 ms
214,1364.2500000000007 ms
214,1370.4500000000005 ms
214,1406.3500000000006 ms
214,1410.1000000000006 ms
214,1421.6000000000006 ms
214,1441.6500000000003 ms
214,1476.9000000000008 ms
214,1480.2000000000005 ms
214,1487.9000000000008 ms
214,1492.3500000000006 ms
214,1502.2500000000007 ms
214,1516.1500000000008 ms
214,1521.600000000001 ms
214,1525.450000000001 ms
214,1529.600000000001 ms
214,1531.3500000000006 ms
214,1551.9000000000008 ms
214,1568.5500000000009 ms
214,1585.700000000001 ms
214,1587.100000000001 ms
214,1593.2500000000011 ms
214,1598.8000000000009 ms
214,1616.950000000001 ms
214,1624.4000000000012 ms
214,1635.5000000000011 ms
214,1658.3000000000009 ms
214,1685.9000000000008 ms
214,1703.950000000001 ms
214,1717.2500000000007 ms
214,1719.0000000000011 ms
214,1730.1500000000012 ms
214,1738.9000000000008 ms
214,1739.8000000000009 ms
214,1740.350000000001 ms
214,1750.3000000000013 ms
214,1764.3000000000009 ms
214,1779.3000000000013 ms
214,1790.850000000001 ms
214,1796.700000000001 ms
214,1806.0500000000009 ms
214,1814.3000000000009 ms
214,1823.0000000000011 ms
214,1824.350000000001 ms
214,1830.5000000000011 ms
214,1839.7500000000007 ms
214,1848.1500000000008 ms
214,1848.7500000000007 ms
214,1876.0500000000009 ms
214,1919.700000000001 ms
214,1921.3000000000009 ms
214,1925.5000000000011 ms
214,1945.700000000001 ms
214,1947.100000000001 ms
214,1951.200000000001 ms
214,1982.700000000001 ms
214,2011.3000000000009 ms
214,2021.700000000001 ms
214,2033.8000000000009 ms
214,2048.4000000000005 ms
214,2062.300000000001 ms
214,2072.300000000001 ms
214,2091.1500000000015 ms
214,2098.050000000001 ms
214,2122.800000000001 ms
214,2124.800000000001 ms
214,2130.4500000000007 ms
214,2132.000000000002 ms
214,2137.250000000002 ms
214,2141.2000000000007 ms
214,2150.250000000002 ms
214,2152.4500000000007 ms
214,2179.1500000000015 ms
214,2193.550000000001 ms
214,2198.6500000000015 ms
214,2211.750000000001 ms
214,2238.550000000001 ms
214,2241.4000000000015 ms
214,2258.750000000001 ms
214,2269.4000000000005 ms
214,2270.9500000000016 ms
214,2281.750000000001 ms
214,2307.000000000001 ms
214,2307.7000000000016 ms
214,2320.800000000001 ms
214,2322.050000000001 ms
214,2323.7000000000007 ms
214,2329.7000000000007 ms
214,2340.000000000002 ms
214,2342.800000000001 ms
214,2361.4500000000016 ms
214,2370.300000000002 ms
214,2371.6000000000013 ms
214,2383.050000000002 ms
214,2390.300000000002 ms
214,2391.750000000001 ms
214,2405.550000000002 ms
214,2418.300000000002 ms
214,2431.9000000000015 ms
214,2438.000000000002 ms
214,2439.6500000000015 ms
214,2448.750000000002 ms
214,2452.800000000001 ms
214,2453.4500000000016 ms
214,2469.050000000002 ms
214,2474.250000000001 ms
214,2475.8500000000013 ms
214,2478.6500000000015 ms
214,2479.1000000000013 ms
214,2479.9000000000015 ms
214,2484.800000000001 ms
214,2514.100000000002 ms
214,2520.300000000001 ms
214,2541.4000000000015 ms
214,2543.8500000000013 ms
214,2546.000000000001 ms
214,2557.8500000000013 ms
214,2564.550000000001 ms
214,2592.7000000000007 ms
214,2610.800000000001 ms
214,2625.8500000000013 ms
214,2635.250000000001 ms
214,2650.250000000001 ms
214,2667.2000000000016 ms
214,2712.750000000001 ms
214,2731.9000000000015 ms
214,2742.500000000002 ms
214,2758.2000000000007 ms
214,2764.9000000000015 ms
214,2769.4000000000015 ms
214,2780.3500000000004 ms
214,2783.250000000001 ms
214,2784.9500000000007 ms
214,2802.050000000001 ms
214,2839.300000000001 ms
214,2859.6500000000005 ms
214,2879.500000000001 ms
214,2880.4000000000005 ms
214,2883.4000000000005 ms
214,2885.1500000000005 ms
214,2886.250000000001 ms
214,2917.45 ms
214,2921.000000000001 ms
214,2927.3 ms
214,2952.8500000000013 ms
214,2954.2000000000007 ms
214,2954.6000000000004 ms
214,2990.000000000001 ms
214,2992.4000000000005 ms
214,3013.7000000000016 ms
214,3033.1500000000005 ms
214,3047.8500000000013 ms
214,3052.4000000000005 ms
214,3070.1500000000005 ms
214,3077.4000000000005 ms
214,3085.4000000000005 ms
214,3097.6500000000005 ms
214,3098.7000000000016 ms
214,3104.3500000000013 ms
214,3119.6500000000015 ms
214,3122.1000000000013 ms
214,3127.1500000000015 ms
214,3127.7000000000016 ms
214,3137.1000000000013 ms
214,3157.3500000000013 ms
214,3160.2000000000016 ms
214,3164.750000000002 ms
214,3166.4000000000015 ms
214,3166.750000000002 ms
214,3167.4000000000015 ms
214,3192.300000000002 ms
214,3201.000000000002 ms
214,3201.6500000000015 ms
214,3202.350000000002 ms
214,3209.7000000000016 ms
214,3231.3500000000013 ms
214,3233.000000000002 ms
214,3235.500000000002 ms
214,3246.4000000000015 ms
214,3276.550000000002 ms
214,3278.7000000000016 ms
214,3281.4000000000024 ms
214,3307.1500000000024 ms
214,3311.1000000000013 ms
214,3355.550000000002 ms
214,3391.6500000000015 ms
214,3403.6500000000015 ms
214,3404.9000000000015 ms
214,3437.000000000002 ms
214,3449.500000000002 ms
214,3462.800000000001 ms
214,3497.9000000000015 ms
214,3508.9500000000016 ms
214,3514.1500000000015 ms
214,3520.800000000001 ms
214,3524.100000000002 ms
214,3559.750000000002 ms
214,3588.750000000002 ms
214,3593.6500000000015 ms
214,3605.500000000002 ms
214,3606.600000000002 ms
214,3611.4500000000016 ms
214,3612.800000000002 ms
214,3637.550000000002 ms
214,3639.300000000002 ms
214,3656.6000000000013 ms
214,3666.750000000002 ms
214,3687.550000000002 ms
214,3693.000000000002 ms
214,3697.100000000002 ms
214,3697.9500000000016 ms
214,3703.500000000002 ms
214,3706.350000000002 ms
214,3731.100000000002 ms
214,3744.000000000002 ms
214,3746.600000000002 ms
214,3760.600000000002 ms
214,3767.500000000002 ms
214,3768.7000000000016 ms
214,3786.6000000000013 ms
214,3800.2000000000016 ms
214,3801.050000000002 ms
214,3801.1500000000015 ms
214,3813.4500000000016 ms
214,3818.3500000000013 ms
214,3824.800000000002 ms
214,3831.6000000000013 ms
214,3834.9000000000024 ms
214,3851.6500000000024 ms
214,3869.2000000000016 ms
214,3880.2000000000016 ms
214,3907.7000000000016 ms
214,3909.4500000000016 ms
214,3915.1500000000024 ms
214,3924.750000000002 ms
214,3938.800000000002 ms
214,3942.7000000000016 ms
214,3961.2000000000016 ms
214,3961.550000000002 ms
214,3966.000000000002 ms
214,3967.350000000002 ms
214,3968.7000000000016 ms
215,7.4 ms
215,12.4 ms
215,13.550000000000002 ms
215,31.450000000000003 ms
215,31.950000000000003 ms
215,38.0 ms
215,41.7 ms
215,43.25 ms
215,44.3 ms
215,57.2 ms
215,79.8 ms
215,91.64999999999999 ms
215,111.90000000000002 ms
215,146.55 ms
215,147.2 ms
215,155.3 ms
215,163.0 ms
215,168.25 ms
215,172.5 ms
215,215.55 ms
215,223.40000000000003 ms
215,235.95 ms
215,250.55 ms
215,253.10000000000002 ms
215,254.5 ms
215,261.25 ms
215,281.1 ms
215,295.4 ms
215,300.0000000000001 ms
215,307.20000000000005 ms
215,318.1500000000001 ms
215,320.35 ms
215,326.30000000000007 ms
215,330.4 ms
215,345.55000000000007 ms
215,360.9 ms
215,367.1 ms
215,369.6 ms
215,379.85 ms
215,390.5 ms
215,391.45000000000005 ms
215,415.25 ms
215,417.75 ms
215,427.4 ms
215,428.65 ms
215,431.6 ms
215,459.15 ms
215,466.75 ms
215,474.35 ms
215,483.4 ms
215,485.2500000000001 ms
215,515.1500000000001 ms
215,529.0 ms
215,538.8000000000002 ms
215,569.3000000000002 ms
215,576.6500000000001 ms
215,577.4000000000001 ms
215,581.4000000000001 ms
215,593.75 ms
215,599.5 ms
215,606.0 ms
215,609.4000000000001 ms
215,619.3000000000002 ms
215,640.7 ms
215,644.9000000000001 ms
215,647.45 ms
215,648.0 ms
215,649.6500000000001 ms
215,656.0 ms
215,663.9000000000001 ms
215,703.8 ms
215,709.6499999999999 ms
215,727.8500000000001 ms
215,728.3500000000001 ms
215,745.8999999999999 ms
215,753.95 ms
215,756.2 ms
215,762.9999999999998 ms
215,799.55 ms
215,811.1499999999999 ms
215,820.3999999999999 ms
215,834.7499999999998 ms
215,855.95 ms
215,882.2499999999998 ms
215,895.95 ms
215,902.2499999999998 ms
215,940.6499999999999 ms
215,942.6499999999999 ms
215,955.7499999999998 ms
215,958.05 ms
215,968.1499999999999 ms
215,968.3499999999999 ms
215,992.5999999999999 ms
215,998.0999999999999 ms
215,1013.25 ms
215,1018.1999999999998 ms
215,1023.4000000000001 ms
215,1023.5999999999999 ms
215,1051.2999999999997 ms
215,1052.0499999999997 ms
215,1062.6 ms
215,1073.0 ms
215,1094.1 ms
215,1103.5499999999997 ms
215,1111.2999999999997 ms
215,1119.6 ms
215,1166.25 ms
215,1194.9499999999998 ms
215,1195.1999999999998 ms
215,1199.9 ms
215,1200.35 ms
215,1226.1 ms
215,1231.9 ms
215,1250.8000000000002 ms
215,1278.4500000000003 ms
215,1297.6000000000004 ms
215,1303.2000000000003 ms
215,1318.15 ms
215,1337.3500000000004 ms
215,1349.7500000000005 ms
215,1409.6000000000004 ms
215,1418.7500000000005 ms
215,1434.3000000000006 ms
215,1464.5500000000006 ms
215,1467.2000000000003 ms
215,1469.8000000000006 ms
215,1471.2000000000003 ms
215,1504.3000000000006 ms
215,1511.7500000000005 ms
215,1536.6000000000004 ms
215,1540.8000000000002 ms
215,1545.0500000000002 ms
215,1556.9500000000007 ms
215,1565.0500000000002 ms
215,1579.3500000000004 ms
215,1623.8000000000002 ms
215,1648.3500000000004 ms
215,1660.4500000000003 ms
215,1667.6000000000004 ms
215,1677.3500000000004 ms
215,1688.9500000000003 ms
215,1709.8500000000004 ms
215,1721.1500000000005 ms
215,1736.6500000000005 ms
215,1743.8500000000004 ms
215,1746.5500000000002 ms
215,1753.9500000000007 ms
215,1760.2500000000005 ms
215,1764.4000000000005 ms
215,1764.9000000000005 ms
215,1772.7000000000007 ms
215,1776.9500000000007 ms
215,1782.6000000000004 ms
215,1792.500000000001 ms
215,1794.500000000001 ms
215,1795.9000000000005 ms
215,1806.1500000000005 ms
215,1824.4500000000007 ms
215,1824.750000000001 ms
215,1827.2000000000007 ms
215,1849.3500000000008 ms
215,1857.900000000001 ms
215,1875.8500000000008 ms
215,1901.150000000001 ms
215,1907.5000000000005 ms
215,1915.1000000000008 ms
215,1915.3000000000006 ms
215,1916.1000000000008 ms
215,1924.2000000000003 ms
215,1937.7500000000005 ms
215,1944.5000000000005 ms
215,1950.4500000000003 ms
215,1957.6500000000005 ms
215,1987.0500000000006 ms
215,1996.2000000000007 ms
215,2008.2000000000007 ms
215,2082.5500000000006 ms
215,2090.850000000001 ms
215,2094.9500000000003 ms
215,2106.7500000000005 ms
215,2107.0000000000014 ms
215,2108.950000000001 ms
215,2129.3000000000006 ms
215,2176.850000000001 ms
215,2180.2500000000014 ms
215,2185.600000000001 ms
215,2200.5500000000006 ms
215,2222.15 ms
215,2235.7500000000005 ms
215,2236.6 ms
215,2243.15 ms
215,2268.400000000001 ms
215,2275.100000000001 ms
215,2288.3000000000006 ms
215,2288.7999999999997 ms
215,2289.7000000000003 ms
215,2299.0499999999997 ms
215,2310.9 ms
215,2329.8000000000006 ms
215,2329.9500000000003 ms
215,2343.7999999999997 ms
215,2348.6 ms
215,2356.5499999999997 ms
215,2357.7000000000003 ms
215,2377.850000000001 ms
215,2404.4500000000003 ms
215,2404.850000000001 ms
215,2418.6 ms
215,2425.7500000000005 ms
215,2449.400000000001 ms
215,2454.8000000000006 ms
215,2456.950000000001 ms
215,2496.8000000000006 ms
215,2498.5500000000006 ms
215,2513.5500000000006 ms
215,2523.8000000000006 ms
215,2546.3000000000006 ms
215,2558.5500000000006 ms
215,2565.350000000001 ms
215,2567.150000000001 ms
215,2581.0500000000015 ms
215,2583.7500000000014 ms
215,2593.100000000001 ms
215,2600.650000000001 ms
215,2602.600000000001 ms
215,2613.350000000001 ms
215,2618.8000000000006 ms
215,2634.950000000001 ms
215,2657.3000000000006 ms
215,2668.0000000000005 ms
215,2696.0000000000005 ms
215,2700.3000000000006 ms
215,2707.450000000001 ms
215,2719.3000000000006 ms
215,2719.950000000001 ms
215,2727.650000000001 ms
215,2739.5500000000006 ms
215,2748.350000000001 ms
215,2758.4500000000003 ms
215,2769.0000000000005 ms
215,2769.400000000001 ms
215,2773.3000000000015 ms
215,2780.1000000000017 ms
215,2788.900000000002 ms
215,2792.400000000001 ms
215,2826.350000000001 ms
215,2826.7500000000014 ms
215,2828.900000000002 ms
215,2841.6000000000017 ms
215,2843.0500000000015 ms
215,2851.7500000000014 ms
215,2860.700000000001 ms
215,2868.2000000000003 ms
215,2886.5000000000005 ms
215,2887.8000000000006 ms
215,2909.150000000001 ms
215,2961.600000000001 ms
215,2964.150000000001 ms
215,2969.3000000000015 ms
215,2969.8500000000017 ms
215,2971.3000000000015 ms
215,3012.200000000001 ms
215,3029.0000000000014 ms
215,3032.0500000000015 ms
215,3032.700000000002 ms
215,3037.2500000000023 ms
215,3068.700000000002 ms
215,3095.7500000000023 ms
215,3125.400000000002 ms
215,3147.5000000000014 ms
215,3163.450000000001 ms
215,3195.7500000000014 ms
215,3204.3500000000017 ms
215,3213.5500000000015 ms
215,3222.5000000000014 ms
215,3256.700000000001 ms
215,3261.150000000001 ms
215,3267.0000000000005 ms
215,3284.600000000001 ms
215,3286.0000000000014 ms
215,3291.850000000001 ms
215,3301.9500000000003 ms
215,3320.3000000000006 ms
215,3332.600000000001 ms
215,3352.400000000001 ms
215,3362.200000000001 ms
215,3385.3000000000006 ms
215,3392.400000000001 ms
215,3410.400000000001 ms
215,3411.100000000001 ms
215,3414.0500000000006 ms
215,3421.350000000001 ms
215,3428.2500000000014 ms
215,3428.350000000001 ms
215,3446.0000000000014 ms
215,3450.0000000000005 ms
215,3454.150000000001 ms
215,3454.700000000001 ms
215,3457.0500000000006 ms
215,3460.5000000000005 ms
215,3462.5000000000014 ms
215,3465.700000000001 ms
215,3477.7500000000014 ms
215,3490.5000000000005 ms
215,3501.5500000000006 ms
215,3506.650000000001 ms
215,3526.450000000001 ms
215,3533.450000000001 ms
215,3534.950000000001 ms
215,3539.2500000000014 ms
215,3540.0500000000015 ms
215,3540.8000000000015 ms
215,3546.700000000002 ms
215,3559.3000000000015 ms
215,3595.5500000000015 ms
215,3598.3500000000017 ms
215,3599.3000000000015 ms
215,3605.950000000002 ms
215,3645.400000000002 ms
215,3647.5000000000014 ms
215,3678.100000000001 ms
215,3688.8500000000017 ms
215,3693.3000000000015 ms
215,3720.8000000000006 ms
215,3738.950000000001 ms
215,3742.5000000000014 ms
215,3759.200000000001 ms
215,3770.450000000001 ms
215,3781.2500000000014 ms
215,3797.450000000001 ms
215,3820.900000000001 ms
215,3830.350000000001 ms
215,3885.2000000000003 ms
215,3886.950000000001 ms
215,3887.850000000001 ms
215,3931.150000000001 ms
215,3944.650000000001 ms
215,3952.200000000001 ms
215,3997.700000000001 ms
215,3998.150000000001 ms
216,5.050000000000001 ms
216,24.35 ms
216,25.5 ms
216,44.75 ms
216,49.55 ms
216,68.6 ms
216,88.4 ms
216,134.14999999999998 ms
216,151.29999999999995 ms
216,152.95 ms
216,161.64999999999998 ms
216,179.45 ms
216,191.59999999999997 ms
216,194.15000000000003 ms
216,220.95 ms
216,229.10000000000002 ms
216,236.15000000000003 ms
216,239.35000000000002 ms
216,252.25 ms
216,266.45000000000005 ms
216,315.85 ms
216,318.0 ms
216,324.29999999999995 ms
216,349.6500000000001 ms
216,362.70000000000005 ms
216,390.80000000000007 ms
216,400.7500000000001 ms
216,408.80000000000007 ms
216,412.35 ms
216,421.30000000000007 ms
216,424.0000000000001 ms
216,431.15 ms
216,437.05000000000007 ms
216,461.94999999999993 ms
216,465.0 ms
216,477.0 ms
216,491.70000000000005 ms
216,508.0999999999999 ms
216,511.25 ms
216,531.55 ms
216,578.0 ms
216,578.75 ms
216,590.5 ms
216,603.05 ms
216,606.6499999999999 ms
216,608.5 ms
216,618.4000000000001 ms
216,630.8499999999999 ms
216,643.5500000000002 ms
216,649.0999999999999 ms
216,649.9000000000001 ms
216,677.5 ms
216,690.6500000000001 ms
216,775.1500000000001 ms
216,802.75 ms
216,817.3 ms
216,822.8999999999999 ms
216,823.6499999999999 ms
216,832.3999999999999 ms
216,842.2 ms
216,870.05 ms
216,871.8499999999999 ms
216,872.4499999999998 ms
216,879.5999999999999 ms
216,891.8999999999999 ms
216,895.4499999999998 ms
216,895.9999999999998 ms
216,897.1499999999999 ms
216,906.9499999999996 ms
216,929.1999999999996 ms
216,939.2499999999998 ms
216,943.8999999999996 ms
216,944.9499999999996 ms
216,956.7499999999995 ms
216,968.1999999999996 ms
216,980.5999999999997 ms
216,981.2499999999995 ms
216,987.4499999999996 ms
216,1002.4499999999996 ms
216,1013.8999999999996 ms
216,1035.4999999999995 ms
216,1036.3999999999996 ms
216,1055.1499999999996 ms
216,1076.0999999999995 ms
216,1090.3999999999996 ms
216,1094.7499999999995 ms
216,1102.4499999999994 ms
216,1103.35 ms
216,1107.7999999999997 ms
216,1110.4999999999995 ms
216,1112.4499999999998 ms
216,1180.0 ms
216,1191.9499999999998 ms
216,1199.5499999999997 ms
216,1233.7499999999995 ms
216,1246.85 ms
216,1258.2499999999995 ms
216,1262.35 ms
216,1267.0499999999997 ms
216,1280.3999999999996 ms
216,1301.2499999999995 ms
216,1320.5499999999997 ms
216,1331.0999999999995 ms
216,1358.1999999999994 ms
216,1376.0999999999995 ms
216,1427.7999999999993 ms
216,1432.1999999999998 ms
216,1433.5999999999995 ms
216,1434.6499999999996 ms
216,1440.4999999999995 ms
216,1447.5499999999997 ms
216,1474.4999999999995 ms
216,1495.9999999999995 ms
216,1504.2499999999995 ms
216,1510.5499999999997 ms
216,1551.0499999999997 ms
216,1565.4499999999994 ms
216,1571.1999999999994 ms
216,1586.1 ms
216,1610.9999999999995 ms
216,1615.85 ms
216,1617.0499999999997 ms
216,1620.1999999999998 ms
216,1623.8999999999996 ms
216,1625.5500000000002 ms
216,1632.25 ms
216,1649.5500000000002 ms
216,1664.1 ms
216,1688.35 ms
216,1721.4 ms
216,1724.2499999999995 ms
216,1760.2499999999995 ms
216,1778.4999999999995 ms
216,1809.35 ms
216,1815.2999999999997 ms
216,1826.7499999999995 ms
216,1829.9 ms
216,1837.15 ms
216,1866.2499999999995 ms
216,1894.6 ms
216,1895.9499999999994 ms
216,1897.2499999999995 ms
216,1911.0999999999995 ms
216,1918.4499999999994 ms
216,1924.7999999999993 ms
216,1932.0999999999995 ms
216,1939.749999999999 ms
216,1951.8499999999995 ms
216,1971.1499999999992 ms
216,1980.7999999999993 ms
216,1992.4499999999994 ms
216,1993.9999999999995 ms
216,2016.6499999999992 ms
216,2027.5999999999995 ms
216,2028.4999999999995 ms
216,2033.2499999999995 ms
216,2045.6499999999996 ms
216,2064.7 ms
216,2068.1499999999996 ms
216,2097.2999999999993 ms
216,2108.75 ms
216,2121.5 ms
216,2132.75 ms
216,2138.0 ms
216,2138.699999999999 ms
216,2173.25 ms
216,2187.8499999999995 ms
216,2200.5499999999993 ms
216,2201.7999999999993 ms
216,2233.499999999999 ms
216,2236.749999999999 ms
216,2241.699999999999 ms
216,2241.8999999999987 ms
216,2246.249999999999 ms
216,2246.449999999998 ms
216,2249.949999999998 ms
216,2261.0999999999985 ms
216,2263.749999999998 ms
216,2277.7999999999993 ms
216,2309.5999999999985 ms
216,2317.0999999999985 ms
216,2319.1499999999996 ms
216,2330.5499999999993 ms
216,2331.499999999999 ms
216,2344.0999999999995 ms
216,2344.8499999999995 ms
216,2413.8999999999987 ms
216,2437.0499999999993 ms
216,2440.999999999999 ms
216,2442.8999999999987 ms
216,2462.0499999999993 ms
216,2482.699999999999 ms
216,2506.8499999999995 ms
216,2506.999999999999 ms
216,2568.7 ms
216,2576.999999999999 ms
216,2615.6499999999996 ms
216,2638.0499999999993 ms
216,2652.45 ms
216,2655.5999999999995 ms
216,2674.3499999999995 ms
216,2714.1500000000005 ms
216,2722.7 ms
216,2731.250000000001 ms
216,2747.2 ms
216,2765.1500000000005 ms
216,2766.95 ms
216,2772.500000000001 ms
216,2806.250000000001 ms
216,2808.6000000000004 ms
216,2853.8500000000004 ms
216,2854.8500000000004 ms
216,2914.4500000000007 ms
216,2928.0 ms
216,2933.6000000000004 ms
216,2935.8500000000004 ms
216,2973.3500000000004 ms
216,3011.05 ms
216,3015.3500000000004 ms
216,3024.8500000000004 ms
216,3025.8500000000004 ms
216,3034.8500000000004 ms
216,3036.1000000000004 ms
216,3038.25 ms
216,3075.25 ms
216,3106.800000000001 ms
216,3139.6000000000004 ms
216,3142.9500000000007 ms
216,3143.050000000001 ms
216,3175.9000000000005 ms
216,3186.1000000000004 ms
216,3190.55 ms
216,3200.45 ms
216,3206.6500000000005 ms
216,3207.8 ms
216,3218.3500000000004 ms
216,3235.3 ms
216,3288.45 ms
216,3296.9000000000005 ms
216,3297.05 ms
216,3305.8 ms
216,3308.8500000000004 ms
216,3335.8 ms
216,3353.3 ms
216,3361.75 ms
216,3386.3500000000004 ms
216,3395.75 ms
216,3408.45 ms
216,3429.3999999999996 ms
216,3440.8999999999996 ms
216,3446.3499999999995 ms
216,3447.45 ms
216,3450.3999999999987 ms
216,3455.3999999999987 ms
216,3462.3999999999987 ms
216,3485.2 ms
216,3511.5999999999995 ms
216,3514.45 ms
216,3516.3999999999987 ms
216,3548.1499999999987 ms
216,3548.999999999999 ms
216,3553.5999999999995 ms
216,3577.8499999999995 ms
216,3580.199999999999 ms
216,3595.0999999999985 ms
216,3597.6499999999996 ms
216,3605.8999999999996 ms
216,3622.449999999999 ms
216,3631.949999999999 ms
216,3652.699999999999 ms
216,3689.7999999999993 ms
216,3695.199999999999 ms
216,3696.0999999999995 ms
216,3716.0999999999995 ms
216,3723.0499999999993 ms
216,3743.199999999999 ms
216,3771.949999999999 ms
216,3789.2999999999993 ms
216,3790.999999999999 ms
216,3793.0999999999995 ms
216,3807.2999999999984 ms
216,3810.5999999999995 ms
216,3817.7999999999984 ms
216,3818.449999999999 ms
216,3824.0999999999985 ms
216,3825.6499999999996 ms
216,3827.199999999999 ms
216,3829.7999999999993 ms
216,3833.999999999999 ms
216,3863.699999999999 ms
216,3911.7999999999993 ms
216,3924.7999999999993 ms
216,3934.699999999999 ms
216,3944.3999999999987 ms
216,3954.499999999999 ms
216,3960.449999999998 ms
216,3967.7999999999984 ms
216,3968.499999999998 ms
216,3974.249999999998 ms
217,2.15 ms
217,9.15 ms
217,39.800000000000004 ms
217,41.90000000000001 ms
217,48.75000000000001 ms
217,65.75 ms
217,66.9 ms
217,78.55000000000001 ms
217,79.0 ms
217,84.90000000000003 ms
217,96.45000000000002 ms
217,100.4 ms
217,133.65000000000003 ms
217,145.25000000000006 ms
217,157.3 ms
217,169.75000000000006 ms
217,177.85000000000002 ms
217,178.5 ms
217,207.85000000000002 ms
217,208.10000000000002 ms
217,225.45000000000005 ms
217,230.85000000000002 ms
217,238.10000000000002 ms
217,242.15000000000003 ms
217,268.3 ms
217,296.74999999999994 ms
217,302.09999999999997 ms
217,306.15000000000003 ms
217,326.05 ms
217,342.24999999999994 ms
217,353.09999999999997 ms
217,358.55 ms
217,378.3 ms
217,382.40000000000003 ms
217,382.7000000000001 ms
217,383.25000000000006 ms
217,396.15000000000003 ms
217,400.50000000000006 ms
217,423.8000000000001 ms
217,438.50000000000006 ms
217,441.0500000000001 ms
217,443.00000000000006 ms
217,443.95 ms
217,453.4500000000001 ms
217,453.90000000000003 ms
217,474.25000000000006 ms
217,479.8000000000001 ms
217,495.2000000000001 ms
217,518.75 ms
217,521.6500000000001 ms
217,550.8 ms
217,557.55 ms
217,577.6499999999999 ms
217,599.3500000000001 ms
217,610.3999999999999 ms
217,624.2 ms
217,633.8999999999999 ms
217,659.8999999999999 ms
217,690.8999999999999 ms
217,691.8 ms
217,697.0 ms
217,716.3499999999999 ms
217,718.0 ms
217,764.95 ms
217,769.95 ms
217,774.1000000000001 ms
217,800.55 ms
217,802.2500000000002 ms
217,822.5000000000002 ms
217,825.5000000000002 ms
217,836.0000000000002 ms
217,838.3 ms
217,902.45 ms
217,912.8500000000001 ms
217,925.3999999999999 ms
217,926.1000000000001 ms
217,928.1499999999999 ms
217,949.6499999999999 ms
217,951.25 ms
217,990.7 ms
217,991.7 ms
217,1014.6000000000001 ms
217,1016.1000000000001 ms
217,1033.5000000000002 ms
217,1038.3500000000001 ms
217,1050.45 ms
217,1064.3 ms
217,1065.95 ms
217,1066.1499999999999 ms
217,1083.3 ms
217,1100.8999999999999 ms
217,1121.55 ms
217,1132.5999999999997 ms
217,1165.1999999999996 ms
217,1177.7499999999998 ms
217,1201.7 ms
217,1222.7499999999998 ms
217,1237.8999999999999 ms
217,1256.55 ms
217,1289.2500000000002 ms
217,1294.2499999999998 ms
217,1298.6499999999999 ms
217,1357.7 ms
217,1372.3 ms
217,1432.8 ms
217,1438.7 ms
217,1447.2 ms
217,1457.6500000000003 ms
217,1474.7 ms
217,1478.55 ms
217,1515.3 ms
217,1530.3 ms
217,1572.55 ms
217,1583.0999999999997 ms
217,1592.8500000000001 ms
217,1609.3 ms
217,1615.7 ms
217,1628.7 ms
217,1655.7499999999998 ms
217,1662.45 ms
217,1663.4000000000003 ms
217,1680.6499999999999 ms
217,1694.2 ms
217,1694.45 ms
217,1707.6000000000001 ms
217,1724.6000000000001 ms
217,1726.3000000000004 ms
217,1738.4500000000005 ms
217,1758.3500000000006 ms
217,1762.0500000000004 ms
217,1769.7000000000005 ms
217,1775.1500000000008 ms
217,1789.7500000000007 ms
217,1804.1500000000008 ms
217,1820.7000000000005 ms
217,1843.4000000000008 ms
217,1878.9500000000005 ms
217,1881.9000000000008 ms
217,1897.5500000000009 ms
217,1916.8000000000004 ms
217,1924.4000000000003 ms
217,1944.5500000000004 ms
217,1950.3500000000006 ms
217,1958.9000000000003 ms
217,1969.1000000000006 ms
217,1974.8000000000009 ms
217,2007.1000000000006 ms
217,2023.1500000000003 ms
217,2028.1500000000008 ms
217,2061.250000000001 ms
217,2068.250000000001 ms
217,2085.6000000000004 ms
217,2095.8 ms
217,2127.6000000000004 ms
217,2159.3 ms
217,2182.95 ms
217,2192.750000000001 ms
217,2208.250000000001 ms
217,2216.55 ms
217,2237.9500000000007 ms
217,2238.3500000000004 ms
217,2255.9500000000007 ms
217,2264.8500000000004 ms
217,2269.750000000001 ms
217,2299.9500000000007 ms
217,2306.9000000000005 ms
217,2312.1500000000005 ms
217,2320.3500000000004 ms
217,2324.1500000000005 ms
217,2326.3 ms
217,2347.4000000000005 ms
217,2348.3500000000004 ms
217,2359.6500000000005 ms
217,2360.4500000000007 ms
217,2362.6000000000004 ms
217,2400.6000000000004 ms
217,2402.000000000001 ms
217,2409.6500000000005 ms
217,2419.2000000000016 ms
217,2439.1500000000005 ms
217,2442.000000000001 ms
217,2453.2000000000007 ms
217,2455.2000000000007 ms
217,2508.500000000001 ms
217,2515.250000000001 ms
217,2517.1000000000013 ms
217,2540.1000000000013 ms
217,2550.500000000001 ms
217,2557.300000000001 ms
217,2565.7000000000007 ms
217,2601.000000000002 ms
217,2626.9500000000007 ms
217,2634.1000000000013 ms
217,2640.9000000000015 ms
217,2646.4000000000015 ms
217,2658.2000000000016 ms
217,2663.300000000002 ms
217,2680.4000000000015 ms
217,2687.7000000000016 ms
217,2697.250000000002 ms
217,2697.9000000000015 ms
217,2736.850000000002 ms
217,2748.300000000001 ms
217,2754.6500000000015 ms
217,2763.000000000002 ms
217,2789.2000000000007 ms
217,2808.300000000001 ms
217,2823.3500000000013 ms
217,2825.000000000001 ms
217,2843.9500000000016 ms
217,2856.1500000000005 ms
217,2857.4000000000005 ms
217,2872.2000000000016 ms
217,2878.9000000000005 ms
217,2887.250000000001 ms
217,2893.4500000000007 ms
217,2901.2000000000007 ms
217,2910.550000000001 ms
217,2924.25 ms
217,2928.2000000000007 ms
217,2928.8500000000004 ms
217,2937.25 ms
217,2938.2000000000007 ms
217,2939.2000000000007 ms
217,2949.75 ms
217,2950.6000000000004 ms
217,2968.6500000000005 ms
217,2970.3500000000004 ms
217,2988.9000000000005 ms
217,2990.750000000001 ms
217,2999.750000000001 ms
217,2999.95 ms
217,3000.55 ms
217,3006.05 ms
217,3023.25 ms
217,3051.05 ms
217,3063.3 ms
217,3067.75 ms
217,3095.8999999999996 ms
217,3114.3500000000004 ms
217,3115.0 ms
217,3122.8999999999996 ms
217,3124.8999999999996 ms
217,3134.8999999999996 ms
217,3148.1499999999996 ms
217,3150.6000000000004 ms
217,3155.3500000000004 ms
217,3161.7 ms
217,3174.45 ms
217,3181.2 ms
217,3181.8999999999996 ms
217,3225.7999999999993 ms
217,3241.6000000000004 ms
217,3243.0 ms
217,3252.1000000000004 ms
217,3285.25 ms
217,3296.05 ms
217,3297.6500000000005 ms
217,3313.1500000000005 ms
217,3315.05 ms
217,3316.75 ms
217,3340.1000000000004 ms
217,3365.0 ms
217,3370.6000000000004 ms
217,3373.5499999999993 ms
217,3380.7 ms
217,3382.0999999999995 ms
217,3388.3 ms
217,3395.8499999999995 ms
217,3417.5999999999995 ms
217,3432.3 ms
217,3434.3499999999995 ms
217,3442.55 ms
217,3447.0999999999995 ms
217,3449.3 ms
217,3453.499999999999 ms
217,3467.8 ms
217,3485.95 ms
217,3492.95 ms
217,3541.0 ms
217,3558.1000000000004 ms
217,3567.6000000000004 ms
217,3570.25 ms
217,3591.6000000000004 ms
217,3605.2999999999993 ms
217,3611.95 ms
217,3622.45 ms
217,3624.3499999999995 ms
217,3643.3 ms
217,3648.7 ms
217,3656.3 ms
217,3700.0999999999995 ms
217,3702.4000000000005 ms
217,3717.0999999999995 ms
217,3721.5 ms
217,3723.2 ms
217,3729.75 ms
217,3746.55 ms
217,3764.8 ms
217,3770.55 ms
217,3770.95 ms
217,3790.500000000001 ms
217,3790.9000000000005 ms
217,3794.1000000000004 ms
217,3794.9000000000005 ms
217,3816.8500000000004 ms
217,3819.3500000000004 ms
217,3819.8 ms
217,3824.8 ms
217,3838.45 ms
217,3841.6000000000004 ms
217,3850.3500000000004 ms
217,3858.3500000000004 ms
217,3867.3500000000004 ms
217,3874.3500000000004 ms
217,3887.5 ms
217,3887.7000000000007 ms
217,3889.6499999999996 ms
217,3898.7000000000007 ms
217,3909.5 ms
217,3937.300000000001 ms
217,3938.8500000000004 ms
217,3974.9500000000007 ms
217,3981.4000000000005 ms
217,3995.2000000000007 ms
218,0.5 ms
218,2.45 ms
218,9.400000000000002 ms
218,18.9 ms
218,21.4 ms
218,28.449999999999996 ms
218,30.550000000000004 ms
218,69.25 ms
218,74.35 ms
218,77.04999999999998 ms
218,81.5 ms
218,99.75 ms
218,109.75 ms
218,119.05000000000001 ms
218,119.85 ms
218,121.25 ms
218,129.85 ms
218,134.94999999999996 ms
218,135.20000000000002 ms
218,138.85 ms
218,147.75000000000003 ms
218,149.49999999999997 ms
218,150.50000000000003 ms
218,153.95000000000002 ms
218,176.50000000000003 ms
218,181.1 ms
218,183.65 ms
218,212.55000000000004 ms
218,224.20000000000002 ms
218,224.70000000000002 ms
218,225.20000000000002 ms
218,236.50000000000003 ms
218,240.95000000000002 ms
218,245.85000000000005 ms
218,269.85 ms
218,274.15 ms
218,296.95000000000005 ms
218,308.45000000000005 ms
218,311.55000000000007 ms
218,322.1500000000001 ms
218,324.60000000000014 ms
218,337.20000000000005 ms
218,366.8000000000002 ms
218,369.1500000000001 ms
218,388.1500000000001 ms
218,391.95000000000016 ms
218,422.60000000000014 ms
218,432.2500000000001 ms
218,441.6500000000001 ms
218,450.80000000000007 ms
218,452.45000000000005 ms
218,454.05000000000007 ms
218,457.4000000000001 ms
218,515.1000000000001 ms
218,548.6500000000001 ms
218,569.1000000000001 ms
218,584.45 ms
218,618.45 ms
218,634.5500000000002 ms
218,653.0500000000002 ms
218,653.5500000000002 ms
218,654.1500000000001 ms
218,656.2500000000002 ms
218,673.0000000000002 ms
218,687.1000000000001 ms
218,705.0500000000004 ms
218,705.8500000000001 ms
218,730.7500000000002 ms
218,743.4000000000003 ms
218,750.6500000000003 ms
218,785.1500000000003 ms
218,789.0500000000002 ms
218,795.5000000000002 ms
218,829.0500000000002 ms
218,858.3500000000001 ms
218,868.3500000000001 ms
218,869.0500000000002 ms
218,872.1500000000001 ms
218,886.9500000000003 ms
218,889.1500000000001 ms
218,903.5000000000002 ms
218,915.9500000000003 ms
218,919.7000000000003 ms
218,945.7000000000003 ms
218,955.8000000000002 ms
218,963.6000000000004 ms
218,985.8000000000002 ms
218,986.3000000000002 ms
218,990.0000000000005 ms
218,1023.0000000000005 ms
218,1037.7500000000005 ms
218,1041.9500000000003 ms
218,1048.1500000000005 ms
218,1078.5000000000005 ms
218,1100.5000000000005 ms
218,1120.4500000000003 ms
218,1128.3000000000006 ms
218,1132.2000000000003 ms
218,1134.3000000000006 ms
218,1146.7500000000005 ms
218,1183.1500000000005 ms
218,1206.3500000000004 ms
218,1211.6000000000004 ms
218,1281.8000000000006 ms
218,1314.7500000000005 ms
218,1317.0000000000005 ms
218,1337.900000000001 ms
218,1340.0000000000005 ms
218,1353.2500000000005 ms
218,1387.400000000001 ms
218,1390.8000000000006 ms
218,1400.1000000000008 ms
218,1409.8000000000006 ms
218,1424.0500000000006 ms
218,1438.3000000000006 ms
218,1445.0500000000006 ms
218,1454.9500000000012 ms
218,1461.250000000001 ms
218,1464.650000000001 ms
218,1468.2000000000012 ms
218,1486.9500000000012 ms
218,1493.8500000000008 ms
218,1497.300000000001 ms
218,1521.650000000001 ms
218,1522.9500000000012 ms
218,1524.9500000000012 ms
218,1549.650000000001 ms
218,1562.2000000000012 ms
218,1600.5500000000006 ms
218,1622.000000000001 ms
218,1641.8500000000008 ms
218,1642.3000000000006 ms
218,1643.150000000001 ms
218,1668.2000000000007 ms
218,1673.8500000000008 ms
218,1685.650000000001 ms
218,1721.7000000000007 ms
218,1737.9500000000007 ms
218,1759.6000000000008 ms
218,1800.8000000000006 ms
218,1816.650000000001 ms
218,1817.900000000001 ms
218,1839.3500000000008 ms
218,1890.8000000000006 ms
218,1900.9500000000012 ms
218,1911.3000000000006 ms
218,1925.5500000000006 ms
218,1937.150000000001 ms
218,1939.0000000000005 ms
218,1943.8500000000008 ms
218,1961.7000000000003 ms
218,1973.9500000000003 ms
218,1994.1500000000005 ms
218,2005.8000000000006 ms
218,2007.8000000000006 ms
218,2007.9000000000005 ms
218,2045.9000000000005 ms
218,2058.1500000000005 ms
218,2066.1500000000005 ms
218,2084.1500000000005 ms
218,2088.6000000000004 ms
218,2097.9500000000007 ms
218,2101.1000000000004 ms
218,2121.6500000000005 ms
218,2135.8 ms
218,2138.9500000000007 ms
218,2149.300000000001 ms
218,2158.800000000001 ms
218,2173.0 ms
218,2173.800000000001 ms
218,2182.800000000001 ms
218,2188.3500000000004 ms
218,2190.9500000000007 ms
218,2221.6500000000005 ms
218,2249.250000000001 ms
218,2273.750000000001 ms
218,2280.6000000000004 ms
218,2295.75 ms
218,2308.4000000000005 ms
218,2325.250000000001 ms
218,2339.45 ms
218,2342.1500000000005 ms
218,2363.95 ms
218,2378.8 ms
218,2383.8 ms
218,2418.05 ms
218,2432.1000000000004 ms
218,2435.5 ms
218,2440.2000000000007 ms
218,2448.3500000000004 ms
218,2452.1500000000005 ms
218,2468.2000000000007 ms
218,2468.8500000000004 ms
218,2478.750000000001 ms
218,2487.750000000001 ms
218,2491.9000000000005 ms
218,2520.550000000001 ms
218,2560.8500000000013 ms
218,2576.9500000000016 ms
218,2592.4500000000016 ms
218,2597.000000000001 ms
218,2611.6500000000015 ms
218,2678.300000000001 ms
218,2678.4500000000016 ms
218,2682.9000000000015 ms
218,2686.1500000000015 ms
218,2694.750000000002 ms
218,2713.8500000000013 ms
218,2719.2000000000016 ms
218,2723.6000000000013 ms
218,2724.550000000001 ms
218,2727.2000000000007 ms
218,2727.500000000002 ms
218,2751.300000000001 ms
218,2751.7000000000016 ms
218,2781.3500000000013 ms
218,2808.6000000000013 ms
218,2819.8500000000013 ms
218,2824.750000000002 ms
218,2828.600000000002 ms
218,2830.9000000000015 ms
218,2835.9500000000025 ms
218,2846.300000000002 ms
218,2853.7000000000016 ms
218,2857.0000000000027 ms
218,2870.350000000002 ms
218,2875.9000000000024 ms
218,2878.100000000002 ms
218,2903.6500000000024 ms
218,2921.4000000000024 ms
218,2923.0000000000027 ms
218,2925.7000000000016 ms
218,2926.1500000000024 ms
218,2949.250000000002 ms
218,2952.300000000002 ms
218,2955.600000000002 ms
218,2973.250000000002 ms
218,2982.850000000002 ms
218,2999.100000000002 ms
218,3010.300000000002 ms
218,3022.550000000002 ms
218,3040.7000000000016 ms
218,3051.1500000000024 ms
218,3053.3500000000013 ms
218,3060.800000000002 ms
218,3071.000000000001 ms
218,3075.3500000000013 ms
218,3086.7000000000016 ms
218,3119.4500000000016 ms
218,3154.8500000000013 ms
218,3203.750000000001 ms
218,3220.750000000001 ms
218,3223.4000000000015 ms
218,3226.1500000000015 ms
218,3290.7000000000016 ms
218,3293.3500000000013 ms
218,3309.800000000002 ms
218,3329.750000000001 ms
218,3343.6000000000013 ms
218,3344.6000000000013 ms
218,3348.550000000001 ms
218,3361.000000000001 ms
218,3372.1500000000005 ms
218,3372.6000000000013 ms
218,3373.000000000001 ms
218,3388.550000000001 ms
218,3407.4000000000015 ms
218,3427.9500000000007 ms
218,3428.550000000001 ms
218,3430.050000000001 ms
218,3463.300000000001 ms
218,3471.3500000000013 ms
218,3487.8500000000013 ms
218,3492.6000000000013 ms
218,3525.750000000001 ms
218,3527.3500000000013 ms
218,3542.3500000000013 ms
218,3582.1000000000013 ms
218,3612.9000000000015 ms
218,3618.000000000002 ms
218,3653.4500000000007 ms
218,3663.550000000001 ms
218,3682.750000000001 ms
218,3688.1000000000013 ms
218,3699.05 ms
218,3702.3 ms
218,3714.4500000000007 ms
218,3723.4000000000005 ms
218,3735.9000000000005 ms
218,3746.9000000000005 ms
218,3748.3 ms
218,3752.9000000000005 ms
218,3777.8500000000004 ms
218,3779.8 ms
218,3783.3 ms
218,3790.5 ms
218,3802.3 ms
218,3812.3 ms
218,3818.6000000000004 ms
218,3847.2000000000007 ms
218,3855.25 ms
218,3909.9500000000007 ms
218,3925.75 ms
218,3938.5 ms
218,3939.0 ms
218,3941.6500000000005 ms
218,3957.1000000000004 ms
218,3966.9500000000007 ms
218,3980.1000000000004 ms
219,10.350000000000001 ms
219,35.75 ms
219,36.849999999999994 ms
219,53.349999999999994 ms
219,55.55000000000001 ms
219,55.650000000000006 ms
219,73.85 ms
219,77.9 ms
219,78.45000000000002 ms
219,81.9 ms
219,85.95000000000002 ms
219,94.0 ms
219,111.5 ms
219,112.4 ms
219,128.45000000000002 ms
219,130.9 ms
219,198.30000000000004 ms
219,206.60000000000005 ms
219,212.30000000000004 ms
219,216.10000000000005 ms
219,235.45000000000002 ms
219,235.95000000000002 ms
219,250.15 ms
219,265.5 ms
219,275.5 ms
219,282.20000000000005 ms
219,299.5999999999999 ms
219,302.75 ms
219,305.25 ms
219,310.3499999999999 ms
219,330.70000000000005 ms
219,338.54999999999995 ms
219,350.04999999999995 ms
219,352.5 ms
219,373.29999999999995 ms
219,376.95000000000005 ms
219,378.0999999999999 ms
219,382.29999999999995 ms
219,389.75 ms
219,394.14999999999986 ms
219,424.75 ms
219,439.25 ms
219,466.54999999999995 ms
219,475.9 ms
219,480.79999999999995 ms
219,525.5999999999999 ms
219,526.5 ms
219,545.0999999999999 ms
219,551.4499999999998 ms
219,554.8499999999999 ms
219,575.8 ms
219,582.5 ms
219,588.05 ms
219,590.8499999999999 ms
219,608.5999999999999 ms
219,615.8999999999999 ms
219,620.05 ms
219,661.3999999999999 ms
219,662.3 ms
219,716.1999999999998 ms
219,726.4999999999998 ms
219,758.2999999999997 ms
219,765.6999999999998 ms
219,800.3999999999996 ms
219,808.9499999999998 ms
219,809.2999999999997 ms
219,826.7999999999997 ms
219,830.9999999999998 ms
219,834.4499999999998 ms
219,839.7999999999997 ms
219,842.5999999999999 ms
219,890.7499999999998 ms
219,896.2999999999997 ms
219,897.2499999999998 ms
219,911.7999999999997 ms
219,917.8999999999996 ms
219,927.8499999999999 ms
219,935.6499999999996 ms
219,937.2499999999998 ms
219,948.3999999999999 ms
219,953.8999999999999 ms
219,974.0999999999997 ms
219,979.6999999999998 ms
219,991.8999999999999 ms
219,998.4499999999998 ms
219,1007.8999999999999 ms
219,1010.6499999999999 ms
219,1055.2499999999998 ms
219,1059.4999999999998 ms
219,1082.8499999999997 ms
219,1098.5999999999997 ms
219,1103.9499999999996 ms
219,1122.5499999999995 ms
219,1132.8499999999992 ms
219,1137.7999999999995 ms
219,1167.8499999999992 ms
219,1171.7499999999993 ms
219,1191.4999999999998 ms
219,1211.6499999999999 ms
219,1218.4999999999998 ms
219,1218.7499999999993 ms
219,1227.4499999999996 ms
219,1247.1499999999999 ms
219,1262.6499999999994 ms
219,1262.8499999999997 ms
219,1265.6999999999996 ms
219,1268.5499999999995 ms
219,1277.5499999999995 ms
219,1300.4499999999996 ms
219,1306.4499999999996 ms
219,1317.3499999999997 ms
219,1337.2499999999998 ms
219,1346.9999999999998 ms
219,1348.7499999999998 ms
219,1403.7999999999995 ms
219,1412.9999999999998 ms
219,1433.2499999999998 ms
219,1433.45 ms
219,1447.2499999999998 ms
219,1453.7 ms
219,1454.7499999999998 ms
219,1455.8499999999997 ms
219,1474.05 ms
219,1507.3999999999999 ms
219,1513.2499999999998 ms
219,1523.7999999999995 ms
219,1537.7499999999998 ms
219,1552.3499999999997 ms
219,1570.0499999999995 ms
219,1577.0499999999995 ms
219,1582.7999999999995 ms
219,1591.1999999999996 ms
219,1603.8999999999999 ms
219,1624.55 ms
219,1634.3999999999999 ms
219,1647.3999999999994 ms
219,1652.2499999999993 ms
219,1655.0499999999995 ms
219,1658.6999999999996 ms
219,1676.7499999999993 ms
219,1701.3999999999994 ms
219,1721.6999999999996 ms
219,1722.8499999999997 ms
219,1729.8 ms
219,1762.3499999999997 ms
219,1783.8499999999997 ms
219,1790.3 ms
219,1801.6499999999999 ms
219,1810.55 ms
219,1829.8999999999999 ms
219,1830.6999999999996 ms
219,1870.9499999999996 ms
219,1904.8999999999999 ms
219,1911.6499999999994 ms
219,1921.4499999999996 ms
219,1930.2499999999993 ms
219,1945.3499999999992 ms
219,1947.7999999999995 ms
219,1949.7499999999998 ms
219,1958.2499999999993 ms
219,1972.0999999999992 ms
219,1973.8999999999994 ms
219,1976.2499999999993 ms
219,1984.1999999999996 ms
219,1984.5499999999995 ms
219,2003.5999999999992 ms
219,2011.6999999999991 ms
219,2030.549999999999 ms
219,2060.699999999999 ms
219,2105.199999999999 ms
219,2111.499999999999 ms
219,2113.749999999999 ms
219,2120.1499999999987 ms
219,2129.499999999999 ms
219,2145.449999999999 ms
219,2147.449999999999 ms
219,2148.7999999999993 ms
219,2151.8499999999985 ms
219,2171.199999999999 ms
219,2179.3999999999987 ms
219,2187.8999999999987 ms
219,2195.699999999999 ms
219,2208.449999999999 ms
219,2213.0999999999985 ms
219,2215.5999999999985 ms
219,2218.199999999999 ms
219,2233.499999999999 ms
219,2240.5499999999993 ms
219,2269.5499999999993 ms
219,2280.8999999999996 ms
219,2292.5499999999993 ms
219,2297.0999999999995 ms
219,2298.8999999999996 ms
219,2299.2999999999993 ms
219,2346.75 ms
219,2364.8499999999995 ms
219,2376.2 ms
219,2419.95 ms
219,2446.499999999999 ms
219,2516.6499999999996 ms
219,2530.5 ms
219,2559.5 ms
219,2574.2999999999993 ms
219,2580.6499999999996 ms
219,2590.6499999999996 ms
219,2618.8499999999995 ms
219,2620.249999999999 ms
219,2631.55 ms
219,2645.1499999999996 ms
219,2647.95 ms
219,2648.3 ms
219,2656.8 ms
219,2658.0999999999995 ms
219,2674.75 ms
219,2683.3500000000004 ms
219,2687.2999999999993 ms
219,2701.6499999999996 ms
219,2719.0999999999995 ms
219,2746.2 ms
219,2747.249999999999 ms
219,2763.3999999999996 ms
219,2774.0 ms
219,2788.0 ms
219,2792.0999999999995 ms
219,2808.5999999999995 ms
219,2813.45 ms
219,2820.5499999999993 ms
219,2828.7999999999993 ms
219,2837.2999999999993 ms
219,2841.999999999999 ms
219,2846.2999999999993 ms
219,2858.7999999999993 ms
219,2882.449999999999 ms
219,2882.6499999999996 ms
219,2918.6499999999996 ms
219,2945.249999999999 ms
219,2945.8999999999987 ms
219,2953.2 ms
219,2968.2999999999993 ms
219,2969.0999999999995 ms
219,2974.6499999999996 ms
219,2989.7 ms
219,2994.55 ms
219,2994.999999999999 ms
219,2999.45 ms
219,3010.3499999999995 ms
219,3032.0999999999995 ms
219,3037.8499999999995 ms
219,3040.2 ms
219,3041.5999999999995 ms
219,3068.3499999999995 ms
219,3072.45 ms
219,3072.95 ms
219,3099.2999999999993 ms
219,3101.7999999999993 ms
219,3180.8999999999996 ms
219,3191.3999999999996 ms
219,3241.7999999999993 ms
219,3260.8999999999996 ms
219,3282.3999999999996 ms
219,3287.5999999999985 ms
219,3289.7999999999993 ms
219,3298.5499999999993 ms
219,3298.6499999999987 ms
219,3339.749999999999 ms
219,3341.749999999999 ms
219,3345.699999999998 ms
219,3351.0999999999985 ms
219,3374.2999999999984 ms
219,3383.2999999999984 ms
219,3384.0499999999984 ms
219,3387.699999999998 ms
219,3392.8499999999985 ms
219,3399.3999999999987 ms
219,3399.8499999999985 ms
219,3445.2999999999984 ms
219,3454.8999999999987 ms
219,3469.1499999999987 ms
219,3486.0999999999976 ms
219,3493.8999999999987 ms
219,3521.0499999999984 ms
219,3528.3499999999985 ms
219,3533.3999999999987 ms
219,3535.6499999999987 ms
219,3555.449999999999 ms
219,3560.249999999999 ms
219,3570.8999999999987 ms
219,3601.0499999999993 ms
219,3603.7999999999993 ms
219,3604.249999999999 ms
219,3620.249999999999 ms
219,3622.7999999999993 ms
219,3631.1499999999996 ms
219,3640.949999999999 ms
219,3643.449999999999 ms
219,3649.0 ms
219,3649.2999999999993 ms
219,3649.45 ms
219,3672.3 ms
219,3673.6499999999996 ms
219,3674.2 ms
219,3682.0999999999995 ms
219,3683.25 ms
219,3690.7 ms
219,3692.6499999999996 ms
219,3696.3999999999996 ms
219,3710.0499999999993 ms
219,3721.0 ms
219,3801.0 ms
219,3802.449999999999 ms
219,3810.3999999999996 ms
219,3820.5499999999993 ms
219,3824.749999999999 ms
219,3825.6499999999987 ms
219,3829.5999999999995 ms
219,3833.499999999999 ms
219,3849.6499999999987 ms
219,3875.8999999999987 ms
219,3878.7 ms
219,3879.2999999999993 ms
219,3889.199999999999 ms
219,3952.5 ms
219,3958.449999999999 ms
219,3978.0 ms
219,3996.7999999999993 ms
219,3997.25 ms
220,8.700000000000001 ms
220,29.700000000000003 ms
220,34.8 ms
220,42.85000000000001 ms
220,45.10000000000001 ms
220,48.45 ms
220,55.85000000000001 ms
220,64.9 ms
220,67.25 ms
220,67.55000000000001 ms
220,83.65 ms
220,104.4 ms
220,116.5 ms
220,140.8 ms
220,157.7 ms
220,181.8 ms
220,185.65000000000003 ms
220,196.3 ms
220,201.90000000000003 ms
220,206.34999999999997 ms
220,231.8 ms
220,240.5 ms
220,242.7 ms
220,253.75 ms
220,255.64999999999998 ms
220,256.75 ms
220,275.54999999999995 ms
220,285.75 ms
220,308.70000000000005 ms
220,309.3499999999999 ms
220,311.0999999999999 ms
220,312.5 ms
220,324.64999999999986 ms
220,335.94999999999993 ms
220,338.0999999999999 ms
220,341.4999999999999 ms
220,349.04999999999984 ms
220,355.4 ms
220,355.9 ms
220,372.65 ms
220,378.79999999999984 ms
220,412.8499999999999 ms
220,415.64999999999986 ms
220,419.0999999999999 ms
220,425.0999999999999 ms
220,438.19999999999993 ms
220,439.2499999999999 ms
220,446.85 ms
220,448.6 ms
220,453.29999999999995 ms
220,465.5 ms
220,472.04999999999995 ms
220,488.0999999999999 ms
220,498.9 ms
220,528.4499999999999 ms
220,541.6999999999999 ms
220,542.9499999999999 ms
220,548.9999999999999 ms
220,549.4499999999999 ms
220,564.6999999999999 ms
220,572.0999999999998 ms
220,572.85 ms
220,597.15 ms
220,654.0499999999998 ms
220,675.0999999999998 ms
220,688.1999999999999 ms
220,695.6999999999997 ms
220,697.5999999999998 ms
220,740.6499999999997 ms
220,743.7499999999999 ms
220,747.3499999999998 ms
220,754.4499999999999 ms
220,757.4 ms
220,759.7499999999999 ms
220,769.2999999999998 ms
220,785.4499999999997 ms
220,816.8999999999997 ms
220,833.8499999999998 ms
220,843.6999999999999 ms
220,844.7499999999999 ms
220,847.6 ms
220,858.5500000000001 ms
220,871.1 ms
220,873.5500000000001 ms
220,898.7999999999998 ms
220,918.4999999999999 ms
220,930.6999999999999 ms
220,934.1 ms
220,940.15 ms
220,960.1 ms
220,962.2499999999999 ms
220,996.7500000000001 ms
220,999.3000000000001 ms
220,1001.5499999999998 ms
220,1007.3499999999998 ms
220,1021.9999999999999 ms
220,1047.0499999999997 ms
220,1087.4500000000003 ms
220,1101.9 ms
220,1115.35 ms
220,1122.0000000000005 ms
220,1138.2500000000005 ms
220,1166.4500000000003 ms
220,1172.3500000000004 ms
220,1173.9500000000003 ms
220,1174.9500000000003 ms
220,1192.8500000000004 ms
220,1197.4000000000005 ms
220,1200.4500000000003 ms
220,1219.2000000000003 ms
220,1222.4 ms
220,1227.8000000000006 ms
220,1268.6000000000004 ms
220,1273.8500000000004 ms
220,1277.5000000000005 ms
220,1281.5500000000006 ms
220,1282.15 ms
220,1284.2500000000005 ms
220,1297.9 ms
220,1302.9 ms
220,1313.2000000000003 ms
220,1315.65 ms
220,1341.6000000000004 ms
220,1362.7000000000003 ms
220,1377.1000000000004 ms
220,1393.9500000000003 ms
220,1401.1000000000004 ms
220,1414.9500000000003 ms
220,1430.5000000000005 ms
220,1469.9500000000003 ms
220,1486.9 ms
220,1493.5500000000006 ms
220,1506.3500000000004 ms
220,1512.7500000000005 ms
220,1536.0000000000005 ms
220,1542.7000000000003 ms
220,1546.6000000000008 ms
220,1568.7500000000005 ms
220,1578.900000000001 ms
220,1613.2500000000005 ms
220,1631.1000000000008 ms
220,1636.4500000000003 ms
220,1641.2500000000005 ms
220,1645.0500000000006 ms
220,1655.2500000000005 ms
220,1660.2000000000003 ms
220,1663.9500000000003 ms
220,1666.9500000000003 ms
220,1673.9000000000005 ms
220,1677.9000000000005 ms
220,1681.6500000000005 ms
220,1682.9500000000007 ms
220,1683.5000000000005 ms
220,1686.2500000000005 ms
220,1687.8500000000004 ms
220,1698.0000000000005 ms
220,1699.1000000000004 ms
220,1703.4000000000005 ms
220,1727.0500000000002 ms
220,1741.6500000000005 ms
220,1751.3000000000002 ms
220,1754.0000000000005 ms
220,1756.0500000000006 ms
220,1774.2000000000003 ms
220,1782.7000000000003 ms
220,1785.1500000000005 ms
220,1822.5000000000005 ms
220,1833.1000000000004 ms
220,1838.5500000000002 ms
220,1848.6500000000005 ms
220,1851.25 ms
220,1858.5500000000002 ms
220,1865.65 ms
220,1887.9500000000003 ms
220,1906.7999999999997 ms
220,1910.9500000000003 ms
220,1944.5 ms
220,1950.4 ms
220,1953.15 ms
220,1962.85 ms
220,1965.15 ms
220,2004.0500000000002 ms
220,2010.1000000000004 ms
220,2010.8500000000004 ms
220,2026.4499999999998 ms
220,2027.8000000000002 ms
220,2034.1499999999996 ms
220,2041.6499999999996 ms
220,2044.8000000000002 ms
220,2058.7 ms
220,2080.8999999999996 ms
220,2082.6499999999996 ms
220,2085.5999999999995 ms
220,2108.1499999999996 ms
220,2121.3999999999996 ms
220,2131.75 ms
220,2133.949999999999 ms
220,2146.449999999999 ms
220,2154.0 ms
220,2162.7999999999993 ms
220,2174.95 ms
220,2182.05 ms
220,2186.2 ms
220,2205.0999999999995 ms
220,2208.0999999999995 ms
220,2208.2 ms
220,2228.75 ms
220,2232.8 ms
220,2237.8 ms
220,2256.4000000000005 ms
220,2280.5 ms
220,2281.0 ms
220,2283.3999999999996 ms
220,2288.0 ms
220,2294.25 ms
220,2303.55 ms
220,2364.3500000000004 ms
220,2373.6000000000004 ms
220,2375.2000000000007 ms
220,2377.2000000000007 ms
220,2386.25 ms
220,2388.050000000001 ms
220,2432.25 ms
220,2455.4000000000005 ms
220,2491.1000000000004 ms
220,2526.8 ms
220,2542.75 ms
220,2573.8999999999996 ms
220,2588.75 ms
220,2591.75 ms
220,2607.5 ms
220,2610.8999999999996 ms
220,2621.3500000000004 ms
220,2628.5499999999993 ms
220,2632.45 ms
220,2633.1499999999996 ms
220,2647.8999999999996 ms
220,2676.5499999999993 ms
220,2684.3500000000004 ms
220,2685.2 ms
220,2695.5 ms
220,2698.7 ms
220,2699.2 ms
220,2707.6499999999996 ms
220,2717.6499999999996 ms
220,2730.75 ms
220,2735.8499999999995 ms
220,2737.749999999999 ms
220,2750.3499999999995 ms
220,2779.499999999999 ms
220,2786.8499999999995 ms
220,2809.8499999999995 ms
220,2812.2 ms
220,2820.3999999999987 ms
220,2822.6499999999987 ms
220,2832.3999999999987 ms
220,2868.2999999999993 ms
220,2878.199999999999 ms
220,2892.199999999999 ms
220,2897.3999999999996 ms
220,2919.449999999999 ms
220,2929.5 ms
220,2939.2999999999993 ms
220,2944.5499999999993 ms
220,2959.5 ms
220,2959.75 ms
220,2974.5999999999995 ms
220,2976.8999999999996 ms
220,2988.8999999999996 ms
220,3012.25 ms
220,3013.3499999999995 ms
220,3038.45 ms
220,3050.2 ms
220,3052.499999999999 ms
220,3061.45 ms
220,3086.0499999999993 ms
220,3088.0999999999995 ms
220,3147.7 ms
220,3157.999999999999 ms
220,3168.3 ms
220,3172.749999999999 ms
220,3190.95 ms
220,3191.0999999999995 ms
220,3207.5499999999993 ms
220,3228.8499999999995 ms
220,3244.8499999999995 ms
220,3268.6499999999996 ms
220,3283.0499999999993 ms
220,3293.8500000000004 ms
220,3299.8999999999996 ms
220,3318.1499999999996 ms
220,3327.2000000000007 ms
220,3334.7000000000007 ms
220,3351.8999999999996 ms
220,3354.8500000000004 ms
220,3356.2999999999993 ms
220,3367.25 ms
220,3392.8499999999995 ms
220,3398.0999999999995 ms
220,3399.249999999999 ms
220,3409.7 ms
220,3410.3499999999995 ms
220,3422.8499999999995 ms
220,3424.0999999999995 ms
220,3424.8499999999995 ms
220,3435.5499999999993 ms
220,3440.2999999999993 ms
220,3473.2999999999993 ms
220,3489.499999999999 ms
220,3506.0999999999995 ms
220,3507.3499999999995 ms
220,3524.0499999999984 ms
220,3534.249999999999 ms
220,3536.249999999999 ms
220,3543.999999999999 ms
220,3546.699999999998 ms
220,3564.749999999999 ms
220,3588.249999999999 ms
220,3601.749999999999 ms
220,3616.8999999999987 ms
220,3620.499999999999 ms
220,3651.699999999998 ms
220,3659.449999999998 ms
220,3660.2999999999984 ms
220,3711.1499999999987 ms
220,3714.7999999999984 ms
220,3734.3999999999987 ms
220,3736.5499999999984 ms
220,3753.699999999998 ms
220,3754.0499999999984 ms
220,3783.199999999998 ms
220,3850.249999999999 ms
220,3850.5499999999984 ms
220,3863.0999999999995 ms
220,3880.6499999999987 ms
220,3907.3499999999995 ms
220,3915.6499999999987 ms
220,3935.2 ms
220,3953.7999999999993 ms
220,3997.6499999999996 ms
221,5.4 ms
221,6.450000000000001 ms
221,41.35 ms
221,43.6 ms
221,48.95000000000001 ms
221,55.1 ms
221,56.49999999999999 ms
221,70.54999999999998 ms
221,85.65 ms
221,101.5 ms
221,113.85 ms
221,136.05 ms
221,144.05 ms
221,186.95 ms
221,267.20000000000005 ms
221,270.85 ms
221,273.1 ms
221,273.75 ms
221,285.95000000000005 ms
221,291.29999999999995 ms
221,305.20000000000005 ms
221,310.45000000000005 ms
221,311.0 ms
221,312.1 ms
221,317.70000000000005 ms
221,336.80000000000007 ms
221,339.45000000000005 ms
221,346.6 ms
221,353.25 ms
221,359.20000000000005 ms
221,388.3499999999999 ms
221,409.15 ms
221,431.69999999999993 ms
221,434.0 ms
221,441.79999999999995 ms
221,447.6500000000001 ms
221,457.45000000000005 ms
221,472.95000000000005 ms
221,491.4000000000001 ms
221,498.20000000000005 ms
221,515.0500000000001 ms
221,545.9499999999999 ms
221,546.7499999999999 ms
221,614.4499999999999 ms
221,646.9999999999999 ms
221,648.1 ms
221,660.4500000000002 ms
221,678.35 ms
221,680.15 ms
221,694.2500000000001 ms
221,695.9999999999999 ms
221,700.85 ms
221,706.4 ms
221,708.4 ms
221,711.1999999999999 ms
221,718.4499999999999 ms
221,722.8499999999998 ms
221,729.9999999999999 ms
221,730.5499999999998 ms
221,731.4499999999997 ms
221,736.4999999999997 ms
221,749.5499999999996 ms
221,751.8499999999996 ms
221,768.8499999999998 ms
221,770.7999999999998 ms
221,772.7999999999996 ms
221,777.2999999999998 ms
221,785.4499999999997 ms
221,786.2999999999998 ms
221,802.6499999999997 ms
221,806.4499999999997 ms
221,807.5999999999996 ms
221,815.1999999999997 ms
221,818.6999999999997 ms
221,884.4499999999997 ms
221,884.5999999999996 ms
221,893.6999999999997 ms
221,895.6999999999997 ms
221,916.2999999999998 ms
221,921.3999999999997 ms
221,942.8499999999998 ms
221,976.5499999999998 ms
221,983.4999999999999 ms
221,989.6499999999997 ms
221,995.6999999999997 ms
221,1045.35 ms
221,1062.65 ms
221,1064.9999999999995 ms
221,1087.65 ms
221,1088.65 ms
221,1089.7499999999995 ms
221,1099.7999999999997 ms
221,1117.0499999999997 ms
221,1126.1 ms
221,1139.35 ms
221,1147.8999999999996 ms
221,1149.8499999999995 ms
221,1155.7999999999997 ms
221,1170.9999999999995 ms
221,1189.0499999999997 ms
221,1196.5499999999997 ms
221,1198.2499999999995 ms
221,1220.9 ms
221,1223.0499999999997 ms
221,1225.9 ms
221,1242.65 ms
221,1304.7999999999997 ms
221,1312.7999999999997 ms
221,1314.7999999999997 ms
221,1326.75 ms
221,1328.5 ms
221,1332.9 ms
221,1341.3000000000002 ms
221,1364.0500000000002 ms
221,1377.8500000000004 ms
221,1392.0 ms
221,1395.0 ms
221,1403.1500000000005 ms
221,1412.2000000000003 ms
221,1417.8000000000002 ms
221,1424.25 ms
221,1434.3500000000004 ms
221,1435.75 ms
221,1439.8000000000002 ms
221,1453.4 ms
221,1455.3000000000002 ms
221,1462.65 ms
221,1472.4 ms
221,1490.85 ms
221,1507.4500000000003 ms
221,1530.9500000000003 ms
221,1551.15 ms
221,1556.15 ms
221,1566.65 ms
221,1578.3000000000002 ms
221,1591.5 ms
221,1619.0500000000002 ms
221,1627.3500000000004 ms
221,1630.25 ms
221,1655.0500000000002 ms
221,1669.65 ms
221,1678.65 ms
221,1680.4 ms
221,1681.5 ms
221,1684.6999999999998 ms
221,1687.4 ms
221,1697.3000000000002 ms
221,1700.8500000000004 ms
221,1706.9499999999998 ms
221,1712.25 ms
221,1738.0500000000002 ms
221,1743.1499999999996 ms
221,1746.5 ms
221,1748.75 ms
221,1752.8499999999995 ms
221,1754.0 ms
221,1756.75 ms
221,1757.6999999999998 ms
221,1768.3999999999996 ms
221,1796.1999999999998 ms
221,1804.1 ms
221,1804.1999999999998 ms
221,1832.0499999999997 ms
221,1849.1999999999998 ms
221,1858.1 ms
221,1864.1999999999998 ms
221,1867.6 ms
221,1870.0499999999997 ms
221,1878.65 ms
221,1880.2999999999997 ms
221,1883.65 ms
221,1893.1 ms
221,1901.0 ms
221,1909.65 ms
221,1918.8000000000002 ms
221,1930.5500000000002 ms
221,1945.4 ms
221,1959.9500000000003 ms
221,1990.5499999999997 ms
221,2020.7000000000003 ms
221,2022.5499999999997 ms
221,2028.75 ms
221,2037.25 ms
221,2037.8000000000002 ms
221,2053.85 ms
221,2067.7500000000005 ms
221,2096.15 ms
221,2104.6 ms
221,2124.6 ms
221,2128.35 ms
221,2133.2999999999997 ms
221,2148.7000000000003 ms
221,2159.15 ms
221,2160.5499999999997 ms
221,2181.2000000000003 ms
221,2203.4 ms
221,2213.149999999999 ms
221,2230.849999999999 ms
221,2234.799999999999 ms
221,2260.2499999999986 ms
221,2281.549999999999 ms
221,2282.2999999999997 ms
221,2291.1 ms
221,2301.7999999999997 ms
221,2302.4999999999995 ms
221,2323.349999999999 ms
221,2332.1999999999985 ms
221,2334.6999999999994 ms
221,2338.099999999999 ms
221,2370.299999999999 ms
221,2400.049999999999 ms
221,2408.599999999999 ms
221,2416.299999999999 ms
221,2423.299999999999 ms
221,2428.299999999999 ms
221,2479.1499999999983 ms
221,2508.6999999999985 ms
221,2514.3999999999983 ms
221,2528.899999999999 ms
221,2531.849999999999 ms
221,2541.549999999999 ms
221,2554.599999999999 ms
221,2562.849999999998 ms
221,2564.599999999999 ms
221,2580.4499999999985 ms
221,2601.9499999999985 ms
221,2647.9499999999985 ms
221,2655.1999999999985 ms
221,2655.6999999999985 ms
221,2656.099999999999 ms
221,2689.9999999999986 ms
221,2692.399999999999 ms
221,2700.3999999999983 ms
221,2724.4499999999985 ms
221,2724.7499999999986 ms
221,2726.149999999999 ms
221,2727.2499999999986 ms
221,2737.7499999999995 ms
221,2750.7499999999986 ms
221,2763.849999999999 ms
221,2767.7499999999995 ms
221,2780.7999999999997 ms
221,2791.399999999999 ms
221,2791.849999999999 ms
221,2798.4499999999985 ms
221,2820.2499999999986 ms
221,2826.899999999999 ms
221,2829.149999999999 ms
221,2836.6999999999994 ms
221,2840.9999999999995 ms
221,2866.099999999999 ms
221,2871.299999999999 ms
221,2874.899999999999 ms
221,2904.4999999999986 ms
221,2917.7499999999995 ms
221,2919.9499999999994 ms
221,2924.9999999999995 ms
221,2928.7499999999986 ms
221,2947.9499999999985 ms
221,2984.549999999999 ms
221,2988.299999999999 ms
221,2991.2499999999986 ms
221,3007.4499999999985 ms
221,3008.599999999999 ms
221,3031.399999999999 ms
221,3033.4999999999986 ms
221,3068.399999999999 ms
221,3072.4999999999986 ms
221,3111.899999999999 ms
221,3126.9999999999986 ms
221,3147.4499999999985 ms
221,3175.9499999999985 ms
221,3189.6499999999983 ms
221,3209.349999999998 ms
221,3223.2499999999986 ms
221,3235.349999999998 ms
221,3250.9499999999975 ms
221,3255.299999999998 ms
221,3321.299999999998 ms
221,3323.549999999998 ms
221,3358.7499999999977 ms
221,3386.8999999999983 ms
221,3389.1999999999985 ms
221,3408.849999999998 ms
221,3414.6999999999975 ms
221,3443.8999999999974 ms
221,3449.2499999999977 ms
221,3507.9999999999977 ms
221,3523.9999999999977 ms
221,3524.099999999997 ms
221,3544.4999999999977 ms
221,3568.599999999997 ms
221,3596.8999999999974 ms
221,3611.549999999998 ms
221,3656.4499999999985 ms
221,3665.299999999998 ms
221,3680.9499999999985 ms
221,3681.849999999998 ms
221,3686.9499999999975 ms
221,3692.599999999998 ms
221,3694.049999999998 ms
221,3729.2499999999977 ms
221,3734.4999999999977 ms
221,3736.299999999998 ms
221,3763.349999999998 ms
221,3765.4499999999975 ms
221,3779.849999999998 ms
221,3786.049999999998 ms
221,3796.4999999999977 ms
221,3814.049999999998 ms
221,3818.849999999998 ms
221,3833.1499999999983 ms
221,3859.2499999999977 ms
221,3872.7499999999986 ms
221,3886.2499999999977 ms
221,3906.3999999999983 ms
221,3907.2499999999977 ms
221,3909.9499999999975 ms
221,3920.099999999998 ms
221,3965.6499999999983 ms
221,3968.799999999999 ms
221,3983.4999999999986 ms
221,3994.3999999999983 ms
222,1.6 ms
222,8.8 ms
222,11.7 ms
222,49.349999999999994 ms
222,58.599999999999994 ms
222,62.05000000000001 ms
222,72.5 ms
222,82.65 ms
222,94.15 ms
222,105.05000000000001 ms
222,110.5 ms
222,163.0 ms
222,168.35000000000002 ms
222,175.14999999999998 ms
222,197.25 ms
222,208.10000000000002 ms
222,215.85000000000002 ms
222,259.3 ms
222,276.7 ms
222,281.8999999999999 ms
222,287.65000000000003 ms
222,301.09999999999997 ms
222,313.59999999999997 ms
222,316.90000000000003 ms
222,359.59999999999997 ms
222,402.65000000000003 ms
222,418.1499999999999 ms
222,421.2999999999999 ms
222,423.34999999999997 ms
222,436.95 ms
222,455.84999999999997 ms
222,468.95 ms
222,496.09999999999997 ms
222,506.24999999999994 ms
222,510.74999999999994 ms
222,537.55 ms
222,563.95 ms
222,589.7 ms
222,600.1499999999999 ms
222,601.6499999999999 ms
222,613.55 ms
222,621.8499999999999 ms
222,629.8499999999999 ms
222,637.3 ms
222,653.05 ms
222,673.0 ms
222,680.3 ms
222,687.8499999999999 ms
222,710.5999999999999 ms
222,711.1999999999998 ms
222,748.0 ms
222,752.5999999999999 ms
222,759.6499999999999 ms
222,762.0999999999999 ms
222,765.25 ms
222,778.8499999999999 ms
222,802.05 ms
222,812.3 ms
222,819.3999999999999 ms
222,821.6000000000001 ms
222,828.2 ms
222,867.1500000000001 ms
222,878.45 ms
222,878.9000000000001 ms
222,886.1000000000001 ms
222,900.45 ms
222,904.45 ms
222,907.8000000000002 ms
222,917.2000000000003 ms
222,933.9500000000003 ms
222,943.6500000000001 ms
222,947.0500000000002 ms
222,955.8500000000001 ms
222,966.3500000000001 ms
222,983.2500000000002 ms
222,1004.95 ms
222,1034.1000000000001 ms
222,1042.7500000000002 ms
222,1056.7000000000005 ms
222,1069.2 ms
222,1087.55 ms
222,1092.3999999999999 ms
222,1092.95 ms
222,1108.95 ms
222,1136.7 ms
222,1152.2 ms
222,1164.4999999999998 ms
222,1172.5999999999997 ms
222,1177.05 ms
222,1185.55 ms
222,1188.55 ms
222,1209.2500000000002 ms
222,1223.1500000000003 ms
222,1252.45 ms
222,1268.7499999999998 ms
222,1291.0999999999997 ms
222,1302.9499999999996 ms
222,1322.7499999999998 ms
222,1336.5499999999995 ms
222,1343.3999999999994 ms
222,1356.9499999999996 ms
222,1378.6499999999999 ms
222,1403.8499999999997 ms
222,1426.7499999999998 ms
222,1430.0499999999995 ms
222,1447.5999999999997 ms
222,1455.2499999999998 ms
222,1462.95 ms
222,1484.8500000000001 ms
222,1492.8 ms
222,1496.0000000000002 ms
222,1533.2 ms
222,1533.8 ms
222,1536.8499999999997 ms
222,1547.6499999999999 ms
222,1564.3 ms
222,1569.6499999999999 ms
222,1584.8999999999999 ms
222,1595.55 ms
222,1596.7500000000002 ms
222,1602.2499999999998 ms
222,1629.8499999999997 ms
222,1631.4499999999996 ms
222,1631.7499999999998 ms
222,1637.2999999999995 ms
222,1660.6999999999996 ms
222,1661.0999999999997 ms
222,1661.2499999999998 ms
222,1661.5999999999997 ms
222,1662.8 ms
222,1664.5000000000002 ms
222,1687.4000000000003 ms
222,1689.6499999999999 ms
222,1692.3500000000001 ms
222,1694.45 ms
222,1698.8500000000001 ms
222,1703.2500000000002 ms
222,1718.9500000000005 ms
222,1746.6000000000006 ms
222,1750.0000000000007 ms
222,1763.4500000000005 ms
222,1786.6500000000008 ms
222,1787.0000000000007 ms
222,1789.9500000000005 ms
222,1808.0000000000002 ms
222,1812.1500000000003 ms
222,1824.2500000000002 ms
222,1827.8000000000004 ms
222,1828.2000000000005 ms
222,1834.8000000000004 ms
222,1844.8500000000001 ms
222,1846.1000000000006 ms
222,1857.7500000000007 ms
222,1877.3000000000004 ms
222,1877.4500000000005 ms
222,1895.3500000000006 ms
222,1905.7500000000007 ms
222,1921.4000000000008 ms
222,1932.3000000000009 ms
222,1951.5000000000011 ms
222,1962.2500000000007 ms
222,1967.8500000000006 ms
222,1968.8000000000009 ms
222,1971.7500000000011 ms
222,1977.200000000001 ms
222,1981.6500000000012 ms
222,2007.450000000001 ms
222,2027.850000000001 ms
222,2034.2500000000011 ms
222,2040.4500000000014 ms
222,2056.800000000001 ms
222,2057.9000000000015 ms
222,2101.2000000000007 ms
222,2121.6000000000013 ms
222,2124.300000000001 ms
222,2124.9500000000007 ms
222,2141.750000000002 ms
222,2159.3500000000013 ms
222,2171.1000000000013 ms
222,2207.550000000001 ms
222,2225.8500000000013 ms
222,2250.6000000000013 ms
222,2250.8500000000013 ms
222,2271.9000000000015 ms
222,2273.050000000001 ms
222,2278.600000000002 ms
222,2293.350000000002 ms
222,2300.800000000001 ms
222,2307.300000000001 ms
222,2324.100000000002 ms
222,2349.100000000002 ms
222,2349.600000000002 ms
222,2355.350000000002 ms
222,2365.9000000000015 ms
222,2380.300000000002 ms
222,2380.600000000002 ms
222,2402.350000000002 ms
222,2411.9000000000024 ms
222,2432.550000000002 ms
222,2468.350000000003 ms
222,2471.550000000002 ms
222,2475.6500000000024 ms
222,2477.9000000000024 ms
222,2485.550000000002 ms
222,2534.6500000000024 ms
222,2537.2500000000027 ms
222,2567.050000000002 ms
222,2574.6500000000024 ms
222,2575.7000000000025 ms
222,2577.550000000003 ms
222,2590.250000000002 ms
222,2604.250000000002 ms
222,2616.6500000000024 ms
222,2616.9000000000024 ms
222,2650.1500000000024 ms
222,2664.300000000002 ms
222,2664.9500000000025 ms
222,2672.4500000000025 ms
222,2681.9500000000025 ms
222,2692.350000000002 ms
222,2694.6500000000033 ms
222,2704.050000000003 ms
222,2706.4000000000033 ms
222,2728.100000000002 ms
222,2770.0000000000027 ms
222,2776.600000000003 ms
222,2802.2000000000025 ms
222,2802.850000000002 ms
222,2814.6500000000033 ms
222,2864.600000000002 ms
222,2865.550000000003 ms
222,2936.600000000002 ms
222,2965.6500000000033 ms
222,2980.050000000003 ms
222,2984.2000000000025 ms
222,2988.800000000003 ms
222,2994.4000000000033 ms
222,2995.4000000000033 ms
222,3007.850000000002 ms
222,3008.2000000000025 ms
222,3020.2500000000027 ms
222,3027.2500000000027 ms
222,3038.6500000000024 ms
222,3045.300000000003 ms
222,3070.350000000003 ms
222,3075.1500000000033 ms
222,3083.550000000003 ms
222,3109.7500000000036 ms
222,3135.6500000000033 ms
222,3136.4000000000033 ms
222,3162.2000000000035 ms
222,3168.7000000000035 ms
222,3175.850000000003 ms
222,3176.150000000004 ms
222,3202.850000000003 ms
222,3239.850000000003 ms
222,3246.2000000000035 ms
222,3280.4000000000033 ms
222,3287.4500000000035 ms
222,3298.4500000000035 ms
222,3300.600000000003 ms
222,3348.2000000000035 ms
222,3352.4500000000035 ms
222,3356.050000000004 ms
222,3359.5000000000027 ms
222,3365.2500000000027 ms
222,3377.6500000000033 ms
222,3380.300000000003 ms
222,3380.4500000000035 ms
222,3387.7000000000035 ms
222,3416.350000000003 ms
222,3425.2500000000036 ms
222,3435.050000000004 ms
222,3447.900000000004 ms
222,3455.800000000004 ms
222,3499.150000000004 ms
222,3516.850000000003 ms
222,3522.850000000003 ms
222,3540.050000000004 ms
222,3559.350000000003 ms
222,3574.5000000000036 ms
222,3577.5000000000036 ms
222,3599.2500000000036 ms
222,3614.4500000000035 ms
222,3630.5000000000036 ms
222,3636.800000000004 ms
222,3640.400000000004 ms
222,3641.400000000004 ms
222,3650.4500000000035 ms
222,3673.2500000000045 ms
222,3694.650000000004 ms
222,3711.800000000004 ms
222,3729.7000000000044 ms
222,3737.0000000000045 ms
222,3749.5500000000047 ms
222,3758.4500000000044 ms
222,3764.9500000000044 ms
222,3776.2500000000055 ms
222,3784.2500000000055 ms
222,3785.400000000005 ms
222,3788.650000000005 ms
222,3804.850000000005 ms
222,3838.7500000000045 ms
222,3841.900000000005 ms
222,3846.2000000000053 ms
222,3862.4500000000053 ms
222,3862.5500000000056 ms
222,3910.0000000000045 ms
222,3912.5000000000045 ms
222,3935.900000000005 ms
222,3938.400000000005 ms
222,3960.8000000000047 ms
222,3964.3000000000047 ms
222,3970.350000000006 ms
222,3974.2000000000053 ms
222,3980.4500000000053 ms
222,3981.400000000005 ms
223,1.6500000000000001 ms
223,25.0 ms
223,56.5 ms
223,61.599999999999994 ms
223,68.9 ms
223,106.4 ms
223,109.9 ms
223,112.20000000000002 ms
223,114.20000000000002 ms
223,125.35 ms
223,142.50000000000003 ms
223,156.9 ms
223,166.95000000000002 ms
223,195.79999999999998 ms
223,202.49999999999997 ms
223,209.54999999999998 ms
223,218.45000000000002 ms
223,242.25000000000003 ms
223,256.95000000000005 ms
223,259.85 ms
223,272.35 ms
223,278.20000000000005 ms
223,281.95000000000005 ms
223,294.70000000000005 ms
223,360.75 ms
223,372.70000000000005 ms
223,394.45000000000005 ms
223,401.95000000000005 ms
223,410.6500000000001 ms
223,427.1500000000001 ms
223,430.6500000000001 ms
223,436.20000000000005 ms
223,468.1500000000001 ms
223,487.0 ms
223,510.25 ms
223,510.85000000000014 ms
223,518.5000000000002 ms
223,520.3 ms
223,537.0000000000002 ms
223,558.4000000000001 ms
223,562.0500000000002 ms
223,577.0 ms
223,582.4500000000003 ms
223,584.2000000000003 ms
223,588.4000000000001 ms
223,590.3500000000004 ms
223,608.3000000000002 ms
223,664.9500000000003 ms
223,677.1000000000004 ms
223,678.1000000000004 ms
223,688.3000000000002 ms
223,715.9500000000003 ms
223,726.7000000000003 ms
223,744.0000000000002 ms
223,749.0000000000002 ms
223,751.4000000000003 ms
223,766.3500000000001 ms
223,785.4000000000003 ms
223,788.5500000000002 ms
223,810.2500000000002 ms
223,840.1500000000003 ms
223,885.1000000000001 ms
223,898.2000000000003 ms
223,904.9000000000003 ms
223,912.0500000000004 ms
223,925.2500000000002 ms
223,927.1000000000004 ms
223,928.6000000000004 ms
223,938.4000000000003 ms
223,950.6000000000004 ms
223,953.7500000000005 ms
223,967.2500000000005 ms
223,985.2000000000003 ms
223,992.9500000000003 ms
223,1003.2000000000003 ms
223,1015.2500000000005 ms
223,1015.5000000000005 ms
223,1030.2000000000003 ms
223,1036.6000000000004 ms
223,1056.2500000000005 ms
223,1064.8500000000004 ms
223,1076.6000000000004 ms
223,1083.5000000000005 ms
223,1098.8000000000006 ms
223,1123.0000000000005 ms
223,1142.1000000000004 ms
223,1154.4000000000005 ms
223,1167.4000000000005 ms
223,1170.9500000000003 ms
223,1196.8500000000004 ms
223,1199.0000000000005 ms
223,1208.1000000000004 ms
223,1228.4000000000005 ms
223,1233.2000000000003 ms
223,1249.3000000000002 ms
223,1253.7000000000003 ms
223,1255.8500000000004 ms
223,1263.0500000000002 ms
223,1274.0000000000005 ms
223,1278.9500000000003 ms
223,1280.2500000000005 ms
223,1281.7000000000003 ms
223,1296.5500000000006 ms
223,1298.4 ms
223,1303.9 ms
223,1319.1000000000004 ms
223,1321.0000000000005 ms
223,1369.3000000000006 ms
223,1374.5500000000006 ms
223,1381.8000000000006 ms
223,1397.7500000000005 ms
223,1419.4500000000003 ms
223,1432.3500000000008 ms
223,1512.6000000000008 ms
223,1525.0000000000005 ms
223,1537.150000000001 ms
223,1537.900000000001 ms
223,1538.4500000000007 ms
223,1538.9500000000007 ms
223,1543.9500000000007 ms
223,1556.4500000000007 ms
223,1564.8500000000008 ms
223,1566.3500000000008 ms
223,1585.900000000001 ms
223,1602.3000000000006 ms
223,1606.3000000000006 ms
223,1606.900000000001 ms
223,1615.9500000000007 ms
223,1627.6500000000005 ms
223,1630.050000000001 ms
223,1631.4000000000005 ms
223,1648.1500000000005 ms
223,1648.250000000001 ms
223,1653.3000000000006 ms
223,1661.0500000000006 ms
223,1662.5500000000006 ms
223,1665.3000000000006 ms
223,1685.3000000000006 ms
223,1720.4500000000007 ms
223,1745.500000000001 ms
223,1756.8000000000006 ms
223,1763.3000000000006 ms
223,1772.2500000000005 ms
223,1773.1000000000008 ms
223,1793.5000000000005 ms
223,1793.9500000000007 ms
223,1801.5500000000006 ms
223,1803.7000000000007 ms
223,1820.2000000000007 ms
223,1828.4500000000007 ms
223,1830.500000000001 ms
223,1835.0500000000006 ms
223,1836.6500000000005 ms
223,1861.6000000000004 ms
223,1879.8500000000004 ms
223,1881.3000000000006 ms
223,1885.0500000000006 ms
223,1921.8000000000006 ms
223,1923.3000000000006 ms
223,1923.8000000000006 ms
223,1925.3500000000008 ms
223,1933.1000000000008 ms
223,1945.1500000000005 ms
223,1955.3000000000006 ms
223,1964.4500000000007 ms
223,2000.4000000000005 ms
223,2020.6500000000005 ms
223,2033.6000000000008 ms
223,2037.900000000001 ms
223,2045.3000000000006 ms
223,2058.0500000000015 ms
223,2060.3000000000006 ms
223,2060.900000000001 ms
223,2063.100000000001 ms
223,2073.650000000001 ms
223,2073.850000000001 ms
223,2087.2500000000014 ms
223,2115.100000000001 ms
223,2124.650000000001 ms
223,2124.950000000001 ms
223,2152.0000000000014 ms
223,2199.450000000001 ms
223,2203.3000000000006 ms
223,2204.700000000001 ms
223,2206.0000000000014 ms
223,2216.3000000000015 ms
223,2218.5500000000015 ms
223,2234.5500000000015 ms
223,2236.150000000001 ms
223,2264.450000000001 ms
223,2270.6000000000017 ms
223,2288.700000000001 ms
223,2304.400000000001 ms
223,2339.3000000000015 ms
223,2341.7500000000014 ms
223,2399.3000000000015 ms
223,2410.400000000001 ms
223,2414.5500000000015 ms
223,2433.650000000001 ms
223,2443.0500000000015 ms
223,2454.3500000000017 ms
223,2459.150000000002 ms
223,2478.3000000000025 ms
223,2513.5000000000023 ms
223,2516.1000000000017 ms
223,2516.7500000000023 ms
223,2524.5000000000014 ms
223,2527.1000000000017 ms
223,2566.700000000001 ms
223,2573.3500000000017 ms
223,2588.950000000001 ms
223,2626.700000000002 ms
223,2630.1000000000017 ms
223,2649.700000000001 ms
223,2664.650000000001 ms
223,2669.400000000002 ms
223,2674.3000000000015 ms
223,2691.5500000000015 ms
223,2694.6000000000017 ms
223,2740.6000000000017 ms
223,2753.3000000000015 ms
223,2761.3000000000015 ms
223,2765.5500000000015 ms
223,2771.8000000000015 ms
223,2815.200000000002 ms
223,2844.0000000000023 ms
223,2853.650000000002 ms
223,2855.700000000002 ms
223,2857.400000000002 ms
223,2864.5500000000025 ms
223,2867.6000000000026 ms
223,2887.650000000003 ms
223,2888.0500000000025 ms
223,2905.6000000000026 ms
223,2910.8500000000026 ms
223,2917.6000000000026 ms
223,2919.400000000003 ms
223,2925.1000000000026 ms
223,2936.8500000000026 ms
223,2937.3500000000026 ms
223,2946.1000000000026 ms
223,2984.8500000000026 ms
223,2988.000000000003 ms
223,3001.450000000003 ms
223,3031.3000000000025 ms
223,3033.400000000002 ms
223,3038.900000000003 ms
223,3044.900000000002 ms
223,3046.0000000000023 ms
223,3049.8500000000017 ms
223,3067.6000000000026 ms
223,3128.8500000000017 ms
223,3139.5500000000015 ms
223,3139.8000000000025 ms
223,3146.3000000000015 ms
223,3169.3500000000017 ms
223,3191.6000000000026 ms
223,3199.5000000000023 ms
223,3213.650000000003 ms
223,3229.7500000000023 ms
223,3234.650000000003 ms
223,3235.450000000003 ms
223,3244.3000000000025 ms
223,3253.700000000003 ms
223,3256.3500000000026 ms
223,3262.400000000003 ms
223,3283.3000000000034 ms
223,3288.700000000003 ms
223,3294.700000000003 ms
223,3300.250000000003 ms
223,3308.000000000003 ms
223,3348.5500000000034 ms
223,3368.700000000004 ms
223,3400.5500000000034 ms
223,3410.500000000003 ms
223,3412.4000000000037 ms
223,3414.0500000000034 ms
223,3415.900000000003 ms
223,3459.0500000000034 ms
223,3494.3000000000034 ms
223,3497.250000000003 ms
223,3506.000000000003 ms
223,3508.700000000003 ms
223,3524.700000000003 ms
223,3554.500000000003 ms
223,3559.1500000000037 ms
223,3585.0500000000034 ms
223,3597.5500000000034 ms
223,3617.250000000003 ms
223,3618.250000000003 ms
223,3620.000000000003 ms
223,3621.5500000000034 ms
223,3623.8000000000034 ms
223,3627.900000000003 ms
223,3634.5500000000034 ms
223,3636.8500000000035 ms
223,3644.1000000000035 ms
223,3652.8500000000035 ms
223,3653.450000000003 ms
223,3677.900000000003 ms
223,3690.3500000000026 ms
223,3716.900000000003 ms
223,3734.9000000000037 ms
223,3735.5500000000034 ms
223,3744.6000000000035 ms
223,3750.8500000000035 ms
223,3754.1500000000037 ms
223,3767.3500000000035 ms
223,3771.3000000000034 ms
223,3781.000000000003 ms
223,3790.5500000000034 ms
223,3793.8500000000035 ms
223,3806.950000000003 ms
223,3809.650000000003 ms
223,3814.6000000000026 ms
223,3825.5500000000025 ms
223,3826.400000000003 ms
223,3842.200000000003 ms
223,3851.750000000003 ms
223,3890.3000000000034 ms
223,3891.250000000003 ms
223,3892.1000000000026 ms
223,3892.8000000000025 ms
223,3896.3500000000026 ms
223,3905.1000000000035 ms
223,3926.450000000003 ms
223,3928.5500000000025 ms
223,3939.3500000000026 ms
223,3954.950000000003 ms
223,3967.8500000000035 ms
224,20.25 ms
224,28.15 ms
224,32.9 ms
224,41.29999999999999 ms
224,42.4 ms
224,92.4 ms
224,109.1 ms
224,109.20000000000002 ms
224,116.5 ms
224,122.85 ms
224,138.35 ms
224,152.25000000000003 ms
224,172.95000000000002 ms
224,175.04999999999998 ms
224,177.64999999999995 ms
224,190.4 ms
224,202.04999999999998 ms
224,211.74999999999997 ms
224,225.09999999999994 ms
224,237.19999999999996 ms
224,237.85 ms
224,242.34999999999994 ms
224,265.9 ms
224,270.54999999999995 ms
224,277.15 ms
224,286.0 ms
224,307.85 ms
224,314.65 ms
224,324.6 ms
224,335.05000000000007 ms
224,345.0 ms
224,349.20000000000005 ms
224,354.5999999999999 ms
224,355.0 ms
224,355.3499999999999 ms
224,370.65 ms
224,395.69999999999993 ms
224,426.65 ms
224,439.25 ms
224,440.29999999999995 ms
224,484.95000000000005 ms
224,489.30000000000007 ms
224,495.20000000000005 ms
224,500.1500000000001 ms
224,514.85 ms
224,516.6 ms
224,519.65 ms
224,544.1999999999999 ms
224,549.9499999999999 ms
224,550.4999999999999 ms
224,580.2999999999998 ms
224,585.0999999999998 ms
224,610.3999999999997 ms
224,642.8499999999998 ms
224,644.4499999999999 ms
224,669.1999999999997 ms
224,706.9999999999997 ms
224,711.8999999999997 ms
224,713.3999999999997 ms
224,725.3499999999998 ms
224,740.3999999999997 ms
224,741.6499999999997 ms
224,751.6999999999997 ms
224,759.8999999999997 ms
224,767.9499999999997 ms
224,781.8499999999996 ms
224,797.2999999999996 ms
224,797.6999999999997 ms
224,805.0999999999996 ms
224,864.2499999999997 ms
224,870.3499999999998 ms
224,880.7499999999997 ms
224,886.8499999999998 ms
224,902.1999999999997 ms
224,909.3999999999997 ms
224,914.9999999999999 ms
224,917.8999999999997 ms
224,925.2999999999996 ms
224,926.3499999999996 ms
224,936.3499999999998 ms
224,938.7999999999998 ms
224,972.8499999999998 ms
224,973.6999999999997 ms
224,999.3499999999996 ms
224,1010.8499999999998 ms
224,1016.8999999999997 ms
224,1022.7499999999997 ms
224,1031.1999999999998 ms
224,1031.3499999999995 ms
224,1062.0 ms
224,1063.0499999999997 ms
224,1065.35 ms
224,1075.35 ms
224,1077.7499999999995 ms
224,1084.1 ms
224,1089.3999999999996 ms
224,1104.5999999999995 ms
224,1110.25 ms
224,1111.3499999999995 ms
224,1114.1999999999998 ms
224,1127.0999999999995 ms
224,1127.6999999999998 ms
224,1145.3999999999996 ms
224,1149.4999999999995 ms
224,1186.6999999999994 ms
224,1198.3999999999996 ms
224,1202.5499999999997 ms
224,1238.8999999999996 ms
224,1251.7499999999995 ms
224,1258.3999999999996 ms
224,1282.1499999999996 ms
224,1344.7499999999995 ms
224,1349.7499999999995 ms
224,1361.6499999999996 ms
224,1385.3499999999995 ms
224,1393.8999999999996 ms
224,1400.7499999999995 ms
224,1422.3999999999996 ms
224,1422.9499999999998 ms
224,1435.4999999999995 ms
224,1442.1999999999994 ms
224,1449.7499999999995 ms
224,1467.9999999999995 ms
224,1483.4999999999995 ms
224,1502.6999999999994 ms
224,1512.8999999999996 ms
224,1521.6999999999998 ms
224,1526.7999999999993 ms
224,1536.3999999999996 ms
224,1540.7999999999993 ms
224,1560.3499999999995 ms
224,1573.7999999999993 ms
224,1577.5999999999995 ms
224,1579.6499999999996 ms
224,1584.3999999999996 ms
224,1603.999999999999 ms
224,1611.8999999999996 ms
224,1615.5999999999995 ms
224,1618.2499999999995 ms
224,1628.4499999999994 ms
224,1632.0499999999997 ms
224,1646.8499999999995 ms
224,1649.3499999999995 ms
224,1649.7999999999993 ms
224,1653.8499999999995 ms
224,1654.2499999999995 ms
224,1660.7499999999995 ms
224,1695.5999999999995 ms
224,1714.4499999999994 ms
224,1727.6499999999992 ms
224,1802.7999999999997 ms
224,1820.8499999999995 ms
224,1825.3999999999996 ms
224,1825.499999999999 ms
224,1826.6499999999996 ms
224,1827.3499999999995 ms
224,1834.2999999999993 ms
224,1842.6999999999998 ms
224,1846.7999999999993 ms
224,1852.2499999999995 ms
224,1853.4499999999994 ms
224,1870.6999999999994 ms
224,1886.35 ms
224,1903.35 ms
224,1942.9499999999994 ms
224,1961.1999999999994 ms
224,1966.35 ms
224,1970.7499999999995 ms
224,1973.2999999999997 ms
224,1979.1 ms
224,1987.8999999999996 ms
224,1992.5499999999997 ms
224,2011.4999999999995 ms
224,2026.1999999999998 ms
224,2034.8999999999996 ms
224,2035.0500000000002 ms
224,2041.3999999999996 ms
224,2042.1499999999996 ms
224,2052.25 ms
224,2077.7 ms
224,2095.0 ms
224,2118.25 ms
224,2124.5 ms
224,2144.7 ms
224,2168.05 ms
224,2179.8999999999996 ms
224,2190.95 ms
224,2195.3999999999996 ms
224,2208.0499999999993 ms
224,2233.1499999999996 ms
224,2252.5 ms
224,2258.25 ms
224,2262.7999999999993 ms
224,2276.0499999999993 ms
224,2282.25 ms
224,2294.1499999999996 ms
224,2300.0999999999995 ms
224,2301.0999999999995 ms
224,2327.2 ms
224,2356.8499999999995 ms
224,2357.0999999999995 ms
224,2380.8999999999996 ms
224,2389.0499999999993 ms
224,2390.8999999999996 ms
224,2395.1499999999996 ms
224,2397.8999999999996 ms
224,2424.3499999999995 ms
224,2441.8999999999996 ms
224,2446.0499999999993 ms
224,2450.8500000000004 ms
224,2480.6000000000004 ms
224,2499.3999999999996 ms
224,2519.8500000000004 ms
224,2520.7 ms
224,2553.0999999999995 ms
224,2566.45 ms
224,2587.05 ms
224,2606.55 ms
224,2612.249999999999 ms
224,2620.249999999999 ms
224,2623.1499999999996 ms
224,2640.6499999999996 ms
224,2652.6499999999996 ms
224,2652.8999999999996 ms
224,2656.8999999999996 ms
224,2661.3999999999996 ms
224,2691.5499999999993 ms
224,2700.6499999999996 ms
224,2704.7 ms
224,2714.25 ms
224,2737.05 ms
224,2752.2 ms
224,2785.250000000001 ms
224,2799.8 ms
224,2821.05 ms
224,2822.05 ms
224,2822.7000000000007 ms
224,2835.9000000000005 ms
224,2839.3 ms
224,2848.6000000000013 ms
224,2849.2000000000007 ms
224,2864.6000000000004 ms
224,2867.6000000000004 ms
224,2881.6000000000004 ms
224,2900.050000000001 ms
224,2902.550000000001 ms
224,2904.25 ms
224,2936.550000000001 ms
224,2941.550000000001 ms
224,2941.8500000000004 ms
224,2943.1000000000004 ms
224,2948.550000000001 ms
224,2949.6000000000004 ms
224,2955.6000000000004 ms
224,2967.9000000000015 ms
224,2976.4500000000007 ms
224,2989.500000000002 ms
224,2990.3500000000013 ms
224,2998.750000000001 ms
224,3000.750000000001 ms
224,3016.250000000001 ms
224,3027.3500000000013 ms
224,3042.9500000000016 ms
224,3048.1500000000005 ms
224,3061.1500000000005 ms
224,3063.9500000000016 ms
224,3071.4500000000016 ms
224,3080.6500000000005 ms
224,3082.250000000001 ms
224,3091.1000000000013 ms
224,3146.6000000000013 ms
224,3151.500000000001 ms
224,3154.000000000001 ms
224,3156.8500000000013 ms
224,3164.000000000001 ms
224,3191.8500000000013 ms
224,3201.4000000000005 ms
224,3204.000000000001 ms
224,3234.750000000001 ms
224,3235.300000000001 ms
224,3239.2000000000007 ms
224,3246.1000000000013 ms
224,3253.3500000000013 ms
224,3261.6000000000013 ms
224,3262.550000000001 ms
224,3263.4500000000007 ms
224,3288.4000000000015 ms
224,3313.3500000000004 ms
224,3316.6500000000015 ms
224,3347.550000000001 ms
224,3350.1000000000013 ms
224,3351.800000000001 ms
224,3363.750000000001 ms
224,3389.3500000000013 ms
224,3411.55 ms
224,3417.3500000000013 ms
224,3424.8500000000013 ms
224,3433.9000000000005 ms
224,3442.500000000001 ms
224,3446.1000000000013 ms
224,3448.05 ms
224,3467.9500000000007 ms
224,3472.2000000000007 ms
224,3476.6500000000005 ms
224,3513.9500000000007 ms
224,3515.800000000001 ms
224,3539.75 ms
224,3553.6000000000004 ms
224,3559.4000000000005 ms
224,3559.9000000000005 ms
224,3569.9000000000005 ms
224,3633.1500000000005 ms
224,3681.05 ms
224,3700.4000000000005 ms
224,3703.05 ms
224,3725.4500000000007 ms
224,3746.750000000001 ms
224,3752.2000000000007 ms
224,3752.7000000000007 ms
224,3754.6500000000005 ms
224,3764.8500000000004 ms
224,3765.3500000000004 ms
224,3785.25 ms
224,3804.550000000001 ms
224,3833.9500000000007 ms
224,3840.1000000000004 ms
224,3846.250000000001 ms
224,3854.1500000000005 ms
224,3856.500000000001 ms
224,3880.2000000000007 ms
224,3888.300000000001 ms
224,3916.6500000000005 ms
224,3930.6000000000004 ms
224,3946.5 ms
224,3949.050000000001 ms
224,3965.8500000000004 ms
224,3990.9500000000007 ms
224,3992.8500000000004 ms
225,15.3 ms
225,17.249999999999996 ms
225,79.0 ms
225,80.6 ms
225,81.75 ms
225,91.19999999999999 ms
225,97.9 ms
225,110.4 ms
225,113.9 ms
225,132.1 ms
225,151.75000000000003 ms
225,153.49999999999997 ms
225,175.44999999999996 ms
225,197.45000000000002 ms
225,202.69999999999996 ms
225,203.24999999999997 ms
225,206.04999999999998 ms
225,215.9 ms
225,233.55000000000004 ms
225,239.95000000000002 ms
225,250.79999999999998 ms
225,260.20000000000005 ms
225,261.04999999999995 ms
225,274.70000000000005 ms
225,295.75 ms
225,327.4 ms
225,333.9 ms
225,337.4 ms
225,340.04999999999995 ms
225,398.0 ms
225,404.39999999999986 ms
225,413.39999999999986 ms
225,425.69999999999993 ms
225,428.65 ms
225,443.29999999999984 ms
225,447.9 ms
225,457.04999999999984 ms
225,492.0999999999999 ms
225,522.8 ms
225,537.7 ms
225,537.9999999999998 ms
225,554.45 ms
225,558.3 ms
225,558.7 ms
225,584.0999999999999 ms
225,604.75 ms
225,629.8499999999999 ms
225,636.0 ms
225,650.5999999999999 ms
225,653.0 ms
225,714.0499999999997 ms
225,766.5 ms
225,775.8499999999999 ms
225,776.4499999999998 ms
225,786.8 ms
225,792.5999999999999 ms
225,794.5 ms
225,796.5999999999999 ms
225,806.05 ms
225,816.95 ms
225,840.55 ms
225,846.25 ms
225,865.55 ms
225,870.8999999999999 ms
225,872.8 ms
225,874.3 ms
225,893.5999999999999 ms
225,897.1499999999999 ms
225,898.3499999999999 ms
225,902.1999999999998 ms
225,909.0 ms
225,920.9499999999998 ms
225,929.5 ms
225,930.9499999999998 ms
225,938.5999999999999 ms
225,939.3 ms
225,947.3999999999999 ms
225,953.55 ms
225,974.75 ms
225,988.3 ms
225,995.5 ms
225,998.2 ms
225,999.75 ms
225,1004.95 ms
225,1005.45 ms
225,1011.9000000000001 ms
225,1039.0500000000002 ms
225,1077.0500000000002 ms
225,1081.8000000000002 ms
225,1084.65 ms
225,1093.5500000000002 ms
225,1094.7000000000003 ms
225,1122.8000000000002 ms
225,1139.9500000000003 ms
225,1161.3500000000004 ms
225,1163.1000000000004 ms
225,1173.0000000000005 ms
225,1184.1500000000005 ms
225,1196.6000000000004 ms
225,1209.1000000000004 ms
225,1215.500000000001 ms
225,1226.4000000000005 ms
225,1240.1500000000005 ms
225,1253.300000000001 ms
225,1256.6000000000008 ms
225,1261.1000000000008 ms
225,1261.2000000000007 ms
225,1261.4500000000007 ms
225,1269.9500000000007 ms
225,1280.3500000000008 ms
225,1283.250000000001 ms
225,1286.1000000000008 ms
225,1348.8000000000006 ms
225,1349.8500000000008 ms
225,1357.6000000000008 ms
225,1370.4500000000007 ms
225,1383.1000000000008 ms
225,1388.650000000001 ms
225,1390.7000000000007 ms
225,1396.250000000001 ms
225,1405.8500000000004 ms
225,1422.3500000000004 ms
225,1430.750000000001 ms
225,1439.4500000000007 ms
225,1449.4500000000007 ms
225,1466.1000000000008 ms
225,1500.900000000001 ms
225,1505.0500000000006 ms
225,1532.2000000000012 ms
225,1534.8000000000006 ms
225,1542.7000000000012 ms
225,1550.2000000000012 ms
225,1556.7000000000012 ms
225,1569.9500000000012 ms
225,1579.400000000001 ms
225,1587.4500000000012 ms
225,1597.400000000001 ms
225,1603.6000000000008 ms
225,1632.050000000001 ms
225,1638.900000000001 ms
225,1672.150000000001 ms
225,1703.050000000001 ms
225,1709.650000000001 ms
225,1762.000000000001 ms
225,1772.4500000000007 ms
225,1782.150000000001 ms
225,1790.500000000001 ms
225,1796.3500000000008 ms
225,1833.000000000001 ms
225,1844.9500000000007 ms
225,1861.800000000001 ms
225,1873.8500000000008 ms
225,1881.1000000000008 ms
225,1887.000000000001 ms
225,1902.000000000001 ms
225,1904.4500000000007 ms
225,1915.3500000000013 ms
225,1924.550000000001 ms
225,1944.400000000001 ms
225,1955.750000000001 ms
225,1958.900000000001 ms
225,1985.050000000001 ms
225,1997.7000000000012 ms
225,2001.0000000000014 ms
225,2002.800000000001 ms
225,2011.900000000001 ms
225,2022.500000000001 ms
225,2054.9500000000007 ms
225,2067.4500000000007 ms
225,2068.4500000000007 ms
225,2104.1500000000005 ms
225,2117.1000000000004 ms
225,2129.55 ms
225,2134.6500000000005 ms
225,2137.45 ms
225,2147.95 ms
225,2154.3 ms
225,2161.0 ms
225,2195.3 ms
225,2198.95 ms
225,2203.55 ms
225,2221.7 ms
225,2248.9000000000005 ms
225,2266.45 ms
225,2270.1500000000005 ms
225,2295.2 ms
225,2304.250000000001 ms
225,2323.55 ms
225,2325.7000000000007 ms
225,2335.250000000001 ms
225,2343.1500000000005 ms
225,2358.7000000000016 ms
225,2378.6500000000005 ms
225,2381.4500000000016 ms
225,2387.4000000000005 ms
225,2390.300000000001 ms
225,2402.800000000001 ms
225,2403.4500000000007 ms
225,2407.2000000000007 ms
225,2408.6000000000013 ms
225,2413.750000000001 ms
225,2443.000000000001 ms
225,2444.800000000002 ms
225,2457.4000000000015 ms
225,2460.9000000000015 ms
225,2468.1000000000013 ms
225,2477.800000000001 ms
225,2488.4000000000015 ms
225,2493.9500000000007 ms
225,2501.9500000000007 ms
225,2516.7000000000007 ms
225,2520.500000000002 ms
225,2525.9000000000015 ms
225,2526.4000000000015 ms
225,2557.9000000000015 ms
225,2561.3500000000013 ms
225,2586.300000000001 ms
225,2597.550000000001 ms
225,2599.500000000001 ms
225,2601.1500000000005 ms
225,2612.6000000000013 ms
225,2628.4000000000005 ms
225,2634.8500000000013 ms
225,2649.4500000000007 ms
225,2651.800000000001 ms
225,2671.9500000000007 ms
225,2696.050000000001 ms
225,2698.050000000001 ms
225,2714.4000000000005 ms
225,2716.500000000001 ms
225,2731.3 ms
225,2745.6000000000013 ms
225,2753.8500000000013 ms
225,2812.8 ms
225,2816.2000000000007 ms
225,2835.2000000000007 ms
225,2836.6500000000005 ms
225,2841.1000000000004 ms
225,2860.05 ms
225,2862.1500000000005 ms
225,2867.5999999999995 ms
225,2879.8499999999995 ms
225,2914.0 ms
225,2929.5 ms
225,2930.6499999999996 ms
225,2952.0 ms
225,2982.75 ms
225,3009.95 ms
225,3050.45 ms
225,3058.0 ms
225,3070.6499999999996 ms
225,3082.25 ms
225,3088.8999999999996 ms
225,3093.4500000000007 ms
225,3140.1499999999996 ms
225,3159.5 ms
225,3187.8500000000004 ms
225,3220.25 ms
225,3224.25 ms
225,3225.0 ms
225,3241.3999999999996 ms
225,3243.2000000000007 ms
225,3248.9500000000007 ms
225,3252.75 ms
225,3264.75 ms
225,3273.1000000000004 ms
225,3317.1000000000004 ms
225,3321.6500000000005 ms
225,3328.8 ms
225,3337.250000000001 ms
225,3340.45 ms
225,3347.1500000000005 ms
225,3349.05 ms
225,3349.75 ms
225,3351.0 ms
225,3354.05 ms
225,3358.45 ms
225,3380.750000000001 ms
225,3398.7 ms
225,3399.250000000001 ms
225,3400.45 ms
225,3413.3 ms
225,3417.6000000000004 ms
225,3418.3500000000004 ms
225,3457.5 ms
225,3465.800000000001 ms
225,3481.9000000000005 ms
225,3484.9500000000007 ms
225,3506.7000000000007 ms
225,3508.2000000000007 ms
225,3514.750000000001 ms
225,3535.4500000000007 ms
225,3547.3500000000004 ms
225,3555.7000000000007 ms
225,3557.050000000001 ms
225,3586.4500000000007 ms
225,3592.1000000000004 ms
225,3592.550000000001 ms
225,3596.6500000000005 ms
225,3599.8500000000004 ms
225,3604.3500000000004 ms
225,3619.0 ms
225,3623.300000000001 ms
225,3626.1500000000005 ms
225,3629.500000000001 ms
225,3632.45 ms
225,3639.3500000000004 ms
225,3650.6000000000004 ms
225,3657.2000000000007 ms
225,3663.3500000000004 ms
225,3686.8 ms
225,3699.75 ms
225,3744.6499999999996 ms
225,3756.75 ms
225,3775.95 ms
225,3777.45 ms
225,3792.3 ms
225,3811.499999999999 ms
225,3843.6499999999996 ms
225,3851.5999999999995 ms
225,3862.5999999999995 ms
225,3875.7999999999993 ms
225,3876.0499999999993 ms
225,3879.1499999999996 ms
225,3880.699999999999 ms
225,3885.0 ms
225,3925.0999999999995 ms
225,3945.2 ms
225,3945.7999999999993 ms
225,3947.699999999999 ms
225,3951.1499999999996 ms
225,3976.949999999999 ms
225,3987.5 ms
225,3989.0499999999993 ms
226,16.55 ms
226,25.600000000000005 ms
226,30.200000000000006 ms
226,37.55000000000001 ms
226,40.30000000000001 ms
226,70.80000000000001 ms
226,71.45000000000002 ms
226,82.55000000000001 ms
226,86.85000000000002 ms
226,103.70000000000002 ms
226,113.10000000000002 ms
226,158.25 ms
226,163.5 ms
226,178.25 ms
226,186.05000000000007 ms
226,197.55000000000007 ms
226,237.25000000000006 ms
226,238.55000000000007 ms
226,254.4000000000001 ms
226,284.1500000000001 ms
226,287.85000000000014 ms
226,294.30000000000007 ms
226,299.80000000000007 ms
226,302.0000000000001 ms
226,323.80000000000007 ms
226,337.5000000000001 ms
226,373.15 ms
226,381.05000000000007 ms
226,382.1 ms
226,386.1 ms
226,389.55000000000007 ms
226,406.35 ms
226,409.55000000000007 ms
226,416.9 ms
226,436.5000000000001 ms
226,438.85 ms
226,441.1500000000001 ms
226,444.85000000000014 ms
226,447.70000000000005 ms
226,479.10000000000014 ms
226,491.1500000000001 ms
226,493.85000000000014 ms
226,497.10000000000014 ms
226,504.9000000000001 ms
226,511.2500000000001 ms
226,511.9000000000001 ms
226,520.6000000000001 ms
226,532.1500000000001 ms
226,541.1500000000001 ms
226,545.3000000000002 ms
226,552.2 ms
226,555.9000000000001 ms
226,576.0 ms
226,576.4500000000003 ms
226,580.8500000000001 ms
226,590.7500000000002 ms
226,591.3500000000001 ms
226,602.5500000000002 ms
226,635.5500000000002 ms
226,639.3000000000002 ms
226,641.0000000000002 ms
226,673.0500000000002 ms
226,683.6500000000001 ms
226,691.1500000000001 ms
226,713.9500000000003 ms
226,731.3000000000002 ms
226,744.1000000000001 ms
226,746.1500000000001 ms
226,782.25 ms
226,870.25 ms
226,872.0 ms
226,876.9500000000003 ms
226,884.9500000000003 ms
226,888.8500000000001 ms
226,891.1500000000001 ms
226,928.3000000000002 ms
226,928.5500000000002 ms
226,937.5999999999999 ms
226,945.0 ms
226,957.8 ms
226,960.3 ms
226,961.5999999999999 ms
226,964.3999999999999 ms
226,965.1499999999999 ms
226,968.9499999999998 ms
226,971.2999999999997 ms
226,976.0999999999999 ms
226,978.8499999999999 ms
226,1001.1999999999998 ms
226,1001.6499999999999 ms
226,1005.8999999999999 ms
226,1019.4999999999998 ms
226,1034.45 ms
226,1060.1499999999999 ms
226,1087.3 ms
226,1097.5999999999997 ms
226,1100.8999999999999 ms
226,1106.05 ms
226,1109.55 ms
226,1167.7500000000002 ms
226,1175.45 ms
226,1175.6500000000003 ms
226,1190.5500000000004 ms
226,1232.5000000000002 ms
226,1237.0000000000002 ms
226,1239.2500000000002 ms
226,1245.4500000000005 ms
226,1255.45 ms
226,1286.6000000000001 ms
226,1298.9000000000003 ms
226,1305.0500000000004 ms
226,1335.0500000000004 ms
226,1338.5000000000007 ms
226,1344.1500000000008 ms
226,1356.5500000000009 ms
226,1375.0500000000004 ms
226,1380.5500000000009 ms
226,1387.9000000000008 ms
226,1399.4500000000005 ms
226,1409.1500000000008 ms
226,1415.9000000000003 ms
226,1434.8500000000006 ms
226,1439.7000000000005 ms
226,1469.5000000000002 ms
226,1477.9500000000005 ms
226,1480.1500000000008 ms
226,1481.3500000000006 ms
226,1489.8500000000006 ms
226,1544.0500000000009 ms
226,1560.2500000000007 ms
226,1567.3500000000006 ms
226,1583.3500000000006 ms
226,1614.0000000000007 ms
226,1619.4000000000008 ms
226,1642.5000000000007 ms
226,1659.3000000000004 ms
226,1661.8500000000006 ms
226,1694.6000000000006 ms
226,1708.3500000000006 ms
226,1716.9500000000005 ms
226,1721.6000000000006 ms
226,1776.3000000000009 ms
226,1784.1500000000008 ms
226,1790.3500000000006 ms
226,1841.3000000000009 ms
226,1845.9000000000008 ms
226,1853.3000000000009 ms
226,1871.5000000000007 ms
226,1873.0500000000004 ms
226,1879.1500000000003 ms
226,1892.3000000000004 ms
226,1904.4500000000005 ms
226,1911.0000000000007 ms
226,1914.950000000001 ms
226,1918.850000000001 ms
226,1921.0000000000011 ms
226,1934.7500000000007 ms
226,1937.450000000001 ms
226,1938.5000000000007 ms
226,1943.4000000000008 ms
226,1945.850000000001 ms
226,1946.6500000000008 ms
226,1972.100000000001 ms
226,1972.200000000001 ms
226,1974.5500000000009 ms
226,1988.2500000000011 ms
226,1989.7500000000007 ms
226,1992.6500000000008 ms
226,2001.9000000000012 ms
226,2011.6500000000008 ms
226,2019.5000000000007 ms
226,2024.4000000000008 ms
226,2026.5500000000009 ms
226,2055.7000000000007 ms
226,2069.1000000000013 ms
226,2095.000000000001 ms
226,2096.4000000000015 ms
226,2104.050000000001 ms
226,2122.6500000000015 ms
226,2158.050000000001 ms
226,2174.750000000002 ms
226,2182.800000000001 ms
226,2185.9000000000015 ms
226,2194.9000000000015 ms
226,2233.9500000000016 ms
226,2244.800000000002 ms
226,2246.800000000002 ms
226,2256.000000000001 ms
226,2256.800000000002 ms
226,2257.8500000000013 ms
226,2261.7000000000016 ms
226,2283.8500000000013 ms
226,2315.7000000000016 ms
226,2324.250000000002 ms
226,2336.000000000002 ms
226,2348.100000000002 ms
226,2356.000000000002 ms
226,2362.600000000002 ms
226,2364.000000000002 ms
226,2398.100000000002 ms
226,2406.250000000002 ms
226,2427.000000000002 ms
226,2432.100000000002 ms
226,2446.350000000002 ms
226,2449.4000000000015 ms
226,2466.800000000002 ms
226,2490.100000000002 ms
226,2490.500000000002 ms
226,2503.7000000000025 ms
226,2512.100000000002 ms
226,2542.9000000000024 ms
226,2568.4500000000025 ms
226,2568.7500000000027 ms
226,2583.600000000003 ms
226,2589.050000000002 ms
226,2632.800000000002 ms
226,2636.4500000000025 ms
226,2645.9000000000024 ms
226,2654.300000000002 ms
226,2674.2000000000025 ms
226,2681.300000000003 ms
226,2686.850000000002 ms
226,2693.2500000000027 ms
226,2695.7500000000027 ms
226,2708.4500000000025 ms
226,2722.9000000000024 ms
226,2730.100000000002 ms
226,2735.050000000002 ms
226,2744.300000000002 ms
226,2754.500000000002 ms
226,2771.300000000002 ms
226,2786.7000000000016 ms
226,2795.7500000000027 ms
226,2803.0000000000027 ms
226,2831.7000000000016 ms
226,2834.9500000000016 ms
226,2850.100000000002 ms
226,2852.9500000000025 ms
226,2856.850000000002 ms
226,2873.9500000000025 ms
226,2880.500000000002 ms
226,2907.9000000000024 ms
226,2912.350000000002 ms
226,2917.000000000002 ms
226,2922.500000000002 ms
226,2953.000000000002 ms
226,2954.800000000003 ms
226,2967.4000000000024 ms
226,2975.050000000002 ms
226,2982.4000000000024 ms
226,3000.100000000002 ms
226,3011.7000000000025 ms
226,3016.750000000002 ms
226,3019.1500000000024 ms
226,3037.0000000000027 ms
226,3038.7500000000027 ms
226,3050.0000000000027 ms
226,3051.100000000002 ms
226,3061.4000000000024 ms
226,3079.100000000002 ms
226,3088.9000000000024 ms
226,3094.350000000002 ms
226,3096.6500000000024 ms
226,3112.0000000000027 ms
226,3126.2000000000016 ms
226,3174.550000000002 ms
226,3204.350000000002 ms
226,3235.000000000002 ms
226,3274.4500000000025 ms
226,3278.600000000002 ms
226,3305.850000000002 ms
226,3306.350000000002 ms
226,3310.2000000000025 ms
226,3319.2000000000025 ms
226,3328.850000000002 ms
226,3336.800000000002 ms
226,3351.800000000002 ms
226,3376.350000000002 ms
226,3380.4000000000024 ms
226,3418.100000000002 ms
226,3426.300000000002 ms
226,3431.550000000002 ms
226,3438.7000000000016 ms
226,3462.6500000000024 ms
226,3483.000000000002 ms
226,3486.000000000002 ms
226,3510.1500000000015 ms
226,3510.7000000000025 ms
226,3539.4500000000025 ms
226,3547.9000000000015 ms
226,3557.850000000002 ms
226,3571.250000000002 ms
226,3575.800000000002 ms
226,3581.350000000002 ms
226,3587.7000000000025 ms
226,3591.4000000000015 ms
226,3632.500000000002 ms
226,3672.100000000002 ms
226,3691.1500000000015 ms
226,3692.550000000002 ms
226,3693.850000000002 ms
226,3704.050000000002 ms
226,3706.6500000000024 ms
226,3714.8500000000013 ms
226,3732.8500000000013 ms
226,3735.6000000000013 ms
226,3756.800000000002 ms
226,3765.1000000000013 ms
226,3779.300000000002 ms
226,3782.4000000000015 ms
226,3803.500000000002 ms
226,3804.1500000000015 ms
226,3817.4500000000016 ms
226,3819.050000000002 ms
226,3824.7000000000016 ms
226,3860.500000000002 ms
226,3863.550000000002 ms
226,3863.6500000000024 ms
226,3867.6500000000024 ms
226,3870.9500000000016 ms
226,3877.5000000000027 ms
226,3881.5000000000027 ms
226,3895.550000000002 ms
226,3902.300000000002 ms
226,3912.800000000002 ms
226,3916.850000000003 ms
226,3925.7500000000027 ms
226,3932.800000000003 ms
226,3939.850000000003 ms
226,3940.600000000003 ms
226,3941.7500000000027 ms
226,3972.300000000004 ms
226,3975.1500000000033 ms
226,3987.7500000000036 ms
227,45.400000000000006 ms
227,47.150000000000006 ms
227,56.60000000000001 ms
227,61.30000000000001 ms
227,67.45000000000002 ms
227,67.55000000000001 ms
227,78.80000000000001 ms
227,79.95000000000002 ms
227,80.60000000000002 ms
227,99.85000000000002 ms
227,119.60000000000002 ms
227,121.10000000000002 ms
227,136.65000000000003 ms
227,141.50000000000006 ms
227,148.90000000000003 ms
227,151.55 ms
227,207.55 ms
227,217.3 ms
227,220.70000000000005 ms
227,223.55000000000007 ms
227,235.85000000000002 ms
227,241.4000000000001 ms
227,265.55000000000007 ms
227,270.1500000000001 ms
227,272.80000000000007 ms
227,282.05000000000007 ms
227,322.9000000000001 ms
227,323.45000000000005 ms
227,330.0500000000002 ms
227,346.10000000000014 ms
227,354.0500000000002 ms
227,361.7500000000001 ms
227,388.80000000000007 ms
227,398.7500000000001 ms
227,438.30000000000007 ms
227,449.10000000000014 ms
227,454.5500000000002 ms
227,456.8000000000002 ms
227,460.95000000000005 ms
227,480.9000000000001 ms
227,483.2500000000001 ms
227,497.85000000000014 ms
227,498.3000000000002 ms
227,505.60000000000014 ms
227,507.0500000000002 ms
227,513.4500000000002 ms
227,517.6500000000002 ms
227,519.8000000000001 ms
227,523.85 ms
227,528.0000000000001 ms
227,537.1000000000003 ms
227,543.1500000000002 ms
227,544.65 ms
227,554.3000000000001 ms
227,559.1500000000002 ms
227,562.9 ms
227,563.4499999999999 ms
227,569.9 ms
227,576.0000000000001 ms
227,584.1000000000003 ms
227,588.7500000000001 ms
227,624.0000000000001 ms
227,627.1000000000003 ms
227,636.6 ms
227,674.3000000000001 ms
227,675.5000000000001 ms
227,679.5500000000001 ms
227,687.4000000000002 ms
227,703.3500000000003 ms
227,731.2500000000001 ms
227,743.7000000000002 ms
227,746.9000000000002 ms
227,776.0000000000003 ms
227,779.9000000000002 ms
227,785.8000000000003 ms
227,788.5500000000003 ms
227,798.3500000000003 ms
227,804.7500000000001 ms
227,815.8000000000001 ms
227,816.35 ms
227,853.6000000000003 ms
227,869.9500000000002 ms
227,877.2500000000001 ms
227,893.7500000000001 ms
227,912.15 ms
227,931.1999999999999 ms
227,942.7000000000002 ms
227,952.35 ms
227,954.4999999999999 ms
227,956.5000000000001 ms
227,992.35 ms
227,1016.3000000000001 ms
227,1020.1500000000002 ms
227,1024.3000000000002 ms
227,1042.0500000000002 ms
227,1049.3000000000002 ms
227,1057.6000000000004 ms
227,1088.4499999999998 ms
227,1095.1000000000004 ms
227,1128.5500000000002 ms
227,1139.5 ms
227,1152.75 ms
227,1157.75 ms
227,1175.0500000000002 ms
227,1177.3000000000002 ms
227,1182.5500000000002 ms
227,1198.5500000000002 ms
227,1210.1000000000004 ms
227,1254.0500000000002 ms
227,1254.4 ms
227,1268.25 ms
227,1328.4 ms
227,1335.1 ms
227,1337.9 ms
227,1349.8000000000002 ms
227,1355.1000000000004 ms
227,1363.8500000000004 ms
227,1374.4 ms
227,1379.25 ms
227,1383.1999999999998 ms
227,1385.0500000000002 ms
227,1386.25 ms
227,1402.5 ms
227,1418.8000000000002 ms
227,1464.1 ms
227,1478.9 ms
227,1498.9499999999998 ms
227,1502.3999999999996 ms
227,1537.4499999999998 ms
227,1543.0499999999997 ms
227,1547.2499999999995 ms
227,1550.35 ms
227,1557.1 ms
227,1560.7499999999995 ms
227,1570.1999999999998 ms
227,1584.1999999999998 ms
227,1601.6499999999996 ms
227,1619.4499999999998 ms
227,1635.75 ms
227,1645.6499999999996 ms
227,1657.25 ms
227,1669.4499999999998 ms
227,1677.1499999999996 ms
227,1686.0 ms
227,1730.9499999999998 ms
227,1754.4499999999998 ms
227,1774.0499999999997 ms
227,1774.9499999999998 ms
227,1778.6999999999998 ms
227,1780.1999999999998 ms
227,1813.75 ms
227,1857.7999999999997 ms
227,1873.2999999999997 ms
227,1880.9999999999995 ms
227,1936.4499999999998 ms
227,1955.1 ms
227,1959.1 ms
227,1980.15 ms
227,1987.15 ms
227,1993.1 ms
227,2000.5499999999997 ms
227,2009.4500000000003 ms
227,2023.75 ms
227,2034.65 ms
227,2079.0500000000006 ms
227,2157.100000000001 ms
227,2173.4500000000003 ms
227,2180.0499999999997 ms
227,2196.3000000000006 ms
227,2197.5499999999997 ms
227,2197.9 ms
227,2199.6 ms
227,2207.0000000000005 ms
227,2231.2499999999995 ms
227,2234.5000000000005 ms
227,2238.2000000000003 ms
227,2244.9499999999994 ms
227,2248.1 ms
227,2277.4 ms
227,2279.7000000000003 ms
227,2282.2000000000003 ms
227,2291.15 ms
227,2319.1 ms
227,2321.85 ms
227,2323.7999999999997 ms
227,2329.649999999999 ms
227,2355.599999999999 ms
227,2359.399999999999 ms
227,2385.1999999999994 ms
227,2395.9999999999995 ms
227,2396.65 ms
227,2482.0500000000006 ms
227,2488.350000000001 ms
227,2489.4500000000003 ms
227,2495.4 ms
227,2503.0500000000006 ms
227,2507.5499999999997 ms
227,2524.85 ms
227,2526.5000000000005 ms
227,2527.7500000000005 ms
227,2532.900000000001 ms
227,2536.950000000001 ms
227,2557.7000000000003 ms
227,2579.9 ms
227,2613.400000000001 ms
227,2616.950000000001 ms
227,2635.350000000001 ms
227,2636.350000000001 ms
227,2722.4500000000003 ms
227,2724.65 ms
227,2734.8000000000006 ms
227,2778.600000000001 ms
227,2789.4500000000003 ms
227,2798.65 ms
227,2799.2000000000003 ms
227,2845.600000000001 ms
227,2857.850000000001 ms
227,2858.900000000001 ms
227,2865.650000000001 ms
227,2873.850000000001 ms
227,2878.850000000001 ms
227,2880.350000000001 ms
227,2915.150000000001 ms
227,2944.700000000001 ms
227,2948.150000000001 ms
227,2954.0000000000005 ms
227,2956.9500000000003 ms
227,2964.200000000001 ms
227,2968.3000000000006 ms
227,2974.5000000000005 ms
227,2987.7000000000003 ms
227,2991.9500000000003 ms
227,3000.100000000001 ms
227,3012.9500000000003 ms
227,3027.4 ms
227,3043.4 ms
227,3045.65 ms
227,3050.0500000000006 ms
227,3059.2500000000005 ms
227,3062.9500000000003 ms
227,3064.7999999999997 ms
227,3080.399999999999 ms
227,3085.4499999999994 ms
227,3085.7999999999997 ms
227,3117.7000000000003 ms
227,3138.35 ms
227,3149.4499999999994 ms
227,3172.2000000000003 ms
227,3204.1 ms
227,3211.4 ms
227,3224.4 ms
227,3228.85 ms
227,3245.1 ms
227,3247.65 ms
227,3259.9999999999995 ms
227,3275.4 ms
227,3283.7499999999995 ms
227,3318.4499999999994 ms
227,3318.9500000000003 ms
227,3327.7500000000005 ms
227,3342.7499999999995 ms
227,3383.35 ms
227,3399.9499999999994 ms
227,3428.0499999999997 ms
227,3445.2499999999995 ms
227,3461.349999999999 ms
227,3468.399999999999 ms
227,3475.9999999999995 ms
227,3491.65 ms
227,3497.9999999999995 ms
227,3514.6999999999994 ms
227,3523.4999999999995 ms
227,3538.9999999999995 ms
227,3539.849999999999 ms
227,3608.9499999999994 ms
227,3634.35 ms
227,3641.1999999999994 ms
227,3693.35 ms
227,3725.9499999999994 ms
227,3726.1 ms
227,3738.7499999999995 ms
227,3739.1999999999994 ms
227,3748.649999999999 ms
227,3748.9499999999994 ms
227,3753.85 ms
227,3779.6999999999994 ms
227,3789.2499999999995 ms
227,3792.0499999999997 ms
227,3794.899999999999 ms
227,3797.5499999999997 ms
227,3800.85 ms
227,3831.6999999999994 ms
227,3846.9999999999995 ms
227,3865.7999999999997 ms
227,3891.4 ms
227,3893.3000000000006 ms
227,3893.4 ms
227,3895.4 ms
227,3910.15 ms
227,3915.15 ms
227,3926.9 ms
227,3935.6 ms
227,3948.1999999999994 ms
227,3958.7999999999997 ms
227,3975.35 ms
228,6.3500000000000005 ms
228,24.950000000000003 ms
228,25.25 ms
228,41.2 ms
228,70.5 ms
228,73.55000000000001 ms
228,79.85 ms
228,85.75 ms
228,101.69999999999999 ms
228,102.15 ms
228,103.9 ms
228,104.70000000000002 ms
228,112.04999999999998 ms
228,112.15 ms
228,113.44999999999999 ms
228,151.55 ms
228,161.09999999999997 ms
228,167.55 ms
228,167.99999999999994 ms
228,169.14999999999998 ms
228,182.39999999999998 ms
228,189.84999999999997 ms
228,190.24999999999994 ms
228,191.7 ms
228,195.24999999999994 ms
228,271.4 ms
228,280.94999999999993 ms
228,309.9 ms
228,323.1 ms
228,329.1 ms
228,337.19999999999993 ms
228,357.25 ms
228,364.79999999999995 ms
228,396.95000000000005 ms
228,403.25 ms
228,417.6 ms
228,445.70000000000005 ms
228,455.20000000000005 ms
228,458.1500000000001 ms
228,466.1500000000001 ms
228,482.1 ms
228,487.5 ms
228,491.15 ms
228,493.04999999999995 ms
228,494.04999999999995 ms
228,517.75 ms
228,526.3499999999999 ms
228,538.2 ms
228,539.95 ms
228,557.8500000000001 ms
228,564.6000000000001 ms
228,574.3500000000001 ms
228,578.3999999999999 ms
228,586.7 ms
228,597.4999999999998 ms
228,607.1499999999999 ms
228,610.6999999999998 ms
228,629.7999999999997 ms
228,631.1999999999998 ms
228,637.2499999999998 ms
228,667.8999999999999 ms
228,680.5499999999997 ms
228,690.9499999999998 ms
228,702.9999999999995 ms
228,704.3499999999997 ms
228,716.8999999999996 ms
228,721.7999999999997 ms
228,731.4499999999996 ms
228,747.6499999999996 ms
228,764.0999999999997 ms
228,767.0999999999997 ms
228,782.5999999999997 ms
228,826.4499999999996 ms
228,832.4499999999996 ms
228,837.9999999999998 ms
228,842.1999999999996 ms
228,867.6499999999999 ms
228,870.2999999999997 ms
228,883.5999999999997 ms
228,917.9999999999998 ms
228,931.3999999999996 ms
228,937.1999999999996 ms
228,941.3499999999997 ms
228,944.8999999999994 ms
228,956.8999999999994 ms
228,960.5999999999997 ms
228,993.9999999999995 ms
228,1021.0999999999995 ms
228,1037.7999999999993 ms
228,1039.6999999999998 ms
228,1052.7999999999993 ms
228,1110.7999999999993 ms
228,1119.8499999999995 ms
228,1130.7499999999995 ms
228,1134.2499999999995 ms
228,1134.7999999999997 ms
228,1139.1499999999992 ms
228,1152.8999999999992 ms
228,1196.4499999999994 ms
228,1245.4999999999995 ms
228,1257.4999999999995 ms
228,1265.2999999999993 ms
228,1267.5499999999993 ms
228,1272.249999999999 ms
228,1298.3999999999996 ms
228,1304.749999999999 ms
228,1346.0499999999993 ms
228,1377.8499999999995 ms
228,1378.1499999999992 ms
228,1386.1999999999994 ms
228,1392.6999999999994 ms
228,1421.7999999999988 ms
228,1438.099999999999 ms
228,1448.249999999999 ms
228,1462.0499999999993 ms
228,1473.3999999999987 ms
228,1501.099999999999 ms
228,1503.2999999999988 ms
228,1511.099999999999 ms
228,1511.499999999999 ms
228,1517.999999999999 ms
228,1526.449999999999 ms
228,1535.3499999999995 ms
228,1537.699999999999 ms
228,1541.0499999999993 ms
228,1543.6499999999987 ms
228,1579.7999999999993 ms
228,1595.749999999999 ms
228,1632.5499999999993 ms
228,1638.2999999999993 ms
228,1643.3999999999987 ms
228,1653.099999999999 ms
228,1657.599999999999 ms
228,1664.6499999999992 ms
228,1694.1499999999992 ms
228,1704.5499999999988 ms
228,1704.8999999999992 ms
228,1716.2499999999986 ms
228,1723.1499999999992 ms
228,1726.349999999999 ms
228,1740.699999999999 ms
228,1745.199999999999 ms
228,1767.1499999999987 ms
228,1770.849999999999 ms
228,1780.099999999999 ms
228,1794.5499999999988 ms
228,1803.249999999999 ms
228,1807.599999999999 ms
228,1812.349999999999 ms
228,1825.7999999999988 ms
228,1827.9499999999994 ms
228,1848.4499999999994 ms
228,1882.5499999999988 ms
228,1885.6499999999992 ms
228,1891.099999999999 ms
228,1892.499999999999 ms
228,1905.349999999999 ms
228,1914.449999999999 ms
228,1916.599999999999 ms
228,1972.599999999999 ms
228,1982.0499999999988 ms
228,2042.1499999999992 ms
228,2054.549999999999 ms
228,2056.4499999999994 ms
228,2070.849999999999 ms
228,2094.9499999999985 ms
228,2156.9499999999994 ms
228,2158.9499999999985 ms
228,2162.349999999999 ms
228,2169.9499999999985 ms
228,2192.1999999999994 ms
228,2202.099999999999 ms
228,2218.349999999999 ms
228,2228.299999999999 ms
228,2239.099999999999 ms
228,2240.849999999999 ms
228,2255.349999999999 ms
228,2280.4499999999985 ms
228,2280.6999999999994 ms
228,2285.9499999999985 ms
228,2288.549999999999 ms
228,2325.9499999999994 ms
228,2341.549999999999 ms
228,2341.6499999999983 ms
228,2365.599999999998 ms
228,2369.9499999999985 ms
228,2372.8999999999983 ms
228,2374.4499999999985 ms
228,2382.4999999999986 ms
228,2385.149999999999 ms
228,2406.3999999999983 ms
228,2411.2499999999986 ms
228,2414.4499999999985 ms
228,2434.8999999999983 ms
228,2439.049999999999 ms
228,2447.049999999998 ms
228,2449.6999999999985 ms
228,2454.349999999999 ms
228,2454.9999999999986 ms
228,2455.899999999999 ms
228,2469.1999999999994 ms
228,2472.6999999999985 ms
228,2487.799999999999 ms
228,2496.1999999999994 ms
228,2518.399999999999 ms
228,2519.4999999999986 ms
228,2539.649999999999 ms
228,2558.049999999999 ms
228,2601.1999999999994 ms
228,2610.1999999999985 ms
228,2623.8999999999983 ms
228,2632.1999999999985 ms
228,2648.549999999999 ms
228,2648.799999999999 ms
228,2657.599999999999 ms
228,2672.599999999999 ms
228,2699.799999999999 ms
228,2700.799999999999 ms
228,2720.549999999999 ms
228,2740.4499999999994 ms
228,2741.4999999999995 ms
228,2743.149999999999 ms
228,2746.7499999999986 ms
228,2747.049999999999 ms
228,2760.899999999999 ms
228,2761.7999999999997 ms
228,2767.549999999999 ms
228,2780.5499999999997 ms
228,2781.35 ms
228,2783.9 ms
228,2793.2000000000003 ms
228,2835.7500000000005 ms
228,2839.35 ms
228,2852.9 ms
228,2856.4500000000003 ms
228,2903.2000000000003 ms
228,2919.9 ms
228,2951.9 ms
228,3001.4999999999995 ms
228,3030.5000000000005 ms
228,3049.4500000000003 ms
228,3071.1 ms
228,3077.2500000000005 ms
228,3081.65 ms
228,3095.9 ms
228,3113.15 ms
228,3120.0500000000006 ms
228,3121.850000000001 ms
228,3129.8000000000006 ms
228,3135.2999999999997 ms
228,3159.85 ms
228,3167.65 ms
228,3173.35 ms
228,3185.350000000001 ms
228,3227.2500000000005 ms
228,3263.2500000000005 ms
228,3264.650000000001 ms
228,3266.15 ms
228,3277.7000000000003 ms
228,3292.100000000001 ms
228,3293.5000000000014 ms
228,3300.650000000001 ms
228,3308.100000000001 ms
228,3315.0000000000014 ms
228,3320.700000000001 ms
228,3324.650000000001 ms
228,3343.5500000000006 ms
228,3363.100000000001 ms
228,3379.150000000001 ms
228,3383.150000000001 ms
228,3383.950000000001 ms
228,3389.1000000000017 ms
228,3389.400000000002 ms
228,3392.650000000001 ms
228,3399.950000000001 ms
228,3407.400000000001 ms
228,3412.350000000001 ms
228,3428.150000000001 ms
228,3438.400000000002 ms
228,3442.5500000000015 ms
228,3447.3500000000017 ms
228,3486.650000000002 ms
228,3488.400000000002 ms
228,3490.0000000000014 ms
228,3499.900000000002 ms
228,3512.3500000000017 ms
228,3530.1000000000017 ms
228,3539.3500000000017 ms
228,3541.0500000000015 ms
228,3544.1000000000017 ms
228,3545.950000000001 ms
228,3570.7500000000014 ms
228,3597.950000000001 ms
228,3649.150000000001 ms
228,3657.450000000001 ms
228,3658.5500000000015 ms
228,3675.400000000001 ms
228,3680.100000000001 ms
228,3684.3500000000017 ms
228,3692.450000000001 ms
228,3705.900000000001 ms
228,3706.5500000000015 ms
228,3749.150000000001 ms
228,3766.2500000000005 ms
228,3769.0500000000006 ms
228,3781.3000000000015 ms
228,3782.3000000000006 ms
228,3783.8000000000015 ms
228,3784.0500000000006 ms
228,3815.450000000001 ms
228,3823.900000000001 ms
228,3885.700000000001 ms
228,3888.2500000000014 ms
228,3888.650000000002 ms
228,3906.700000000002 ms
228,3908.5000000000023 ms
228,3959.0500000000025 ms
228,3967.3500000000026 ms
228,3994.0000000000023 ms
229,10.15 ms
229,32.1 ms
229,42.99999999999999 ms
229,55.199999999999996 ms
229,66.30000000000001 ms
229,103.20000000000002 ms
229,116.80000000000001 ms
229,137.0 ms
229,162.89999999999998 ms
229,167.14999999999998 ms
229,173.75 ms
229,182.95 ms
229,198.95 ms
229,200.2 ms
229,210.64999999999998 ms
229,213.04999999999995 ms
229,229.35000000000002 ms
229,241.35000000000002 ms
229,290.5 ms
229,293.35 ms
229,299.5 ms
229,299.65 ms
229,300.79999999999995 ms
229,326.44999999999993 ms
229,326.7499999999999 ms
229,335.4 ms
229,347.3499999999999 ms
229,365.4999999999999 ms
229,376.5999999999999 ms
229,388.0999999999999 ms
229,394.39999999999986 ms
229,394.79999999999995 ms
229,399.7499999999999 ms
229,423.7499999999999 ms
229,426.0999999999999 ms
229,427.54999999999995 ms
229,451.39999999999986 ms
229,480.19999999999993 ms
229,483.19999999999993 ms
229,519.65 ms
229,524.6999999999999 ms
229,527.3000000000001 ms
229,540.0000000000001 ms
229,540.85 ms
229,552.8000000000001 ms
229,571.4499999999999 ms
229,583.85 ms
229,589.4999999999999 ms
229,609.1 ms
229,613.0500000000001 ms
229,622.5500000000001 ms
229,636.6 ms
229,639.4500000000002 ms
229,647.7500000000001 ms
229,662.9500000000002 ms
229,687.5500000000001 ms
229,689.1 ms
229,694.5500000000001 ms
229,696.1 ms
229,712.2000000000002 ms
229,735.4000000000002 ms
229,755.5500000000001 ms
229,794.4000000000002 ms
229,796.6000000000003 ms
229,816.4000000000002 ms
229,826.0000000000001 ms
229,833.4 ms
229,850.1999999999999 ms
229,902.6 ms
229,923.4500000000002 ms
229,940.0000000000001 ms
229,949.9 ms
229,950.4 ms
229,952.4499999999999 ms
229,1005.2499999999999 ms
229,1008.7499999999999 ms
229,1017.2999999999998 ms
229,1021.9 ms
229,1047.6 ms
229,1055.1999999999998 ms
229,1066.9499999999998 ms
229,1080.25 ms
229,1084.25 ms
229,1089.0 ms
229,1109.25 ms
229,1111.0999999999995 ms
229,1117.0 ms
229,1133.8499999999995 ms
229,1168.8499999999995 ms
229,1185.8999999999996 ms
229,1187.0999999999995 ms
229,1219.7999999999997 ms
229,1250.1 ms
229,1252.8999999999996 ms
229,1269.5499999999997 ms
229,1271.0499999999997 ms
229,1283.6 ms
229,1299.6499999999996 ms
229,1307.2499999999995 ms
229,1322.9499999999994 ms
229,1330.6 ms
229,1331.1 ms
229,1342.85 ms
229,1350.4999999999995 ms
229,1361.65 ms
229,1369.15 ms
229,1393.0499999999997 ms
229,1412.6 ms
229,1413.15 ms
229,1422.7499999999995 ms
229,1454.85 ms
229,1473.4999999999995 ms
229,1496.4 ms
229,1505.9999999999995 ms
229,1517.2999999999997 ms
229,1517.5499999999997 ms
229,1518.5499999999997 ms
229,1518.9999999999995 ms
229,1549.7999999999997 ms
229,1556.9499999999998 ms
229,1568.3999999999996 ms
229,1602.6999999999998 ms
229,1604.3999999999996 ms
229,1628.35 ms
229,1633.65 ms
229,1647.9999999999995 ms
229,1662.1 ms
229,1668.4499999999994 ms
229,1696.1 ms
229,1701.6999999999994 ms
229,1703.85 ms
229,1707.7499999999995 ms
229,1737.15 ms
229,1745.65 ms
229,1756.7999999999997 ms
229,1772.4500000000003 ms
229,1786.85 ms
229,1792.5000000000005 ms
229,1859.0500000000002 ms
229,1867.1000000000004 ms
229,1885.75 ms
229,1913.1500000000005 ms
229,1913.9500000000003 ms
229,1914.8500000000004 ms
229,1925.9000000000005 ms
229,1935.4500000000003 ms
229,1938.2000000000003 ms
229,1989.15 ms
229,1990.15 ms
229,1992.8000000000006 ms
229,2033.0500000000006 ms
229,2051.6000000000004 ms
229,2056.25 ms
229,2062.6500000000005 ms
229,2065.7000000000007 ms
229,2076.4500000000007 ms
229,2099.1500000000005 ms
229,2101.4000000000005 ms
229,2114.3 ms
229,2142.9500000000007 ms
229,2148.800000000001 ms
229,2166.2000000000007 ms
229,2194.500000000001 ms
229,2198.8500000000013 ms
229,2234.000000000001 ms
229,2267.6000000000013 ms
229,2269.4000000000005 ms
229,2281.250000000001 ms
229,2290.3500000000013 ms
229,2301.6500000000005 ms
229,2303.8500000000013 ms
229,2308.2000000000007 ms
229,2314.2000000000007 ms
229,2340.9000000000005 ms
229,2348.6000000000004 ms
229,2349.9500000000007 ms
229,2351.8500000000004 ms
229,2354.55 ms
229,2376.5 ms
229,2383.25 ms
229,2389.3 ms
229,2395.95 ms
229,2400.8 ms
229,2424.0 ms
229,2432.45 ms
229,2480.6499999999996 ms
229,2484.8999999999996 ms
229,2504.5 ms
229,2512.75 ms
229,2517.3999999999996 ms
229,2521.0499999999993 ms
229,2545.95 ms
229,2552.45 ms
229,2569.3499999999995 ms
229,2573.4000000000005 ms
229,2579.75 ms
229,2580.95 ms
229,2594.1499999999996 ms
229,2602.6499999999996 ms
229,2631.0499999999993 ms
229,2655.2999999999993 ms
229,2664.7999999999993 ms
229,2673.8999999999996 ms
229,2689.6499999999996 ms
229,2691.3499999999995 ms
229,2691.749999999999 ms
229,2733.05 ms
229,2734.8 ms
229,2741.0999999999995 ms
229,2766.3 ms
229,2767.0999999999995 ms
229,2769.0 ms
229,2791.95 ms
229,2799.3999999999996 ms
229,2842.5999999999995 ms
229,2848.499999999999 ms
229,2862.6499999999996 ms
229,2863.25 ms
229,2887.949999999999 ms
229,2897.5999999999995 ms
229,2924.45 ms
229,2929.5999999999995 ms
229,2942.0499999999993 ms
229,2963.749999999999 ms
229,2972.749999999999 ms
229,2978.6499999999987 ms
229,2998.499999999999 ms
229,3010.7999999999993 ms
229,3014.2999999999993 ms
229,3025.8499999999995 ms
229,3043.3999999999996 ms
229,3049.75 ms
229,3071.449999999999 ms
229,3077.449999999999 ms
229,3083.199999999999 ms
229,3096.3499999999995 ms
229,3098.249999999999 ms
229,3110.749999999999 ms
229,3112.3999999999996 ms
229,3133.25 ms
229,3188.699999999999 ms
229,3189.949999999999 ms
229,3190.2999999999993 ms
229,3190.6499999999996 ms
229,3196.499999999999 ms
229,3200.699999999999 ms
229,3200.8999999999987 ms
229,3211.249999999999 ms
229,3220.449999999998 ms
229,3236.1499999999987 ms
229,3244.3499999999976 ms
229,3244.6499999999987 ms
229,3250.8999999999987 ms
229,3287.949999999998 ms
229,3291.3499999999985 ms
229,3295.6499999999987 ms
229,3306.8999999999987 ms
229,3307.0999999999985 ms
229,3314.3499999999985 ms
229,3316.0499999999984 ms
229,3319.999999999998 ms
229,3329.999999999998 ms
229,3336.2999999999984 ms
229,3337.8499999999985 ms
229,3361.0499999999984 ms
229,3363.1499999999987 ms
229,3388.8999999999987 ms
229,3402.0999999999976 ms
229,3402.449999999998 ms
229,3416.699999999998 ms
229,3454.949999999998 ms
229,3476.3499999999976 ms
229,3478.749999999998 ms
229,3478.8499999999985 ms
229,3482.0499999999975 ms
229,3501.499999999998 ms
229,3518.749999999998 ms
229,3519.499999999998 ms
229,3523.0999999999976 ms
229,3541.5999999999976 ms
229,3561.199999999998 ms
229,3565.5999999999976 ms
229,3587.5999999999976 ms
229,3600.9999999999973 ms
229,3605.7999999999984 ms
229,3612.949999999998 ms
229,3631.649999999998 ms
229,3650.7999999999975 ms
229,3663.7999999999975 ms
229,3664.7999999999975 ms
229,3708.399999999998 ms
229,3741.999999999998 ms
229,3753.249999999998 ms
229,3774.199999999997 ms
229,3832.249999999998 ms
229,3836.7999999999975 ms
229,3838.0499999999975 ms
229,3839.2999999999975 ms
229,3843.0999999999985 ms
229,3848.149999999998 ms
229,3861.749999999998 ms
229,3870.999999999998 ms
229,3892.0999999999985 ms
229,3894.7999999999975 ms
229,3916.199999999998 ms
229,3918.5499999999984 ms
229,3938.4999999999973 ms
229,3966.5499999999984 ms
229,3968.0999999999976 ms
229,3969.999999999998 ms
229,3973.249999999998 ms
229,3977.399999999998 ms
229,3985.399999999998 ms
230,12.100000000000001 ms
230,15.600000000000001 ms
230,28.35 ms
230,34.400000000000006 ms
230,86.20000000000002 ms
230,106.4 ms
230,120.75000000000003 ms
230,140.35 ms
230,146.00000000000003 ms
230,151.35 ms
230,151.95000000000002 ms
230,159.4 ms
230,161.80000000000004 ms
230,166.25000000000003 ms
230,170.74999999999997 ms
230,178.25000000000003 ms
230,188.30000000000004 ms
230,194.04999999999998 ms
230,208.80000000000004 ms
230,220.15 ms
230,220.49999999999997 ms
230,224.15 ms
230,234.80000000000004 ms
230,242.15 ms
230,246.55000000000004 ms
230,253.70000000000002 ms
230,257.79999999999995 ms
230,263.04999999999995 ms
230,271.20000000000005 ms
230,281.95000000000005 ms
230,309.0 ms
230,313.25 ms
230,348.1 ms
230,359.9 ms
230,376.95000000000005 ms
230,379.70000000000005 ms
230,388.20000000000005 ms
230,405.35 ms
230,418.0 ms
230,427.25 ms
230,444.75 ms
230,445.1 ms
230,462.45000000000005 ms
230,466.9000000000001 ms
230,469.25 ms
230,480.6500000000001 ms
230,488.9000000000001 ms
230,509.4000000000001 ms
230,514.1500000000001 ms
230,525.8500000000001 ms
230,568.0500000000002 ms
230,579.5000000000002 ms
230,584.2500000000002 ms
230,591.5000000000002 ms
230,600.8000000000002 ms
230,615.4000000000001 ms
230,632.7500000000002 ms
230,660.7500000000002 ms
230,667.2500000000002 ms
230,672.5000000000002 ms
230,700.3000000000002 ms
230,701.3500000000001 ms
230,717.0500000000002 ms
230,724.7500000000002 ms
230,740.4500000000003 ms
230,758.3000000000002 ms
230,769.8000000000002 ms
230,779.5000000000005 ms
230,806.9000000000003 ms
230,846.9500000000003 ms
230,855.8500000000004 ms
230,859.7000000000003 ms
230,863.9500000000003 ms
230,866.9000000000003 ms
230,877.6500000000003 ms
230,889.8500000000004 ms
230,936.9000000000003 ms
230,942.2000000000003 ms
230,955.0000000000002 ms
230,968.4500000000003 ms
230,999.0500000000002 ms
230,1030.9000000000003 ms
230,1046.3000000000004 ms
230,1077.2500000000007 ms
230,1108.6000000000006 ms
230,1129.1000000000001 ms
230,1156.7500000000002 ms
230,1174.3000000000004 ms
230,1182.1000000000001 ms
230,1214.7 ms
230,1218.6000000000001 ms
230,1225.1500000000003 ms
230,1226.0500000000004 ms
230,1241.2500000000007 ms
230,1245.5500000000004 ms
230,1252.4000000000003 ms
230,1289.4000000000003 ms
230,1323.8000000000004 ms
230,1326.9500000000005 ms
230,1329.7500000000002 ms
230,1333.4500000000005 ms
230,1349.0500000000004 ms
230,1355.6500000000003 ms
230,1358.8500000000006 ms
230,1374.1500000000003 ms
230,1382.4000000000003 ms
230,1384.0000000000002 ms
230,1408.3500000000001 ms
230,1419.8000000000004 ms
230,1445.7000000000005 ms
230,1450.6000000000006 ms
230,1474.7500000000007 ms
230,1479.4000000000008 ms
230,1485.0000000000007 ms
230,1490.1500000000008 ms
230,1493.8000000000009 ms
230,1494.1000000000006 ms
230,1500.4500000000005 ms
230,1513.8000000000004 ms
230,1536.4000000000003 ms
230,1569.9000000000003 ms
230,1596.8000000000004 ms
230,1604.0500000000004 ms
230,1607.2000000000005 ms
230,1613.5500000000004 ms
230,1627.9000000000003 ms
230,1641.7500000000002 ms
230,1641.9000000000003 ms
230,1642.7500000000002 ms
230,1647.9500000000005 ms
230,1653.2 ms
230,1669.5000000000002 ms
230,1673.7500000000002 ms
230,1687.2500000000002 ms
230,1690.5000000000002 ms
230,1712.1000000000001 ms
230,1737.8500000000001 ms
230,1741.8999999999999 ms
230,1743.45 ms
230,1786.2 ms
230,1798.55 ms
230,1798.7 ms
230,1820.9999999999998 ms
230,1824.5000000000002 ms
230,1824.95 ms
230,1825.8500000000001 ms
230,1842.45 ms
230,1860.1500000000003 ms
230,1869.7 ms
230,1875.05 ms
230,1875.2 ms
230,1883.05 ms
230,1886.5999999999997 ms
230,1916.8 ms
230,1938.7 ms
230,1963.2 ms
230,1974.55 ms
230,1991.3499999999997 ms
230,2005.8500000000001 ms
230,2027.0000000000002 ms
230,2035.6500000000003 ms
230,2075.95 ms
230,2128.8 ms
230,2129.5 ms
230,2142.3 ms
230,2146.55 ms
230,2172.8500000000004 ms
230,2186.4000000000005 ms
230,2187.1500000000005 ms
230,2196.6000000000004 ms
230,2227.6000000000004 ms
230,2234.1500000000005 ms
230,2239.05 ms
230,2281.3500000000013 ms
230,2282.9500000000007 ms
230,2292.750000000001 ms
230,2304.800000000001 ms
230,2305.050000000001 ms
230,2306.2000000000007 ms
230,2312.300000000001 ms
230,2321.050000000001 ms
230,2322.9000000000015 ms
230,2332.550000000001 ms
230,2396.500000000001 ms
230,2414.300000000001 ms
230,2415.500000000001 ms
230,2438.1500000000005 ms
230,2443.6500000000005 ms
230,2447.500000000001 ms
230,2454.250000000001 ms
230,2455.9500000000007 ms
230,2461.9000000000005 ms
230,2462.7000000000007 ms
230,2474.750000000001 ms
230,2480.800000000001 ms
230,2488.250000000001 ms
230,2492.1500000000005 ms
230,2507.9500000000016 ms
230,2517.000000000001 ms
230,2564.000000000001 ms
230,2567.6500000000015 ms
230,2580.250000000002 ms
230,2589.800000000001 ms
230,2604.2000000000016 ms
230,2627.000000000002 ms
230,2654.7000000000016 ms
230,2657.550000000002 ms
230,2658.2000000000016 ms
230,2663.550000000002 ms
230,2666.800000000002 ms
230,2673.7000000000016 ms
230,2698.800000000002 ms
230,2731.6500000000015 ms
230,2759.8500000000013 ms
230,2792.750000000001 ms
230,2796.2000000000016 ms
230,2808.500000000001 ms
230,2820.9500000000016 ms
230,2825.4000000000005 ms
230,2839.7000000000016 ms
230,2856.4000000000005 ms
230,2868.3500000000013 ms
230,2876.9500000000007 ms
230,2886.6000000000004 ms
230,2896.4000000000015 ms
230,2933.8500000000004 ms
230,2934.9000000000015 ms
230,2937.4000000000015 ms
230,2940.4000000000015 ms
230,2960.6500000000015 ms
230,2984.6500000000015 ms
230,3003.800000000001 ms
230,3007.6000000000013 ms
230,3016.4500000000016 ms
230,3019.6500000000005 ms
230,3033.6500000000005 ms
230,3106.500000000001 ms
230,3123.2000000000007 ms
230,3136.550000000001 ms
230,3147.1500000000005 ms
230,3161.3 ms
230,3168.05 ms
230,3175.1000000000013 ms
230,3182.7000000000007 ms
230,3186.500000000001 ms
230,3204.9500000000007 ms
230,3207.050000000001 ms
230,3218.550000000001 ms
230,3233.75 ms
230,3256.550000000001 ms
230,3283.8500000000004 ms
230,3286.6000000000004 ms
230,3287.3500000000004 ms
230,3308.6000000000004 ms
230,3326.3500000000004 ms
230,3343.550000000001 ms
230,3356.8500000000004 ms
230,3357.6000000000004 ms
230,3381.1000000000004 ms
230,3388.050000000001 ms
230,3399.4000000000005 ms
230,3405.7000000000007 ms
230,3412.500000000001 ms
230,3424.800000000001 ms
230,3427.800000000001 ms
230,3440.1000000000013 ms
230,3452.550000000001 ms
230,3453.4500000000007 ms
230,3463.500000000002 ms
230,3474.4500000000007 ms
230,3496.9500000000007 ms
230,3549.8500000000013 ms
230,3567.000000000001 ms
230,3581.7000000000016 ms
230,3587.550000000001 ms
230,3588.500000000001 ms
230,3601.4500000000007 ms
230,3602.750000000001 ms
230,3621.800000000001 ms
230,3627.6500000000015 ms
230,3652.500000000001 ms
230,3655.2000000000007 ms
230,3657.8500000000004 ms
230,3666.7000000000007 ms
230,3675.000000000001 ms
230,3681.250000000001 ms
230,3684.300000000001 ms
230,3695.500000000001 ms
230,3724.7000000000007 ms
230,3737.7000000000007 ms
230,3740.000000000001 ms
230,3744.000000000001 ms
230,3765.1500000000005 ms
230,3770.4500000000016 ms
230,3811.1000000000013 ms
230,3834.300000000001 ms
230,3835.1500000000015 ms
230,3845.250000000001 ms
230,3850.800000000001 ms
230,3874.9500000000007 ms
230,3879.4000000000015 ms
230,3957.2000000000007 ms
230,3976.500000000002 ms
230,3993.800000000001 ms
230,3999.9000000000015 ms
231,5.7 ms
231,26.650000000000002 ms
231,27.05 ms
231,46.85000000000001 ms
231,52.75 ms
231,56.7 ms
231,65.45 ms
231,69.3 ms
231,73.05 ms
231,106.59999999999998 ms
231,113.64999999999999 ms
231,117.74999999999999 ms
231,127.79999999999997 ms
231,130.95 ms
231,136.0 ms
231,161.95 ms
231,167.34999999999997 ms
231,168.7 ms
231,193.45 ms
231,201.89999999999998 ms
231,206.75 ms
231,215.25 ms
231,219.5 ms
231,237.0 ms
231,239.44999999999993 ms
231,245.94999999999993 ms
231,248.19999999999993 ms
231,281.44999999999993 ms
231,291.69999999999993 ms
231,306.54999999999995 ms
231,317.19999999999993 ms
231,342.0999999999999 ms
231,358.8499999999999 ms
231,359.54999999999995 ms
231,376.9999999999999 ms
231,382.9999999999999 ms
231,386.79999999999984 ms
231,400.8499999999999 ms
231,409.2499999999999 ms
231,453.5999999999999 ms
231,481.29999999999995 ms
231,487.29999999999995 ms
231,495.2499999999999 ms
231,505.4999999999999 ms
231,552.5499999999998 ms
231,554.2499999999999 ms
231,577.1999999999999 ms
231,579.5500000000001 ms
231,583.2500000000001 ms
231,590.7499999999999 ms
231,608.9499999999999 ms
231,612.15 ms
231,615.35 ms
231,618.5500000000001 ms
231,621.2500000000001 ms
231,659.2500000000003 ms
231,666.7500000000001 ms
231,672.0000000000003 ms
231,680.4500000000004 ms
231,701.2000000000002 ms
231,724.4500000000004 ms
231,726.1500000000004 ms
231,737.7000000000004 ms
231,748.6500000000004 ms
231,772.5500000000003 ms
231,787.6500000000004 ms
231,789.7500000000003 ms
231,789.9500000000004 ms
231,806.3000000000005 ms
231,810.0000000000006 ms
231,820.9000000000004 ms
231,826.3000000000003 ms
231,842.5000000000003 ms
231,851.1000000000005 ms
231,859.9500000000006 ms
231,866.2500000000006 ms
231,879.3000000000005 ms
231,882.5000000000006 ms
231,892.5000000000003 ms
231,932.0500000000003 ms
231,959.2500000000003 ms
231,1010.9500000000004 ms
231,1012.0500000000005 ms
231,1013.7500000000006 ms
231,1017.9500000000006 ms
231,1047.6500000000005 ms
231,1048.4000000000005 ms
231,1079.5500000000006 ms
231,1083.8000000000006 ms
231,1104.9000000000005 ms
231,1116.4000000000005 ms
231,1124.2000000000007 ms
231,1169.9500000000007 ms
231,1208.5500000000002 ms
231,1210.1000000000004 ms
231,1216.1000000000004 ms
231,1217.9500000000003 ms
231,1219.1000000000004 ms
231,1221.8500000000004 ms
231,1235.6000000000004 ms
231,1235.9500000000003 ms
231,1245.8500000000004 ms
231,1246.4500000000003 ms
231,1250.2000000000003 ms
231,1279.4 ms
231,1285.9500000000003 ms
231,1291.6000000000004 ms
231,1296.5000000000005 ms
231,1316.4500000000003 ms
231,1331.7000000000003 ms
231,1336.2500000000005 ms
231,1337.8500000000004 ms
231,1338.9000000000005 ms
231,1341.1500000000005 ms
231,1344.4500000000003 ms
231,1346.2500000000005 ms
231,1370.15 ms
231,1372.2000000000003 ms
231,1374.3000000000002 ms
231,1397.75 ms
231,1399.0 ms
231,1408.3500000000004 ms
231,1410.4 ms
231,1423.8000000000002 ms
231,1428.0 ms
231,1428.25 ms
231,1434.0 ms
231,1460.2000000000003 ms
231,1466.15 ms
231,1471.8500000000004 ms
231,1486.7500000000005 ms
231,1506.9000000000005 ms
231,1517.1000000000004 ms
231,1529.7000000000007 ms
231,1531.6000000000004 ms
231,1541.5500000000006 ms
231,1548.1500000000005 ms
231,1549.3000000000006 ms
231,1579.6000000000008 ms
231,1581.7000000000003 ms
231,1599.6000000000008 ms
231,1602.8000000000006 ms
231,1618.9000000000005 ms
231,1622.5500000000006 ms
231,1627.3500000000008 ms
231,1637.9000000000005 ms
231,1644.7000000000007 ms
231,1649.0000000000005 ms
231,1649.4000000000005 ms
231,1663.9000000000005 ms
231,1669.5000000000005 ms
231,1687.7500000000005 ms
231,1723.1500000000005 ms
231,1730.6500000000005 ms
231,1736.8500000000004 ms
231,1739.7000000000007 ms
231,1749.1500000000005 ms
231,1750.0000000000005 ms
231,1788.2500000000005 ms
231,1831.7500000000005 ms
231,1832.2000000000003 ms
231,1841.3500000000008 ms
231,1842.8500000000008 ms
231,1849.5500000000006 ms
231,1865.6500000000005 ms
231,1885.4000000000005 ms
231,1886.5000000000005 ms
231,1897.0000000000005 ms
231,1897.4500000000003 ms
231,1911.8500000000008 ms
231,1923.3000000000006 ms
231,1935.3000000000006 ms
231,1982.0500000000006 ms
231,2003.6500000000005 ms
231,2010.6500000000005 ms
231,2012.4500000000007 ms
231,2015.6500000000005 ms
231,2029.5500000000006 ms
231,2039.4000000000005 ms
231,2040.8000000000006 ms
231,2041.4500000000007 ms
231,2042.500000000001 ms
231,2045.5500000000006 ms
231,2056.0500000000006 ms
231,2059.3000000000006 ms
231,2063.5000000000005 ms
231,2087.6 ms
231,2135.2999999999997 ms
231,2137.65 ms
231,2139.5500000000006 ms
231,2154.600000000001 ms
231,2172.650000000001 ms
231,2176.200000000001 ms
231,2197.650000000001 ms
231,2216.350000000001 ms
231,2229.0000000000005 ms
231,2258.650000000001 ms
231,2273.5000000000005 ms
231,2276.1 ms
231,2277.5000000000005 ms
231,2281.6 ms
231,2282.9500000000003 ms
231,2284.600000000001 ms
231,2291.2000000000003 ms
231,2293.5499999999997 ms
231,2293.8000000000006 ms
231,2323.0499999999997 ms
231,2349.6 ms
231,2353.2500000000005 ms
231,2356.3000000000006 ms
231,2365.4 ms
231,2367.0500000000006 ms
231,2376.0500000000006 ms
231,2400.4 ms
231,2402.1 ms
231,2405.9 ms
231,2436.1 ms
231,2476.7500000000005 ms
231,2494.4500000000003 ms
231,2505.9 ms
231,2521.6 ms
231,2524.5499999999997 ms
231,2526.649999999999 ms
231,2530.599999999999 ms
231,2533.35 ms
231,2563.7499999999995 ms
231,2564.4999999999995 ms
231,2565.4499999999994 ms
231,2579.549999999999 ms
231,2587.4999999999986 ms
231,2593.899999999999 ms
231,2615.099999999999 ms
231,2636.649999999999 ms
231,2668.9499999999994 ms
231,2709.299999999999 ms
231,2712.0499999999997 ms
231,2720.9499999999994 ms
231,2722.799999999999 ms
231,2740.899999999999 ms
231,2754.349999999999 ms
231,2764.149999999999 ms
231,2769.2499999999986 ms
231,2771.6999999999985 ms
231,2772.1999999999994 ms
231,2775.549999999999 ms
231,2791.1499999999983 ms
231,2798.849999999998 ms
231,2808.4999999999986 ms
231,2810.4999999999986 ms
231,2812.399999999999 ms
231,2825.9999999999986 ms
231,2830.9499999999985 ms
231,2843.9499999999985 ms
231,2853.8999999999983 ms
231,2867.549999999999 ms
231,2886.2499999999986 ms
231,2925.1499999999983 ms
231,2928.3999999999983 ms
231,2934.9999999999977 ms
231,2960.9499999999975 ms
231,2981.9499999999985 ms
231,2984.099999999998 ms
231,2986.049999999998 ms
231,2986.299999999998 ms
231,2989.2499999999977 ms
231,3048.6499999999983 ms
231,3053.4499999999985 ms
231,3070.3999999999983 ms
231,3070.8999999999974 ms
231,3089.549999999998 ms
231,3104.299999999998 ms
231,3105.849999999998 ms
231,3110.2499999999986 ms
231,3128.3999999999983 ms
231,3147.1499999999983 ms
231,3154.349999999998 ms
231,3172.7499999999986 ms
231,3185.9999999999977 ms
231,3231.799999999998 ms
231,3259.6499999999983 ms
231,3263.599999999998 ms
231,3270.299999999998 ms
231,3276.3999999999974 ms
231,3306.9999999999977 ms
231,3309.2499999999977 ms
231,3315.1499999999983 ms
231,3332.1999999999985 ms
231,3350.349999999998 ms
231,3366.9499999999975 ms
231,3378.8999999999974 ms
231,3394.9499999999975 ms
231,3408.049999999998 ms
231,3408.9499999999985 ms
231,3411.8999999999983 ms
231,3414.9999999999977 ms
231,3424.9999999999977 ms
231,3453.299999999998 ms
231,3455.6999999999985 ms
231,3460.599999999998 ms
231,3468.7499999999986 ms
231,3481.1999999999985 ms
231,3484.6499999999983 ms
231,3508.1999999999985 ms
231,3524.299999999998 ms
231,3528.1999999999985 ms
231,3535.3999999999983 ms
231,3561.9499999999985 ms
231,3573.799999999998 ms
231,3580.099999999998 ms
231,3580.6999999999975 ms
231,3594.1499999999974 ms
231,3597.8999999999983 ms
231,3601.6999999999985 ms
231,3624.2499999999986 ms
231,3647.4499999999985 ms
231,3653.849999999998 ms
231,3671.049999999998 ms
231,3684.4999999999977 ms
231,3688.1999999999975 ms
231,3689.549999999997 ms
231,3700.849999999997 ms
231,3712.049999999997 ms
231,3719.3999999999974 ms
231,3726.099999999997 ms
231,3734.3999999999974 ms
231,3734.8999999999974 ms
231,3746.6999999999975 ms
231,3752.9499999999975 ms
231,3774.4999999999977 ms
231,3797.1999999999975 ms
231,3810.099999999998 ms
231,3814.849999999997 ms
231,3816.1499999999974 ms
231,3824.349999999997 ms
231,3839.4499999999975 ms
231,3846.6499999999974 ms
231,3849.549999999998 ms
231,3931.1499999999974 ms
231,3949.849999999997 ms
231,3950.8999999999974 ms
231,3980.799999999998 ms
231,3980.8999999999974 ms
231,3982.549999999998 ms
231,3984.6999999999975 ms
231,3992.9999999999977 ms
232,22.8 ms
232,29.8 ms
232,33.85000000000001 ms
232,35.35000000000001 ms
232,44.35000000000001 ms
232,57.35000000000001 ms
232,60.0 ms
232,74.80000000000001 ms
232,79.19999999999999 ms
232,83.15 ms
232,94.30000000000001 ms
232,119.85000000000002 ms
232,123.4 ms
232,124.4 ms
232,152.70000000000002 ms
232,153.79999999999998 ms
232,163.95000000000002 ms
232,180.70000000000002 ms
232,186.20000000000002 ms
232,198.60000000000005 ms
232,213.35 ms
232,217.79999999999998 ms
232,241.99999999999997 ms
232,247.54999999999998 ms
232,254.85 ms
232,259.15 ms
232,264.1 ms
232,281.70000000000005 ms
232,283.30000000000007 ms
232,315.1 ms
232,320.0000000000001 ms
232,338.70000000000005 ms
232,341.6 ms
232,347.35 ms
232,348.5 ms
232,349.15 ms
232,361.29999999999995 ms
232,365.04999999999995 ms
232,373.4 ms
232,378.0 ms
232,383.85 ms
232,394.30000000000007 ms
232,397.0 ms
232,400.20000000000005 ms
232,403.0 ms
232,414.45000000000005 ms
232,430.45000000000005 ms
232,433.75 ms
232,433.9 ms
232,451.69999999999993 ms
232,459.30000000000007 ms
232,468.94999999999993 ms
232,476.85 ms
232,479.19999999999993 ms
232,506.65 ms
232,515.0 ms
232,533.5999999999999 ms
232,536.7 ms
232,542.55 ms
232,547.1000000000001 ms
232,551.05 ms
232,569.2500000000002 ms
232,573.2 ms
232,587.0500000000002 ms
232,599.0500000000002 ms
232,602.2000000000003 ms
232,606.8500000000001 ms
232,607.1000000000001 ms
232,618.4000000000001 ms
232,620.7 ms
232,633.8 ms
232,669.6500000000001 ms
232,682.6000000000001 ms
232,686.6500000000001 ms
232,697.7 ms
232,703.6500000000001 ms
232,734.95 ms
232,740.3 ms
232,746.3500000000001 ms
232,760.6499999999999 ms
232,763.2 ms
232,794.55 ms
232,797.3999999999999 ms
232,813.0 ms
232,818.2 ms
232,831.2 ms
232,834.5 ms
232,835.25 ms
232,835.5999999999999 ms
232,838.7 ms
232,845.55 ms
232,845.95 ms
232,847.2 ms
232,872.7 ms
232,874.55 ms
232,880.8 ms
232,894.7 ms
232,896.25 ms
232,921.5999999999999 ms
232,923.95 ms
232,946.1500000000001 ms
232,946.45 ms
232,951.05 ms
232,956.2500000000002 ms
232,957.05 ms
232,973.3500000000001 ms
232,976.5 ms
232,978.0999999999999 ms
232,1008.5 ms
232,1020.5 ms
232,1070.0500000000002 ms
232,1091.6499999999996 ms
232,1112.4499999999998 ms
232,1162.1499999999996 ms
232,1165.4499999999998 ms
232,1178.1999999999998 ms
232,1183.9499999999998 ms
232,1218.2999999999997 ms
232,1218.6999999999998 ms
232,1228.3999999999996 ms
232,1235.8000000000002 ms
232,1250.35 ms
232,1258.9499999999998 ms
232,1261.25 ms
232,1268.5 ms
232,1302.0999999999995 ms
232,1312.0499999999997 ms
232,1312.85 ms
232,1316.4499999999994 ms
232,1347.1999999999994 ms
232,1362.5499999999997 ms
232,1372.4999999999995 ms
232,1373.4999999999995 ms
232,1374.3499999999995 ms
232,1376.4499999999994 ms
232,1382.3999999999992 ms
232,1386.1499999999992 ms
232,1388.1999999999994 ms
232,1416.9999999999995 ms
232,1422.849999999999 ms
232,1431.6999999999994 ms
232,1461.1999999999994 ms
232,1477.349999999999 ms
232,1485.7999999999993 ms
232,1488.3499999999995 ms
232,1494.5499999999993 ms
232,1541.1999999999994 ms
232,1542.9999999999995 ms
232,1546.849999999999 ms
232,1548.599999999999 ms
232,1591.0499999999993 ms
232,1611.7999999999993 ms
232,1621.3999999999992 ms
232,1667.6999999999994 ms
232,1669.499999999999 ms
232,1709.699999999999 ms
232,1721.2999999999993 ms
232,1724.249999999999 ms
232,1728.699999999999 ms
232,1732.449999999999 ms
232,1736.8499999999995 ms
232,1750.6499999999992 ms
232,1753.0499999999993 ms
232,1758.2999999999993 ms
232,1762.8999999999992 ms
232,1765.999999999999 ms
232,1797.6499999999992 ms
232,1856.3999999999992 ms
232,1865.349999999999 ms
232,1916.0499999999993 ms
232,1938.5999999999995 ms
232,1954.8999999999992 ms
232,1961.1499999999992 ms
232,1971.499999999999 ms
232,1998.1499999999992 ms
232,2045.4499999999994 ms
232,2045.5499999999988 ms
232,2046.749999999999 ms
232,2077.249999999999 ms
232,2087.7999999999993 ms
232,2089.749999999999 ms
232,2091.499999999999 ms
232,2101.6499999999987 ms
232,2114.749999999999 ms
232,2136.3999999999987 ms
232,2138.499999999999 ms
232,2165.499999999999 ms
232,2170.2999999999993 ms
232,2178.3999999999996 ms
232,2210.199999999999 ms
232,2210.5499999999993 ms
232,2221.199999999999 ms
232,2235.25 ms
232,2238.699999999999 ms
232,2243.5499999999993 ms
232,2243.8999999999996 ms
232,2258.6499999999996 ms
232,2263.749999999999 ms
232,2306.3999999999987 ms
232,2317.0499999999993 ms
232,2319.8999999999996 ms
232,2321.3999999999996 ms
232,2325.8499999999985 ms
232,2338.5999999999985 ms
232,2340.949999999999 ms
232,2349.5499999999993 ms
232,2353.949999999999 ms
232,2366.249999999999 ms
232,2367.249999999999 ms
232,2367.499999999999 ms
232,2408.499999999999 ms
232,2412.749999999999 ms
232,2413.249999999999 ms
232,2446.1499999999987 ms
232,2446.7 ms
232,2454.7999999999993 ms
232,2475.8999999999996 ms
232,2477.0499999999993 ms
232,2483.5999999999995 ms
232,2499.95 ms
232,2503.1499999999987 ms
232,2514.5499999999993 ms
232,2560.749999999999 ms
232,2564.0999999999995 ms
232,2588.999999999999 ms
232,2605.8999999999987 ms
232,2621.0999999999995 ms
232,2634.1499999999987 ms
232,2748.0999999999995 ms
232,2760.249999999999 ms
232,2771.249999999999 ms
232,2776.8499999999995 ms
232,2790.7999999999984 ms
232,2795.3999999999987 ms
232,2818.6499999999987 ms
232,2823.7999999999984 ms
232,2826.1499999999987 ms
232,2835.199999999999 ms
232,2839.8999999999987 ms
232,2844.199999999999 ms
232,2850.949999999999 ms
232,2869.8999999999987 ms
232,2904.8999999999987 ms
232,2937.8999999999987 ms
232,2939.999999999999 ms
232,2945.199999999998 ms
232,2956.5999999999985 ms
232,2969.949999999999 ms
232,2990.5499999999984 ms
232,3004.5499999999984 ms
232,3015.3999999999987 ms
232,3051.6499999999987 ms
232,3067.3499999999976 ms
232,3093.3499999999976 ms
232,3095.6499999999987 ms
232,3098.5999999999976 ms
232,3124.999999999998 ms
232,3137.0499999999984 ms
232,3138.199999999998 ms
232,3147.7999999999984 ms
232,3152.949999999998 ms
232,3163.749999999999 ms
232,3169.8999999999987 ms
232,3190.8999999999987 ms
232,3194.0999999999985 ms
232,3208.199999999999 ms
232,3214.999999999998 ms
232,3217.5999999999985 ms
232,3220.3499999999985 ms
232,3227.249999999998 ms
232,3227.3999999999987 ms
232,3229.8999999999987 ms
232,3230.999999999999 ms
232,3231.0999999999985 ms
232,3241.449999999999 ms
232,3246.2999999999984 ms
232,3250.5999999999985 ms
232,3251.1499999999987 ms
232,3260.999999999999 ms
232,3270.1499999999987 ms
232,3274.1499999999987 ms
232,3277.8999999999987 ms
232,3294.999999999999 ms
232,3308.449999999998 ms
232,3331.999999999999 ms
232,3340.6499999999987 ms
232,3364.1499999999987 ms
232,3375.499999999999 ms
232,3417.1499999999987 ms
232,3421.7999999999984 ms
232,3442.749999999999 ms
232,3464.199999999998 ms
232,3464.3499999999985 ms
232,3500.249999999998 ms
232,3503.8999999999987 ms
232,3507.5999999999985 ms
232,3511.949999999999 ms
232,3512.749999999998 ms
232,3525.6499999999987 ms
232,3537.999999999999 ms
232,3551.6499999999987 ms
232,3556.249999999999 ms
232,3563.8499999999985 ms
232,3603.699999999999 ms
232,3616.7999999999984 ms
232,3641.5999999999985 ms
232,3663.6499999999987 ms
232,3667.1499999999987 ms
232,3673.8999999999987 ms
232,3697.5499999999984 ms
232,3701.449999999999 ms
232,3721.5999999999985 ms
232,3780.8999999999996 ms
232,3791.1499999999996 ms
232,3817.3499999999985 ms
232,3830.449999999999 ms
232,3840.449999999999 ms
232,3854.8999999999987 ms
232,3887.5499999999984 ms
232,3893.8999999999987 ms
232,3916.1499999999987 ms
232,3919.1499999999987 ms
232,3939.499999999999 ms
232,3961.8999999999987 ms
232,3977.6499999999987 ms
232,3982.0499999999984 ms
232,3983.3999999999987 ms
232,3987.949999999999 ms
232,3996.249999999999 ms
233,15.3 ms
233,22.900000000000002 ms
233,33.900000000000006 ms
233,39.80000000000001 ms
233,40.400000000000006 ms
233,71.55000000000001 ms
233,85.10000000000002 ms
233,85.85000000000002 ms
233,90.65 ms
233,110.95000000000002 ms
233,117.15 ms
233,119.65 ms
233,124.55000000000001 ms
233,126.5 ms
233,156.45000000000005 ms
233,194.75 ms
233,200.65000000000003 ms
233,202.60000000000002 ms
233,216.90000000000003 ms
233,231.60000000000002 ms
233,276.65000000000003 ms
233,277.00000000000006 ms
233,289.3000000000001 ms
233,306.65000000000015 ms
233,308.6000000000001 ms
233,309.50000000000006 ms
233,326.25000000000006 ms
233,386.5500000000001 ms
233,389.15000000000015 ms
233,401.40000000000003 ms
233,406.25000000000006 ms
233,412.3500000000001 ms
233,423.3500000000002 ms
233,432.7000000000002 ms
233,456.9500000000001 ms
233,469.65000000000015 ms
233,486.6000000000001 ms
233,488.90000000000015 ms
233,496.3500000000001 ms
233,496.75000000000006 ms
233,509.00000000000017 ms
233,523.45 ms
233,533.1000000000001 ms
233,559.9000000000001 ms
233,601.45 ms
233,612.2 ms
233,615.45 ms
233,627.6500000000001 ms
233,640.8500000000001 ms
233,658.45 ms
233,669.6000000000001 ms
233,672.95 ms
233,674.45 ms
233,691.2 ms
233,706.0500000000002 ms
233,717.7000000000003 ms
233,737.6500000000001 ms
233,740.6000000000004 ms
233,760.7000000000003 ms
233,761.8000000000002 ms
233,776.4000000000003 ms
233,783.0500000000004 ms
233,826.6500000000003 ms
233,848.9500000000003 ms
233,856.3000000000002 ms
233,868.6000000000004 ms
233,882.7000000000003 ms
233,896.4500000000003 ms
233,906.0500000000002 ms
233,948.7000000000003 ms
233,958.7000000000003 ms
233,958.9500000000003 ms
233,1001.5500000000002 ms
233,1013.8000000000002 ms
233,1028.7000000000003 ms
233,1051.9500000000003 ms
233,1059.5000000000005 ms
233,1083.7000000000003 ms
233,1091.4 ms
233,1098.15 ms
233,1109.4 ms
233,1110.5500000000006 ms
233,1114.9 ms
233,1121.4500000000003 ms
233,1134.5500000000002 ms
233,1136.75 ms
233,1137.1500000000005 ms
233,1164.9500000000003 ms
233,1171.15 ms
233,1196.9 ms
233,1227.7500000000005 ms
233,1236.35 ms
233,1251.4500000000003 ms
233,1255.7000000000003 ms
233,1263.5 ms
233,1305.3000000000002 ms
233,1306.85 ms
233,1347.2999999999997 ms
233,1348.5499999999997 ms
233,1358.35 ms
233,1358.5 ms
233,1392.85 ms
233,1410.35 ms
233,1411.5499999999997 ms
233,1413.65 ms
233,1415.4499999999998 ms
233,1422.75 ms
233,1425.1999999999998 ms
233,1447.5 ms
233,1448.3499999999995 ms
233,1490.0 ms
233,1515.5 ms
233,1538.5499999999997 ms
233,1541.4999999999995 ms
233,1595.0499999999997 ms
233,1600.85 ms
233,1604.85 ms
233,1606.8999999999996 ms
233,1614.9999999999995 ms
233,1621.3499999999995 ms
233,1621.7499999999995 ms
233,1625.2499999999995 ms
233,1688.4999999999995 ms
233,1701.6499999999996 ms
233,1717.0999999999995 ms
233,1726.3999999999996 ms
233,1736.8499999999995 ms
233,1742.1499999999996 ms
233,1757.7499999999995 ms
233,1766.0499999999997 ms
233,1785.1499999999992 ms
233,1788.1999999999994 ms
233,1827.2499999999995 ms
233,1836.599999999999 ms
233,1836.6999999999994 ms
233,1840.6499999999992 ms
233,1840.9499999999994 ms
233,1851.6499999999992 ms
233,1875.849999999999 ms
233,1888.6499999999992 ms
233,1900.0499999999993 ms
233,1901.8499999999995 ms
233,1913.6499999999992 ms
233,1923.249999999999 ms
233,1956.849999999999 ms
233,1961.449999999999 ms
233,1980.199999999999 ms
233,1998.8999999999987 ms
233,2017.999999999999 ms
233,2050.049999999999 ms
233,2080.6499999999983 ms
233,2084.1999999999985 ms
233,2087.099999999999 ms
233,2095.7499999999995 ms
233,2101.099999999999 ms
233,2109.6999999999985 ms
233,2113.4999999999986 ms
233,2127.2499999999995 ms
233,2129.899999999999 ms
233,2130.399999999999 ms
233,2141.4499999999994 ms
233,2150.85 ms
233,2162.9999999999995 ms
233,2180.65 ms
233,2181.649999999999 ms
233,2181.7999999999997 ms
233,2183.9999999999995 ms
233,2196.349999999999 ms
233,2211.2499999999995 ms
233,2219.15 ms
233,2221.399999999999 ms
233,2230.849999999999 ms
233,2253.049999999999 ms
233,2263.899999999999 ms
233,2268.4499999999994 ms
233,2269.899999999999 ms
233,2271.599999999999 ms
233,2273.7499999999995 ms
233,2301.349999999999 ms
233,2324.899999999999 ms
233,2325.4499999999994 ms
233,2347.799999999999 ms
233,2349.2499999999986 ms
233,2363.799999999999 ms
233,2368.4499999999994 ms
233,2371.6 ms
233,2374.2499999999995 ms
233,2389.2999999999997 ms
233,2396.2000000000003 ms
233,2406.1999999999994 ms
233,2457.4500000000003 ms
233,2459.4499999999994 ms
233,2459.9999999999995 ms
233,2464.1 ms
233,2480.1 ms
233,2495.2500000000005 ms
233,2506.6 ms
233,2509.85 ms
233,2522.1 ms
233,2537.65 ms
233,2544.65 ms
233,2584.9 ms
233,2586.35 ms
233,2592.9 ms
233,2598.9999999999995 ms
233,2613.2500000000005 ms
233,2614.8000000000006 ms
233,2616.9 ms
233,2630.9999999999995 ms
233,2657.85 ms
233,2680.1999999999994 ms
233,2684.399999999999 ms
233,2692.349999999999 ms
233,2695.7499999999995 ms
233,2718.1999999999994 ms
233,2772.649999999999 ms
233,2774.9499999999994 ms
233,2790.1 ms
233,2803.6999999999994 ms
233,2816.9999999999995 ms
233,2824.5499999999997 ms
233,2838.149999999999 ms
233,2859.5499999999997 ms
233,2882.4999999999995 ms
233,2904.2999999999997 ms
233,2911.1 ms
233,2913.35 ms
233,2920.2500000000005 ms
233,2921.2000000000003 ms
233,2928.7500000000005 ms
233,2961.5500000000006 ms
233,2975.100000000001 ms
233,2984.5500000000006 ms
233,3002.7000000000003 ms
233,3010.2000000000003 ms
233,3027.7000000000003 ms
233,3040.2500000000005 ms
233,3040.85 ms
233,3063.15 ms
233,3075.2000000000003 ms
233,3084.0000000000005 ms
233,3095.400000000001 ms
233,3098.150000000001 ms
233,3110.0000000000005 ms
233,3131.5500000000006 ms
233,3152.200000000001 ms
233,3160.8000000000006 ms
233,3161.100000000001 ms
233,3165.0000000000014 ms
233,3184.600000000001 ms
233,3209.400000000001 ms
233,3219.400000000002 ms
233,3228.6000000000017 ms
233,3238.0000000000014 ms
233,3238.450000000001 ms
233,3241.8000000000006 ms
233,3245.7500000000005 ms
233,3279.650000000001 ms
233,3281.5000000000005 ms
233,3287.850000000001 ms
233,3303.9500000000003 ms
233,3309.65 ms
233,3334.150000000001 ms
233,3338.7500000000005 ms
233,3357.3000000000006 ms
233,3363.2500000000005 ms
233,3378.4500000000003 ms
233,3408.2500000000005 ms
233,3413.85 ms
233,3431.7999999999997 ms
233,3436.35 ms
233,3443.7999999999997 ms
233,3448.7499999999995 ms
233,3453.0000000000005 ms
233,3456.9500000000003 ms
233,3461.0000000000005 ms
233,3465.5500000000006 ms
233,3486.600000000001 ms
233,3504.650000000001 ms
233,3515.9 ms
233,3552.150000000001 ms
233,3553.5000000000005 ms
233,3565.4500000000003 ms
233,3612.4500000000003 ms
233,3622.65 ms
233,3640.3000000000006 ms
233,3644.9500000000003 ms
233,3661.350000000001 ms
233,3667.650000000001 ms
233,3685.0000000000005 ms
233,3687.7000000000003 ms
233,3698.850000000001 ms
233,3707.650000000001 ms
233,3711.15 ms
233,3741.900000000001 ms
233,3778.100000000001 ms
233,3823.5500000000006 ms
233,3823.7000000000003 ms
233,3843.5499999999997 ms
233,3869.6 ms
233,3886.15 ms
233,3887.650000000001 ms
233,3889.7500000000005 ms
233,3898.650000000001 ms
233,3903.3000000000006 ms
233,3906.15 ms
233,3921.35 ms
233,3947.7000000000003 ms
233,3955.2500000000005 ms
233,3963.6 ms
233,3969.4 ms
234,13.8 ms
234,16.5 ms
234,17.1 ms
234,27.35 ms
234,42.800000000000004 ms
234,57.40000000000001 ms
234,73.35000000000002 ms
234,80.55000000000001 ms
234,81.30000000000001 ms
234,85.65 ms
234,86.0 ms
234,91.5 ms
234,93.80000000000001 ms
234,114.94999999999999 ms
234,184.0 ms
234,209.95 ms
234,244.8 ms
234,311.2 ms
234,314.1499999999999 ms
234,318.84999999999997 ms
234,322.15000000000003 ms
234,333.95 ms
234,340.1499999999999 ms
234,349.99999999999994 ms
234,350.09999999999997 ms
234,360.49999999999994 ms
234,368.09999999999997 ms
234,380.24999999999994 ms
234,385.3999999999999 ms
234,391.2999999999999 ms
234,402.3 ms
234,405.15000000000003 ms
234,430.8 ms
234,430.90000000000003 ms
234,436.05 ms
234,447.74999999999994 ms
234,466.6499999999999 ms
234,472.84999999999985 ms
234,499.1499999999999 ms
234,499.74999999999994 ms
234,505.6999999999999 ms
234,512.0999999999999 ms
234,534.1499999999999 ms
234,542.9999999999998 ms
234,549.2499999999998 ms
234,561.9999999999998 ms
234,565.2 ms
234,648.2 ms
234,665.95 ms
234,675.6499999999999 ms
234,695.3 ms
234,738.7 ms
234,741.7 ms
234,789.8999999999999 ms
234,801.6499999999999 ms
234,828.55 ms
234,837.45 ms
234,858.1499999999999 ms
234,866.2 ms
234,873.3999999999999 ms
234,881.3 ms
234,884.5999999999999 ms
234,890.8499999999999 ms
234,909.8999999999999 ms
234,915.4999999999998 ms
234,917.45 ms
234,917.6499999999999 ms
234,920.25 ms
234,947.75 ms
234,967.6500000000001 ms
234,1003.0 ms
234,1030.7 ms
234,1032.1000000000001 ms
234,1038.1499999999999 ms
234,1050.3500000000001 ms
234,1058.0000000000002 ms
234,1059.3500000000001 ms
234,1063.1000000000001 ms
234,1081.1499999999999 ms
234,1122.8 ms
234,1132.7 ms
234,1140.6500000000003 ms
234,1155.5500000000004 ms
234,1167.8500000000001 ms
234,1173.0000000000002 ms
234,1184.5500000000004 ms
234,1200.6500000000003 ms
234,1262.95 ms
234,1270.9500000000005 ms
234,1289.5500000000004 ms
234,1295.6500000000003 ms
234,1300.0000000000002 ms
234,1314.1000000000001 ms
234,1315.8499999999997 ms
234,1319.55 ms
234,1323.2500000000002 ms
234,1340.3 ms
234,1350.7500000000002 ms
234,1355.05 ms
234,1365.2500000000002 ms
234,1383.6000000000001 ms
234,1401.8999999999999 ms
234,1421.9999999999998 ms
234,1426.8499999999997 ms
234,1444.5999999999997 ms
234,1488.9999999999998 ms
234,1492.5999999999997 ms
234,1530.9499999999996 ms
234,1539.1499999999999 ms
234,1541.1499999999994 ms
234,1545.8999999999999 ms
234,1605.8499999999997 ms
234,1619.55 ms
234,1624.3499999999997 ms
234,1642.4999999999998 ms
234,1680.5499999999995 ms
234,1684.2499999999998 ms
234,1688.2499999999998 ms
234,1690.4999999999998 ms
234,1700.6499999999999 ms
234,1712.6499999999999 ms
234,1719.1999999999996 ms
234,1719.45 ms
234,1732.6999999999996 ms
234,1748.3999999999999 ms
234,1756.3999999999999 ms
234,1770.4499999999996 ms
234,1779.2499999999998 ms
234,1790.0999999999997 ms
234,1793.0999999999997 ms
234,1807.1499999999994 ms
234,1811.9499999999996 ms
234,1822.5499999999995 ms
234,1846.3999999999994 ms
234,1911.3499999999997 ms
234,1913.0499999999995 ms
234,1914.6499999999994 ms
234,1925.0499999999995 ms
234,1935.9999999999998 ms
234,1939.2499999999993 ms
234,1941.9499999999996 ms
234,1955.9999999999993 ms
234,1961.1499999999994 ms
234,1963.3499999999997 ms
234,1973.8 ms
234,1984.95 ms
234,1989.55 ms
234,1989.7499999999998 ms
234,2028.6499999999999 ms
234,2050.3 ms
234,2077.45 ms
234,2083.1499999999996 ms
234,2098.7999999999993 ms
234,2103.1499999999996 ms
234,2121.2 ms
234,2125.5999999999995 ms
234,2134.0999999999995 ms
234,2138.75 ms
234,2139.95 ms
234,2151.45 ms
234,2165.25 ms
234,2182.6000000000004 ms
234,2184.95 ms
234,2188.7 ms
234,2207.1499999999996 ms
234,2217.5499999999993 ms
234,2228.95 ms
234,2236.1499999999996 ms
234,2242.0499999999993 ms
234,2251.8999999999996 ms
234,2255.1499999999996 ms
234,2261.2999999999993 ms
234,2281.0499999999993 ms
234,2281.8999999999996 ms
234,2299.3999999999996 ms
234,2303.1499999999996 ms
234,2303.8499999999995 ms
234,2320.0999999999995 ms
234,2326.7999999999993 ms
234,2341.249999999999 ms
234,2351.5499999999993 ms
234,2361.3499999999995 ms
234,2373.5999999999995 ms
234,2381.45 ms
234,2383.749999999999 ms
234,2395.8499999999995 ms
234,2396.8999999999996 ms
234,2398.5 ms
234,2449.5 ms
234,2451.199999999999 ms
234,2452.699999999999 ms
234,2453.5999999999995 ms
234,2471.0499999999993 ms
234,2514.5999999999995 ms
234,2523.8499999999995 ms
234,2536.5499999999993 ms
234,2541.3499999999995 ms
234,2562.3999999999996 ms
234,2575.6499999999996 ms
234,2576.45 ms
234,2583.05 ms
234,2600.2 ms
234,2623.3999999999996 ms
234,2627.5 ms
234,2638.5999999999995 ms
234,2638.7999999999993 ms
234,2671.1499999999996 ms
234,2672.5499999999993 ms
234,2699.7999999999993 ms
234,2720.8999999999996 ms
234,2788.0499999999993 ms
234,2822.749999999999 ms
234,2834.749999999999 ms
234,2855.3499999999995 ms
234,2881.499999999999 ms
234,2886.999999999999 ms
234,2891.8499999999995 ms
234,2904.0499999999984 ms
234,2908.6499999999987 ms
234,2936.749999999999 ms
234,2938.7999999999984 ms
234,2943.699999999999 ms
234,2947.1499999999987 ms
234,2950.999999999999 ms
234,2957.7999999999984 ms
234,2968.8999999999987 ms
234,3014.6499999999987 ms
234,3028.5499999999984 ms
234,3032.8999999999987 ms
234,3042.5999999999985 ms
234,3043.5499999999984 ms
234,3045.749999999998 ms
234,3076.5999999999985 ms
234,3086.499999999998 ms
234,3092.3499999999985 ms
234,3118.5499999999975 ms
234,3134.5499999999975 ms
234,3149.5499999999975 ms
234,3194.399999999998 ms
234,3204.5999999999976 ms
234,3206.0499999999975 ms
234,3206.7999999999975 ms
234,3212.3499999999976 ms
234,3227.2999999999975 ms
234,3229.3499999999976 ms
234,3235.649999999998 ms
234,3268.2999999999975 ms
234,3276.199999999998 ms
234,3302.149999999998 ms
234,3306.249999999998 ms
234,3323.999999999998 ms
234,3330.149999999998 ms
234,3332.149999999998 ms
234,3353.749999999998 ms
234,3355.8499999999976 ms
234,3362.2999999999975 ms
234,3369.899999999998 ms
234,3374.399999999998 ms
234,3379.199999999997 ms
234,3405.399999999998 ms
234,3406.9999999999973 ms
234,3415.8499999999976 ms
234,3431.449999999997 ms
234,3433.8499999999967 ms
234,3502.5999999999967 ms
234,3527.949999999997 ms
234,3536.0999999999967 ms
234,3560.5499999999975 ms
234,3595.199999999997 ms
234,3605.899999999997 ms
234,3607.5999999999967 ms
234,3618.3499999999967 ms
234,3619.9999999999964 ms
234,3625.5499999999975 ms
234,3655.3499999999967 ms
234,3702.7499999999973 ms
234,3724.8499999999976 ms
234,3728.3499999999976 ms
234,3732.7999999999965 ms
234,3733.2499999999973 ms
234,3752.899999999997 ms
234,3772.9999999999973 ms
234,3798.649999999997 ms
234,3798.949999999997 ms
234,3811.949999999997 ms
234,3813.449999999997 ms
234,3828.7499999999973 ms
234,3831.149999999997 ms
234,3843.5499999999975 ms
234,3845.899999999998 ms
234,3872.7499999999973 ms
234,3882.9999999999973 ms
234,3885.5499999999975 ms
234,3891.8499999999976 ms
234,3917.5999999999976 ms
234,3922.699999999998 ms
234,3934.5499999999975 ms
234,3941.5499999999975 ms
234,3983.3499999999976 ms
234,3985.399999999998 ms
234,3992.499999999998 ms
234,3995.749999999998 ms
234,3999.7999999999975 ms
235,5.9 ms
235,8.15 ms
235,15.749999999999998 ms
235,17.5 ms
235,17.85 ms
235,28.450000000000003 ms
235,43.7 ms
235,44.95 ms
235,67.55000000000001 ms
235,83.30000000000001 ms
235,95.60000000000002 ms
235,104.10000000000002 ms
235,110.4 ms
235,121.1 ms
235,132.25 ms
235,132.75 ms
235,141.7 ms
235,149.89999999999998 ms
235,150.09999999999997 ms
235,163.99999999999994 ms
235,173.89999999999998 ms
235,175.7 ms
235,190.59999999999997 ms
235,199.45 ms
235,220.8 ms
235,233.45 ms
235,234.05 ms
235,259.29999999999995 ms
235,261.5999999999999 ms
235,290.29999999999995 ms
235,324.69999999999993 ms
235,339.79999999999995 ms
235,341.54999999999995 ms
235,354.75 ms
235,362.04999999999995 ms
235,372.44999999999993 ms
235,387.79999999999995 ms
235,412.69999999999993 ms
235,438.9999999999999 ms
235,448.35 ms
235,452.9 ms
235,453.19999999999993 ms
235,476.69999999999993 ms
235,494.25 ms
235,505.35 ms
235,514.1 ms
235,548.8000000000001 ms
235,570.85 ms
235,594.4500000000002 ms
235,608.2500000000001 ms
235,611.85 ms
235,616.5500000000001 ms
235,647.4000000000002 ms
235,653.2000000000002 ms
235,658.35 ms
235,660.65 ms
235,674.2500000000001 ms
235,688.6 ms
235,695.85 ms
235,740.4500000000002 ms
235,741.0500000000001 ms
235,752.0000000000001 ms
235,754.4 ms
235,763.3000000000001 ms
235,768.3000000000001 ms
235,787.4499999999999 ms
235,791.9999999999999 ms
235,804.5000000000001 ms
235,806.7499999999999 ms
235,806.9499999999999 ms
235,820.7499999999999 ms
235,825.0499999999998 ms
235,842.15 ms
235,843.4499999999999 ms
235,848.8000000000001 ms
235,849.6 ms
235,852.9499999999999 ms
235,882.7499999999999 ms
235,888.4499999999999 ms
235,890.4499999999999 ms
235,919.4 ms
235,924.15 ms
235,928.7500000000001 ms
235,937.85 ms
235,949.65 ms
235,952.6999999999999 ms
235,955.4 ms
235,965.15 ms
235,983.6999999999999 ms
235,984.5999999999998 ms
235,994.1499999999997 ms
235,994.4999999999999 ms
235,1026.1999999999998 ms
235,1038.35 ms
235,1072.6 ms
235,1075.15 ms
235,1076.4 ms
235,1087.9999999999995 ms
235,1139.9499999999998 ms
235,1143.6999999999998 ms
235,1190.6 ms
235,1204.85 ms
235,1215.1 ms
235,1219.2999999999997 ms
235,1237.9 ms
235,1242.6 ms
235,1251.1 ms
235,1282.4 ms
235,1291.4999999999995 ms
235,1292.1999999999998 ms
235,1305.9499999999998 ms
235,1321.6999999999998 ms
235,1326.0 ms
235,1333.2999999999997 ms
235,1341.9499999999998 ms
235,1344.75 ms
235,1345.3499999999995 ms
235,1360.0 ms
235,1366.8999999999996 ms
235,1384.0 ms
235,1390.4499999999998 ms
235,1394.3999999999996 ms
235,1403.6 ms
235,1404.1 ms
235,1405.5499999999997 ms
235,1431.85 ms
235,1431.9499999999998 ms
235,1434.6499999999996 ms
235,1447.6499999999996 ms
235,1457.8000000000002 ms
235,1459.0 ms
235,1503.4 ms
235,1506.85 ms
235,1520.9 ms
235,1534.15 ms
235,1587.9 ms
235,1589.65 ms
235,1609.2000000000003 ms
235,1617.25 ms
235,1619.65 ms
235,1622.3000000000002 ms
235,1622.8000000000002 ms
235,1631.25 ms
235,1649.4000000000005 ms
235,1657.9500000000003 ms
235,1663.1000000000004 ms
235,1671.0000000000005 ms
235,1720.9500000000003 ms
235,1723.2500000000005 ms
235,1735.8000000000006 ms
235,1739.5000000000005 ms
235,1743.2000000000003 ms
235,1745.6500000000005 ms
235,1812.3000000000006 ms
235,1824.9500000000007 ms
235,1829.5500000000006 ms
235,1852.8500000000008 ms
235,1888.8500000000008 ms
235,1890.9500000000003 ms
235,1922.9500000000003 ms
235,1926.3500000000008 ms
235,1929.4000000000005 ms
235,1945.7500000000005 ms
235,1983.8500000000004 ms
235,1988.6000000000004 ms
235,1992.4500000000003 ms
235,2001.3000000000002 ms
235,2015.65 ms
235,2018.4 ms
235,2022.5 ms
235,2038.0 ms
235,2038.5 ms
235,2053.6 ms
235,2063.6 ms
235,2064.6 ms
235,2077.9499999999994 ms
235,2090.7499999999995 ms
235,2094.9499999999994 ms
235,2096.2999999999997 ms
235,2098.5499999999997 ms
235,2116.7000000000003 ms
235,2123.1 ms
235,2134.85 ms
235,2136.1 ms
235,2139.1 ms
235,2175.35 ms
235,2176.4 ms
235,2190.9500000000003 ms
235,2197.2500000000005 ms
235,2197.9500000000003 ms
235,2206.2999999999997 ms
235,2207.4999999999995 ms
235,2207.85 ms
235,2223.0499999999997 ms
235,2236.4500000000003 ms
235,2242.1999999999994 ms
235,2289.7499999999995 ms
235,2309.6 ms
235,2331.15 ms
235,2347.2499999999995 ms
235,2360.6999999999994 ms
235,2360.7999999999997 ms
235,2366.9999999999995 ms
235,2396.7999999999997 ms
235,2400.649999999999 ms
235,2403.4999999999995 ms
235,2403.9 ms
235,2458.85 ms
235,2461.9 ms
235,2470.649999999999 ms
235,2484.4499999999994 ms
235,2492.9999999999995 ms
235,2506.0499999999997 ms
235,2507.2499999999995 ms
235,2518.85 ms
235,2527.9 ms
235,2529.9 ms
235,2530.4 ms
235,2533.7499999999995 ms
235,2543.2500000000005 ms
235,2549.0500000000006 ms
235,2558.7500000000005 ms
235,2568.9999999999995 ms
235,2587.15 ms
235,2616.35 ms
235,2621.7500000000005 ms
235,2641.15 ms
235,2657.8000000000006 ms
235,2673.0499999999997 ms
235,2679.5500000000006 ms
235,2684.4500000000003 ms
235,2697.65 ms
235,2699.9 ms
235,2723.85 ms
235,2749.4 ms
235,2754.4999999999995 ms
235,2762.65 ms
235,2765.9999999999995 ms
235,2782.2999999999997 ms
235,2801.4 ms
235,2809.35 ms
235,2820.65 ms
235,2831.8000000000006 ms
235,2849.2500000000005 ms
235,2852.6 ms
235,2865.15 ms
235,2891.7000000000003 ms
235,2905.5000000000005 ms
235,2907.35 ms
235,2910.2999999999997 ms
235,2912.9500000000003 ms
235,2921.600000000001 ms
235,2937.4500000000003 ms
235,2962.0499999999997 ms
235,2968.7499999999995 ms
235,2983.7999999999997 ms
235,2987.7499999999995 ms
235,3002.35 ms
235,3011.5000000000005 ms
235,3013.1 ms
235,3041.35 ms
235,3046.15 ms
235,3088.4 ms
235,3095.9999999999995 ms
235,3099.5499999999997 ms
235,3106.85 ms
235,3107.0000000000005 ms
235,3122.5000000000005 ms
235,3126.4500000000003 ms
235,3146.600000000001 ms
235,3169.7000000000003 ms
235,3173.65 ms
235,3240.5500000000006 ms
235,3241.7500000000005 ms
235,3242.15 ms
235,3257.9500000000003 ms
235,3263.600000000001 ms
235,3266.4500000000003 ms
235,3275.65 ms
235,3282.4500000000003 ms
235,3285.600000000001 ms
235,3298.2500000000005 ms
235,3304.7500000000005 ms
235,3306.150000000001 ms
235,3310.15 ms
235,3316.85 ms
235,3335.15 ms
235,3352.0000000000005 ms
235,3366.5000000000005 ms
235,3373.2000000000003 ms
235,3385.4 ms
235,3392.8000000000006 ms
235,3409.2500000000005 ms
235,3413.2000000000003 ms
235,3413.65 ms
235,3420.7999999999997 ms
235,3423.9999999999995 ms
235,3447.9999999999995 ms
235,3449.0499999999997 ms
235,3449.2499999999995 ms
235,3450.15 ms
235,3548.399999999999 ms
235,3555.599999999999 ms
235,3557.6 ms
235,3593.599999999999 ms
235,3629.9499999999994 ms
235,3633.049999999999 ms
235,3633.399999999999 ms
235,3636.149999999999 ms
235,3636.7499999999986 ms
235,3652.9499999999985 ms
235,3667.599999999999 ms
235,3706.2499999999995 ms
235,3731.6999999999994 ms
235,3733.099999999999 ms
235,3733.4999999999995 ms
235,3739.7999999999997 ms
235,3746.6999999999994 ms
235,3750.799999999999 ms
235,3757.099999999999 ms
235,3788.6999999999994 ms
235,3803.899999999999 ms
235,3819.7499999999986 ms
235,3828.4499999999985 ms
235,3838.099999999999 ms
235,3847.149999999999 ms
235,3851.149999999999 ms
235,3853.599999999999 ms
235,3870.349999999999 ms
235,3871.399999999999 ms
235,3880.349999999999 ms
235,3887.049999999999 ms
235,3896.049999999999 ms
235,3899.4499999999994 ms
235,3902.549999999999 ms
235,3913.099999999999 ms
235,3915.549999999999 ms
235,3923.2499999999986 ms
235,3945.649999999999 ms
235,3957.4499999999994 ms
235,3971.799999999999 ms
235,3976.6999999999994 ms
235,3989.049999999999 ms
236,1.3 ms
236,7.3500000000000005 ms
236,16.7 ms
236,77.85000000000001 ms
236,89.7 ms
236,92.05 ms
236,95.45 ms
236,101.85000000000001 ms
236,110.25000000000001 ms
236,121.25000000000004 ms
236,124.05000000000003 ms
236,134.60000000000002 ms
236,145.70000000000005 ms
236,153.55 ms
236,155.3 ms
236,156.15000000000003 ms
236,165.8 ms
236,170.65000000000003 ms
236,172.65000000000003 ms
236,174.75 ms
236,175.10000000000002 ms
236,185.10000000000002 ms
236,200.60000000000002 ms
236,204.95 ms
236,215.89999999999998 ms
236,238.14999999999998 ms
236,255.39999999999998 ms
236,286.65 ms
236,292.94999999999993 ms
236,294.5 ms
236,294.65 ms
236,309.79999999999995 ms
236,311.0999999999999 ms
236,316.54999999999995 ms
236,329.0 ms
236,337.25 ms
236,349.0 ms
236,357.14999999999986 ms
236,358.75 ms
236,364.5 ms
236,369.25 ms
236,385.69999999999993 ms
236,395.04999999999995 ms
236,398.29999999999995 ms
236,413.44999999999993 ms
236,432.44999999999993 ms
236,452.69999999999993 ms
236,469.7499999999999 ms
236,470.04999999999995 ms
236,473.3499999999999 ms
236,485.79999999999995 ms
236,490.5 ms
236,551.8499999999999 ms
236,556.5999999999999 ms
236,556.8 ms
236,563.5999999999999 ms
236,624.8999999999999 ms
236,659.5999999999999 ms
236,697.4499999999998 ms
236,761.0 ms
236,770.1999999999998 ms
236,772.0999999999999 ms
236,781.3499999999999 ms
236,796.0 ms
236,807.0 ms
236,812.9499999999998 ms
236,826.75 ms
236,837.0499999999997 ms
236,840.75 ms
236,841.5 ms
236,853.8999999999999 ms
236,882.9499999999998 ms
236,911.3999999999999 ms
236,936.6499999999999 ms
236,943.9999999999998 ms
236,952.1499999999999 ms
236,967.1499999999999 ms
236,970.05 ms
236,977.3 ms
236,989.0999999999997 ms
236,994.2499999999998 ms
236,1006.1499999999999 ms
236,1073.5999999999997 ms
236,1098.9999999999998 ms
236,1108.2999999999995 ms
236,1114.5999999999997 ms
236,1137.4499999999996 ms
236,1156.1499999999999 ms
236,1157.9999999999998 ms
236,1173.9999999999993 ms
236,1189.5499999999995 ms
236,1196.4999999999998 ms
236,1199.6499999999999 ms
236,1209.2499999999998 ms
236,1234.9499999999996 ms
236,1255.9499999999996 ms
236,1258.0999999999997 ms
236,1263.05 ms
236,1280.4999999999998 ms
236,1295.9999999999998 ms
236,1306.4999999999998 ms
236,1307.2999999999995 ms
236,1318.7499999999998 ms
236,1322.2 ms
236,1322.9499999999996 ms
236,1328.7999999999995 ms
236,1330.2499999999998 ms
236,1360.6499999999999 ms
236,1387.3999999999999 ms
236,1423.8999999999999 ms
236,1444.3999999999999 ms
236,1447.6999999999996 ms
236,1448.5499999999995 ms
236,1464.3499999999997 ms
236,1492.1999999999996 ms
236,1503.6999999999996 ms
236,1521.8499999999997 ms
236,1524.0999999999997 ms
236,1529.3 ms
236,1529.9999999999998 ms
236,1532.5499999999995 ms
236,1546.8999999999994 ms
236,1551.7999999999995 ms
236,1553.8 ms
236,1565.95 ms
236,1593.3999999999999 ms
236,1603.55 ms
236,1632.0000000000002 ms
236,1639.9999999999998 ms
236,1642.8999999999999 ms
236,1657.05 ms
236,1659.95 ms
236,1660.55 ms
236,1682.3999999999999 ms
236,1683.9000000000003 ms
236,1688.1000000000001 ms
236,1696.45 ms
236,1709.95 ms
236,1724.2 ms
236,1733.6500000000003 ms
236,1733.95 ms
236,1791.45 ms
236,1792.3500000000001 ms
236,1807.1000000000001 ms
236,1824.8999999999999 ms
236,1830.3 ms
236,1863.3500000000001 ms
236,1864.3500000000001 ms
236,1868.7500000000002 ms
236,1875.1500000000003 ms
236,1896.3000000000004 ms
236,1951.9000000000003 ms
236,1967.5000000000002 ms
236,1973.8 ms
236,1993.5500000000004 ms
236,2004.2000000000005 ms
236,2018.0000000000002 ms
236,2029.2000000000005 ms
236,2062.3 ms
236,2071.3500000000004 ms
236,2073.3500000000004 ms
236,2096.3 ms
236,2097.55 ms
236,2110.1000000000004 ms
236,2114.3500000000004 ms
236,2117.9000000000005 ms
236,2133.2000000000007 ms
236,2137.1500000000005 ms
236,2140.4000000000005 ms
236,2140.750000000001 ms
236,2149.05 ms
236,2152.8500000000013 ms
236,2156.500000000001 ms
236,2160.4000000000005 ms
236,2164.250000000001 ms
236,2178.6000000000013 ms
236,2183.3500000000013 ms
236,2183.750000000001 ms
236,2211.550000000001 ms
236,2214.9000000000015 ms
236,2217.050000000001 ms
236,2251.250000000001 ms
236,2259.750000000001 ms
236,2289.050000000001 ms
236,2302.250000000001 ms
236,2339.9500000000007 ms
236,2345.1000000000004 ms
236,2346.2000000000007 ms
236,2348.6000000000004 ms
236,2393.550000000001 ms
236,2442.4000000000005 ms
236,2447.8500000000004 ms
236,2453.05 ms
236,2456.3 ms
236,2458.3 ms
236,2468.9000000000005 ms
236,2491.95 ms
236,2508.3 ms
236,2510.75 ms
236,2513.1000000000004 ms
236,2526.2999999999993 ms
236,2537.2999999999993 ms
236,2581.6000000000004 ms
236,2587.1000000000004 ms
236,2614.3500000000004 ms
236,2647.5 ms
236,2668.0 ms
236,2685.1000000000004 ms
236,2691.45 ms
236,2701.0 ms
236,2724.6499999999996 ms
236,2725.5 ms
236,2751.8500000000004 ms
236,2803.0499999999993 ms
236,2820.1000000000004 ms
236,2825.6000000000004 ms
236,2830.95 ms
236,2845.1499999999996 ms
236,2858.7999999999993 ms
236,2870.6000000000004 ms
236,2875.95 ms
236,2877.6499999999996 ms
236,2890.6499999999996 ms
236,2894.5499999999993 ms
236,2895.25 ms
236,2911.1499999999996 ms
236,2911.25 ms
236,2953.5999999999995 ms
236,2960.95 ms
236,2969.5999999999995 ms
236,2976.1499999999996 ms
236,2993.3999999999996 ms
236,3018.45 ms
236,3023.2 ms
236,3031.8 ms
236,3047.8 ms
236,3048.95 ms
236,3062.95 ms
236,3074.0999999999995 ms
236,3082.0999999999995 ms
236,3085.95 ms
236,3150.8999999999996 ms
236,3153.7 ms
236,3181.3 ms
236,3234.499999999999 ms
236,3243.8499999999995 ms
236,3278.0999999999995 ms
236,3292.6499999999996 ms
236,3295.6499999999996 ms
236,3297.3499999999995 ms
236,3307.8999999999996 ms
236,3322.3999999999996 ms
236,3333.95 ms
236,3357.3 ms
236,3359.8999999999996 ms
236,3380.2999999999993 ms
236,3400.6499999999996 ms
236,3427.25 ms
236,3427.8999999999996 ms
236,3447.25 ms
236,3475.0499999999993 ms
236,3481.7 ms
236,3522.6499999999996 ms
236,3526.0 ms
236,3535.3499999999995 ms
236,3541.2 ms
236,3546.0499999999993 ms
236,3576.1499999999996 ms
236,3582.449999999999 ms
236,3582.5999999999995 ms
236,3588.8499999999995 ms
236,3619.5499999999993 ms
236,3621.2999999999993 ms
236,3624.0999999999995 ms
236,3625.1499999999996 ms
236,3627.3499999999995 ms
236,3641.249999999999 ms
236,3642.45 ms
236,3654.0499999999993 ms
236,3661.0999999999995 ms
236,3662.8499999999995 ms
236,3664.499999999999 ms
236,3667.2 ms
236,3668.2999999999993 ms
236,3669.249999999999 ms
236,3706.0999999999995 ms
236,3708.749999999999 ms
236,3709.3999999999987 ms
236,3713.7 ms
236,3727.45 ms
236,3730.249999999999 ms
236,3733.999999999999 ms
236,3736.6499999999996 ms
236,3742.7999999999993 ms
236,3746.8999999999996 ms
236,3771.75 ms
236,3777.3499999999995 ms
236,3782.45 ms
236,3790.8999999999987 ms
236,3793.2 ms
236,3813.8499999999995 ms
236,3814.95 ms
236,3819.3499999999995 ms
236,3827.2 ms
236,3837.249999999999 ms
236,3848.5999999999995 ms
236,3870.0999999999995 ms
236,3871.95 ms
236,3875.7999999999993 ms
236,3882.2999999999993 ms
236,3897.499999999999 ms
236,3909.999999999999 ms
236,3918.7999999999993 ms
236,3942.249999999999 ms
236,3958.0499999999993 ms
236,3974.6499999999996 ms
236,3993.949999999999 ms
236,3998.6499999999996 ms
237,3.75 ms
237,8.55 ms
237,11.3 ms
237,18.450000000000003 ms
237,23.1 ms
237,23.9 ms
237,30.9 ms
237,32.0 ms
237,32.25 ms
237,33.45 ms
237,44.85000000000001 ms
237,48.39999999999999 ms
237,58.3 ms
237,67.6 ms
237,89.94999999999999 ms
237,92.79999999999998 ms
237,93.69999999999999 ms
237,105.04999999999998 ms
237,108.24999999999997 ms
237,128.89999999999998 ms
237,137.39999999999998 ms
237,138.45 ms
237,139.8 ms
237,141.95 ms
237,146.3 ms
237,218.05 ms
237,226.14999999999998 ms
237,231.34999999999997 ms
237,243.09999999999997 ms
237,264.7 ms
237,313.8 ms
237,342.95 ms
237,348.6499999999999 ms
237,365.99999999999994 ms
237,393.95 ms
237,401.3 ms
237,416.8500000000001 ms
237,421.9500000000001 ms
237,427.45 ms
237,434.2000000000001 ms
237,453.6000000000001 ms
237,476.00000000000006 ms
237,479.40000000000003 ms
237,519.1499999999999 ms
237,528.05 ms
237,529.6499999999999 ms
237,536.55 ms
237,546.8 ms
237,569.8499999999999 ms
237,577.75 ms
237,578.8999999999999 ms
237,601.05 ms
237,609.3499999999997 ms
237,610.7499999999998 ms
237,612.5999999999997 ms
237,630.6999999999998 ms
237,640.9999999999998 ms
237,647.0999999999997 ms
237,647.4499999999998 ms
237,652.2999999999997 ms
237,657.3999999999999 ms
237,659.4499999999998 ms
237,660.3999999999999 ms
237,682.1999999999998 ms
237,687.7999999999997 ms
237,689.5999999999999 ms
237,690.7999999999997 ms
237,693.5 ms
237,704.8499999999999 ms
237,711.25 ms
237,717.0499999999997 ms
237,728.8999999999999 ms
237,738.1499999999999 ms
237,758.05 ms
237,767.1499999999999 ms
237,771.6999999999998 ms
237,774.2999999999997 ms
237,801.9499999999998 ms
237,806.1999999999998 ms
237,807.3999999999999 ms
237,816.1499999999999 ms
237,816.7499999999998 ms
237,830.4999999999998 ms
237,832.95 ms
237,841.05 ms
237,911.1499999999999 ms
237,927.1499999999999 ms
237,927.6000000000001 ms
237,933.75 ms
237,942.7 ms
237,945.3 ms
237,953.8500000000001 ms
237,955.75 ms
237,979.5999999999999 ms
237,983.3499999999999 ms
237,987.95 ms
237,992.95 ms
237,993.3 ms
237,1072.95 ms
237,1078.05 ms
237,1090.05 ms
237,1094.3 ms
237,1094.8999999999999 ms
237,1103.3500000000001 ms
237,1112.05 ms
237,1128.1499999999999 ms
237,1145.3 ms
237,1195.3499999999997 ms
237,1196.05 ms
237,1204.3999999999999 ms
237,1223.55 ms
237,1231.2500000000002 ms
237,1248.55 ms
237,1256.8 ms
237,1263.6499999999999 ms
237,1271.05 ms
237,1278.2500000000002 ms
237,1284.05 ms
237,1306.2500000000002 ms
237,1308.2 ms
237,1335.6000000000001 ms
237,1342.8999999999999 ms
237,1352.3 ms
237,1358.3500000000001 ms
237,1364.95 ms
237,1379.9000000000003 ms
237,1426.7500000000002 ms
237,1436.8500000000001 ms
237,1441.0999999999997 ms
237,1462.4499999999996 ms
237,1463.8999999999999 ms
237,1473.4999999999998 ms
237,1520.7499999999998 ms
237,1521.1499999999999 ms
237,1528.6499999999999 ms
237,1532.4499999999996 ms
237,1547.0999999999997 ms
237,1552.55 ms
237,1555.45 ms
237,1565.7499999999998 ms
237,1593.5999999999997 ms
237,1619.7499999999998 ms
237,1622.55 ms
237,1629.45 ms
237,1631.2499999999998 ms
237,1642.0000000000002 ms
237,1681.2 ms
237,1707.6000000000001 ms
237,1724.8500000000001 ms
237,1732.6499999999999 ms
237,1738.8500000000001 ms
237,1742.5000000000002 ms
237,1757.6500000000003 ms
237,1775.9000000000003 ms
237,1788.3500000000006 ms
237,1802.5500000000004 ms
237,1822.9000000000003 ms
237,1856.0500000000004 ms
237,1859.9500000000005 ms
237,1865.0000000000002 ms
237,1870.1000000000001 ms
237,1886.3500000000006 ms
237,1892.2500000000007 ms
237,1903.1000000000006 ms
237,1906.4500000000005 ms
237,1919.7 ms
237,1921.9500000000005 ms
237,1934.45 ms
237,1945.5000000000002 ms
237,1952.4500000000005 ms
237,1960.3000000000004 ms
237,1961.4500000000005 ms
237,1968.8000000000004 ms
237,1978.6000000000001 ms
237,1986.3500000000001 ms
237,2006.6000000000001 ms
237,2009.3999999999999 ms
237,2028.1000000000001 ms
237,2036.5000000000002 ms
237,2039.4000000000003 ms
237,2041.3000000000004 ms
237,2061.1000000000004 ms
237,2070.6000000000004 ms
237,2102.05 ms
237,2110.7 ms
237,2112.45 ms
237,2118.1500000000005 ms
237,2118.7 ms
237,2121.1500000000005 ms
237,2142.3499999999995 ms
237,2168.0 ms
237,2173.25 ms
237,2188.5 ms
237,2241.45 ms
237,2280.8999999999996 ms
237,2285.7 ms
237,2311.2 ms
237,2327.5 ms
237,2332.25 ms
237,2332.55 ms
237,2339.8500000000004 ms
237,2413.9500000000007 ms
237,2421.0 ms
237,2421.3500000000004 ms
237,2451.0 ms
237,2451.1000000000004 ms
237,2460.75 ms
237,2463.800000000001 ms
237,2463.9500000000007 ms
237,2498.7000000000007 ms
237,2501.4000000000005 ms
237,2506.3 ms
237,2508.6000000000013 ms
237,2516.6500000000005 ms
237,2542.000000000001 ms
237,2548.4000000000005 ms
237,2554.2000000000016 ms
237,2559.250000000001 ms
237,2561.2000000000016 ms
237,2588.000000000001 ms
237,2597.4000000000015 ms
237,2608.050000000001 ms
237,2610.600000000002 ms
237,2616.4000000000015 ms
237,2624.250000000002 ms
237,2653.7000000000016 ms
237,2702.500000000002 ms
237,2733.100000000002 ms
237,2771.000000000002 ms
237,2795.600000000002 ms
237,2803.7000000000016 ms
237,2813.500000000002 ms
237,2823.050000000002 ms
237,2824.250000000002 ms
237,2826.800000000002 ms
237,2834.9000000000024 ms
237,2839.800000000002 ms
237,2848.750000000002 ms
237,2862.050000000002 ms
237,2886.100000000002 ms
237,2892.9500000000025 ms
237,2900.850000000002 ms
237,2905.1500000000024 ms
237,2914.600000000002 ms
237,2930.600000000002 ms
237,2939.4000000000024 ms
237,2952.0000000000027 ms
237,2955.0000000000027 ms
237,2981.5000000000027 ms
237,2983.2000000000016 ms
237,3011.050000000002 ms
237,3014.4500000000016 ms
237,3015.850000000002 ms
237,3016.7000000000025 ms
237,3029.550000000002 ms
237,3050.9000000000024 ms
237,3054.000000000002 ms
237,3068.6500000000015 ms
237,3095.4000000000015 ms
237,3103.350000000002 ms
237,3113.250000000002 ms
237,3119.850000000002 ms
237,3147.550000000001 ms
237,3181.000000000002 ms
237,3228.1500000000015 ms
237,3253.250000000002 ms
237,3258.9500000000007 ms
237,3259.4000000000015 ms
237,3266.4500000000007 ms
237,3286.500000000002 ms
237,3292.000000000002 ms
237,3292.6500000000015 ms
237,3306.3500000000013 ms
237,3306.6000000000013 ms
237,3307.3500000000013 ms
237,3323.9000000000015 ms
237,3325.050000000001 ms
237,3329.000000000002 ms
237,3376.2000000000007 ms
237,3395.250000000002 ms
237,3404.9000000000015 ms
237,3417.050000000001 ms
237,3434.600000000002 ms
237,3436.9500000000016 ms
237,3441.000000000002 ms
237,3452.000000000002 ms
237,3484.550000000002 ms
237,3499.100000000002 ms
237,3513.250000000002 ms
237,3516.100000000002 ms
237,3517.9500000000025 ms
237,3523.050000000002 ms
237,3530.6500000000024 ms
237,3543.7000000000016 ms
237,3621.4000000000024 ms
237,3647.3500000000013 ms
237,3650.4500000000016 ms
237,3656.050000000002 ms
237,3659.300000000002 ms
237,3703.050000000002 ms
237,3716.9000000000015 ms
237,3725.500000000002 ms
237,3730.8500000000013 ms
237,3739.750000000001 ms
237,3764.9000000000015 ms
237,3773.3500000000013 ms
237,3775.300000000001 ms
237,3796.300000000001 ms
237,3800.300000000001 ms
237,3823.8500000000013 ms
237,3827.6500000000015 ms
237,3835.000000000002 ms
237,3838.750000000002 ms
237,3844.4000000000015 ms
237,3879.550000000001 ms
237,3889.6500000000015 ms
237,3894.2000000000016 ms
237,3905.250000000002 ms
237,3905.550000000002 ms
237,3932.2000000000016 ms
238,2.4000000000000004 ms
238,8.200000000000001 ms
238,37.5 ms
238,50.8 ms
238,64.6 ms
238,65.04999999999998 ms
238,79.04999999999998 ms
238,93.85 ms
238,113.65 ms
238,124.1 ms
238,127.35 ms
238,130.35 ms
238,157.79999999999998 ms
238,172.6 ms
238,175.65 ms
238,178.50000000000003 ms
238,209.70000000000002 ms
238,217.30000000000004 ms
238,219.65 ms
238,229.55000000000004 ms
238,238.9 ms
238,246.65000000000006 ms
238,252.00000000000003 ms
238,287.25 ms
238,291.04999999999995 ms
238,332.29999999999995 ms
238,334.6 ms
238,345.05000000000007 ms
238,357.05000000000007 ms
238,366.5 ms
238,368.29999999999995 ms
238,376.70000000000005 ms
238,379.15 ms
238,387.54999999999995 ms
238,407.29999999999995 ms
238,471.75 ms
238,472.5999999999999 ms
238,483.0999999999999 ms
238,501.65 ms
238,507.19999999999993 ms
238,515.3 ms
238,529.5 ms
238,547.9000000000001 ms
238,550.05 ms
238,555.3 ms
238,558.75 ms
238,566.6500000000001 ms
238,568.75 ms
238,588.05 ms
238,588.3 ms
238,596.3499999999999 ms
238,602.25 ms
238,605.5 ms
238,632.7999999999997 ms
238,636.4499999999998 ms
238,636.6499999999999 ms
238,639.55 ms
238,643.5999999999997 ms
238,660.55 ms
238,662.9999999999998 ms
238,667.55 ms
238,680.8499999999997 ms
238,703.9999999999998 ms
238,711.4999999999998 ms
238,735.3499999999997 ms
238,741.3999999999999 ms
238,750.8499999999997 ms
238,757.1999999999998 ms
238,757.2999999999997 ms
238,759.0499999999997 ms
238,759.5499999999997 ms
238,768.2999999999997 ms
238,776.0999999999999 ms
238,779.1999999999998 ms
238,796.2499999999998 ms
238,810.4499999999998 ms
238,858.8499999999999 ms
238,880.0499999999997 ms
238,880.9499999999998 ms
238,893.2999999999997 ms
238,912.0 ms
238,919.5499999999997 ms
238,926.1999999999998 ms
238,931.7999999999997 ms
238,942.0999999999999 ms
238,952.3999999999996 ms
238,967.0499999999997 ms
238,974.5499999999997 ms
238,978.3999999999996 ms
238,995.4499999999998 ms
238,1023.2999999999997 ms
238,1026.5499999999997 ms
238,1045.3999999999996 ms
238,1047.6499999999996 ms
238,1060.5999999999995 ms
238,1086.3999999999996 ms
238,1091.5499999999997 ms
238,1093.6 ms
238,1099.7499999999995 ms
238,1145.85 ms
238,1163.3999999999996 ms
238,1172.7499999999995 ms
238,1209.1999999999994 ms
238,1220.2499999999995 ms
238,1224.4499999999994 ms
238,1226.8999999999996 ms
238,1237.0999999999995 ms
238,1238.1999999999998 ms
238,1241.7999999999993 ms
238,1247.7499999999995 ms
238,1257.1999999999994 ms
238,1258.7999999999997 ms
238,1308.6499999999992 ms
238,1323.0499999999997 ms
238,1336.1999999999994 ms
238,1337.6499999999996 ms
238,1337.9499999999998 ms
238,1343.1999999999998 ms
238,1361.9499999999998 ms
238,1365.7499999999995 ms
238,1370.7499999999995 ms
238,1380.9999999999995 ms
238,1397.0999999999995 ms
238,1402.6499999999996 ms
238,1408.9499999999994 ms
238,1432.8999999999992 ms
238,1439.7999999999997 ms
238,1462.2499999999995 ms
238,1483.5999999999995 ms
238,1501.3499999999995 ms
238,1512.3999999999996 ms
238,1514.6499999999996 ms
238,1537.499999999999 ms
238,1540.8999999999996 ms
238,1574.6499999999996 ms
238,1578.4499999999994 ms
238,1605.4499999999994 ms
238,1614.9999999999995 ms
238,1636.7999999999993 ms
238,1639.3499999999995 ms
238,1645.3499999999995 ms
238,1652.1499999999992 ms
238,1657.499999999999 ms
238,1660.949999999999 ms
238,1662.5999999999995 ms
238,1681.949999999999 ms
238,1693.5999999999995 ms
238,1711.5499999999993 ms
238,1713.4499999999994 ms
238,1721.1999999999994 ms
238,1723.1999999999994 ms
238,1739.8499999999995 ms
238,1783.3499999999995 ms
238,1793.2999999999993 ms
238,1797.3499999999995 ms
238,1909.4499999999994 ms
238,1920.1999999999994 ms
238,1924.4499999999994 ms
238,1926.3499999999995 ms
238,1931.8499999999995 ms
238,1933.2999999999993 ms
238,1964.2499999999995 ms
238,1970.2499999999995 ms
238,2005.5499999999997 ms
238,2009.7499999999995 ms
238,2026.9999999999995 ms
238,2034.1499999999996 ms
238,2052.0999999999995 ms
238,2052.8999999999996 ms
238,2063.25 ms
238,2066.8999999999996 ms
238,2076.0999999999995 ms
238,2096.7999999999993 ms
238,2128.3999999999996 ms
238,2144.199999999999 ms
238,2146.7999999999993 ms
238,2159.0999999999995 ms
238,2192.0999999999995 ms
238,2200.8999999999996 ms
238,2229.0 ms
238,2253.5499999999993 ms
238,2260.45 ms
238,2273.5999999999995 ms
238,2285.9000000000005 ms
238,2294.8 ms
238,2296.1500000000005 ms
238,2328.5 ms
238,2333.75 ms
238,2341.1000000000004 ms
238,2345.0 ms
238,2349.1000000000004 ms
238,2385.5 ms
238,2392.3 ms
238,2397.0 ms
238,2431.8 ms
238,2452.45 ms
238,2474.8 ms
238,2484.4000000000005 ms
238,2491.8 ms
238,2538.1000000000004 ms
238,2542.8 ms
238,2567.7 ms
238,2568.05 ms
238,2572.5 ms
238,2574.8500000000004 ms
238,2583.25 ms
238,2619.8500000000004 ms
238,2626.0499999999993 ms
238,2630.0499999999993 ms
238,2630.75 ms
238,2673.1499999999996 ms
238,2687.0 ms
238,2689.2999999999993 ms
238,2725.6499999999996 ms
238,2741.7999999999993 ms
238,2743.0499999999993 ms
238,2752.8500000000004 ms
238,2753.1000000000004 ms
238,2763.7999999999993 ms
238,2764.8999999999996 ms
238,2766.95 ms
238,2782.6499999999996 ms
238,2784.7999999999993 ms
238,2789.1000000000004 ms
238,2805.1499999999996 ms
238,2807.5 ms
238,2810.95 ms
238,2813.0999999999995 ms
238,2813.95 ms
238,2837.75 ms
238,2838.1499999999996 ms
238,2852.8 ms
238,2889.05 ms
238,2899.0 ms
238,2900.3999999999996 ms
238,2914.1000000000004 ms
238,2915.3500000000004 ms
238,2930.5499999999993 ms
238,2934.0499999999993 ms
238,2937.5 ms
238,2992.3499999999995 ms
238,3011.8999999999996 ms
238,3021.5999999999995 ms
238,3040.7999999999993 ms
238,3046.8999999999996 ms
238,3053.1499999999996 ms
238,3058.7999999999993 ms
238,3069.949999999999 ms
238,3088.7999999999993 ms
238,3108.249999999999 ms
238,3124.5999999999995 ms
238,3130.8499999999995 ms
238,3140.7999999999984 ms
238,3148.8499999999995 ms
238,3153.749999999999 ms
238,3162.699999999999 ms
238,3163.0999999999985 ms
238,3195.7999999999993 ms
238,3216.1499999999987 ms
238,3240.8499999999985 ms
238,3243.0999999999985 ms
238,3245.5999999999985 ms
238,3247.6499999999987 ms
238,3298.5999999999985 ms
238,3302.5999999999985 ms
238,3311.6499999999987 ms
238,3332.0499999999984 ms
238,3359.7999999999984 ms
238,3376.5499999999984 ms
238,3385.449999999999 ms
238,3403.0999999999985 ms
238,3417.0499999999993 ms
238,3435.3499999999985 ms
238,3456.2999999999993 ms
238,3457.5499999999993 ms
238,3465.199999999999 ms
238,3467.999999999999 ms
238,3491.0999999999995 ms
238,3518.0499999999984 ms
238,3520.0499999999984 ms
238,3527.8499999999995 ms
238,3528.5999999999995 ms
238,3535.8999999999987 ms
238,3548.8499999999995 ms
238,3569.199999999999 ms
238,3574.3499999999985 ms
238,3574.7999999999993 ms
238,3598.749999999998 ms
238,3599.749999999998 ms
238,3604.2999999999993 ms
238,3619.8499999999985 ms
238,3624.5999999999985 ms
238,3655.749999999999 ms
238,3686.0499999999993 ms
238,3697.7999999999993 ms
238,3700.5999999999995 ms
238,3702.749999999999 ms
238,3714.05 ms
238,3720.45 ms
238,3735.75 ms
238,3745.55 ms
238,3749.45 ms
238,3763.8500000000004 ms
238,3776.75 ms
238,3777.9500000000007 ms
238,3799.5 ms
238,3819.050000000001 ms
238,3819.25 ms
238,3825.4500000000007 ms
238,3832.05 ms
238,3857.7 ms
238,3866.6500000000005 ms
238,3883.55 ms
238,3904.2 ms
238,3904.3 ms
238,3905.75 ms
238,3940.2 ms
238,3953.45 ms
238,3956.45 ms
238,3963.6499999999996 ms
239,3.75 ms
239,10.350000000000001 ms
239,17.35 ms
239,50.95000000000001 ms
239,51.6 ms
239,59.24999999999999 ms
239,68.9 ms
239,72.30000000000001 ms
239,86.0 ms
239,89.40000000000003 ms
239,115.85000000000002 ms
239,121.55000000000001 ms
239,121.85000000000002 ms
239,133.20000000000002 ms
239,151.35000000000005 ms
239,176.15000000000006 ms
239,197.75000000000003 ms
239,209.20000000000002 ms
239,228.4 ms
239,274.95000000000005 ms
239,280.75 ms
239,286.60000000000014 ms
239,297.6500000000001 ms
239,317.6500000000001 ms
239,342.05000000000007 ms
239,347.20000000000005 ms
239,385.4000000000001 ms
239,386.20000000000005 ms
239,387.05000000000007 ms
239,399.85 ms
239,404.5000000000001 ms
239,420.6 ms
239,433.2500000000001 ms
239,466.6 ms
239,478.5000000000001 ms
239,489.70000000000005 ms
239,497.55000000000007 ms
239,515.1 ms
239,522.0500000000001 ms
239,539.85 ms
239,541.9500000000002 ms
239,545.1999999999999 ms
239,547.4500000000002 ms
239,572.0500000000001 ms
239,578.9499999999999 ms
239,616.35 ms
239,637.7499999999999 ms
239,660.85 ms
239,675.1 ms
239,682.7499999999999 ms
239,697.2500000000001 ms
239,704.35 ms
239,712.9500000000002 ms
239,719.35 ms
239,741.1 ms
239,754.2000000000002 ms
239,755.9000000000002 ms
239,761.5500000000001 ms
239,775.1500000000002 ms
239,794.1000000000003 ms
239,811.5500000000003 ms
239,829.0500000000001 ms
239,864.0500000000003 ms
239,882.3000000000001 ms
239,892.35 ms
239,913.2000000000002 ms
239,934.6 ms
239,948.2000000000002 ms
239,965.35 ms
239,970.6000000000003 ms
239,983.0000000000001 ms
239,997.2500000000001 ms
239,1006.0500000000001 ms
239,1020.6999999999999 ms
239,1022.65 ms
239,1031.3000000000002 ms
239,1065.4 ms
239,1073.4500000000003 ms
239,1080.6 ms
239,1089.0000000000005 ms
239,1097.2500000000005 ms
239,1120.0500000000002 ms
239,1133.7000000000003 ms
239,1184.3500000000004 ms
239,1188.5000000000005 ms
239,1210.9500000000003 ms
239,1213.4000000000005 ms
239,1213.6500000000005 ms
239,1226.5000000000005 ms
239,1231.1000000000004 ms
239,1244.8000000000002 ms
239,1246.4000000000005 ms
239,1274.4500000000003 ms
239,1302.2500000000005 ms
239,1335.7000000000003 ms
239,1336.7000000000003 ms
239,1353.2500000000005 ms
239,1362.4500000000003 ms
239,1363.5500000000002 ms
239,1367.5 ms
239,1369.3500000000004 ms
239,1395.6999999999998 ms
239,1396.5500000000002 ms
239,1399.1499999999996 ms
239,1431.8999999999996 ms
239,1448.3000000000002 ms
239,1459.9499999999998 ms
239,1518.9499999999998 ms
239,1531.65 ms
239,1534.4 ms
239,1549.25 ms
239,1553.4499999999998 ms
239,1560.0500000000002 ms
239,1562.1999999999998 ms
239,1565.3500000000004 ms
239,1566.4499999999998 ms
239,1581.0 ms
239,1586.5500000000002 ms
239,1591.4499999999998 ms
239,1594.1999999999998 ms
239,1613.5500000000002 ms
239,1645.6 ms
239,1646.9499999999998 ms
239,1675.0 ms
239,1683.8499999999995 ms
239,1687.75 ms
239,1703.0499999999997 ms
239,1721.6499999999996 ms
239,1726.8499999999995 ms
239,1733.8999999999996 ms
239,1742.8999999999996 ms
239,1749.1999999999998 ms
239,1756.5499999999993 ms
239,1771.3499999999995 ms
239,1774.2499999999995 ms
239,1776.4999999999995 ms
239,1777.3499999999995 ms
239,1793.2499999999995 ms
239,1793.9499999999994 ms
239,1812.8999999999996 ms
239,1822.8499999999995 ms
239,1846.25 ms
239,1857.0499999999997 ms
239,1862.9499999999998 ms
239,1868.0 ms
239,1888.1999999999998 ms
239,1904.0499999999997 ms
239,1918.2499999999995 ms
239,1948.4499999999998 ms
239,1970.5499999999997 ms
239,1977.9499999999998 ms
239,2008.75 ms
239,2017.2999999999997 ms
239,2030.4499999999998 ms
239,2035.35 ms
239,2037.4499999999998 ms
239,2046.8999999999996 ms
239,2089.1499999999996 ms
239,2101.3499999999995 ms
239,2111.999999999999 ms
239,2118.749999999999 ms
239,2131.8 ms
239,2149.249999999999 ms
239,2164.6499999999996 ms
239,2164.7999999999993 ms
239,2184.3999999999996 ms
239,2186.25 ms
239,2207.6499999999996 ms
239,2215.1499999999996 ms
239,2251.3499999999995 ms
239,2252.749999999999 ms
239,2281.749999999999 ms
239,2283.499999999999 ms
239,2306.95 ms
239,2320.1499999999987 ms
239,2325.999999999999 ms
239,2340.2999999999993 ms
239,2345.199999999999 ms
239,2350.949999999999 ms
239,2351.949999999999 ms
239,2356.949999999999 ms
239,2384.3999999999996 ms
239,2414.249999999999 ms
239,2426.949999999999 ms
239,2427.6499999999987 ms
239,2440.5999999999985 ms
239,2451.3999999999987 ms
239,2469.3499999999985 ms
239,2512.199999999999 ms
239,2515.699999999999 ms
239,2553.649999999998 ms
239,2555.0999999999985 ms
239,2563.449999999998 ms
239,2572.5499999999984 ms
239,2591.7499999999973 ms
239,2591.8499999999976 ms
239,2592.2999999999975 ms
239,2597.5499999999975 ms
239,2607.0999999999976 ms
239,2623.399999999998 ms
239,2628.449999999998 ms
239,2635.8499999999976 ms
239,2655.249999999998 ms
239,2663.0499999999984 ms
239,2671.3999999999987 ms
239,2674.999999999998 ms
239,2694.949999999998 ms
239,2733.7999999999984 ms
239,2744.7999999999984 ms
239,2777.399999999998 ms
239,2812.2999999999975 ms
239,2823.8499999999985 ms
239,2839.5999999999985 ms
239,2845.249999999998 ms
239,2849.949999999998 ms
239,2857.499999999998 ms
239,2872.5499999999984 ms
239,2876.0499999999984 ms
239,2887.949999999998 ms
239,2889.999999999999 ms
239,2902.949999999998 ms
239,2904.199999999998 ms
239,2908.199999999998 ms
239,2912.8999999999987 ms
239,2915.749999999998 ms
239,2919.999999999998 ms
239,2981.999999999998 ms
239,2994.449999999998 ms
239,2996.2999999999984 ms
239,2999.149999999998 ms
239,3002.8499999999976 ms
239,3002.9999999999973 ms
239,3017.0499999999984 ms
239,3031.649999999998 ms
239,3032.499999999998 ms
239,3034.0999999999976 ms
239,3037.0499999999975 ms
239,3041.649999999998 ms
239,3044.2499999999973 ms
239,3046.3499999999976 ms
239,3049.2499999999973 ms
239,3074.7499999999973 ms
239,3094.649999999997 ms
239,3148.0999999999976 ms
239,3170.199999999997 ms
239,3183.4999999999973 ms
239,3194.449999999997 ms
239,3203.149999999997 ms
239,3215.0999999999967 ms
239,3245.449999999997 ms
239,3245.7999999999965 ms
239,3256.5999999999967 ms
239,3267.0999999999967 ms
239,3276.449999999997 ms
239,3286.0999999999967 ms
239,3288.449999999997 ms
239,3295.4999999999964 ms
239,3297.8499999999967 ms
239,3319.2499999999964 ms
239,3320.699999999997 ms
239,3341.3499999999967 ms
239,3356.649999999997 ms
239,3383.199999999997 ms
239,3392.4999999999973 ms
239,3394.199999999997 ms
239,3407.949999999997 ms
239,3412.149999999997 ms
239,3420.399999999997 ms
239,3436.5499999999965 ms
239,3439.3499999999976 ms
239,3467.9999999999973 ms
239,3476.399999999997 ms
239,3492.149999999997 ms
239,3502.199999999998 ms
239,3503.7999999999975 ms
239,3505.7499999999973 ms
239,3507.899999999997 ms
239,3513.9999999999973 ms
239,3539.199999999997 ms
239,3568.9999999999973 ms
239,3580.3499999999976 ms
239,3590.5999999999976 ms
239,3597.7999999999965 ms
239,3598.5999999999976 ms
239,3610.2999999999965 ms
239,3621.449999999997 ms
239,3638.949999999997 ms
239,3639.3499999999967 ms
239,3663.9999999999973 ms
239,3718.8499999999976 ms
239,3724.899999999997 ms
239,3744.7999999999975 ms
239,3758.5999999999976 ms
239,3800.0999999999976 ms
239,3801.699999999998 ms
239,3802.199999999998 ms
239,3804.5999999999976 ms
239,3812.149999999998 ms
239,3812.999999999998 ms
239,3819.699999999997 ms
239,3826.5999999999976 ms
239,3826.949999999998 ms
239,3829.199999999998 ms
239,3835.949999999998 ms
239,3842.0499999999975 ms
239,3852.7499999999973 ms
239,3863.8499999999976 ms
239,3878.2499999999973 ms
239,3878.5499999999975 ms
239,3880.949999999997 ms
239,3882.149999999998 ms
239,3891.0999999999967 ms
239,3895.7999999999975 ms
239,3914.0499999999975 ms
239,3915.5499999999975 ms
239,3918.2999999999975 ms
239,3921.399999999997 ms
239,3933.649999999997 ms
239,3940.0499999999965 ms
239,3942.5499999999965 ms
239,3956.699999999997 ms
239,3974.5499999999975 ms
240,9.5 ms
240,14.850000000000001 ms
240,23.1 ms
240,31.450000000000003 ms
240,49.75 ms
240,52.400000000000006 ms
240,73.0 ms
240,100.30000000000001 ms
240,133.05 ms
240,145.45 ms
240,164.15000000000003 ms
240,176.25 ms
240,182.64999999999998 ms
240,186.14999999999998 ms
240,188.75 ms
240,213.55 ms
240,217.05 ms
240,229.5 ms
240,233.2 ms
240,247.39999999999998 ms
240,250.95 ms
240,252.8 ms
240,291.7 ms
240,293.95 ms
240,306.8999999999999 ms
240,308.84999999999997 ms
240,314.24999999999994 ms
240,322.55 ms
240,340.15000000000003 ms
240,353.00000000000006 ms
240,361.99999999999994 ms
240,365.34999999999997 ms
240,371.05 ms
240,406.65000000000003 ms
240,415.25000000000006 ms
240,419.0500000000001 ms
240,425.9500000000001 ms
240,468.8500000000001 ms
240,477.90000000000003 ms
240,478.65000000000003 ms
240,492.9500000000001 ms
240,508.45 ms
240,509.8 ms
240,513.6000000000001 ms
240,519.7 ms
240,524.7 ms
240,547.25 ms
240,569.4000000000001 ms
240,577.8499999999999 ms
240,578.25 ms
240,602.25 ms
240,604.6500000000001 ms
240,640.6999999999998 ms
240,652.05 ms
240,654.5 ms
240,655.25 ms
240,666.3 ms
240,679.55 ms
240,691.3 ms
240,699.5999999999999 ms
240,703.0 ms
240,724.1499999999999 ms
240,729.8 ms
240,763.6999999999998 ms
240,764.9999999999998 ms
240,773.4999999999998 ms
240,782.8499999999997 ms
240,785.9999999999998 ms
240,791.5499999999997 ms
240,802.0999999999997 ms
240,808.6999999999996 ms
240,812.6999999999996 ms
240,823.3999999999999 ms
240,824.5999999999997 ms
240,825.3499999999997 ms
240,865.7499999999998 ms
240,873.0999999999997 ms
240,888.1499999999999 ms
240,897.9499999999996 ms
240,902.3499999999997 ms
240,915.0499999999997 ms
240,918.7999999999997 ms
240,933.1999999999998 ms
240,935.0999999999997 ms
240,940.1999999999996 ms
240,956.8499999999997 ms
240,969.0499999999997 ms
240,973.2499999999998 ms
240,990.1499999999999 ms
240,990.3999999999999 ms
240,990.7999999999997 ms
240,1003.6999999999998 ms
240,1004.0999999999997 ms
240,1006.2999999999997 ms
240,1014.6499999999996 ms
240,1037.5 ms
240,1057.5 ms
240,1062.5499999999997 ms
240,1087.35 ms
240,1087.6499999999996 ms
240,1095.7999999999997 ms
240,1097.3999999999996 ms
240,1101.5499999999997 ms
240,1106.85 ms
240,1126.1 ms
240,1126.9999999999995 ms
240,1130.1 ms
240,1171.9499999999994 ms
240,1174.2499999999995 ms
240,1208.2499999999995 ms
240,1215.7999999999997 ms
240,1226.0999999999995 ms
240,1226.5499999999993 ms
240,1243.6999999999998 ms
240,1265.4499999999998 ms
240,1266.3499999999995 ms
240,1275.3499999999995 ms
240,1283.3999999999996 ms
240,1297.2999999999997 ms
240,1313.7499999999995 ms
240,1320.2999999999997 ms
240,1344.4499999999998 ms
240,1363.2999999999997 ms
240,1365.7999999999997 ms
240,1379.4499999999998 ms
240,1386.5 ms
240,1394.75 ms
240,1454.4499999999998 ms
240,1454.6499999999996 ms
240,1465.4499999999998 ms
240,1470.5 ms
240,1477.1999999999998 ms
240,1478.6 ms
240,1513.65 ms
240,1534.4999999999995 ms
240,1574.15 ms
240,1574.7999999999997 ms
240,1578.7999999999997 ms
240,1589.7000000000003 ms
240,1591.25 ms
240,1598.1999999999998 ms
240,1618.5 ms
240,1654.1999999999998 ms
240,1672.6999999999998 ms
240,1680.15 ms
240,1682.4 ms
240,1701.75 ms
240,1713.35 ms
240,1715.0499999999997 ms
240,1717.7000000000003 ms
240,1719.7999999999997 ms
240,1732.9 ms
240,1738.15 ms
240,1754.65 ms
240,1757.0499999999997 ms
240,1778.75 ms
240,1801.0 ms
240,1819.25 ms
240,1834.3000000000002 ms
240,1845.9499999999998 ms
240,1847.5 ms
240,1855.25 ms
240,1862.85 ms
240,1883.0 ms
240,1883.6999999999998 ms
240,1885.75 ms
240,1900.1 ms
240,1912.75 ms
240,1919.85 ms
240,1933.5499999999997 ms
240,1957.2000000000003 ms
240,1973.0 ms
240,1984.15 ms
240,1987.9500000000003 ms
240,2032.4500000000003 ms
240,2065.1 ms
240,2075.1 ms
240,2104.2999999999997 ms
240,2104.649999999999 ms
240,2142.5499999999997 ms
240,2157.9500000000003 ms
240,2172.5000000000005 ms
240,2173.8000000000006 ms
240,2177.350000000001 ms
240,2181.400000000001 ms
240,2204.950000000001 ms
240,2221.350000000001 ms
240,2225.8000000000006 ms
240,2240.950000000001 ms
240,2273.850000000001 ms
240,2283.2000000000003 ms
240,2316.2500000000005 ms
240,2321.9500000000003 ms
240,2338.950000000001 ms
240,2353.150000000001 ms
240,2355.4 ms
240,2417.5500000000006 ms
240,2421.9 ms
240,2428.0500000000006 ms
240,2432.4 ms
240,2436.7000000000003 ms
240,2453.100000000001 ms
240,2455.7000000000003 ms
240,2475.7500000000005 ms
240,2512.9500000000003 ms
240,2524.9 ms
240,2527.1 ms
240,2534.0000000000005 ms
240,2535.150000000001 ms
240,2535.700000000001 ms
240,2571.900000000001 ms
240,2593.950000000001 ms
240,2604.4500000000003 ms
240,2620.2500000000005 ms
240,2675.150000000001 ms
240,2699.5000000000005 ms
240,2709.0000000000014 ms
240,2739.7500000000005 ms
240,2751.7500000000014 ms
240,2781.850000000001 ms
240,2788.3000000000006 ms
240,2800.100000000001 ms
240,2806.650000000001 ms
240,2807.950000000001 ms
240,2816.0000000000014 ms
240,2823.450000000001 ms
240,2824.700000000001 ms
240,2827.0500000000006 ms
240,2832.100000000001 ms
240,2833.150000000001 ms
240,2855.950000000001 ms
240,2883.3500000000017 ms
240,2910.2500000000023 ms
240,2912.8500000000017 ms
240,2914.200000000001 ms
240,2922.650000000001 ms
240,2925.200000000001 ms
240,2932.8500000000017 ms
240,2959.700000000001 ms
240,2974.5000000000014 ms
240,2981.1000000000017 ms
240,2982.3000000000015 ms
240,3010.650000000001 ms
240,3028.900000000002 ms
240,3040.400000000001 ms
240,3057.0500000000015 ms
240,3057.3000000000015 ms
240,3067.200000000002 ms
240,3068.8000000000015 ms
240,3071.1000000000017 ms
240,3073.8000000000015 ms
240,3081.150000000001 ms
240,3084.700000000001 ms
240,3085.0500000000015 ms
240,3092.950000000002 ms
240,3096.6000000000017 ms
240,3142.200000000001 ms
240,3142.450000000002 ms
240,3149.3500000000017 ms
240,3161.7500000000023 ms
240,3172.1000000000017 ms
240,3182.5500000000015 ms
240,3188.8500000000017 ms
240,3190.2500000000023 ms
240,3204.8000000000025 ms
240,3210.200000000002 ms
240,3218.650000000002 ms
240,3242.1000000000017 ms
240,3245.3000000000015 ms
240,3261.900000000001 ms
240,3266.450000000001 ms
240,3281.450000000002 ms
240,3286.2500000000023 ms
240,3288.450000000002 ms
240,3294.200000000001 ms
240,3313.6000000000017 ms
240,3314.7500000000023 ms
240,3318.200000000002 ms
240,3334.650000000002 ms
240,3338.150000000001 ms
240,3340.3000000000015 ms
240,3353.650000000001 ms
240,3354.7500000000014 ms
240,3359.8000000000015 ms
240,3366.7500000000014 ms
240,3403.600000000001 ms
240,3415.900000000001 ms
240,3421.950000000001 ms
240,3430.950000000002 ms
240,3431.450000000001 ms
240,3451.950000000002 ms
240,3473.0500000000015 ms
240,3479.5500000000015 ms
240,3484.3500000000017 ms
240,3493.2500000000023 ms
240,3496.6000000000017 ms
240,3501.2500000000023 ms
240,3509.400000000002 ms
240,3542.0500000000025 ms
240,3547.3500000000026 ms
240,3556.400000000003 ms
240,3563.6000000000026 ms
240,3578.6000000000017 ms
240,3583.5500000000015 ms
240,3587.7500000000014 ms
240,3616.650000000002 ms
240,3659.450000000002 ms
240,3663.950000000002 ms
240,3664.3000000000015 ms
240,3687.7500000000014 ms
240,3721.6000000000017 ms
240,3730.950000000001 ms
240,3744.0000000000014 ms
240,3745.900000000002 ms
240,3750.1000000000017 ms
240,3756.1000000000017 ms
240,3775.450000000001 ms
240,3793.2500000000014 ms
240,3801.8500000000017 ms
240,3830.200000000001 ms
240,3838.3000000000015 ms
240,3852.3000000000015 ms
240,3857.200000000002 ms
240,3857.6000000000017 ms
240,3859.0500000000015 ms
240,3862.450000000002 ms
240,3873.650000000002 ms
240,3901.450000000002 ms
240,3907.950000000001 ms
240,3923.900000000001 ms
240,3932.450000000001 ms
240,3940.3500000000017 ms
240,3942.3500000000017 ms
240,3946.150000000002 ms
240,3978.400000000002 ms
240,3993.700000000002 ms
240,3996.700000000002 ms
241,5.800000000000001 ms
241,36.650000000000006 ms
241,37.5 ms
241,55.55000000000001 ms
241,65.70000000000002 ms
241,83.60000000000002 ms
241,83.85000000000002 ms
241,86.55000000000001 ms
241,115.55000000000001 ms
241,125.60000000000002 ms
241,147.40000000000003 ms
241,192.50000000000006 ms
241,208.00000000000006 ms
241,223.00000000000006 ms
241,240.55 ms
241,263.1 ms
241,283.70000000000005 ms
241,284.35 ms
241,297.30000000000007 ms
241,302.65 ms
241,313.15 ms
241,321.1 ms
241,327.80000000000007 ms
241,374.6 ms
241,378.05000000000007 ms
241,379.05000000000007 ms
241,405.9 ms
241,416.9 ms
241,427.6 ms
241,441.75 ms
241,441.95000000000005 ms
241,443.65 ms
241,456.04999999999995 ms
241,487.04999999999995 ms
241,489.5 ms
241,501.94999999999993 ms
241,531.4499999999999 ms
241,532.15 ms
241,557.0499999999998 ms
241,561.0999999999998 ms
241,581.6 ms
241,595.1999999999999 ms
241,599.7499999999999 ms
241,603.85 ms
241,605.9 ms
241,617.35 ms
241,638.65 ms
241,649.6 ms
241,659.0999999999998 ms
241,663.3999999999997 ms
241,671.2999999999998 ms
241,671.9999999999999 ms
241,680.6 ms
241,751.15 ms
241,751.4499999999999 ms
241,785.9499999999997 ms
241,789.7499999999997 ms
241,811.8499999999998 ms
241,821.3999999999997 ms
241,822.5999999999998 ms
241,824.7499999999997 ms
241,828.5499999999996 ms
241,834.9999999999997 ms
241,843.7999999999996 ms
241,844.0499999999998 ms
241,846.2999999999996 ms
241,856.3999999999997 ms
241,871.7499999999999 ms
241,873.9499999999999 ms
241,878.6999999999997 ms
241,879.3999999999997 ms
241,892.0999999999998 ms
241,893.1499999999997 ms
241,926.9 ms
241,932.7499999999999 ms
241,945.8999999999997 ms
241,947.9 ms
241,950.9499999999999 ms
241,956.4999999999999 ms
241,965.8499999999998 ms
241,971.3999999999997 ms
241,974.0999999999998 ms
241,986.6999999999999 ms
241,1013.9999999999999 ms
241,1016.7499999999997 ms
241,1026.25 ms
241,1038.8999999999996 ms
241,1060.0500000000002 ms
241,1091.9499999999998 ms
241,1106.5500000000002 ms
241,1112.75 ms
241,1127.1 ms
241,1127.2999999999997 ms
241,1139.75 ms
241,1144.1 ms
241,1150.7999999999997 ms
241,1163.75 ms
241,1174.35 ms
241,1183.0499999999997 ms
241,1183.6 ms
241,1244.25 ms
241,1262.0 ms
241,1262.85 ms
241,1272.5499999999997 ms
241,1278.65 ms
241,1305.7999999999997 ms
241,1317.5 ms
241,1318.5 ms
241,1329.5 ms
241,1354.1999999999998 ms
241,1361.75 ms
241,1377.1999999999998 ms
241,1377.9499999999998 ms
241,1381.9 ms
241,1407.1 ms
241,1412.3000000000002 ms
241,1445.3500000000004 ms
241,1445.4499999999998 ms
241,1463.0 ms
241,1468.6 ms
241,1471.75 ms
241,1472.6 ms
241,1476.0 ms
241,1513.15 ms
241,1513.8000000000002 ms
241,1530.5 ms
241,1530.6500000000005 ms
241,1532.8000000000002 ms
241,1548.4000000000005 ms
241,1555.4000000000005 ms
241,1590.75 ms
241,1599.9500000000003 ms
241,1611.0500000000002 ms
241,1623.15 ms
241,1639.85 ms
241,1643.85 ms
241,1674.5000000000005 ms
241,1695.85 ms
241,1697.1 ms
241,1740.2500000000005 ms
241,1746.9500000000003 ms
241,1749.2000000000003 ms
241,1804.2500000000005 ms
241,1853.15 ms
241,1855.3000000000006 ms
241,1855.5500000000006 ms
241,1858.3000000000006 ms
241,1873.5500000000006 ms
241,1884.9500000000003 ms
241,1889.2500000000005 ms
241,1891.1500000000005 ms
241,1911.6000000000004 ms
241,1919.9000000000005 ms
241,1934.9500000000007 ms
241,1940.2000000000007 ms
241,1947.1000000000004 ms
241,1947.9500000000007 ms
241,1956.4000000000005 ms
241,1962.0000000000005 ms
241,1965.9500000000003 ms
241,1980.0500000000006 ms
241,2029.4 ms
241,2030.6000000000004 ms
241,2033.4000000000005 ms
241,2072.500000000001 ms
241,2072.7 ms
241,2083.9000000000005 ms
241,2084.0999999999995 ms
241,2091.4000000000005 ms
241,2093.7 ms
241,2118.250000000001 ms
241,2119.7 ms
241,2154.8500000000004 ms
241,2161.3500000000004 ms
241,2163.1500000000005 ms
241,2175.500000000001 ms
241,2184.3 ms
241,2185.55 ms
241,2187.4000000000005 ms
241,2193.7000000000007 ms
241,2200.2000000000007 ms
241,2204.000000000001 ms
241,2218.300000000001 ms
241,2244.7000000000007 ms
241,2256.7000000000007 ms
241,2261.000000000002 ms
241,2262.500000000002 ms
241,2272.300000000001 ms
241,2284.9500000000016 ms
241,2291.1000000000013 ms
241,2293.4000000000024 ms
241,2295.750000000002 ms
241,2299.4000000000015 ms
241,2314.2000000000025 ms
241,2332.4500000000025 ms
241,2351.000000000002 ms
241,2356.250000000002 ms
241,2358.050000000003 ms
241,2360.750000000002 ms
241,2385.7000000000025 ms
241,2385.9000000000015 ms
241,2391.9500000000025 ms
241,2419.550000000002 ms
241,2432.9000000000024 ms
241,2442.500000000002 ms
241,2442.9000000000015 ms
241,2456.800000000002 ms
241,2458.1500000000024 ms
241,2459.9000000000024 ms
241,2460.1500000000024 ms
241,2489.500000000002 ms
241,2490.6500000000015 ms
241,2493.850000000002 ms
241,2504.7000000000016 ms
241,2512.4000000000015 ms
241,2519.3500000000013 ms
241,2522.800000000001 ms
241,2529.9000000000015 ms
241,2549.050000000001 ms
241,2552.800000000001 ms
241,2556.000000000001 ms
241,2569.4500000000007 ms
241,2592.7000000000007 ms
241,2612.8500000000004 ms
241,2616.7000000000007 ms
241,2623.2000000000007 ms
241,2644.250000000001 ms
241,2655.250000000001 ms
241,2659.300000000001 ms
241,2692.250000000001 ms
241,2733.3500000000013 ms
241,2748.8 ms
241,2772.6000000000013 ms
241,2774.8500000000013 ms
241,2778.3500000000013 ms
241,2789.6500000000005 ms
241,2799.6500000000005 ms
241,2805.9000000000005 ms
241,2807.300000000001 ms
241,2819.8500000000013 ms
241,2824.7000000000016 ms
241,2826.1500000000005 ms
241,2833.7000000000016 ms
241,2846.500000000001 ms
241,2862.000000000001 ms
241,2872.4500000000016 ms
241,2873.4500000000016 ms
241,2888.9000000000005 ms
241,2906.500000000001 ms
241,2914.9500000000007 ms
241,2915.8500000000004 ms
241,2916.250000000001 ms
241,2926.7000000000007 ms
241,2931.550000000001 ms
241,2937.4500000000007 ms
241,2944.9000000000005 ms
241,2976.9500000000007 ms
241,3004.2000000000007 ms
241,3008.050000000001 ms
241,3011.4500000000007 ms
241,3014.000000000001 ms
241,3015.750000000001 ms
241,3016.1000000000013 ms
241,3029.3 ms
241,3036.8 ms
241,3058.3500000000013 ms
241,3064.1500000000005 ms
241,3093.250000000001 ms
241,3101.050000000001 ms
241,3108.550000000001 ms
241,3109.050000000001 ms
241,3126.750000000001 ms
241,3134.050000000001 ms
241,3165.550000000001 ms
241,3174.4000000000015 ms
241,3187.000000000001 ms
241,3206.250000000001 ms
241,3212.800000000001 ms
241,3217.300000000001 ms
241,3218.250000000001 ms
241,3222.800000000001 ms
241,3227.4500000000007 ms
241,3239.1000000000013 ms
241,3248.4000000000015 ms
241,3261.050000000001 ms
241,3269.500000000002 ms
241,3273.000000000002 ms
241,3277.7000000000007 ms
241,3289.4500000000007 ms
241,3290.1500000000015 ms
241,3298.4000000000015 ms
241,3313.500000000001 ms
241,3324.1000000000013 ms
241,3333.1500000000005 ms
241,3339.1000000000013 ms
241,3341.3500000000013 ms
241,3341.750000000001 ms
241,3356.250000000001 ms
241,3359.8500000000013 ms
241,3381.3 ms
241,3383.05 ms
241,3384.3 ms
241,3385.55 ms
241,3402.1500000000005 ms
241,3416.3500000000004 ms
241,3431.7000000000007 ms
241,3433.7000000000007 ms
241,3441.25 ms
241,3444.0 ms
241,3449.800000000001 ms
241,3451.9000000000005 ms
241,3466.6500000000005 ms
241,3468.000000000001 ms
241,3468.8 ms
241,3475.3500000000013 ms
241,3478.750000000001 ms
241,3488.800000000001 ms
241,3493.050000000001 ms
241,3496.300000000001 ms
241,3504.7000000000007 ms
241,3536.8500000000013 ms
241,3565.4500000000016 ms
241,3592.4500000000016 ms
241,3599.1500000000005 ms
241,3607.4000000000005 ms
241,3619.1500000000005 ms
241,3642.7000000000016 ms
241,3643.4000000000005 ms
241,3643.750000000001 ms
241,3656.250000000001 ms
241,3658.4000000000005 ms
241,3661.800000000001 ms
241,3682.000000000001 ms
241,3702.550000000001 ms
241,3721.3500000000013 ms
241,3721.8500000000013 ms
241,3725.750000000001 ms
241,3735.9000000000015 ms
241,3737.7000000000016 ms
241,3750.4000000000015 ms
241,3781.550000000001 ms
241,3815.350000000002 ms
241,3816.600000000002 ms
241,3822.1500000000015 ms
241,3835.600000000002 ms
241,3842.2000000000016 ms
241,3845.6500000000015 ms
241,3868.050000000001 ms
241,3876.1500000000015 ms
241,3891.500000000002 ms
241,3894.2000000000007 ms
241,3899.3500000000013 ms
241,3908.9500000000016 ms
241,3909.050000000001 ms
241,3935.8500000000013 ms
241,3942.7000000000016 ms
241,3945.9000000000005 ms
241,3956.8500000000013 ms
241,3964.250000000001 ms
241,3965.550000000001 ms
241,3968.4000000000015 ms
241,3977.2000000000007 ms
241,3982.4500000000007 ms
242,3.6500000000000004 ms
242,8.4 ms
242,33.300000000000004 ms
242,38.90000000000001 ms
242,44.100000000000016 ms
242,49.05000000000002 ms
242,50.95000000000001 ms
242,61.55000000000002 ms
242,82.05000000000001 ms
242,85.70000000000002 ms
242,89.65 ms
242,112.55000000000004 ms
242,113.9 ms
242,115.10000000000002 ms
242,123.75000000000003 ms
242,144.80000000000004 ms
242,170.50000000000003 ms
242,172.20000000000002 ms
242,220.60000000000005 ms
242,222.60000000000005 ms
242,243.05000000000004 ms
242,246.5500000000001 ms
242,279.5000000000001 ms
242,280.70000000000005 ms
242,301.85 ms
242,310.6 ms
242,325.35 ms
242,329.85 ms
242,337.55000000000007 ms
242,340.85 ms
242,384.6 ms
242,388.30000000000007 ms
242,409.65 ms
242,428.95000000000005 ms
242,440.1 ms
242,453.75 ms
242,455.45000000000005 ms
242,459.4 ms
242,467.15 ms
242,471.1 ms
242,475.69999999999993 ms
242,476.4 ms
242,508.79999999999995 ms
242,513.0 ms
242,546.45 ms
242,550.25 ms
242,558.0999999999999 ms
242,583.8499999999999 ms
242,622.3000000000002 ms
242,637.8499999999999 ms
242,639.95 ms
242,648.6500000000001 ms
242,657.1500000000001 ms
242,660.8500000000001 ms
242,676.9000000000001 ms
242,705.3000000000002 ms
242,760.1500000000001 ms
242,771.6000000000001 ms
242,773.5500000000002 ms
242,797.8500000000001 ms
242,811.6500000000001 ms
242,825.25 ms
242,827.25 ms
242,839.25 ms
242,858.4500000000003 ms
242,869.8500000000001 ms
242,870.0500000000002 ms
242,874.3500000000001 ms
242,879.1500000000001 ms
242,889.2 ms
242,895.2 ms
242,908.3 ms
242,908.7 ms
242,910.1500000000001 ms
242,912.8500000000001 ms
242,924.1000000000001 ms
242,926.7500000000002 ms
242,951.9000000000001 ms
242,953.6000000000001 ms
242,979.8000000000002 ms
242,999.4000000000001 ms
242,1001.4000000000001 ms
242,1033.4 ms
242,1038.4 ms
242,1066.0500000000002 ms
242,1072.15 ms
242,1081.85 ms
242,1085.7000000000003 ms
242,1098.25 ms
242,1101.4499999999998 ms
242,1111.9499999999998 ms
242,1132.9499999999998 ms
242,1135.6999999999998 ms
242,1153.0500000000002 ms
242,1153.6 ms
242,1161.2999999999997 ms
242,1162.25 ms
242,1199.9 ms
242,1207.0500000000002 ms
242,1215.4500000000003 ms
242,1215.7500000000005 ms
242,1218.5500000000002 ms
242,1220.4500000000003 ms
242,1251.5000000000005 ms
242,1273.35 ms
242,1274.2500000000005 ms
242,1303.1 ms
242,1327.7500000000005 ms
242,1354.2500000000005 ms
242,1355.65 ms
242,1361.65 ms
242,1361.7500000000005 ms
242,1371.8000000000002 ms
242,1397.0500000000002 ms
242,1426.9500000000003 ms
242,1439.1000000000004 ms
242,1470.4000000000005 ms
242,1495.9500000000003 ms
242,1496.9500000000003 ms
242,1504.3000000000002 ms
242,1505.3000000000002 ms
242,1515.3000000000002 ms
242,1559.2000000000003 ms
242,1573.5500000000002 ms
242,1574.8500000000004 ms
242,1576.0500000000002 ms
242,1628.1000000000004 ms
242,1628.8000000000002 ms
242,1635.3000000000002 ms
242,1635.7000000000003 ms
242,1659.5000000000005 ms
242,1661.7000000000003 ms
242,1677.5000000000005 ms
242,1743.9500000000003 ms
242,1744.4 ms
242,1753.0000000000005 ms
242,1756.7000000000003 ms
242,1776.6000000000004 ms
242,1777.1000000000004 ms
242,1797.2500000000005 ms
242,1823.3500000000004 ms
242,1826.3500000000004 ms
242,1830.1000000000004 ms
242,1834.5500000000002 ms
242,1835.1000000000004 ms
242,1850.5500000000002 ms
242,1856.0000000000005 ms
242,1857.9000000000005 ms
242,1865.5500000000006 ms
242,1868.8500000000008 ms
242,1888.3000000000006 ms
242,1900.4500000000007 ms
242,1902.6000000000008 ms
242,1917.250000000001 ms
242,1929.2000000000007 ms
242,1936.800000000001 ms
242,1937.1000000000008 ms
242,1944.650000000001 ms
242,1945.8500000000008 ms
242,1968.8500000000008 ms
242,1981.6000000000008 ms
242,1989.150000000001 ms
242,1996.9500000000007 ms
242,2002.3000000000006 ms
242,2008.6000000000008 ms
242,2011.5000000000005 ms
242,2013.7000000000007 ms
242,2019.0500000000006 ms
242,2019.7500000000005 ms
242,2032.150000000001 ms
242,2055.500000000001 ms
242,2064.2000000000007 ms
242,2074.750000000001 ms
242,2080.300000000001 ms
242,2080.8500000000013 ms
242,2091.2000000000016 ms
242,2104.800000000001 ms
242,2107.6000000000013 ms
242,2109.500000000001 ms
242,2132.1000000000013 ms
242,2146.8500000000013 ms
242,2147.050000000001 ms
242,2159.9500000000007 ms
242,2171.550000000001 ms
242,2180.1500000000015 ms
242,2209.2000000000007 ms
242,2240.8500000000013 ms
242,2258.4500000000016 ms
242,2269.6000000000013 ms
242,2277.1000000000013 ms
242,2302.6500000000015 ms
242,2304.4500000000016 ms
242,2316.550000000002 ms
242,2341.9000000000015 ms
242,2361.800000000001 ms
242,2383.2000000000016 ms
242,2389.800000000002 ms
242,2416.8500000000013 ms
242,2421.4000000000024 ms
242,2424.9000000000024 ms
242,2443.4500000000016 ms
242,2484.4500000000016 ms
242,2487.7000000000016 ms
242,2489.7000000000016 ms
242,2501.4000000000024 ms
242,2501.9500000000016 ms
242,2513.0000000000027 ms
242,2527.7500000000027 ms
242,2549.350000000002 ms
242,2557.300000000002 ms
242,2565.2000000000016 ms
242,2568.9500000000016 ms
242,2611.350000000002 ms
242,2615.000000000002 ms
242,2620.2000000000025 ms
242,2621.850000000002 ms
242,2663.000000000002 ms
242,2665.2000000000025 ms
242,2672.500000000002 ms
242,2672.600000000002 ms
242,2675.7000000000025 ms
242,2677.800000000002 ms
242,2678.100000000002 ms
242,2721.850000000002 ms
242,2740.2000000000025 ms
242,2771.2000000000025 ms
242,2789.1500000000015 ms
242,2792.550000000002 ms
242,2812.000000000002 ms
242,2830.500000000002 ms
242,2856.1500000000015 ms
242,2860.750000000002 ms
242,2863.4500000000016 ms
242,2868.7000000000016 ms
242,2871.7000000000016 ms
242,2875.9500000000016 ms
242,2881.250000000002 ms
242,2884.850000000002 ms
242,2891.4500000000016 ms
242,2946.4000000000015 ms
242,2956.9500000000016 ms
242,2957.1000000000013 ms
242,2990.1000000000013 ms
242,2995.3500000000013 ms
242,3010.7000000000016 ms
242,3014.550000000002 ms
242,3027.8500000000013 ms
242,3034.500000000002 ms
242,3055.100000000002 ms
242,3060.2000000000016 ms
242,3072.250000000002 ms
242,3073.2000000000016 ms
242,3075.2000000000016 ms
242,3079.6000000000013 ms
242,3084.1500000000024 ms
242,3090.550000000002 ms
242,3099.9000000000024 ms
242,3127.8500000000013 ms
242,3134.550000000002 ms
242,3135.6500000000015 ms
242,3161.1500000000015 ms
242,3168.1000000000013 ms
242,3208.2000000000016 ms
242,3212.9000000000005 ms
242,3227.8500000000013 ms
242,3228.3500000000013 ms
242,3230.4500000000007 ms
242,3246.1500000000005 ms
242,3251.05 ms
242,3263.1000000000013 ms
242,3282.9500000000007 ms
242,3310.4500000000007 ms
242,3317.2000000000007 ms
242,3317.500000000001 ms
242,3323.2000000000007 ms
242,3323.6000000000004 ms
242,3326.550000000001 ms
242,3327.9500000000007 ms
242,3335.300000000001 ms
242,3349.3500000000004 ms
242,3356.9500000000007 ms
242,3365.4500000000007 ms
242,3371.7000000000007 ms
242,3380.2000000000007 ms
242,3386.7000000000007 ms
242,3400.4000000000005 ms
242,3403.4000000000005 ms
242,3411.4000000000005 ms
242,3418.05 ms
242,3424.250000000001 ms
242,3430.4000000000005 ms
242,3435.6500000000005 ms
242,3475.8500000000004 ms
242,3491.3 ms
242,3498.95 ms
242,3514.6500000000005 ms
242,3518.45 ms
242,3547.500000000001 ms
242,3549.750000000001 ms
242,3562.8 ms
242,3578.250000000001 ms
242,3592.1500000000005 ms
242,3598.1500000000005 ms
242,3600.9500000000007 ms
242,3601.3500000000004 ms
242,3613.250000000001 ms
242,3616.1500000000005 ms
242,3626.050000000001 ms
242,3626.550000000001 ms
242,3639.000000000001 ms
242,3654.050000000001 ms
242,3654.2000000000007 ms
242,3654.9500000000007 ms
242,3683.2000000000007 ms
242,3691.3500000000013 ms
242,3696.050000000001 ms
242,3700.500000000001 ms
242,3702.300000000001 ms
242,3713.6000000000013 ms
242,3728.500000000001 ms
242,3765.250000000001 ms
242,3766.3500000000013 ms
242,3778.750000000001 ms
242,3784.250000000001 ms
242,3785.550000000002 ms
242,3800.800000000002 ms
242,3824.6000000000013 ms
242,3825.050000000002 ms
242,3839.750000000001 ms
242,3883.6000000000013 ms
242,3891.2000000000016 ms
242,3906.3500000000013 ms
242,3908.750000000001 ms
242,3928.9500000000016 ms
242,3951.6500000000005 ms
242,3955.050000000001 ms
242,3956.9500000000007 ms
242,3973.1500000000015 ms
242,3980.8500000000004 ms
242,3987.800000000001 ms
242,3999.7000000000007 ms
243,11.5 ms
243,25.35 ms
243,36.900000000000006 ms
243,42.45 ms
243,58.85000000000001 ms
243,67.85000000000001 ms
243,70.95 ms
243,116.2 ms
243,125.10000000000001 ms
243,139.10000000000002 ms
243,140.15000000000003 ms
243,143.85000000000002 ms
243,158.60000000000002 ms
243,158.75 ms
243,170.15000000000003 ms
243,207.00000000000006 ms
243,213.65000000000003 ms
243,228.35000000000002 ms
243,234.85000000000002 ms
243,238.5 ms
243,261.5 ms
243,262.4 ms
243,266.69999999999993 ms
243,279.19999999999993 ms
243,281.80000000000007 ms
243,295.6 ms
243,297.30000000000007 ms
243,314.75 ms
243,323.45000000000005 ms
243,339.0 ms
243,343.5 ms
243,344.1 ms
243,359.05000000000007 ms
243,362.75 ms
243,392.15 ms
243,396.35 ms
243,418.2499999999999 ms
243,428.7499999999999 ms
243,433.85 ms
243,445.2499999999999 ms
243,453.79999999999995 ms
243,454.8499999999999 ms
243,455.20000000000005 ms
243,457.20000000000005 ms
243,458.29999999999995 ms
243,491.0 ms
243,529.0 ms
243,543.95 ms
243,547.95 ms
243,548.6000000000001 ms
243,550.8500000000001 ms
243,564.5 ms
243,566.5999999999999 ms
243,591.9000000000001 ms
243,637.9499999999998 ms
243,646.5999999999999 ms
243,658.1499999999999 ms
243,664.05 ms
243,670.4499999999998 ms
243,671.8499999999999 ms
243,686.2499999999998 ms
243,708.7499999999998 ms
243,732.2999999999997 ms
243,762.8499999999997 ms
243,764.5999999999997 ms
243,802.8999999999996 ms
243,807.4999999999995 ms
243,813.4499999999998 ms
243,818.3999999999996 ms
243,859.2999999999997 ms
243,867.5999999999997 ms
243,869.5499999999997 ms
243,873.1999999999998 ms
243,913.8499999999997 ms
243,942.7999999999997 ms
243,952.8999999999996 ms
243,953.0999999999999 ms
243,958.1499999999996 ms
243,982.7499999999998 ms
243,1000.4499999999998 ms
243,1032.4499999999998 ms
243,1069.85 ms
243,1077.6999999999998 ms
243,1078.7999999999997 ms
243,1082.85 ms
243,1085.35 ms
243,1088.6499999999996 ms
243,1099.1999999999998 ms
243,1176.4499999999998 ms
243,1176.5999999999995 ms
243,1181.2999999999997 ms
243,1181.7499999999995 ms
243,1187.0499999999997 ms
243,1190.7999999999997 ms
243,1192.6 ms
243,1255.8999999999996 ms
243,1260.8499999999995 ms
243,1273.2999999999997 ms
243,1281.1499999999996 ms
243,1283.9499999999998 ms
243,1290.2499999999995 ms
243,1295.2499999999995 ms
243,1315.3999999999996 ms
243,1345.6999999999998 ms
243,1347.3499999999995 ms
243,1347.5999999999995 ms
243,1365.6499999999996 ms
243,1372.3499999999995 ms
243,1384.0499999999997 ms
243,1406.6 ms
243,1441.85 ms
243,1442.1999999999994 ms
243,1455.7999999999997 ms
243,1456.8499999999995 ms
243,1457.4499999999994 ms
243,1465.7499999999995 ms
243,1483.6499999999992 ms
243,1486.0499999999997 ms
243,1490.1499999999992 ms
243,1490.4999999999995 ms
243,1492.8999999999992 ms
243,1497.5999999999995 ms
243,1509.2499999999995 ms
243,1513.7499999999995 ms
243,1517.8499999999995 ms
243,1522.2999999999993 ms
243,1531.2499999999995 ms
243,1539.3499999999995 ms
243,1571.2499999999995 ms
243,1572.8999999999996 ms
243,1591.4499999999998 ms
243,1595.9499999999998 ms
243,1603.5499999999993 ms
243,1604.2499999999995 ms
243,1620.8999999999996 ms
243,1621.8499999999995 ms
243,1628.1999999999998 ms
243,1631.7499999999995 ms
243,1639.4999999999995 ms
243,1645.9499999999994 ms
243,1651.7999999999997 ms
243,1654.2499999999995 ms
243,1660.4999999999995 ms
243,1664.9999999999995 ms
243,1672.7499999999995 ms
243,1676.9999999999995 ms
243,1677.6499999999996 ms
243,1679.4999999999995 ms
243,1691.7499999999995 ms
243,1698.9999999999995 ms
243,1702.2999999999997 ms
243,1720.9999999999995 ms
243,1722.6499999999996 ms
243,1739.0999999999995 ms
243,1761.6499999999996 ms
243,1774.2499999999995 ms
243,1790.2999999999997 ms
243,1794.2999999999997 ms
243,1808.8999999999992 ms
243,1834.8999999999992 ms
243,1840.1499999999992 ms
243,1847.7999999999997 ms
243,1853.0999999999995 ms
243,1862.1999999999994 ms
243,1906.5499999999993 ms
243,1910.4499999999994 ms
243,1916.6499999999992 ms
243,1925.9999999999995 ms
243,1933.3999999999992 ms
243,1950.5999999999995 ms
243,1951.8999999999996 ms
243,1969.1999999999994 ms
243,1973.9999999999995 ms
243,1976.599999999999 ms
243,1985.9499999999994 ms
243,2041.8999999999992 ms
243,2073.849999999999 ms
243,2085.649999999999 ms
243,2100.7499999999986 ms
243,2107.399999999999 ms
243,2107.9499999999994 ms
243,2112.1 ms
243,2157.7499999999995 ms
243,2161.6999999999994 ms
243,2163.299999999999 ms
243,2168.649999999999 ms
243,2170.1999999999994 ms
243,2187.7499999999995 ms
243,2226.7999999999997 ms
243,2251.7499999999995 ms
243,2251.9499999999994 ms
243,2260.549999999999 ms
243,2265.9999999999986 ms
243,2276.099999999999 ms
243,2284.649999999999 ms
243,2302.6999999999994 ms
243,2331.1 ms
243,2339.9499999999994 ms
243,2354.1 ms
243,2405.4999999999995 ms
243,2406.349999999999 ms
243,2414.299999999999 ms
243,2417.4999999999986 ms
243,2425.4999999999995 ms
243,2441.099999999999 ms
243,2450.149999999999 ms
243,2456.2499999999986 ms
243,2460.099999999999 ms
243,2461.049999999999 ms
243,2468.8999999999983 ms
243,2473.2499999999986 ms
243,2482.049999999999 ms
243,2489.9499999999994 ms
243,2507.299999999999 ms
243,2508.799999999999 ms
243,2529.1999999999994 ms
243,2534.549999999999 ms
243,2546.599999999999 ms
243,2555.399999999999 ms
243,2559.7999999999997 ms
243,2560.549999999999 ms
243,2578.6999999999994 ms
243,2590.399999999999 ms
243,2614.2499999999986 ms
243,2644.4999999999995 ms
243,2649.2499999999986 ms
243,2706.149999999999 ms
243,2720.9499999999994 ms
243,2744.899999999999 ms
243,2746.7499999999986 ms
243,2748.4499999999985 ms
243,2757.3999999999983 ms
243,2784.349999999998 ms
243,2793.1999999999985 ms
243,2796.6999999999985 ms
243,2813.9499999999985 ms
243,2818.1999999999985 ms
243,2827.049999999998 ms
243,2828.299999999999 ms
243,2828.599999999999 ms
243,2852.6999999999985 ms
243,2858.299999999998 ms
243,2861.6499999999983 ms
243,2891.099999999998 ms
243,2895.599999999998 ms
243,2910.7499999999986 ms
243,2912.6499999999983 ms
243,2916.1499999999983 ms
243,2933.1499999999983 ms
243,2941.849999999998 ms
243,2942.6999999999975 ms
243,2951.3999999999974 ms
243,2953.299999999998 ms
243,2969.3999999999974 ms
243,2995.1999999999975 ms
243,3003.4499999999985 ms
243,3025.4999999999986 ms
243,3047.049999999999 ms
243,3049.3999999999983 ms
243,3055.2499999999977 ms
243,3060.4999999999986 ms
243,3062.2499999999977 ms
243,3074.8999999999983 ms
243,3083.4999999999977 ms
243,3085.6499999999983 ms
243,3087.049999999999 ms
243,3089.099999999999 ms
243,3102.149999999999 ms
243,3118.6999999999994 ms
243,3120.899999999999 ms
243,3137.1999999999994 ms
243,3196.149999999999 ms
243,3211.4499999999994 ms
243,3215.9999999999995 ms
243,3217.599999999999 ms
243,3225.7499999999995 ms
243,3250.599999999999 ms
243,3269.2499999999995 ms
243,3288.5499999999997 ms
243,3316.9499999999994 ms
243,3321.549999999999 ms
243,3351.099999999999 ms
243,3351.2499999999995 ms
243,3367.099999999999 ms
243,3374.899999999999 ms
243,3385.599999999999 ms
243,3437.2499999999995 ms
243,3504.4499999999994 ms
243,3516.399999999999 ms
243,3517.899999999999 ms
243,3522.9999999999986 ms
243,3538.299999999999 ms
243,3559.1999999999994 ms
243,3560.35 ms
243,3562.4499999999994 ms
243,3590.1 ms
243,3596.5499999999997 ms
243,3600.6999999999994 ms
243,3602.4999999999995 ms
243,3627.599999999999 ms
243,3637.85 ms
243,3658.0499999999997 ms
243,3658.6999999999994 ms
243,3660.9499999999994 ms
243,3678.399999999999 ms
243,3710.599999999999 ms
243,3740.799999999999 ms
243,3747.8999999999983 ms
243,3778.299999999999 ms
243,3783.3999999999983 ms
243,3786.4999999999986 ms
243,3791.7499999999986 ms
243,3807.849999999998 ms
243,3818.849999999999 ms
243,3826.9499999999985 ms
243,3845.549999999998 ms
243,3869.4499999999985 ms
243,3869.849999999999 ms
243,3883.9999999999986 ms
243,3924.4499999999985 ms
243,3930.849999999999 ms
243,3950.399999999999 ms
243,3965.549999999999 ms
243,3972.4999999999986 ms
243,3978.399999999999 ms
243,3988.799999999999 ms
244,21.0 ms
244,42.150000000000006 ms
244,45.150000000000006 ms
244,53.30000000000001 ms
244,72.05000000000001 ms
244,83.65 ms
244,87.9 ms
244,100.1 ms
244,121.4 ms
244,153.99999999999997 ms
244,161.79999999999998 ms
244,169.65 ms
244,193.80000000000004 ms
244,205.60000000000005 ms
244,225.40000000000006 ms
244,232.60000000000005 ms
244,235.75000000000003 ms
244,248.05000000000004 ms
244,255.30000000000004 ms
244,268.20000000000005 ms
244,295.6500000000001 ms
244,310.25 ms
244,319.30000000000007 ms
244,338.4000000000001 ms
244,345.7500000000001 ms
244,378.05000000000007 ms
244,380.05000000000007 ms
244,404.0000000000001 ms
244,412.5000000000001 ms
244,420.2500000000001 ms
244,434.0000000000001 ms
244,438.30000000000007 ms
244,439.2500000000001 ms
244,487.60000000000014 ms
244,527.7000000000002 ms
244,531.2000000000002 ms
244,543.1500000000002 ms
244,561.5000000000003 ms
244,573.9500000000004 ms
244,597.1000000000003 ms
244,598.1000000000003 ms
244,613.7000000000004 ms
244,633.6000000000003 ms
244,635.1500000000002 ms
244,635.2500000000003 ms
244,638.2000000000004 ms
244,639.1000000000003 ms
244,674.5500000000003 ms
244,679.6500000000004 ms
244,693.1500000000002 ms
244,697.0000000000003 ms
244,698.5500000000003 ms
244,704.8000000000003 ms
244,720.2000000000002 ms
244,727.8000000000003 ms
244,748.5500000000003 ms
244,754.1000000000003 ms
244,764.4500000000004 ms
244,766.2000000000002 ms
244,772.2500000000001 ms
244,797.4000000000002 ms
244,816.9000000000002 ms
244,819.9000000000002 ms
244,820.1500000000002 ms
244,820.7500000000003 ms
244,837.2500000000001 ms
244,859.5000000000003 ms
244,862.5500000000003 ms
244,872.6000000000003 ms
244,891.1500000000002 ms
244,892.4500000000002 ms
244,906.3000000000001 ms
244,907.0500000000001 ms
244,920.0500000000001 ms
244,923.3000000000001 ms
244,951.0000000000001 ms
244,958.8500000000003 ms
244,964.5500000000003 ms
244,981.5500000000001 ms
244,1007.0500000000003 ms
244,1008.2000000000002 ms
244,1029.7000000000003 ms
244,1037.7500000000005 ms
244,1046.85 ms
244,1048.8000000000002 ms
244,1088.8500000000004 ms
244,1093.9 ms
244,1108.85 ms
244,1111.4 ms
244,1121.35 ms
244,1139.9500000000003 ms
244,1144.15 ms
244,1157.4500000000003 ms
244,1160.0499999999997 ms
244,1164.2999999999997 ms
244,1183.6 ms
244,1195.1 ms
244,1204.1999999999998 ms
244,1215.6499999999996 ms
244,1221.1 ms
244,1227.65 ms
244,1229.4499999999998 ms
244,1243.6499999999996 ms
244,1255.5500000000002 ms
244,1280.4499999999998 ms
244,1287.3000000000002 ms
244,1288.0 ms
244,1289.6999999999998 ms
244,1291.5 ms
244,1300.1 ms
244,1322.15 ms
244,1333.2999999999997 ms
244,1378.25 ms
244,1406.9 ms
244,1426.35 ms
244,1432.4500000000003 ms
244,1434.0 ms
244,1436.15 ms
244,1445.25 ms
244,1464.5500000000002 ms
244,1494.8999999999996 ms
244,1499.0500000000002 ms
244,1500.5500000000002 ms
244,1523.4499999999998 ms
244,1538.15 ms
244,1557.35 ms
244,1579.2000000000003 ms
244,1582.4500000000003 ms
244,1593.2000000000003 ms
244,1595.85 ms
244,1599.35 ms
244,1647.8000000000002 ms
244,1648.5500000000002 ms
244,1651.6000000000004 ms
244,1654.1999999999998 ms
244,1685.6000000000004 ms
244,1695.8000000000002 ms
244,1705.5500000000002 ms
244,1707.5500000000002 ms
244,1709.3500000000004 ms
244,1725.8500000000004 ms
244,1739.5500000000002 ms
244,1759.5500000000002 ms
244,1768.0 ms
244,1846.8500000000004 ms
244,1863.15 ms
244,1871.4500000000003 ms
244,1890.65 ms
244,1892.65 ms
244,1919.7000000000003 ms
244,1927.2000000000003 ms
244,1931.65 ms
244,1934.9 ms
244,1939.7000000000003 ms
244,1963.1 ms
244,1966.2500000000005 ms
244,1994.5500000000002 ms
244,2041.65 ms
244,2055.4 ms
244,2056.4999999999995 ms
244,2077.6999999999994 ms
244,2081.399999999999 ms
244,2089.5499999999997 ms
244,2090.149999999999 ms
244,2099.349999999999 ms
244,2107.149999999999 ms
244,2107.5499999999997 ms
244,2115.2499999999995 ms
244,2117.0499999999997 ms
244,2122.7000000000003 ms
244,2129.15 ms
244,2134.6 ms
244,2140.599999999999 ms
244,2170.399999999999 ms
244,2217.099999999999 ms
244,2217.299999999999 ms
244,2228.2499999999986 ms
244,2234.399999999999 ms
244,2238.6999999999994 ms
244,2241.799999999999 ms
244,2245.7499999999986 ms
244,2252.099999999999 ms
244,2267.049999999999 ms
244,2297.7499999999986 ms
244,2324.399999999999 ms
244,2325.049999999999 ms
244,2330.6499999999983 ms
244,2335.4999999999986 ms
244,2340.1999999999985 ms
244,2348.599999999999 ms
244,2358.549999999999 ms
244,2374.1999999999985 ms
244,2437.3999999999983 ms
244,2448.8999999999983 ms
244,2452.7499999999977 ms
244,2465.799999999998 ms
244,2469.8999999999983 ms
244,2485.849999999998 ms
244,2486.6999999999975 ms
244,2514.1499999999974 ms
244,2552.349999999997 ms
244,2556.6499999999974 ms
244,2558.8999999999983 ms
244,2569.4499999999985 ms
244,2570.1499999999983 ms
244,2581.9499999999985 ms
244,2583.799999999998 ms
244,2589.8999999999974 ms
244,2594.4499999999975 ms
244,2609.849999999998 ms
244,2627.349999999998 ms
244,2627.8999999999983 ms
244,2633.8999999999983 ms
244,2649.9499999999985 ms
244,2656.2499999999986 ms
244,2657.6999999999985 ms
244,2663.049999999998 ms
244,2663.6999999999985 ms
244,2664.7499999999986 ms
244,2673.799999999999 ms
244,2692.799999999999 ms
244,2702.4499999999994 ms
244,2708.899999999999 ms
244,2735.099999999999 ms
244,2749.549999999999 ms
244,2769.549999999998 ms
244,2776.8999999999983 ms
244,2789.6499999999983 ms
244,2820.799999999999 ms
244,2829.4499999999985 ms
244,2843.1999999999985 ms
244,2851.8999999999983 ms
244,2863.849999999998 ms
244,2871.049999999998 ms
244,2880.049999999998 ms
244,2905.349999999998 ms
244,2920.4499999999975 ms
244,2936.6999999999985 ms
244,2943.799999999998 ms
244,2954.2499999999977 ms
244,2959.8999999999983 ms
244,2975.2499999999977 ms
244,2978.799999999998 ms
244,2987.4999999999977 ms
244,2997.799999999998 ms
244,3004.799999999998 ms
244,3016.8999999999974 ms
244,3022.599999999997 ms
244,3034.4499999999975 ms
244,3037.6499999999974 ms
244,3051.6499999999974 ms
244,3052.4499999999975 ms
244,3064.2499999999977 ms
244,3066.6999999999975 ms
244,3068.3999999999974 ms
244,3081.1999999999975 ms
244,3106.8999999999974 ms
244,3118.6999999999975 ms
244,3119.9999999999977 ms
244,3124.299999999998 ms
244,3132.3999999999974 ms
244,3136.349999999997 ms
244,3147.4499999999975 ms
244,3170.099999999998 ms
244,3173.4999999999977 ms
244,3190.299999999998 ms
244,3193.4999999999977 ms
244,3225.099999999997 ms
244,3241.049999999997 ms
244,3252.1499999999974 ms
244,3258.6999999999975 ms
244,3284.549999999997 ms
244,3295.499999999997 ms
244,3304.349999999997 ms
244,3308.299999999997 ms
244,3315.599999999997 ms
244,3353.349999999997 ms
244,3356.599999999997 ms
244,3359.1499999999974 ms
244,3381.849999999997 ms
244,3382.7499999999977 ms
244,3388.6999999999975 ms
244,3393.4499999999966 ms
244,3400.599999999997 ms
244,3411.9999999999977 ms
244,3416.599999999997 ms
244,3444.6999999999966 ms
244,3476.049999999997 ms
244,3511.4499999999975 ms
244,3514.3999999999974 ms
244,3519.999999999997 ms
244,3524.4499999999966 ms
244,3537.299999999996 ms
244,3546.6999999999966 ms
244,3553.9499999999966 ms
244,3555.599999999997 ms
244,3571.8499999999963 ms
244,3574.349999999997 ms
244,3592.9499999999966 ms
244,3629.999999999997 ms
244,3661.6499999999974 ms
244,3666.549999999997 ms
244,3691.6999999999975 ms
244,3720.099999999997 ms
244,3732.4999999999977 ms
244,3736.249999999997 ms
244,3738.799999999997 ms
244,3745.049999999998 ms
244,3764.9999999999977 ms
244,3767.849999999997 ms
244,3777.7499999999977 ms
244,3786.299999999998 ms
244,3789.6999999999975 ms
244,3839.3999999999974 ms
244,3841.749999999997 ms
244,3852.349999999997 ms
244,3885.049999999997 ms
244,3886.249999999997 ms
244,3896.299999999997 ms
244,3913.8999999999965 ms
244,3948.8999999999974 ms
244,3949.9499999999975 ms
244,3987.099999999997 ms
244,3989.6999999999966 ms
245,46.7 ms
245,81.45 ms
245,86.8 ms
245,113.55 ms
245,127.34999999999998 ms
245,145.95 ms
245,148.95 ms
245,150.89999999999998 ms
245,155.04999999999995 ms
245,163.79999999999995 ms
245,164.85000000000002 ms
245,180.29999999999995 ms
245,182.54999999999995 ms
245,206.5 ms
245,220.3 ms
245,230.55 ms
245,233.15000000000003 ms
245,321.4500000000001 ms
245,327.3000000000001 ms
245,342.40000000000015 ms
245,351.40000000000003 ms
245,359.7000000000001 ms
245,368.1000000000001 ms
245,372.8 ms
245,376.0500000000001 ms
245,398.00000000000006 ms
245,398.7 ms
245,399.90000000000003 ms
245,419.59999999999997 ms
245,421.55 ms
245,430.05 ms
245,431.6000000000001 ms
245,489.50000000000006 ms
245,497.1000000000001 ms
245,498.00000000000006 ms
245,498.65000000000003 ms
245,517.55 ms
245,525.8999999999999 ms
245,529.95 ms
245,551.45 ms
245,555.8999999999999 ms
245,574.8 ms
245,582.3999999999999 ms
245,588.25 ms
245,610.5999999999999 ms
245,612.5999999999999 ms
245,619.75 ms
245,621.55 ms
245,628.55 ms
245,634.05 ms
245,634.8499999999999 ms
245,639.25 ms
245,642.3999999999999 ms
245,651.1499999999999 ms
245,657.3499999999999 ms
245,660.1999999999998 ms
245,664.1999999999998 ms
245,667.3 ms
245,679.8999999999999 ms
245,694.1000000000001 ms
245,725.55 ms
245,755.5000000000002 ms
245,758.5000000000002 ms
245,759.1500000000001 ms
245,764.25 ms
245,800.2000000000003 ms
245,808.25 ms
245,822.5 ms
245,825.8000000000002 ms
245,841.95 ms
245,844.3 ms
245,861.8 ms
245,861.9000000000001 ms
245,868.4000000000001 ms
245,868.5 ms
245,870.1000000000001 ms
245,872.3000000000002 ms
245,891.1500000000001 ms
245,905.3000000000002 ms
245,905.8500000000001 ms
245,917.1000000000001 ms
245,923.1000000000001 ms
245,937.2 ms
245,965.8000000000002 ms
245,969.5000000000002 ms
245,985.0500000000002 ms
245,991.6000000000001 ms
245,993.45 ms
245,999.7 ms
245,1001.9000000000003 ms
245,1002.4000000000003 ms
245,1005.0500000000002 ms
245,1016.5500000000002 ms
245,1023.9000000000001 ms
245,1024.0000000000002 ms
245,1071.8 ms
245,1080.8500000000001 ms
245,1101.6000000000001 ms
245,1115.3500000000001 ms
245,1134.3999999999999 ms
245,1143.3 ms
245,1143.45 ms
245,1185.9000000000003 ms
245,1196.9000000000003 ms
245,1237.3500000000006 ms
245,1240.1000000000001 ms
245,1247.6500000000003 ms
245,1253.9000000000003 ms
245,1267.7500000000002 ms
245,1284.4500000000005 ms
245,1312.0500000000004 ms
245,1312.2500000000002 ms
245,1314.8 ms
245,1325.3999999999999 ms
245,1330.7 ms
245,1346.2 ms
245,1353.2 ms
245,1368.2 ms
245,1379.95 ms
245,1383.05 ms
245,1399.5000000000002 ms
245,1403.8500000000001 ms
245,1417.2 ms
245,1436.6499999999999 ms
245,1438.9499999999996 ms
245,1445.2 ms
245,1457.8500000000001 ms
245,1492.1499999999999 ms
245,1500.3 ms
245,1511.8 ms
245,1529.5999999999997 ms
245,1550.1000000000001 ms
245,1584.6499999999999 ms
245,1606.6000000000001 ms
245,1607.5999999999997 ms
245,1619.3999999999999 ms
245,1619.6000000000001 ms
245,1633.3499999999997 ms
245,1647.3500000000001 ms
245,1669.8499999999997 ms
245,1671.7499999999998 ms
245,1696.3499999999997 ms
245,1702.05 ms
245,1704.2 ms
245,1717.8500000000001 ms
245,1719.1499999999999 ms
245,1731.2 ms
245,1739.2 ms
245,1779.1000000000001 ms
245,1790.7 ms
245,1809.3 ms
245,1812.7 ms
245,1813.2 ms
245,1829.4000000000003 ms
245,1846.3000000000004 ms
245,1852.9500000000005 ms
245,1864.2 ms
245,1865.6000000000001 ms
245,1903.3500000000006 ms
245,1948.6500000000003 ms
245,1958.5000000000002 ms
245,1965.4500000000005 ms
245,1977.8500000000006 ms
245,1983.0500000000004 ms
245,1989.4000000000003 ms
245,2006.45 ms
245,2018.2500000000002 ms
245,2023.2500000000002 ms
245,2023.3500000000001 ms
245,2044.2 ms
245,2052.2 ms
245,2076.25 ms
245,2095.3 ms
245,2098.4000000000005 ms
245,2099.6500000000005 ms
245,2102.4000000000005 ms
245,2110.7 ms
245,2112.05 ms
245,2139.6000000000004 ms
245,2144.3 ms
245,2151.7 ms
245,2153.95 ms
245,2157.750000000001 ms
245,2161.8500000000004 ms
245,2169.4500000000007 ms
245,2171.3500000000004 ms
245,2181.6000000000004 ms
245,2191.7000000000007 ms
245,2201.6000000000004 ms
245,2202.4000000000005 ms
245,2211.1500000000005 ms
245,2212.7000000000007 ms
245,2220.4500000000007 ms
245,2220.9500000000007 ms
245,2232.750000000001 ms
245,2240.4000000000005 ms
245,2253.750000000001 ms
245,2277.6000000000013 ms
245,2279.6500000000005 ms
245,2281.050000000001 ms
245,2284.2000000000007 ms
245,2284.8500000000013 ms
245,2286.4500000000016 ms
245,2287.7000000000016 ms
245,2293.300000000001 ms
245,2321.9000000000015 ms
245,2334.1000000000004 ms
245,2345.000000000001 ms
245,2368.000000000001 ms
245,2374.8500000000013 ms
245,2380.55 ms
245,2381.2000000000007 ms
245,2392.800000000001 ms
245,2415.1000000000004 ms
245,2423.250000000001 ms
245,2429.9000000000005 ms
245,2431.250000000001 ms
245,2438.800000000001 ms
245,2440.6000000000013 ms
245,2457.300000000001 ms
245,2460.050000000001 ms
245,2463.4000000000015 ms
245,2470.2000000000007 ms
245,2478.550000000001 ms
245,2479.050000000001 ms
245,2485.300000000001 ms
245,2485.4000000000015 ms
245,2488.8500000000004 ms
245,2494.250000000001 ms
245,2494.8500000000013 ms
245,2495.4500000000007 ms
245,2496.250000000001 ms
245,2517.8500000000013 ms
245,2526.250000000001 ms
245,2527.800000000001 ms
245,2528.300000000001 ms
245,2540.250000000001 ms
245,2575.3500000000013 ms
245,2583.250000000001 ms
245,2606.3500000000013 ms
245,2619.500000000001 ms
245,2623.3500000000013 ms
245,2631.7000000000007 ms
245,2636.1500000000005 ms
245,2638.9500000000007 ms
245,2654.050000000001 ms
245,2663.4000000000005 ms
245,2663.500000000001 ms
245,2671.250000000001 ms
245,2704.750000000001 ms
245,2721.3500000000004 ms
245,2731.4500000000007 ms
245,2766.8500000000004 ms
245,2769.6500000000005 ms
245,2790.8 ms
245,2794.3500000000013 ms
245,2827.3500000000013 ms
245,2850.250000000001 ms
245,2855.1000000000013 ms
245,2876.000000000001 ms
245,2879.2000000000007 ms
245,2889.250000000001 ms
245,2890.300000000001 ms
245,2892.4000000000015 ms
245,2900.050000000001 ms
245,2900.750000000001 ms
245,2923.3500000000013 ms
245,2945.250000000001 ms
245,2975.2000000000007 ms
245,2984.1500000000005 ms
245,3001.750000000001 ms
245,3007.750000000001 ms
245,3009.1000000000004 ms
245,3015.55 ms
245,3022.8500000000004 ms
245,3029.75 ms
245,3032.7000000000007 ms
245,3032.9500000000007 ms
245,3068.55 ms
245,3075.3500000000004 ms
245,3083.6000000000004 ms
245,3095.2000000000007 ms
245,3102.3 ms
245,3104.1500000000005 ms
245,3108.1500000000005 ms
245,3112.8 ms
245,3118.3500000000004 ms
245,3135.3 ms
245,3140.9000000000005 ms
245,3153.7 ms
245,3192.55 ms
245,3197.95 ms
245,3225.8500000000004 ms
245,3226.1000000000004 ms
245,3238.0 ms
245,3240.8500000000004 ms
245,3251.0 ms
245,3251.8500000000004 ms
245,3253.3500000000004 ms
245,3265.1500000000005 ms
245,3265.55 ms
245,3268.7000000000007 ms
245,3271.8500000000004 ms
245,3282.6000000000004 ms
245,3293.9000000000015 ms
245,3296.250000000001 ms
245,3324.4000000000005 ms
245,3325.300000000001 ms
245,3326.6500000000015 ms
245,3336.8500000000004 ms
245,3386.250000000001 ms
245,3397.7000000000007 ms
245,3400.8500000000004 ms
245,3404.1000000000004 ms
245,3412.800000000001 ms
245,3414.300000000001 ms
245,3424.6000000000004 ms
245,3451.7000000000007 ms
245,3458.6500000000005 ms
245,3473.000000000001 ms
245,3480.45 ms
245,3488.500000000001 ms
245,3532.6000000000004 ms
245,3545.3 ms
245,3560.6000000000004 ms
245,3563.25 ms
245,3571.9500000000007 ms
245,3573.8500000000004 ms
245,3584.6500000000005 ms
245,3601.8500000000004 ms
245,3614.3 ms
245,3616.3 ms
245,3645.6500000000005 ms
245,3658.55 ms
245,3700.9000000000005 ms
245,3715.95 ms
245,3720.45 ms
245,3729.750000000001 ms
245,3732.6000000000004 ms
245,3804.8500000000004 ms
245,3811.2000000000007 ms
245,3814.4500000000007 ms
245,3823.05 ms
245,3838.7 ms
245,3849.8500000000004 ms
245,3862.25 ms
245,3893.1000000000004 ms
245,3913.2000000000007 ms
245,3915.3500000000004 ms
245,3929.55 ms
245,3931.1500000000005 ms
245,3931.9000000000005 ms
245,3939.7 ms
245,3972.45 ms
245,3977.9000000000005 ms
245,3980.25 ms
246,17.400000000000002 ms
246,29.000000000000004 ms
246,37.650000000000006 ms
246,103.80000000000001 ms
246,104.20000000000002 ms
246,108.75000000000003 ms
246,109.95000000000002 ms
246,117.50000000000003 ms
246,121.55000000000001 ms
246,144.85000000000002 ms
246,151.0 ms
246,155.15000000000003 ms
246,174.55 ms
246,174.8 ms
246,192.45000000000005 ms
246,197.70000000000005 ms
246,220.60000000000002 ms
246,223.95000000000005 ms
246,255.35000000000002 ms
246,263.1 ms
246,277.9 ms
246,306.5000000000001 ms
246,308.4 ms
246,351.9 ms
246,357.15 ms
246,362.05000000000007 ms
246,365.44999999999993 ms
246,381.6 ms
246,392.85 ms
246,429.79999999999995 ms
246,465.3499999999999 ms
246,465.95000000000005 ms
246,489.0 ms
246,526.15 ms
246,535.0000000000001 ms
246,560.9500000000002 ms
246,562.4499999999999 ms
246,566.2499999999999 ms
246,579.6999999999999 ms
246,592.15 ms
246,605.6 ms
246,639.3000000000001 ms
246,643.2000000000002 ms
246,646.8000000000003 ms
246,669.6000000000003 ms
246,685.4000000000002 ms
246,686.2500000000001 ms
246,714.0000000000001 ms
246,719.5000000000001 ms
246,730.9 ms
246,733.4499999999999 ms
246,734.4500000000002 ms
246,740.5500000000001 ms
246,750.6999999999999 ms
246,755.5500000000001 ms
246,757.35 ms
246,780.5500000000001 ms
246,835.1500000000002 ms
246,859.0000000000001 ms
246,859.1000000000003 ms
246,867.1 ms
246,869.8000000000001 ms
246,879.2000000000002 ms
246,908.9500000000002 ms
246,936.1 ms
246,939.8500000000003 ms
246,945.5000000000001 ms
246,951.9 ms
246,952.9000000000002 ms
246,955.9 ms
246,958.9000000000002 ms
246,995.7500000000001 ms
246,998.9500000000002 ms
246,1006.85 ms
246,1008.2000000000002 ms
246,1016.2500000000001 ms
246,1038.3500000000004 ms
246,1041.3000000000002 ms
246,1041.75 ms
246,1052.9500000000003 ms
246,1060.6000000000004 ms
246,1080.4500000000003 ms
246,1080.9500000000003 ms
246,1081.5500000000002 ms
246,1094.15 ms
246,1100.75 ms
246,1106.25 ms
246,1107.25 ms
246,1142.4 ms
246,1177.7000000000003 ms
246,1191.1 ms
246,1205.5000000000005 ms
246,1213.2000000000003 ms
246,1221.8000000000002 ms
246,1235.0500000000002 ms
246,1240.4 ms
246,1241.4 ms
246,1244.2000000000003 ms
246,1254.5 ms
246,1255.5 ms
246,1260.1 ms
246,1263.85 ms
246,1277.4 ms
246,1293.15 ms
246,1305.2999999999997 ms
246,1324.4 ms
246,1341.15 ms
246,1348.4 ms
246,1349.6999999999998 ms
246,1353.9499999999998 ms
246,1371.4499999999998 ms
246,1371.85 ms
246,1376.5499999999997 ms
246,1389.1 ms
246,1403.15 ms
246,1410.9 ms
246,1421.65 ms
246,1433.1999999999998 ms
246,1442.6999999999998 ms
246,1443.6 ms
246,1455.5499999999997 ms
246,1456.35 ms
246,1470.9 ms
246,1474.4999999999995 ms
246,1474.6 ms
246,1484.1999999999994 ms
246,1489.2999999999997 ms
246,1489.6499999999992 ms
246,1491.8499999999995 ms
246,1501.7999999999993 ms
246,1554.2999999999993 ms
246,1557.6999999999998 ms
246,1567.9499999999998 ms
246,1592.1499999999996 ms
246,1599.3999999999996 ms
246,1613.1499999999996 ms
246,1613.7499999999995 ms
246,1625.8999999999996 ms
246,1648.2999999999997 ms
246,1660.6999999999998 ms
246,1669.0 ms
246,1670.4499999999998 ms
246,1670.9499999999998 ms
246,1671.9499999999998 ms
246,1680.6999999999998 ms
246,1682.1499999999996 ms
246,1682.9499999999998 ms
246,1693.6 ms
246,1695.2999999999997 ms
246,1696.25 ms
246,1742.25 ms
246,1743.5 ms
246,1743.6 ms
246,1755.35 ms
246,1755.6 ms
246,1776.5 ms
246,1784.15 ms
246,1786.75 ms
246,1805.75 ms
246,1807.5 ms
246,1810.0500000000002 ms
246,1811.6499999999996 ms
246,1812.9499999999998 ms
246,1825.75 ms
246,1829.1999999999998 ms
246,1860.6 ms
246,1866.9499999999998 ms
246,1895.25 ms
246,1902.0499999999997 ms
246,1908.35 ms
246,1914.5499999999997 ms
246,1922.2499999999995 ms
246,1932.0499999999997 ms
246,1944.9499999999998 ms
246,1976.1999999999998 ms
246,1981.1999999999998 ms
246,1982.5 ms
246,2000.0999999999995 ms
246,2006.3499999999995 ms
246,2035.1999999999998 ms
246,2038.3999999999996 ms
246,2085.8499999999995 ms
246,2103.2999999999993 ms
246,2120.7999999999993 ms
246,2156.7999999999993 ms
246,2177.699999999999 ms
246,2182.5 ms
246,2183.5 ms
246,2186.8499999999995 ms
246,2196.2999999999993 ms
246,2198.449999999999 ms
246,2206.25 ms
246,2207.449999999999 ms
246,2227.2999999999993 ms
246,2255.249999999999 ms
246,2257.449999999999 ms
246,2260.5499999999993 ms
246,2267.499999999998 ms
246,2275.1499999999987 ms
246,2284.3999999999987 ms
246,2286.949999999999 ms
246,2301.6499999999987 ms
246,2304.1499999999987 ms
246,2305.999999999999 ms
246,2307.5499999999984 ms
246,2345.199999999999 ms
246,2350.5999999999985 ms
246,2364.3999999999996 ms
246,2364.8999999999996 ms
246,2367.5499999999993 ms
246,2374.1499999999996 ms
246,2402.949999999999 ms
246,2409.2999999999993 ms
246,2455.199999999999 ms
246,2459.2999999999993 ms
246,2481.3499999999995 ms
246,2481.7 ms
246,2498.8499999999995 ms
246,2516.999999999999 ms
246,2530.8499999999995 ms
246,2562.7 ms
246,2569.999999999999 ms
246,2579.1499999999996 ms
246,2594.7999999999993 ms
246,2600.3500000000004 ms
246,2615.1000000000004 ms
246,2642.25 ms
246,2702.1000000000004 ms
246,2719.7 ms
246,2723.95 ms
246,2724.05 ms
246,2748.3 ms
246,2752.249999999999 ms
246,2758.249999999999 ms
246,2785.6499999999996 ms
246,2790.5499999999993 ms
246,2805.7 ms
246,2811.2 ms
246,2813.05 ms
246,2815.999999999999 ms
246,2820.3499999999995 ms
246,2833.45 ms
246,2836.749999999999 ms
246,2838.999999999999 ms
246,2864.249999999999 ms
246,2878.55 ms
246,2880.05 ms
246,2906.2 ms
246,2918.95 ms
246,2920.3499999999995 ms
246,2925.8499999999995 ms
246,2950.55 ms
246,2969.8999999999996 ms
246,2971.7 ms
246,2980.3999999999996 ms
246,3009.25 ms
246,3010.3999999999996 ms
246,3018.5499999999993 ms
246,3030.8500000000004 ms
246,3038.7999999999993 ms
246,3048.95 ms
246,3124.3 ms
246,3130.0999999999995 ms
246,3133.7 ms
246,3134.95 ms
246,3153.6499999999996 ms
246,3174.8999999999996 ms
246,3178.6499999999996 ms
246,3180.0 ms
246,3206.449999999999 ms
246,3234.699999999999 ms
246,3236.0 ms
246,3237.7999999999993 ms
246,3264.8500000000004 ms
246,3285.1000000000004 ms
246,3295.5499999999993 ms
246,3299.8500000000004 ms
246,3304.7 ms
246,3308.45 ms
246,3325.8999999999996 ms
246,3329.2999999999993 ms
246,3334.8500000000004 ms
246,3337.2 ms
246,3338.05 ms
246,3347.3999999999996 ms
246,3351.0999999999995 ms
246,3358.5999999999995 ms
246,3380.7999999999993 ms
246,3392.3999999999996 ms
246,3399.749999999999 ms
246,3405.6499999999987 ms
246,3428.1499999999987 ms
246,3464.2 ms
246,3478.5499999999993 ms
246,3480.8499999999995 ms
246,3515.0999999999995 ms
246,3523.8499999999995 ms
246,3531.8499999999995 ms
246,3538.8999999999996 ms
246,3553.2999999999993 ms
246,3566.5499999999993 ms
246,3576.1000000000004 ms
246,3582.45 ms
246,3601.55 ms
246,3620.6499999999996 ms
246,3621.75 ms
246,3642.0499999999993 ms
246,3660.7 ms
246,3661.2 ms
246,3676.0 ms
246,3677.05 ms
246,3678.8 ms
246,3694.25 ms
246,3696.55 ms
246,3701.75 ms
246,3703.1000000000004 ms
246,3714.8999999999996 ms
246,3727.1000000000004 ms
246,3737.45 ms
246,3740.8 ms
246,3757.3499999999995 ms
246,3760.05 ms
246,3773.05 ms
246,3773.249999999999 ms
246,3775.95 ms
246,3832.95 ms
246,3837.7999999999993 ms
246,3873.699999999999 ms
246,3898.5 ms
246,3910.1499999999996 ms
246,3914.2999999999993 ms
246,3938.7999999999993 ms
246,3956.3999999999996 ms
246,3958.6499999999996 ms
246,3971.8999999999996 ms
246,3987.6499999999996 ms
246,3990.5499999999993 ms
247,2.15 ms
247,19.7 ms
247,32.14999999999999 ms
247,34.39999999999999 ms
247,63.5 ms
247,68.65 ms
247,92.95000000000002 ms
247,119.05000000000001 ms
247,135.10000000000002 ms
247,138.15000000000003 ms
247,142.8 ms
247,147.40000000000003 ms
247,160.10000000000002 ms
247,160.3 ms
247,173.45 ms
247,186.2 ms
247,186.90000000000003 ms
247,232.8 ms
247,258.45 ms
247,265.3999999999999 ms
247,273.0499999999999 ms
247,286.1499999999999 ms
247,287.74999999999994 ms
247,301.3 ms
247,313.49999999999994 ms
247,318.6499999999999 ms
247,320.2 ms
247,320.84999999999997 ms
247,334.09999999999997 ms
247,342.90000000000003 ms
247,348.05 ms
247,351.59999999999997 ms
247,352.5499999999999 ms
247,376.9499999999999 ms
247,381.2999999999999 ms
247,394.6499999999999 ms
247,396.84999999999997 ms
247,439.7999999999999 ms
247,445.49999999999994 ms
247,460.05 ms
247,472.34999999999997 ms
247,478.49999999999994 ms
247,490.4499999999999 ms
247,508.6499999999999 ms
247,510.3999999999999 ms
247,512.0999999999999 ms
247,547.1999999999998 ms
247,557.05 ms
247,559.75 ms
247,571.25 ms
247,576.8499999999999 ms
247,588.0 ms
247,594.2 ms
247,608.4000000000001 ms
247,627.25 ms
247,628.25 ms
247,647.7000000000003 ms
247,658.8000000000002 ms
247,681.7000000000003 ms
247,696.1000000000001 ms
247,702.1500000000001 ms
247,702.9000000000001 ms
247,710.8500000000001 ms
247,720.0500000000002 ms
247,769.8500000000001 ms
247,780.8000000000002 ms
247,799.6500000000001 ms
247,806.0000000000002 ms
247,807.4000000000003 ms
247,820.6000000000001 ms
247,830.9500000000003 ms
247,831.8000000000002 ms
247,840.0500000000002 ms
247,844.1000000000004 ms
247,849.4500000000003 ms
247,873.3500000000004 ms
247,874.9000000000001 ms
247,877.9000000000001 ms
247,883.7000000000003 ms
247,889.9000000000001 ms
247,901.6000000000004 ms
247,903.7500000000002 ms
247,914.0500000000002 ms
247,915.0000000000002 ms
247,939.2500000000002 ms
247,943.7500000000002 ms
247,959.9500000000003 ms
247,962.0000000000002 ms
247,970.4000000000003 ms
247,989.45 ms
247,998.6500000000003 ms
247,1000.2 ms
247,1006.45 ms
247,1018.95 ms
247,1032.6000000000001 ms
247,1052.1000000000001 ms
247,1052.3999999999999 ms
247,1066.05 ms
247,1082.1000000000001 ms
247,1088.45 ms
247,1096.8500000000001 ms
247,1106.7500000000002 ms
247,1151.3500000000001 ms
247,1159.5000000000002 ms
247,1165.3500000000001 ms
247,1169.2500000000002 ms
247,1172.8500000000001 ms
247,1187.8999999999999 ms
247,1203.4999999999998 ms
247,1229.55 ms
247,1230.2 ms
247,1230.95 ms
247,1232.2 ms
247,1239.8 ms
247,1245.2500000000002 ms
247,1245.7 ms
247,1251.95 ms
247,1259.6500000000003 ms
247,1268.3999999999999 ms
247,1350.8 ms
247,1352.45 ms
247,1365.1500000000003 ms
247,1380.6000000000006 ms
247,1384.1000000000001 ms
247,1384.6000000000006 ms
247,1403.8500000000001 ms
247,1426.1000000000006 ms
247,1426.4500000000005 ms
247,1434.8000000000004 ms
247,1440.5000000000002 ms
247,1449.7000000000005 ms
247,1476.7500000000002 ms
247,1480.8500000000001 ms
247,1490.0000000000002 ms
247,1503.7000000000005 ms
247,1513.0000000000002 ms
247,1529.6000000000001 ms
247,1537.8500000000001 ms
247,1548.1000000000001 ms
247,1552.1499999999999 ms
247,1555.8500000000001 ms
247,1568.0500000000004 ms
247,1575.4000000000003 ms
247,1582.2 ms
247,1598.3500000000001 ms
247,1606.0500000000004 ms
247,1613.6000000000001 ms
247,1627.7500000000002 ms
247,1653.8500000000001 ms
247,1670.3500000000001 ms
247,1672.6499999999999 ms
247,1673.8 ms
247,1676.8999999999999 ms
247,1692.4000000000003 ms
247,1699.1000000000001 ms
247,1717.8999999999999 ms
247,1731.7 ms
247,1745.4999999999998 ms
247,1748.2500000000002 ms
247,1748.4999999999998 ms
247,1750.45 ms
247,1783.7 ms
247,1787.1000000000001 ms
247,1790.2500000000002 ms
247,1795.7500000000002 ms
247,1796.9000000000003 ms
247,1820.5000000000002 ms
247,1829.1000000000001 ms
247,1843.5000000000002 ms
247,1858.4500000000005 ms
247,1863.1500000000003 ms
247,1866.6000000000006 ms
247,1925.3500000000001 ms
247,1928.3500000000006 ms
247,1936.8000000000004 ms
247,1945.7500000000007 ms
247,1962.2500000000002 ms
247,1968.7000000000005 ms
247,1970.4000000000008 ms
247,1988.5500000000009 ms
247,2033.4000000000008 ms
247,2052.300000000001 ms
247,2054.8500000000004 ms
247,2066.4000000000015 ms
247,2072.9000000000015 ms
247,2076.550000000001 ms
247,2081.8500000000013 ms
247,2085.750000000001 ms
247,2086.750000000001 ms
247,2092.750000000001 ms
247,2140.6000000000013 ms
247,2178.050000000001 ms
247,2185.9000000000015 ms
247,2207.8500000000004 ms
247,2210.1000000000004 ms
247,2212.800000000001 ms
247,2214.4500000000007 ms
247,2224.050000000001 ms
247,2233.2000000000007 ms
247,2250.9000000000005 ms
247,2266.1000000000004 ms
247,2270.7000000000007 ms
247,2272.1000000000004 ms
247,2280.4500000000007 ms
247,2284.3 ms
247,2289.1500000000005 ms
247,2294.55 ms
247,2313.75 ms
247,2320.7 ms
247,2336.45 ms
247,2392.5999999999995 ms
247,2396.95 ms
247,2398.6499999999996 ms
247,2399.3499999999995 ms
247,2431.749999999999 ms
247,2435.1499999999996 ms
247,2435.7 ms
247,2440.25 ms
247,2448.5 ms
247,2449.95 ms
247,2469.25 ms
247,2469.8999999999996 ms
247,2475.3 ms
247,2480.1000000000004 ms
247,2480.9500000000007 ms
247,2486.8500000000004 ms
247,2489.25 ms
247,2501.800000000001 ms
247,2502.9000000000005 ms
247,2513.55 ms
247,2526.2000000000007 ms
247,2528.8500000000004 ms
247,2565.6000000000004 ms
247,2593.800000000001 ms
247,2611.3500000000004 ms
247,2628.6500000000015 ms
247,2635.2000000000007 ms
247,2669.1000000000013 ms
247,2675.2000000000016 ms
247,2689.1000000000013 ms
247,2725.2000000000016 ms
247,2730.9500000000016 ms
247,2734.000000000001 ms
247,2767.9500000000016 ms
247,2768.250000000001 ms
247,2782.7000000000016 ms
247,2783.9000000000005 ms
247,2785.300000000001 ms
247,2806.9500000000007 ms
247,2826.6000000000013 ms
247,2841.800000000001 ms
247,2843.8500000000013 ms
247,2859.2000000000016 ms
247,2901.7000000000016 ms
247,2922.4500000000016 ms
247,2929.750000000001 ms
247,2930.300000000002 ms
247,2931.000000000001 ms
247,2940.4000000000015 ms
247,2970.3500000000013 ms
247,2977.9500000000016 ms
247,2985.2000000000016 ms
247,2986.500000000001 ms
247,2992.6000000000013 ms
247,2993.1000000000013 ms
247,2998.1500000000015 ms
247,3026.3500000000013 ms
247,3027.300000000001 ms
247,3039.6000000000013 ms
247,3053.800000000001 ms
247,3058.7000000000007 ms
247,3062.9500000000007 ms
247,3067.050000000001 ms
247,3105.7000000000007 ms
247,3128.8500000000013 ms
247,3158.4000000000015 ms
247,3163.300000000001 ms
247,3167.9000000000015 ms
247,3168.250000000002 ms
247,3186.8500000000013 ms
247,3197.500000000001 ms
247,3213.550000000002 ms
247,3221.3500000000013 ms
247,3255.550000000002 ms
247,3261.1000000000013 ms
247,3295.1000000000013 ms
247,3318.000000000002 ms
247,3347.000000000002 ms
247,3353.9500000000016 ms
247,3356.300000000002 ms
247,3369.8500000000013 ms
247,3401.4500000000016 ms
247,3408.6000000000013 ms
247,3426.550000000002 ms
247,3433.8500000000013 ms
247,3472.1000000000013 ms
247,3473.3500000000013 ms
247,3474.500000000002 ms
247,3481.2000000000016 ms
247,3496.4000000000015 ms
247,3500.1000000000013 ms
247,3520.2000000000016 ms
247,3530.1500000000005 ms
247,3557.9500000000016 ms
247,3586.000000000001 ms
247,3586.8500000000013 ms
247,3593.6500000000015 ms
247,3602.1000000000013 ms
247,3627.6500000000015 ms
247,3634.6500000000015 ms
247,3665.8500000000013 ms
247,3700.1000000000013 ms
247,3723.500000000001 ms
247,3736.4500000000016 ms
247,3740.000000000001 ms
247,3743.6000000000013 ms
247,3749.750000000001 ms
247,3764.4000000000015 ms
247,3770.9000000000015 ms
247,3792.300000000001 ms
247,3799.050000000001 ms
247,3826.050000000001 ms
247,3833.750000000002 ms
247,3836.4000000000015 ms
247,3847.9500000000016 ms
247,3855.3500000000013 ms
247,3869.1000000000013 ms
247,3879.8500000000013 ms
247,3886.2000000000016 ms
247,3895.9500000000016 ms
247,3928.1500000000015 ms
247,3942.4500000000016 ms
247,3943.6000000000013 ms
247,3976.500000000002 ms
247,3985.4000000000015 ms
247,3986.6500000000015 ms
248,2.5500000000000003 ms
248,15.75 ms
248,32.25 ms
248,36.849999999999994 ms
248,41.849999999999994 ms
248,44.80000000000001 ms
248,45.7 ms
248,76.15 ms
248,113.35 ms
248,128.60000000000002 ms
248,134.8 ms
248,142.2 ms
248,144.60000000000002 ms
248,158.5 ms
248,166.75 ms
248,180.20000000000005 ms
248,187.60000000000002 ms
248,193.75 ms
248,206.10000000000002 ms
248,225.05 ms
248,237.60000000000002 ms
248,255.45000000000005 ms
248,268.6 ms
248,275.0 ms
248,280.04999999999995 ms
248,327.70000000000005 ms
248,327.85 ms
248,331.15 ms
248,335.0000000000001 ms
248,365.55000000000007 ms
248,368.05000000000007 ms
248,370.30000000000007 ms
248,389.4000000000001 ms
248,397.2500000000001 ms
248,419.05000000000007 ms
248,419.6500000000002 ms
248,436.70000000000016 ms
248,454.2500000000001 ms
248,468.7500000000001 ms
248,473.7500000000001 ms
248,478.4000000000002 ms
248,487.1500000000002 ms
248,488.45000000000016 ms
248,497.60000000000014 ms
248,524.3000000000002 ms
248,527.1000000000001 ms
248,540.4000000000001 ms
248,558.1500000000001 ms
248,568.4000000000001 ms
248,588.4000000000001 ms
248,605.3000000000002 ms
248,629.3000000000002 ms
248,632.6500000000001 ms
248,683.1000000000001 ms
248,697.1000000000001 ms
248,705.2 ms
248,709.45 ms
248,750.8500000000001 ms
248,754.5000000000002 ms
248,767.9000000000001 ms
248,870.8500000000001 ms
248,877.45 ms
248,882.7 ms
248,934.95 ms
248,943.8000000000002 ms
248,961.7000000000003 ms
248,967.2000000000003 ms
248,992.5500000000002 ms
248,1015.1000000000001 ms
248,1029.0500000000002 ms
248,1031.0 ms
248,1035.0500000000002 ms
248,1039.5 ms
248,1056.7000000000003 ms
248,1079.2500000000005 ms
248,1084.9 ms
248,1098.3000000000006 ms
248,1102.7500000000005 ms
248,1104.8500000000004 ms
248,1106.5000000000005 ms
248,1114.5500000000006 ms
248,1127.0000000000005 ms
248,1129.2000000000003 ms
248,1155.5500000000006 ms
248,1169.8500000000004 ms
248,1170.0500000000002 ms
248,1170.8000000000002 ms
248,1202.3000000000002 ms
248,1242.8500000000004 ms
248,1249.5500000000002 ms
248,1250.5500000000002 ms
248,1250.8500000000004 ms
248,1253.9500000000003 ms
248,1255.5500000000002 ms
248,1269.25 ms
248,1269.6000000000004 ms
248,1276.9499999999998 ms
248,1310.6999999999998 ms
248,1316.75 ms
248,1345.0 ms
248,1363.65 ms
248,1373.8000000000002 ms
248,1388.6000000000004 ms
248,1415.25 ms
248,1441.6000000000004 ms
248,1444.4499999999998 ms
248,1445.6000000000004 ms
248,1454.4 ms
248,1460.65 ms
248,1469.5 ms
248,1479.35 ms
248,1479.5 ms
248,1495.8000000000002 ms
248,1499.6 ms
248,1513.9499999999998 ms
248,1543.7999999999997 ms
248,1544.9499999999998 ms
248,1555.9499999999998 ms
248,1561.4499999999998 ms
248,1571.1499999999996 ms
248,1579.1 ms
248,1585.15 ms
248,1596.9999999999995 ms
248,1599.2999999999997 ms
248,1627.5499999999997 ms
248,1627.85 ms
248,1628.1 ms
248,1632.2499999999995 ms
248,1637.9 ms
248,1639.6 ms
248,1693.35 ms
248,1694.25 ms
248,1701.8000000000002 ms
248,1703.5500000000002 ms
248,1742.6499999999996 ms
248,1769.9499999999998 ms
248,1772.3999999999996 ms
248,1782.0 ms
248,1818.75 ms
248,1850.5499999999997 ms
248,1853.6499999999996 ms
248,1856.4999999999995 ms
248,1883.0499999999997 ms
248,1919.3499999999995 ms
248,1937.5499999999993 ms
248,1943.9999999999995 ms
248,1961.8999999999996 ms
248,1969.1499999999996 ms
248,1985.1499999999996 ms
248,1997.7499999999995 ms
248,2031.3499999999995 ms
248,2046.8499999999995 ms
248,2065.749999999999 ms
248,2071.3 ms
248,2079.499999999999 ms
248,2084.3499999999995 ms
248,2100.7 ms
248,2116.5499999999993 ms
248,2154.0999999999995 ms
248,2159.499999999999 ms
248,2201.3 ms
248,2201.95 ms
248,2206.75 ms
248,2214.5 ms
248,2221.3999999999996 ms
248,2231.7000000000007 ms
248,2238.9500000000007 ms
248,2257.9500000000007 ms
248,2275.55 ms
248,2277.55 ms
248,2290.8500000000004 ms
248,2313.6000000000004 ms
248,2327.6000000000004 ms
248,2332.55 ms
248,2342.3 ms
248,2353.0 ms
248,2355.2 ms
248,2355.45 ms
248,2392.75 ms
248,2396.3500000000004 ms
248,2397.0 ms
248,2411.05 ms
248,2445.1000000000004 ms
248,2459.0 ms
248,2471.4500000000007 ms
248,2516.0 ms
248,2541.9000000000005 ms
248,2546.4500000000007 ms
248,2553.6500000000005 ms
248,2581.000000000001 ms
248,2581.3 ms
248,2598.1500000000005 ms
248,2599.750000000001 ms
248,2623.750000000001 ms
248,2655.45 ms
248,2655.95 ms
248,2657.2 ms
248,2680.1000000000004 ms
248,2682.3 ms
248,2685.3500000000004 ms
248,2690.3 ms
248,2696.3 ms
248,2700.3 ms
248,2701.05 ms
248,2711.55 ms
248,2720.55 ms
248,2734.2 ms
248,2756.3500000000004 ms
248,2759.1500000000005 ms
248,2766.9000000000005 ms
248,2832.250000000001 ms
248,2844.250000000001 ms
248,2847.55 ms
248,2853.8500000000013 ms
248,2891.4500000000007 ms
248,2895.750000000001 ms
248,2897.9000000000005 ms
248,2903.3500000000013 ms
248,2913.000000000001 ms
248,2914.3500000000013 ms
248,2916.9000000000005 ms
248,2923.2000000000016 ms
248,2924.7000000000016 ms
248,2925.6000000000013 ms
248,2955.000000000001 ms
248,2957.6000000000013 ms
248,2964.000000000001 ms
248,3006.300000000002 ms
248,3006.8500000000013 ms
248,3010.750000000002 ms
248,3028.7000000000016 ms
248,3029.9000000000015 ms
248,3031.1000000000013 ms
248,3055.500000000001 ms
248,3060.750000000001 ms
248,3073.050000000002 ms
248,3073.4500000000016 ms
248,3088.250000000002 ms
248,3100.1500000000015 ms
248,3101.500000000002 ms
248,3118.800000000002 ms
248,3127.4000000000024 ms
248,3142.500000000002 ms
248,3145.500000000002 ms
248,3152.600000000002 ms
248,3165.850000000002 ms
248,3181.4000000000015 ms
248,3193.050000000002 ms
248,3195.100000000002 ms
248,3210.300000000002 ms
248,3215.750000000002 ms
248,3222.100000000002 ms
248,3235.800000000001 ms
248,3236.2000000000016 ms
248,3289.2000000000016 ms
248,3296.6000000000013 ms
248,3312.300000000002 ms
248,3337.7000000000016 ms
248,3339.9000000000015 ms
248,3347.750000000002 ms
248,3364.6500000000015 ms
248,3380.6500000000015 ms
248,3401.500000000002 ms
248,3412.750000000002 ms
248,3422.500000000002 ms
248,3429.2000000000007 ms
248,3454.250000000002 ms
248,3454.4500000000007 ms
248,3471.4000000000015 ms
248,3478.800000000001 ms
248,3479.9000000000015 ms
248,3485.1500000000015 ms
248,3486.300000000001 ms
248,3503.050000000001 ms
248,3509.4000000000015 ms
248,3515.4000000000015 ms
248,3518.500000000001 ms
248,3520.7000000000007 ms
248,3532.300000000001 ms
248,3536.1000000000004 ms
248,3551.1500000000015 ms
248,3556.750000000001 ms
248,3565.750000000001 ms
248,3592.7000000000007 ms
248,3602.4000000000005 ms
248,3631.3 ms
248,3632.6500000000005 ms
248,3677.500000000001 ms
248,3679.8500000000004 ms
248,3682.4500000000007 ms
248,3688.1000000000004 ms
248,3690.4500000000007 ms
248,3703.25 ms
248,3737.75 ms
248,3741.3500000000004 ms
248,3744.55 ms
248,3772.95 ms
248,3797.500000000001 ms
248,3810.05 ms
248,3826.9000000000005 ms
248,3827.500000000001 ms
248,3837.3500000000004 ms
248,3847.1500000000005 ms
248,3851.250000000001 ms
248,3853.7 ms
248,3864.2 ms
248,3882.6000000000004 ms
248,3885.3 ms
248,3889.45 ms
248,3890.000000000001 ms
248,3898.4000000000005 ms
248,3903.05 ms
248,3905.1000000000013 ms
248,3908.8500000000013 ms
248,3920.55 ms
248,3933.250000000001 ms
248,3937.250000000001 ms
248,3956.05 ms
248,3989.1500000000005 ms
249,51.75 ms
249,62.25 ms
249,78.55000000000001 ms
249,88.05000000000001 ms
249,98.44999999999999 ms
249,129.9 ms
249,138.35 ms
249,147.04999999999998 ms
249,149.64999999999995 ms
249,168.4 ms
249,176.89999999999995 ms
249,185.49999999999997 ms
249,195.19999999999996 ms
249,195.39999999999995 ms
249,215.54999999999998 ms
249,226.6 ms
249,237.84999999999994 ms
249,254.29999999999993 ms
249,255.04999999999998 ms
249,260.5 ms
249,296.8499999999999 ms
249,313.95000000000005 ms
249,317.3499999999999 ms
249,320.70000000000005 ms
249,321.9 ms
249,325.5 ms
249,332.75 ms
249,346.70000000000005 ms
249,355.65 ms
249,371.75 ms
249,372.54999999999995 ms
249,379.54999999999995 ms
249,381.45000000000005 ms
249,382.29999999999995 ms
249,390.20000000000005 ms
249,390.95000000000005 ms
249,417.79999999999995 ms
249,444.1500000000001 ms
249,474.04999999999995 ms
249,480.04999999999995 ms
249,490.9000000000001 ms
249,516.5 ms
249,520.05 ms
249,524.95 ms
249,551.6499999999999 ms
249,572.2 ms
249,574.3999999999999 ms
249,582.7 ms
249,594.8499999999999 ms
249,608.1499999999999 ms
249,633.3499999999999 ms
249,635.6999999999998 ms
249,653.9000000000001 ms
249,662.3499999999999 ms
249,662.95 ms
249,665.8 ms
249,667.8 ms
249,672.95 ms
249,677.05 ms
249,724.2500000000002 ms
249,740.2500000000002 ms
249,752.3500000000001 ms
249,779.1000000000001 ms
249,782.2 ms
249,784.8500000000001 ms
249,786.45 ms
249,801.9000000000003 ms
249,822.1000000000001 ms
249,824.1500000000003 ms
249,827.1000000000001 ms
249,838.4000000000003 ms
249,850.9000000000003 ms
249,853.7 ms
249,864.0500000000002 ms
249,870.7000000000003 ms
249,882.6500000000001 ms
249,891.1500000000001 ms
249,902.1500000000001 ms
249,930.1500000000001 ms
249,935.0000000000002 ms
249,981.7500000000002 ms
249,984.1000000000001 ms
249,1007.8000000000004 ms
249,1010.1500000000003 ms
249,1013.4500000000003 ms
249,1014.3000000000002 ms
249,1014.6500000000003 ms
249,1019.0500000000004 ms
249,1020.6000000000001 ms
249,1061.8000000000004 ms
249,1063.9500000000005 ms
249,1075.7500000000002 ms
249,1116.6000000000001 ms
249,1122.3500000000001 ms
249,1130.5000000000002 ms
249,1132.05 ms
249,1141.3999999999999 ms
249,1179.3500000000001 ms
249,1182.95 ms
249,1203.7 ms
249,1205.2499999999998 ms
249,1221.3 ms
249,1261.7 ms
249,1264.05 ms
249,1302.8999999999999 ms
249,1321.8999999999999 ms
249,1327.8 ms
249,1346.5000000000002 ms
249,1351.8 ms
249,1362.3999999999999 ms
249,1364.2499999999998 ms
249,1374.3499999999997 ms
249,1391.4999999999998 ms
249,1399.2 ms
249,1443.6000000000001 ms
249,1459.55 ms
249,1461.8499999999997 ms
249,1478.9499999999996 ms
249,1485.4999999999998 ms
249,1504.7 ms
249,1509.4499999999996 ms
249,1516.5499999999995 ms
249,1526.1999999999996 ms
249,1528.45 ms
249,1532.1000000000001 ms
249,1553.05 ms
249,1560.1499999999999 ms
249,1563.6999999999996 ms
249,1568.9999999999998 ms
249,1594.2 ms
249,1633.8999999999999 ms
249,1643.8999999999999 ms
249,1648.1999999999996 ms
249,1660.3499999999997 ms
249,1668.8 ms
249,1674.0000000000002 ms
249,1679.6000000000001 ms
249,1701.7 ms
249,1715.8 ms
249,1718.8499999999997 ms
249,1729.6499999999994 ms
249,1736.4999999999993 ms
249,1765.4999999999998 ms
249,1791.3499999999997 ms
249,1801.3499999999992 ms
249,1814.8999999999994 ms
249,1817.0999999999997 ms
249,1837.6999999999996 ms
249,1843.1999999999991 ms
249,1844.549999999999 ms
249,1849.8499999999992 ms
249,1873.5999999999992 ms
249,1877.9499999999991 ms
249,1878.4499999999991 ms
249,1912.6999999999991 ms
249,1916.1999999999991 ms
249,1934.2499999999989 ms
249,1945.2499999999993 ms
249,1969.7499999999989 ms
249,2011.9999999999993 ms
249,2023.9999999999989 ms
249,2042.9999999999993 ms
249,2043.4499999999991 ms
249,2057.699999999999 ms
249,2067.499999999999 ms
249,2079.249999999999 ms
249,2083.949999999999 ms
249,2085.949999999999 ms
249,2086.6499999999987 ms
249,2105.199999999999 ms
249,2121.749999999999 ms
249,2155.8999999999987 ms
249,2183.7999999999993 ms
249,2200.0999999999995 ms
249,2206.2999999999993 ms
249,2218.999999999999 ms
249,2234.2999999999993 ms
249,2319.699999999999 ms
249,2344.0999999999995 ms
249,2346.3999999999996 ms
249,2361.75 ms
249,2391.8999999999996 ms
249,2405.0499999999993 ms
249,2412.1000000000004 ms
249,2435.6000000000004 ms
249,2436.45 ms
249,2454.25 ms
249,2457.45 ms
249,2520.0999999999995 ms
249,2523.8 ms
249,2537.3 ms
249,2574.55 ms
249,2603.8 ms
249,2604.3499999999995 ms
249,2616.5 ms
249,2628.8500000000004 ms
249,2647.0 ms
249,2647.75 ms
249,2648.3500000000004 ms
249,2662.5 ms
249,2667.8999999999996 ms
249,2671.9500000000007 ms
249,2677.3 ms
249,2689.6500000000005 ms
249,2700.55 ms
249,2702.3500000000004 ms
249,2752.1500000000005 ms
249,2755.000000000001 ms
249,2757.45 ms
249,2761.3 ms
249,2763.4000000000005 ms
249,2776.6500000000005 ms
249,2777.6500000000005 ms
249,2787.2 ms
249,2801.750000000001 ms
249,2821.55 ms
249,2837.9000000000005 ms
249,2885.9000000000005 ms
249,2886.6000000000004 ms
249,2894.3500000000004 ms
249,2895.9500000000007 ms
249,2913.7000000000007 ms
249,2914.25 ms
249,2924.75 ms
249,2928.6500000000005 ms
249,2953.4500000000007 ms
249,2953.750000000001 ms
249,2965.9500000000007 ms
249,2984.250000000001 ms
249,2999.050000000001 ms
249,3005.1000000000013 ms
249,3015.8500000000013 ms
249,3019.2000000000016 ms
249,3024.000000000001 ms
249,3086.300000000002 ms
249,3087.3500000000013 ms
249,3101.300000000002 ms
249,3119.050000000002 ms
249,3124.3500000000013 ms
249,3132.2000000000016 ms
249,3163.550000000002 ms
249,3166.4000000000015 ms
249,3191.250000000002 ms
249,3194.250000000002 ms
249,3195.9500000000007 ms
249,3212.1500000000015 ms
249,3225.750000000001 ms
249,3228.000000000001 ms
249,3234.050000000001 ms
249,3280.050000000001 ms
249,3282.300000000001 ms
249,3300.6000000000013 ms
249,3327.6000000000013 ms
249,3348.8500000000013 ms
249,3357.050000000001 ms
249,3369.3500000000013 ms
249,3380.750000000001 ms
249,3383.4000000000015 ms
249,3406.750000000002 ms
249,3411.7000000000007 ms
249,3412.6500000000015 ms
249,3432.050000000001 ms
249,3435.9000000000015 ms
249,3439.7000000000007 ms
249,3447.750000000002 ms
249,3451.000000000002 ms
249,3468.550000000001 ms
249,3473.4000000000015 ms
249,3496.000000000002 ms
249,3517.9500000000007 ms
249,3531.6500000000015 ms
249,3534.4500000000007 ms
249,3561.4000000000015 ms
249,3567.800000000001 ms
249,3583.9000000000015 ms
249,3596.4500000000007 ms
249,3599.000000000002 ms
249,3599.6500000000015 ms
249,3600.6000000000013 ms
249,3618.1500000000015 ms
249,3619.9500000000016 ms
249,3627.750000000002 ms
249,3642.350000000002 ms
249,3654.750000000002 ms
249,3698.050000000002 ms
249,3702.100000000002 ms
249,3709.1500000000024 ms
249,3713.4500000000025 ms
249,3728.9000000000024 ms
249,3732.2000000000025 ms
249,3738.9500000000025 ms
249,3750.1500000000024 ms
249,3755.0000000000027 ms
249,3763.850000000002 ms
249,3783.2000000000025 ms
249,3804.7000000000025 ms
249,3862.4500000000025 ms
249,3871.000000000002 ms
249,3892.850000000002 ms
249,3898.600000000002 ms
249,3912.6500000000024 ms
249,3915.850000000002 ms
249,3918.500000000002 ms
249,3922.600000000002 ms
249,3922.9500000000025 ms
249,3946.600000000002 ms
249,3958.550000000002 ms
249,3968.300000000002 ms
249,3982.100000000002 ms
249,3989.000000000002 ms
250,8.05 ms
250,16.85 ms
250,22.4 ms
250,36.0 ms
250,58.650000000000006 ms
250,58.85000000000001 ms
250,76.45 ms
250,83.85000000000001 ms
250,85.10000000000004 ms
250,94.35000000000001 ms
250,98.00000000000001 ms
250,104.70000000000003 ms
250,105.90000000000005 ms
250,125.25000000000004 ms
250,133.8 ms
250,149.90000000000003 ms
250,153.60000000000002 ms
250,160.10000000000002 ms
250,161.45000000000005 ms
250,202.3 ms
250,213.85000000000002 ms
250,215.8 ms
250,233.05 ms
250,247.95 ms
250,277.05 ms
250,277.7 ms
250,306.59999999999997 ms
250,307.0499999999999 ms
250,321.6499999999999 ms
250,341.90000000000003 ms
250,349.09999999999997 ms
250,361.0499999999999 ms
250,372.55 ms
250,378.74999999999994 ms
250,404.84999999999997 ms
250,411.45 ms
250,438.3 ms
250,447.49999999999994 ms
250,449.50000000000006 ms
250,451.49999999999994 ms
250,461.34999999999997 ms
250,461.55 ms
250,463.24999999999994 ms
250,494.1499999999999 ms
250,508.0499999999999 ms
250,517.1999999999998 ms
250,519.0 ms
250,533.0999999999999 ms
250,552.1999999999998 ms
250,592.4499999999998 ms
250,592.9000000000001 ms
250,597.0999999999999 ms
250,602.5999999999999 ms
250,624.5 ms
250,625.3 ms
250,634.6499999999999 ms
250,639.7 ms
250,640.1499999999999 ms
250,670.95 ms
250,680.55 ms
250,685.75 ms
250,696.1500000000001 ms
250,696.8499999999999 ms
250,697.5500000000002 ms
250,712.25 ms
250,738.9500000000003 ms
250,740.9500000000003 ms
250,764.75 ms
250,765.1500000000001 ms
250,772.6500000000001 ms
250,786.95 ms
250,789.6500000000001 ms
250,804.5 ms
250,807.6000000000001 ms
250,811.0000000000002 ms
250,811.8500000000001 ms
250,820.8500000000001 ms
250,831.4000000000001 ms
250,843.25 ms
250,856.0 ms
250,864.1000000000001 ms
250,871.1500000000001 ms
250,876.9000000000001 ms
250,901.4000000000001 ms
250,940.25 ms
250,948.9000000000001 ms
250,958.8000000000002 ms
250,978.7 ms
250,1008.55 ms
250,1014.3 ms
250,1023.2 ms
250,1031.3500000000001 ms
250,1036.7 ms
250,1046.3500000000001 ms
250,1055.6000000000001 ms
250,1060.3999999999999 ms
250,1061.55 ms
250,1071.5000000000002 ms
250,1098.9500000000005 ms
250,1106.7 ms
250,1122.5000000000002 ms
250,1124.4500000000005 ms
250,1128.7500000000002 ms
250,1129.8500000000001 ms
250,1133.3999999999999 ms
250,1148.6000000000001 ms
250,1150.5500000000004 ms
250,1153.2000000000005 ms
250,1160.7500000000002 ms
250,1166.8 ms
250,1167.6000000000001 ms
250,1169.0000000000002 ms
250,1179.1500000000003 ms
250,1191.1500000000003 ms
250,1194.45 ms
250,1207.3500000000001 ms
250,1210.5000000000002 ms
250,1213.5500000000004 ms
250,1223.3500000000001 ms
250,1227.45 ms
250,1233.05 ms
250,1240.6499999999999 ms
250,1264.4999999999998 ms
250,1265.3 ms
250,1283.0000000000002 ms
250,1298.9999999999998 ms
250,1321.0999999999997 ms
250,1328.7499999999998 ms
250,1329.7 ms
250,1347.4000000000003 ms
250,1349.0000000000002 ms
250,1352.9000000000003 ms
250,1358.8000000000004 ms
250,1370.6500000000003 ms
250,1373.8500000000001 ms
250,1381.95 ms
250,1388.7499999999998 ms
250,1391.7500000000002 ms
250,1393.8500000000001 ms
250,1396.05 ms
250,1397.2 ms
250,1416.6500000000003 ms
250,1418.45 ms
250,1420.4999999999998 ms
250,1427.8 ms
250,1428.8999999999999 ms
250,1440.9999999999998 ms
250,1453.8499999999997 ms
250,1466.3 ms
250,1477.6499999999999 ms
250,1480.3999999999994 ms
250,1498.3499999999997 ms
250,1537.05 ms
250,1548.4999999999998 ms
250,1552.6499999999999 ms
250,1558.2499999999998 ms
250,1567.1499999999999 ms
250,1570.3500000000001 ms
250,1573.7 ms
250,1578.1499999999999 ms
250,1595.8500000000001 ms
250,1600.8 ms
250,1604.8499999999997 ms
250,1651.6499999999999 ms
250,1662.6000000000001 ms
250,1675.0000000000002 ms
250,1690.4000000000003 ms
250,1730.45 ms
250,1732.3500000000001 ms
250,1746.6499999999999 ms
250,1750.2499999999998 ms
250,1775.8499999999997 ms
250,1778.7499999999998 ms
250,1791.7 ms
250,1792.9000000000003 ms
250,1799.0500000000004 ms
250,1829.4500000000005 ms
250,1835.7 ms
250,1844.05 ms
250,1849.1000000000001 ms
250,1868.95 ms
250,1879.6500000000003 ms
250,1885.0500000000004 ms
250,1885.3 ms
250,1886.7500000000002 ms
250,1901.4500000000005 ms
250,1904.0500000000004 ms
250,1936.5000000000002 ms
250,1945.2500000000002 ms
250,1959.9000000000003 ms
250,1960.1500000000003 ms
250,1973.1500000000003 ms
250,1973.6500000000003 ms
250,2007.95 ms
250,2032.5000000000002 ms
250,2032.6000000000001 ms
250,2043.1000000000001 ms
250,2057.2 ms
250,2072.3 ms
250,2088.1500000000005 ms
250,2095.05 ms
250,2101.5 ms
250,2103.45 ms
250,2111.05 ms
250,2120.249999999999 ms
250,2154.3999999999996 ms
250,2164.3999999999996 ms
250,2177.1499999999996 ms
250,2179.8499999999995 ms
250,2183.3499999999995 ms
250,2241.3499999999995 ms
250,2281.5999999999995 ms
250,2285.7999999999993 ms
250,2324.449999999999 ms
250,2335.8999999999996 ms
250,2339.8999999999996 ms
250,2365.5499999999993 ms
250,2372.749999999999 ms
250,2377.199999999999 ms
250,2380.749999999999 ms
250,2393.0499999999993 ms
250,2394.2999999999993 ms
250,2404.5999999999995 ms
250,2418.999999999999 ms
250,2433.45 ms
250,2440.2 ms
250,2447.749999999999 ms
250,2453.499999999999 ms
250,2461.499999999999 ms
250,2462.45 ms
250,2541.749999999999 ms
250,2547.999999999999 ms
250,2557.45 ms
250,2575.8999999999987 ms
250,2582.249999999999 ms
250,2612.0499999999993 ms
250,2625.8499999999995 ms
250,2635.0499999999993 ms
250,2638.499999999999 ms
250,2643.499999999999 ms
250,2644.749999999999 ms
250,2661.0999999999995 ms
250,2718.1499999999987 ms
250,2728.749999999999 ms
250,2741.499999999999 ms
250,2745.5999999999995 ms
250,2761.3499999999995 ms
250,2762.3499999999995 ms
250,2763.749999999999 ms
250,2768.3499999999995 ms
250,2781.499999999999 ms
250,2783.249999999999 ms
250,2793.499999999999 ms
250,2796.1499999999987 ms
250,2798.2 ms
250,2809.1499999999987 ms
250,2843.45 ms
250,2853.7999999999993 ms
250,2858.5499999999993 ms
250,2861.699999999999 ms
250,2887.0999999999995 ms
250,2889.3499999999995 ms
250,2892.5499999999993 ms
250,2896.2999999999993 ms
250,2941.749999999999 ms
250,2963.8499999999995 ms
250,2977.949999999999 ms
250,2999.249999999999 ms
250,3011.449999999999 ms
250,3012.2999999999993 ms
250,3021.449999999999 ms
250,3022.249999999999 ms
250,3046.1499999999987 ms
250,3059.2999999999993 ms
250,3068.5999999999995 ms
250,3071.95 ms
250,3073.5999999999995 ms
250,3086.95 ms
250,3087.749999999999 ms
250,3095.1499999999996 ms
250,3101.3499999999995 ms
250,3103.0499999999993 ms
250,3111.8499999999995 ms
250,3115.5499999999993 ms
250,3128.0499999999993 ms
250,3141.999999999999 ms
250,3149.7999999999993 ms
250,3164.3999999999996 ms
250,3172.3499999999985 ms
250,3181.1499999999996 ms
250,3190.449999999999 ms
250,3200.1499999999996 ms
250,3202.6499999999996 ms
250,3223.499999999999 ms
250,3273.999999999999 ms
250,3281.449999999999 ms
250,3332.1499999999987 ms
250,3333.749999999999 ms
250,3335.5499999999984 ms
250,3339.999999999999 ms
250,3355.3999999999987 ms
250,3364.5499999999984 ms
250,3374.3999999999987 ms
250,3376.0499999999984 ms
250,3380.949999999999 ms
250,3397.8999999999987 ms
250,3404.3999999999987 ms
250,3409.699999999999 ms
250,3410.5999999999985 ms
250,3419.249999999999 ms
250,3428.449999999999 ms
250,3454.999999999999 ms
250,3468.449999999999 ms
250,3475.3999999999987 ms
250,3486.8499999999985 ms
250,3497.699999999999 ms
250,3504.949999999999 ms
250,3509.249999999998 ms
250,3519.7999999999993 ms
250,3546.949999999999 ms
250,3554.749999999999 ms
250,3599.3499999999995 ms
250,3605.7999999999984 ms
250,3608.449999999999 ms
250,3612.249999999999 ms
250,3618.1499999999987 ms
250,3624.45 ms
250,3641.0999999999995 ms
250,3651.8999999999996 ms
250,3656.0999999999995 ms
250,3691.249999999999 ms
250,3691.999999999999 ms
250,3699.8999999999996 ms
250,3706.7 ms
250,3712.8999999999996 ms
250,3734.7999999999993 ms
250,3742.45 ms
250,3749.3999999999996 ms
250,3767.5999999999995 ms
250,3769.999999999999 ms
250,3770.999999999999 ms
250,3771.8 ms
250,3792.0999999999995 ms
250,3819.9000000000005 ms
250,3823.45 ms
250,3824.500000000001 ms
250,3826.1500000000005 ms
250,3829.55 ms
250,3855.55 ms
250,3858.6500000000005 ms
250,3860.3500000000004 ms
250,3890.7000000000007 ms
250,3898.8500000000004 ms
250,3906.7000000000007 ms
250,3976.75 ms
250,3985.9500000000007 ms
250,3998.3500000000004 ms
251,15.75 ms
251,21.799999999999997 ms
251,27.25 ms
251,54.3 ms
251,62.349999999999994 ms
251,85.54999999999998 ms
251,94.15 ms
251,124.85 ms
251,175.44999999999996 ms
251,185.39999999999995 ms
251,191.69999999999996 ms
251,209.95000000000002 ms
251,212.65 ms
251,223.6 ms
251,245.74999999999997 ms
251,245.9 ms
251,254.6 ms
251,257.9 ms
251,259.75 ms
251,316.15 ms
251,333.19999999999993 ms
251,351.69999999999993 ms
251,354.69999999999993 ms
251,356.35 ms
251,373.7499999999999 ms
251,378.35 ms
251,382.85 ms
251,391.44999999999993 ms
251,405.1 ms
251,417.1 ms
251,418.2499999999999 ms
251,420.29999999999995 ms
251,425.94999999999993 ms
251,462.44999999999993 ms
251,468.3499999999999 ms
251,490.2499999999999 ms
251,504.69999999999993 ms
251,511.0999999999998 ms
251,524.6999999999999 ms
251,533.4 ms
251,540.9999999999999 ms
251,552.2999999999998 ms
251,553.7999999999998 ms
251,572.4 ms
251,573.0499999999998 ms
251,574.3499999999998 ms
251,577.5999999999998 ms
251,585.6499999999997 ms
251,595.7999999999996 ms
251,624.9999999999997 ms
251,645.8499999999998 ms
251,685.0999999999998 ms
251,690.5499999999998 ms
251,701.15 ms
251,714.9999999999999 ms
251,725.1999999999999 ms
251,747.8000000000001 ms
251,769.9499999999999 ms
251,771.65 ms
251,780.2500000000001 ms
251,787.0500000000001 ms
251,789.1999999999999 ms
251,789.3499999999998 ms
251,793.4999999999999 ms
251,796.7999999999998 ms
251,811.2499999999999 ms
251,821.1999999999999 ms
251,826.5500000000001 ms
251,829.4499999999999 ms
251,847.9999999999999 ms
251,887.3999999999997 ms
251,915.3499999999998 ms
251,938.1 ms
251,975.3000000000001 ms
251,989.4499999999999 ms
251,990.15 ms
251,1000.4 ms
251,1009.1999999999999 ms
251,1024.8000000000002 ms
251,1055.3000000000002 ms
251,1113.0 ms
251,1156.6 ms
251,1164.4499999999998 ms
251,1165.1 ms
251,1170.15 ms
251,1175.7499999999995 ms
251,1189.4999999999995 ms
251,1211.9499999999998 ms
251,1237.1499999999996 ms
251,1237.9499999999998 ms
251,1277.75 ms
251,1286.4499999999998 ms
251,1310.5 ms
251,1315.3499999999995 ms
251,1330.1999999999998 ms
251,1332.5499999999993 ms
251,1352.2499999999995 ms
251,1352.5999999999995 ms
251,1382.5999999999995 ms
251,1392.8499999999995 ms
251,1413.3499999999995 ms
251,1414.2499999999995 ms
251,1427.0999999999995 ms
251,1427.7499999999995 ms
251,1494.6999999999994 ms
251,1506.3999999999996 ms
251,1534.8999999999996 ms
251,1535.1999999999998 ms
251,1539.1499999999996 ms
251,1590.5999999999995 ms
251,1592.2999999999997 ms
251,1592.9999999999995 ms
251,1599.9 ms
251,1604.65 ms
251,1617.85 ms
251,1634.0 ms
251,1641.75 ms
251,1645.65 ms
251,1647.4 ms
251,1647.85 ms
251,1660.15 ms
251,1669.1 ms
251,1671.85 ms
251,1709.2000000000003 ms
251,1767.15 ms
251,1772.2000000000003 ms
251,1782.7000000000003 ms
251,1811.7000000000003 ms
251,1812.75 ms
251,1816.1999999999998 ms
251,1822.6999999999998 ms
251,1840.1000000000004 ms
251,1862.75 ms
251,1867.3000000000002 ms
251,1884.3000000000002 ms
251,1903.4500000000003 ms
251,1911.6000000000004 ms
251,1936.7500000000005 ms
251,1966.9000000000005 ms
251,1977.6000000000004 ms
251,1978.4000000000005 ms
251,1989.1000000000004 ms
251,1992.1000000000004 ms
251,2021.750000000001 ms
251,2042.1000000000004 ms
251,2072.25 ms
251,2076.0 ms
251,2086.6500000000005 ms
251,2107.500000000001 ms
251,2111.3 ms
251,2125.6500000000005 ms
251,2128.4500000000007 ms
251,2143.1000000000004 ms
251,2146.800000000001 ms
251,2152.8500000000004 ms
251,2168.9500000000007 ms
251,2226.1000000000004 ms
251,2251.6000000000004 ms
251,2256.250000000001 ms
251,2285.7000000000007 ms
251,2290.1500000000005 ms
251,2314.3 ms
251,2315.6500000000005 ms
251,2319.3500000000004 ms
251,2341.55 ms
251,2351.6000000000004 ms
251,2355.5 ms
251,2399.2000000000007 ms
251,2406.8 ms
251,2421.5 ms
251,2459.95 ms
251,2493.3499999999995 ms
251,2506.3499999999995 ms
251,2515.6500000000005 ms
251,2534.0 ms
251,2541.95 ms
251,2548.8999999999996 ms
251,2554.2999999999993 ms
251,2560.7999999999993 ms
251,2561.2999999999993 ms
251,2564.1000000000004 ms
251,2575.1000000000004 ms
251,2579.3500000000004 ms
251,2590.3999999999996 ms
251,2603.6499999999996 ms
251,2646.1499999999996 ms
251,2648.25 ms
251,2654.95 ms
251,2656.5999999999995 ms
251,2658.0999999999995 ms
251,2712.55 ms
251,2721.2 ms
251,2724.3 ms
251,2729.3499999999995 ms
251,2730.05 ms
251,2759.3999999999996 ms
251,2785.45 ms
251,2796.3999999999996 ms
251,2805.5499999999993 ms
251,2826.1000000000004 ms
251,2833.8500000000004 ms
251,2880.2 ms
251,2880.5 ms
251,2885.05 ms
251,2896.7 ms
251,2924.250000000001 ms
251,2932.95 ms
251,2949.95 ms
251,2970.9000000000005 ms
251,2981.8 ms
251,2986.6000000000004 ms
251,2989.1000000000004 ms
251,2993.4500000000007 ms
251,2993.6499999999996 ms
251,3002.4500000000007 ms
251,3006.5 ms
251,3018.800000000001 ms
251,3028.25 ms
251,3039.0 ms
251,3043.050000000001 ms
251,3043.2000000000007 ms
251,3078.1000000000004 ms
251,3081.6500000000015 ms
251,3096.1500000000015 ms
251,3105.800000000001 ms
251,3121.8500000000013 ms
251,3152.9000000000015 ms
251,3155.8500000000013 ms
251,3170.750000000001 ms
251,3175.7000000000016 ms
251,3184.8500000000013 ms
251,3210.550000000001 ms
251,3215.000000000001 ms
251,3244.6000000000013 ms
251,3268.6000000000013 ms
251,3293.1000000000013 ms
251,3304.3500000000013 ms
251,3337.1500000000005 ms
251,3356.7000000000016 ms
251,3396.1500000000005 ms
251,3396.500000000001 ms
251,3432.6500000000005 ms
251,3434.6500000000005 ms
251,3468.300000000001 ms
251,3480.4000000000015 ms
251,3499.500000000001 ms
251,3528.250000000001 ms
251,3530.550000000001 ms
251,3563.1500000000015 ms
251,3591.750000000001 ms
251,3593.4500000000007 ms
251,3601.250000000001 ms
251,3608.050000000001 ms
251,3647.9000000000015 ms
251,3648.4500000000007 ms
251,3653.550000000001 ms
251,3659.250000000001 ms
251,3670.500000000001 ms
251,3676.000000000001 ms
251,3687.2000000000007 ms
251,3690.7000000000007 ms
251,3699.4500000000007 ms
251,3711.8500000000004 ms
251,3715.4000000000015 ms
251,3725.6500000000015 ms
251,3736.800000000001 ms
251,3738.8500000000013 ms
251,3743.550000000001 ms
251,3747.300000000001 ms
251,3750.8500000000013 ms
251,3751.3500000000013 ms
251,3778.250000000001 ms
251,3779.750000000001 ms
251,3781.3500000000013 ms
251,3788.4500000000016 ms
251,3793.300000000001 ms
251,3812.3500000000013 ms
251,3814.300000000001 ms
251,3853.1500000000015 ms
251,3866.000000000001 ms
251,3866.7000000000007 ms
251,3872.9000000000005 ms
251,3876.6000000000004 ms
251,3888.2000000000007 ms
251,3913.0 ms
251,3915.9000000000005 ms
251,3951.250000000001 ms
251,3993.250000000001 ms
251,3998.55 ms
252,8.75 ms
252,9.2 ms
252,36.099999999999994 ms
252,38.80000000000001 ms
252,64.5 ms
252,81.1 ms
252,88.5 ms
252,95.19999999999999 ms
252,108.65 ms
252,110.0 ms
252,110.44999999999999 ms
252,112.44999999999999 ms
252,120.30000000000001 ms
252,133.2 ms
252,168.5 ms
252,171.14999999999998 ms
252,182.05 ms
252,184.85000000000002 ms
252,188.5 ms
252,190.05000000000007 ms
252,221.25000000000006 ms
252,221.65000000000003 ms
252,234.55000000000007 ms
252,249.50000000000006 ms
252,262.45000000000005 ms
252,285.4000000000001 ms
252,296.0 ms
252,300.20000000000005 ms
252,309.55000000000007 ms
252,317.6500000000001 ms
252,323.35000000000014 ms
252,335.4000000000001 ms
252,345.45000000000005 ms
252,351.3000000000002 ms
252,353.35000000000014 ms
252,357.35000000000014 ms
252,368.2500000000001 ms
252,379.70000000000016 ms
252,390.6500000000001 ms
252,392.2500000000001 ms
252,400.5000000000001 ms
252,414.0000000000001 ms
252,421.60000000000014 ms
252,464.95000000000016 ms
252,472.95000000000016 ms
252,483.3000000000002 ms
252,484.5500000000002 ms
252,496.0000000000002 ms
252,520.9500000000002 ms
252,546.9500000000002 ms
252,552.6 ms
252,566.3500000000003 ms
252,604.0500000000003 ms
252,637.4000000000002 ms
252,639.6500000000002 ms
252,714.8000000000001 ms
252,726.6500000000002 ms
252,735.2500000000003 ms
252,767.5500000000003 ms
252,775.3000000000001 ms
252,786.7000000000002 ms
252,799.1 ms
252,830.9 ms
252,845.85 ms
252,848.15 ms
252,855.0500000000001 ms
252,857.2500000000001 ms
252,897.2000000000002 ms
252,913.5000000000001 ms
252,955.2000000000002 ms
252,981.9000000000002 ms
252,990.7500000000003 ms
252,1010.0500000000003 ms
252,1013.9500000000002 ms
252,1023.3000000000003 ms
252,1035.65 ms
252,1040.9500000000003 ms
252,1047.25 ms
252,1051.1 ms
252,1083.65 ms
252,1090.1999999999998 ms
252,1113.1 ms
252,1121.7999999999997 ms
252,1121.9 ms
252,1129.85 ms
252,1135.5499999999997 ms
252,1164.2999999999997 ms
252,1180.75 ms
252,1214.6999999999998 ms
252,1224.5 ms
252,1283.0 ms
252,1287.4499999999998 ms
252,1289.1000000000004 ms
252,1321.8500000000004 ms
252,1330.4499999999998 ms
252,1338.5500000000002 ms
252,1340.35 ms
252,1371.1 ms
252,1376.4499999999998 ms
252,1404.3999999999996 ms
252,1405.8999999999996 ms
252,1407.3000000000002 ms
252,1408.3999999999996 ms
252,1428.3999999999996 ms
252,1428.6499999999996 ms
252,1459.8000000000002 ms
252,1459.9499999999998 ms
252,1461.25 ms
252,1484.8000000000002 ms
252,1490.1499999999996 ms
252,1490.9499999999998 ms
252,1530.1 ms
252,1534.9 ms
252,1540.4499999999998 ms
252,1545.5 ms
252,1560.5499999999997 ms
252,1570.2999999999997 ms
252,1585.35 ms
252,1603.5499999999997 ms
252,1606.1 ms
252,1608.5499999999997 ms
252,1645.0499999999997 ms
252,1646.6 ms
252,1658.5499999999997 ms
252,1659.4999999999995 ms
252,1690.65 ms
252,1708.4499999999998 ms
252,1732.0 ms
252,1738.6999999999998 ms
252,1739.25 ms
252,1743.5 ms
252,1743.5999999999995 ms
252,1750.8499999999995 ms
252,1756.6999999999998 ms
252,1770.6999999999998 ms
252,1803.8999999999996 ms
252,1805.7499999999995 ms
252,1817.3999999999996 ms
252,1839.7499999999995 ms
252,1841.0499999999997 ms
252,1852.3499999999995 ms
252,1876.1999999999994 ms
252,1897.5499999999993 ms
252,1897.999999999999 ms
252,1910.5999999999995 ms
252,1931.6499999999992 ms
252,1938.0499999999993 ms
252,1948.0999999999995 ms
252,1951.699999999999 ms
252,1976.0999999999995 ms
252,1987.0999999999995 ms
252,1987.6499999999992 ms
252,2021.0499999999993 ms
252,2021.9499999999994 ms
252,2031.5499999999993 ms
252,2043.5999999999995 ms
252,2044.8499999999995 ms
252,2048.749999999999 ms
252,2060.1499999999987 ms
252,2062.3499999999995 ms
252,2068.7999999999984 ms
252,2076.1499999999987 ms
252,2088.0499999999984 ms
252,2107.0499999999984 ms
252,2118.3999999999987 ms
252,2153.249999999999 ms
252,2164.199999999998 ms
252,2188.199999999998 ms
252,2188.6499999999987 ms
252,2191.749999999998 ms
252,2206.249999999998 ms
252,2206.8499999999985 ms
252,2207.749999999998 ms
252,2227.949999999998 ms
252,2229.399999999998 ms
252,2236.0499999999975 ms
252,2256.449999999998 ms
252,2257.149999999998 ms
252,2289.8499999999976 ms
252,2301.699999999998 ms
252,2309.949999999998 ms
252,2311.5499999999975 ms
252,2351.0499999999975 ms
252,2359.149999999998 ms
252,2367.2499999999973 ms
252,2384.649999999997 ms
252,2391.699999999998 ms
252,2417.0499999999975 ms
252,2430.399999999998 ms
252,2438.8499999999967 ms
252,2441.4999999999973 ms
252,2444.899999999997 ms
252,2450.5999999999976 ms
252,2461.699999999997 ms
252,2462.149999999997 ms
252,2471.4999999999973 ms
252,2494.149999999997 ms
252,2513.9999999999973 ms
252,2547.8499999999967 ms
252,2550.5999999999967 ms
252,2577.899999999997 ms
252,2588.3499999999967 ms
252,2609.649999999997 ms
252,2624.9999999999973 ms
252,2626.199999999996 ms
252,2668.649999999997 ms
252,2671.849999999996 ms
252,2682.9999999999964 ms
252,2701.2499999999964 ms
252,2750.899999999996 ms
252,2769.399999999996 ms
252,2783.5999999999967 ms
252,2794.8499999999967 ms
252,2838.699999999996 ms
252,2842.199999999996 ms
252,2842.599999999996 ms
252,2844.2999999999965 ms
252,2848.7999999999965 ms
252,2862.699999999996 ms
252,2871.4999999999964 ms
252,2907.3499999999967 ms
252,2909.0499999999956 ms
252,2916.149999999996 ms
252,2917.399999999996 ms
252,2928.699999999996 ms
252,2933.5499999999965 ms
252,2936.349999999996 ms
252,2941.149999999997 ms
252,2941.399999999997 ms
252,2950.699999999996 ms
252,2950.7999999999965 ms
252,2958.3499999999967 ms
252,2966.3499999999967 ms
252,2968.7999999999965 ms
252,3006.449999999996 ms
252,3012.199999999996 ms
252,3018.449999999996 ms
252,3034.8499999999967 ms
252,3037.9999999999964 ms
252,3040.7499999999964 ms
252,3046.0499999999975 ms
252,3067.949999999997 ms
252,3069.0999999999967 ms
252,3072.199999999997 ms
252,3124.199999999997 ms
252,3127.199999999997 ms
252,3136.3499999999967 ms
252,3142.5499999999975 ms
252,3145.7999999999975 ms
252,3171.4999999999964 ms
252,3193.649999999997 ms
252,3199.149999999997 ms
252,3210.149999999997 ms
252,3213.399999999997 ms
252,3228.0999999999967 ms
252,3245.2999999999965 ms
252,3253.3499999999967 ms
252,3314.449999999997 ms
252,3325.7499999999964 ms
252,3331.949999999997 ms
252,3337.0499999999965 ms
252,3352.7499999999964 ms
252,3357.7499999999964 ms
252,3368.949999999996 ms
252,3388.849999999996 ms
252,3397.599999999996 ms
252,3406.5499999999965 ms
252,3416.599999999996 ms
252,3437.5499999999965 ms
252,3438.849999999996 ms
252,3446.449999999996 ms
252,3452.9999999999964 ms
252,3464.949999999996 ms
252,3477.649999999996 ms
252,3499.399999999996 ms
252,3500.599999999996 ms
252,3528.2999999999956 ms
252,3532.2499999999955 ms
252,3537.349999999996 ms
252,3540.6999999999953 ms
252,3568.099999999995 ms
252,3575.599999999995 ms
252,3592.649999999996 ms
252,3628.7999999999956 ms
252,3631.1999999999953 ms
252,3649.2499999999964 ms
252,3662.6999999999953 ms
252,3692.599999999996 ms
252,3696.5499999999956 ms
252,3702.649999999996 ms
252,3708.099999999995 ms
252,3711.399999999996 ms
252,3730.4999999999955 ms
252,3731.1999999999953 ms
252,3733.649999999995 ms
252,3738.849999999995 ms
252,3754.349999999995 ms
252,3764.0499999999947 ms
252,3766.599999999995 ms
252,3793.349999999995 ms
252,3794.1999999999953 ms
252,3797.6999999999953 ms
252,3826.399999999994 ms
252,3851.2499999999945 ms
252,3854.599999999995 ms
252,3876.649999999994 ms
252,3884.9499999999953 ms
252,3916.149999999994 ms
252,3917.149999999994 ms
252,3917.5499999999947 ms
252,3938.349999999995 ms
252,3945.399999999995 ms
252,3960.899999999995 ms
252,3966.6999999999953 ms
252,3978.899999999995 ms
252,3996.5499999999947 ms
252,3999.7499999999955 ms
253,7.0 ms
253,19.0 ms
253,22.6 ms
253,26.25 ms
253,59.2 ms
253,60.900000000000006 ms
253,62.2 ms
253,77.74999999999999 ms
253,92.09999999999998 ms
253,105.55 ms
253,111.95 ms
253,120.74999999999999 ms
253,147.45 ms
253,158.25 ms
253,160.95 ms
253,198.89999999999998 ms
253,212.14999999999998 ms
253,228.2 ms
253,263.0 ms
253,336.45000000000005 ms
253,343.3499999999999 ms
253,362.15 ms
253,379.0 ms
253,383.6 ms
253,388.80000000000007 ms
253,406.25 ms
253,414.20000000000005 ms
253,447.79999999999995 ms
253,468.85 ms
253,472.0 ms
253,513.05 ms
253,531.05 ms
253,548.25 ms
253,551.5 ms
253,593.8 ms
253,602.1499999999999 ms
253,627.25 ms
253,633.0999999999999 ms
253,649.45 ms
253,650.2 ms
253,653.75 ms
253,663.6500000000001 ms
253,666.3499999999999 ms
253,673.0500000000002 ms
253,688.3499999999999 ms
253,708.5500000000002 ms
253,720.0500000000002 ms
253,720.95 ms
253,723.0 ms
253,733.5 ms
253,735.6500000000001 ms
253,743.6999999999998 ms
253,748.6500000000001 ms
253,766.4499999999998 ms
253,780.05 ms
253,780.8999999999999 ms
253,781.7 ms
253,796.6499999999999 ms
253,811.55 ms
253,817.05 ms
253,851.25 ms
253,865.3 ms
253,875.2 ms
253,892.95 ms
253,894.7499999999998 ms
253,896.2 ms
253,911.8499999999999 ms
253,933.8499999999999 ms
253,942.8499999999999 ms
253,970.3999999999999 ms
253,984.1499999999999 ms
253,990.4999999999998 ms
253,992.7 ms
253,1016.7 ms
253,1018.05 ms
253,1022.8 ms
253,1023.3499999999999 ms
253,1026.75 ms
253,1037.75 ms
253,1053.1 ms
253,1059.7999999999997 ms
253,1074.9500000000003 ms
253,1102.65 ms
253,1109.25 ms
253,1129.6999999999998 ms
253,1131.1999999999998 ms
253,1137.1999999999998 ms
253,1149.3500000000004 ms
253,1157.25 ms
253,1183.9500000000003 ms
253,1189.0500000000002 ms
253,1218.8500000000004 ms
253,1245.5 ms
253,1250.6500000000005 ms
253,1274.4500000000003 ms
253,1279.65 ms
253,1289.15 ms
253,1294.4500000000003 ms
253,1299.8000000000002 ms
253,1329.0500000000002 ms
253,1335.3000000000002 ms
253,1354.65 ms
253,1362.0500000000002 ms
253,1389.2000000000003 ms
253,1462.9 ms
253,1467.7500000000005 ms
253,1475.0500000000002 ms
253,1481.3500000000004 ms
253,1486.4 ms
253,1492.25 ms
253,1519.35 ms
253,1520.6999999999998 ms
253,1523.5 ms
253,1523.6999999999998 ms
253,1535.1 ms
253,1546.6 ms
253,1548.25 ms
253,1573.15 ms
253,1585.4 ms
253,1598.7000000000003 ms
253,1604.85 ms
253,1608.7000000000003 ms
253,1627.7999999999997 ms
253,1638.65 ms
253,1642.7999999999997 ms
253,1644.4 ms
253,1692.7499999999995 ms
253,1696.2499999999995 ms
253,1706.0499999999997 ms
253,1718.6 ms
253,1726.1 ms
253,1755.2999999999997 ms
253,1759.8999999999996 ms
253,1771.2499999999995 ms
253,1777.7499999999995 ms
253,1799.3999999999996 ms
253,1805.8499999999995 ms
253,1818.5 ms
253,1819.7999999999997 ms
253,1820.6 ms
253,1823.9499999999994 ms
253,1827.6 ms
253,1834.7499999999995 ms
253,1855.15 ms
253,1861.7999999999997 ms
253,1863.15 ms
253,1867.65 ms
253,1878.4999999999995 ms
253,1884.2499999999995 ms
253,1884.4 ms
253,1896.1 ms
253,1901.35 ms
253,1914.1999999999998 ms
253,1921.5499999999997 ms
253,1946.1999999999998 ms
253,1953.75 ms
253,1959.8999999999996 ms
253,1960.25 ms
253,1964.0 ms
253,1969.9499999999998 ms
253,1977.0499999999997 ms
253,1994.7499999999995 ms
253,2001.9999999999995 ms
253,2007.1999999999998 ms
253,2022.4499999999998 ms
253,2052.3999999999996 ms
253,2085.0499999999993 ms
253,2086.95 ms
253,2093.0 ms
253,2102.8 ms
253,2105.1500000000005 ms
253,2125.7 ms
253,2132.8 ms
253,2148.45 ms
253,2152.2 ms
253,2166.3500000000004 ms
253,2191.7000000000007 ms
253,2219.5 ms
253,2226.800000000001 ms
253,2233.2000000000007 ms
253,2247.2000000000007 ms
253,2251.6000000000004 ms
253,2257.2000000000007 ms
253,2263.550000000001 ms
253,2264.300000000001 ms
253,2284.300000000001 ms
253,2298.2000000000007 ms
253,2302.1000000000004 ms
253,2307.3500000000004 ms
253,2314.1000000000004 ms
253,2338.7000000000007 ms
253,2390.2000000000007 ms
253,2397.750000000001 ms
253,2447.500000000001 ms
253,2449.6000000000013 ms
253,2453.4500000000007 ms
253,2453.7000000000007 ms
253,2458.300000000001 ms
253,2492.4500000000007 ms
253,2504.6000000000004 ms
253,2508.8500000000004 ms
253,2519.7000000000007 ms
253,2523.9000000000005 ms
253,2530.3 ms
253,2537.55 ms
253,2542.8500000000013 ms
253,2555.7000000000007 ms
253,2570.4000000000005 ms
253,2612.1000000000004 ms
253,2613.4500000000007 ms
253,2618.05 ms
253,2629.9000000000005 ms
253,2639.0999999999995 ms
253,2640.3499999999995 ms
253,2648.0999999999995 ms
253,2683.3499999999995 ms
253,2695.0999999999995 ms
253,2727.5 ms
253,2729.3500000000004 ms
253,2729.75 ms
253,2770.1000000000004 ms
253,2777.3999999999996 ms
253,2823.1499999999996 ms
253,2847.4500000000007 ms
253,2895.05 ms
253,2898.55 ms
253,2914.4000000000005 ms
253,2921.25 ms
253,2935.05 ms
253,2942.45 ms
253,2950.500000000001 ms
253,2954.750000000001 ms
253,2969.95 ms
253,2971.95 ms
253,2973.8500000000004 ms
253,2992.05 ms
253,3002.4000000000005 ms
253,3003.75 ms
253,3036.2 ms
253,3038.3 ms
253,3045.8 ms
253,3047.8999999999996 ms
253,3054.3999999999996 ms
253,3056.8499999999995 ms
253,3059.1499999999996 ms
253,3075.3499999999995 ms
253,3086.45 ms
253,3088.3999999999987 ms
253,3103.3499999999995 ms
253,3106.1499999999987 ms
253,3140.5499999999993 ms
253,3140.6499999999996 ms
253,3141.0999999999985 ms
253,3141.3499999999985 ms
253,3150.3499999999985 ms
253,3154.6499999999996 ms
253,3178.449999999999 ms
253,3196.0999999999995 ms
253,3200.95 ms
253,3221.5499999999993 ms
253,3267.7999999999993 ms
253,3269.3999999999996 ms
253,3281.749999999999 ms
253,3291.3999999999987 ms
253,3291.749999999999 ms
253,3292.2999999999993 ms
253,3299.2999999999993 ms
253,3301.0999999999995 ms
253,3303.3999999999996 ms
253,3313.5499999999993 ms
253,3314.5 ms
253,3330.949999999999 ms
253,3336.6499999999996 ms
253,3342.8499999999985 ms
253,3343.1499999999996 ms
253,3344.5999999999985 ms
253,3345.249999999999 ms
253,3351.5499999999993 ms
253,3352.7999999999993 ms
253,3361.949999999999 ms
253,3410.0 ms
253,3411.8499999999995 ms
253,3419.45 ms
253,3426.2 ms
253,3439.8999999999987 ms
253,3469.249999999999 ms
253,3470.7999999999993 ms
253,3486.999999999999 ms
253,3501.0999999999995 ms
253,3503.1499999999987 ms
253,3517.2 ms
253,3522.6499999999987 ms
253,3524.2999999999993 ms
253,3530.699999999999 ms
253,3538.1499999999996 ms
253,3548.1499999999996 ms
253,3560.999999999999 ms
253,3611.249999999999 ms
253,3612.3499999999995 ms
253,3616.699999999999 ms
253,3620.5499999999993 ms
253,3652.499999999998 ms
253,3656.749999999998 ms
253,3658.7999999999993 ms
253,3672.449999999999 ms
253,3691.3499999999985 ms
253,3699.6499999999996 ms
253,3706.5999999999985 ms
253,3723.1499999999996 ms
253,3724.1499999999996 ms
253,3734.2999999999993 ms
253,3753.699999999999 ms
253,3809.3999999999996 ms
253,3880.0999999999985 ms
253,3907.449999999999 ms
253,3953.5499999999993 ms
253,3954.3499999999985 ms
253,3966.749999999999 ms
253,3982.8999999999987 ms
253,3985.8499999999995 ms
253,3998.999999999999 ms
254,8.450000000000001 ms
254,40.35 ms
254,44.15 ms
254,73.1 ms
254,73.65 ms
254,81.65 ms
254,82.44999999999999 ms
254,89.1 ms
254,95.65 ms
254,109.69999999999999 ms
254,111.1 ms
254,118.6 ms
254,142.35 ms
254,142.65 ms
254,158.1 ms
254,171.29999999999998 ms
254,172.85 ms
254,188.65 ms
254,193.55000000000004 ms
254,212.00000000000003 ms
254,216.9 ms
254,219.35 ms
254,222.79999999999998 ms
254,225.89999999999995 ms
254,237.59999999999994 ms
254,244.94999999999996 ms
254,247.49999999999997 ms
254,252.65 ms
254,282.79999999999995 ms
254,306.8499999999999 ms
254,319.95000000000005 ms
254,321.5999999999999 ms
254,328.79999999999995 ms
254,342.94999999999993 ms
254,347.04999999999995 ms
254,347.5999999999999 ms
254,349.79999999999995 ms
254,350.29999999999995 ms
254,363.44999999999993 ms
254,380.9 ms
254,381.8499999999999 ms
254,405.44999999999993 ms
254,409.9999999999999 ms
254,411.35 ms
254,415.1 ms
254,455.04999999999995 ms
254,456.5 ms
254,472.04999999999995 ms
254,473.0999999999999 ms
254,473.79999999999995 ms
254,479.4 ms
254,486.15 ms
254,549.4499999999999 ms
254,550.0999999999998 ms
254,554.1499999999997 ms
254,560.1999999999997 ms
254,565.1499999999997 ms
254,576.2499999999999 ms
254,587.4999999999999 ms
254,594.5499999999998 ms
254,604.2499999999999 ms
254,613.8999999999997 ms
254,623.5999999999998 ms
254,626.8999999999997 ms
254,633.2499999999999 ms
254,635.5499999999998 ms
254,672.6999999999997 ms
254,691.3999999999997 ms
254,711.1999999999997 ms
254,720.9499999999999 ms
254,724.9 ms
254,739.35 ms
254,742.3000000000001 ms
254,753.15 ms
254,755.65 ms
254,765.85 ms
254,784.3000000000001 ms
254,785.4000000000002 ms
254,823.4 ms
254,846.8000000000001 ms
254,860.2500000000001 ms
254,872.4500000000002 ms
254,873.3000000000003 ms
254,885.9000000000002 ms
254,912.0500000000001 ms
254,955.0000000000001 ms
254,964.9000000000002 ms
254,979.2000000000002 ms
254,998.7000000000002 ms
254,1029.3000000000002 ms
254,1037.9500000000003 ms
254,1051.0000000000005 ms
254,1057.2000000000003 ms
254,1083.2000000000003 ms
254,1119.0000000000005 ms
254,1135.4 ms
254,1138.5500000000006 ms
254,1157.2000000000003 ms
254,1173.6500000000005 ms
254,1175.5500000000006 ms
254,1189.8500000000008 ms
254,1208.7000000000003 ms
254,1216.0000000000005 ms
254,1243.7500000000005 ms
254,1254.7000000000003 ms
254,1298.9000000000005 ms
254,1308.1000000000004 ms
254,1316.1500000000005 ms
254,1331.0500000000006 ms
254,1334.0500000000006 ms
254,1342.0500000000006 ms
254,1378.1000000000008 ms
254,1403.0500000000006 ms
254,1405.3500000000008 ms
254,1407.7500000000005 ms
254,1429.3500000000008 ms
254,1442.4500000000003 ms
254,1452.0000000000005 ms
254,1465.5000000000005 ms
254,1467.1000000000004 ms
254,1475.2500000000005 ms
254,1490.7500000000005 ms
254,1499.5000000000005 ms
254,1508.9500000000003 ms
254,1537.2000000000003 ms
254,1566.4500000000003 ms
254,1595.4500000000003 ms
254,1601.0500000000006 ms
254,1615.7500000000005 ms
254,1619.4500000000003 ms
254,1638.8000000000006 ms
254,1644.4500000000003 ms
254,1660.8000000000006 ms
254,1668.4500000000003 ms
254,1672.7500000000005 ms
254,1675.5000000000005 ms
254,1677.2000000000003 ms
254,1685.1000000000008 ms
254,1710.2500000000005 ms
254,1725.5500000000006 ms
254,1730.2000000000007 ms
254,1732.000000000001 ms
254,1735.4000000000005 ms
254,1750.4500000000007 ms
254,1756.500000000001 ms
254,1773.000000000001 ms
254,1778.7000000000007 ms
254,1787.8000000000006 ms
254,1801.7000000000007 ms
254,1832.9500000000007 ms
254,1836.9000000000005 ms
254,1848.800000000001 ms
254,1857.8500000000008 ms
254,1865.5500000000006 ms
254,1873.3000000000006 ms
254,1876.5500000000006 ms
254,1896.8000000000006 ms
254,1898.0500000000006 ms
254,1926.000000000001 ms
254,1926.800000000001 ms
254,1949.2000000000007 ms
254,1955.900000000001 ms
254,1986.800000000001 ms
254,1988.250000000001 ms
254,2006.1500000000015 ms
254,2019.6000000000013 ms
254,2053.050000000001 ms
254,2059.6000000000013 ms
254,2125.7000000000016 ms
254,2136.250000000001 ms
254,2163.1000000000013 ms
254,2198.300000000001 ms
254,2202.500000000001 ms
254,2212.3500000000013 ms
254,2238.9500000000007 ms
254,2242.2000000000007 ms
254,2245.4500000000007 ms
254,2279.750000000001 ms
254,2286.050000000001 ms
254,2294.1000000000013 ms
254,2325.6000000000013 ms
254,2347.9500000000016 ms
254,2366.300000000001 ms
254,2369.300000000001 ms
254,2370.500000000001 ms
254,2386.2000000000007 ms
254,2479.4500000000007 ms
254,2486.2000000000007 ms
254,2487.1500000000005 ms
254,2506.4000000000005 ms
254,2508.9000000000005 ms
254,2509.05 ms
254,2528.000000000001 ms
254,2533.6000000000004 ms
254,2548.1500000000005 ms
254,2552.55 ms
254,2555.1000000000013 ms
254,2559.8500000000013 ms
254,2563.4000000000005 ms
254,2571.2000000000016 ms
254,2590.750000000001 ms
254,2608.800000000002 ms
254,2613.300000000002 ms
254,2613.9000000000015 ms
254,2615.750000000002 ms
254,2639.3500000000013 ms
254,2663.2000000000016 ms
254,2665.7000000000016 ms
254,2668.800000000001 ms
254,2672.4500000000007 ms
254,2683.4000000000015 ms
254,2684.9000000000015 ms
254,2707.800000000001 ms
254,2710.800000000001 ms
254,2716.800000000001 ms
254,2749.050000000001 ms
254,2755.6000000000013 ms
254,2756.6000000000013 ms
254,2761.1500000000015 ms
254,2761.7000000000016 ms
254,2764.500000000002 ms
254,2771.9500000000016 ms
254,2779.4500000000016 ms
254,2779.7000000000016 ms
254,2780.1000000000013 ms
254,2784.550000000002 ms
254,2788.250000000001 ms
254,2791.1500000000015 ms
254,2824.000000000002 ms
254,2830.2000000000007 ms
254,2846.8500000000013 ms
254,2847.6000000000013 ms
254,2865.1500000000015 ms
254,2870.1500000000015 ms
254,2879.9500000000016 ms
254,2888.6500000000015 ms
254,2890.6500000000015 ms
254,2899.1000000000013 ms
254,2942.8500000000013 ms
254,2963.9000000000015 ms
254,2972.6500000000015 ms
254,2985.6500000000015 ms
254,3005.7000000000016 ms
254,3012.3500000000013 ms
254,3023.3500000000013 ms
254,3031.000000000002 ms
254,3035.2000000000016 ms
254,3054.1500000000015 ms
254,3058.9500000000016 ms
254,3079.6500000000015 ms
254,3112.7000000000016 ms
254,3113.500000000002 ms
254,3114.050000000002 ms
254,3129.350000000002 ms
254,3143.600000000002 ms
254,3156.350000000002 ms
254,3180.7000000000025 ms
254,3185.2000000000025 ms
254,3189.050000000002 ms
254,3189.600000000002 ms
254,3192.000000000002 ms
254,3225.1500000000024 ms
254,3230.6500000000024 ms
254,3235.350000000002 ms
254,3240.7000000000025 ms
254,3266.600000000002 ms
254,3271.2000000000025 ms
254,3276.500000000002 ms
254,3277.1500000000024 ms
254,3287.6500000000024 ms
254,3292.5000000000027 ms
254,3315.4500000000016 ms
254,3325.6500000000024 ms
254,3329.6000000000013 ms
254,3335.9000000000024 ms
254,3360.9000000000024 ms
254,3361.800000000002 ms
254,3383.9000000000024 ms
254,3387.750000000002 ms
254,3397.4000000000015 ms
254,3408.800000000002 ms
254,3419.9500000000016 ms
254,3421.6500000000024 ms
254,3435.4500000000016 ms
254,3439.050000000002 ms
254,3465.300000000002 ms
254,3486.500000000002 ms
254,3494.4000000000015 ms
254,3503.4000000000015 ms
254,3523.850000000002 ms
254,3525.350000000002 ms
254,3534.800000000001 ms
254,3550.4500000000016 ms
254,3562.6500000000015 ms
254,3566.1000000000013 ms
254,3589.750000000001 ms
254,3590.6000000000013 ms
254,3600.000000000001 ms
254,3616.9000000000015 ms
254,3632.4000000000015 ms
254,3653.4000000000015 ms
254,3654.500000000002 ms
254,3716.750000000002 ms
254,3717.3500000000013 ms
254,3737.4500000000016 ms
254,3756.500000000001 ms
254,3756.8500000000013 ms
254,3761.000000000001 ms
254,3764.300000000002 ms
254,3771.1000000000013 ms
254,3779.000000000002 ms
254,3785.500000000002 ms
254,3791.4000000000015 ms
254,3796.4000000000015 ms
254,3923.1500000000015 ms
254,3923.850000000002 ms
254,3934.4000000000015 ms
254,3959.250000000002 ms
254,3971.800000000002 ms
254,3975.000000000002 ms
254,3988.9000000000015 ms
254,3991.1500000000015 ms
255,8.85 ms
255,29.800000000000004 ms
255,41.449999999999996 ms
255,53.45000000000001 ms
255,68.30000000000001 ms
255,101.65 ms
255,126.6 ms
255,131.85000000000005 ms
255,148.45000000000002 ms
255,173.9 ms
255,176.25000000000003 ms
255,176.40000000000006 ms
255,187.35000000000005 ms
255,189.75000000000003 ms
255,216.50000000000003 ms
255,220.00000000000003 ms
255,225.85 ms
255,231.60000000000005 ms
255,242.45000000000002 ms
255,248.75000000000003 ms
255,251.80000000000004 ms
255,259.85 ms
255,270.95000000000005 ms
255,298.5 ms
255,299.20000000000005 ms
255,299.75 ms
255,307.95000000000005 ms
255,315.75 ms
255,332.20000000000005 ms
255,346.05000000000007 ms
255,358.20000000000005 ms
255,362.25 ms
255,377.70000000000005 ms
255,393.20000000000005 ms
255,396.80000000000007 ms
255,403.4000000000001 ms
255,417.35000000000014 ms
255,493.05000000000007 ms
255,494.1500000000001 ms
255,494.2500000000001 ms
255,533.7000000000002 ms
255,535.0500000000003 ms
255,540.6500000000002 ms
255,550.9500000000002 ms
255,559.5500000000003 ms
255,568.6000000000003 ms
255,585.0500000000003 ms
255,591.9000000000002 ms
255,593.9000000000002 ms
255,602.5000000000003 ms
255,604.0000000000001 ms
255,604.1500000000002 ms
255,616.2000000000002 ms
255,625.6 ms
255,634.4500000000002 ms
255,688.5000000000001 ms
255,697.3500000000003 ms
255,709.4500000000002 ms
255,712.9500000000002 ms
255,726.5000000000001 ms
255,731.9500000000002 ms
255,732.2500000000001 ms
255,743.9 ms
255,744.5000000000001 ms
255,745.65 ms
255,792.4000000000002 ms
255,799.3500000000003 ms
255,799.4500000000002 ms
255,800.1 ms
255,802.9500000000002 ms
255,813.7500000000001 ms
255,823.1000000000003 ms
255,838.1500000000002 ms
255,838.8500000000003 ms
255,853.4500000000002 ms
255,855.2500000000001 ms
255,870.65 ms
255,888.4499999999999 ms
255,906.2000000000002 ms
255,911.35 ms
255,921.5500000000001 ms
255,923.4499999999999 ms
255,934.3000000000001 ms
255,967.2500000000001 ms
255,975.5000000000001 ms
255,991.1000000000003 ms
255,1013.4500000000002 ms
255,1034.35 ms
255,1097.65 ms
255,1107.4500000000003 ms
255,1121.6 ms
255,1121.9500000000003 ms
255,1132.9 ms
255,1146.65 ms
255,1147.8000000000002 ms
255,1148.3000000000002 ms
255,1150.75 ms
255,1158.25 ms
255,1167.1500000000005 ms
255,1181.9500000000003 ms
255,1189.7500000000005 ms
255,1196.4 ms
255,1211.7000000000003 ms
255,1216.8000000000002 ms
255,1222.9500000000003 ms
255,1245.2500000000005 ms
255,1262.85 ms
255,1276.7500000000005 ms
255,1279.2000000000003 ms
255,1295.3500000000004 ms
255,1302.9000000000005 ms
255,1309.3500000000004 ms
255,1315.7500000000005 ms
255,1318.2000000000003 ms
255,1320.5500000000006 ms
255,1328.4500000000003 ms
255,1331.5500000000006 ms
255,1336.9 ms
255,1343.0500000000006 ms
255,1343.3500000000004 ms
255,1348.1500000000005 ms
255,1363.6500000000005 ms
255,1402.3000000000002 ms
255,1418.3500000000004 ms
255,1425.9500000000003 ms
255,1428.1000000000004 ms
255,1450.9500000000003 ms
255,1452.5000000000005 ms
255,1464.2500000000005 ms
255,1467.35 ms
255,1471.9 ms
255,1497.0500000000002 ms
255,1504.0 ms
255,1504.4500000000003 ms
255,1515.3500000000004 ms
255,1521.3500000000004 ms
255,1554.7500000000005 ms
255,1560.5500000000006 ms
255,1563.4 ms
255,1582.4500000000003 ms
255,1588.4500000000003 ms
255,1593.7500000000005 ms
255,1606.3000000000002 ms
255,1608.7000000000003 ms
255,1611.3500000000004 ms
255,1622.7500000000005 ms
255,1641.2000000000003 ms
255,1655.5500000000006 ms
255,1677.5500000000006 ms
255,1685.2000000000003 ms
255,1715.6500000000005 ms
255,1719.5000000000005 ms
255,1722.0500000000006 ms
255,1726.7500000000005 ms
255,1754.2000000000003 ms
255,1754.9000000000005 ms
255,1764.9000000000005 ms
255,1772.2000000000007 ms
255,1783.2000000000007 ms
255,1783.9000000000005 ms
255,1786.1500000000005 ms
255,1838.2500000000005 ms
255,1878.3500000000004 ms
255,1892.5500000000002 ms
255,1904.7500000000005 ms
255,1907.1500000000005 ms
255,1908.0000000000005 ms
255,1921.1500000000005 ms
255,1925.2500000000005 ms
255,1931.5500000000006 ms
255,1957.0000000000005 ms
255,1983.7500000000005 ms
255,1985.7500000000005 ms
255,1987.0500000000006 ms
255,1997.6000000000004 ms
255,1998.8000000000002 ms
255,2012.3000000000002 ms
255,2048.0000000000005 ms
255,2082.4500000000003 ms
255,2089.15 ms
255,2096.85 ms
255,2110.1999999999994 ms
255,2111.899999999999 ms
255,2117.849999999999 ms
255,2137.6999999999994 ms
255,2144.399999999999 ms
255,2144.9499999999994 ms
255,2161.399999999999 ms
255,2166.099999999999 ms
255,2199.9999999999995 ms
255,2223.599999999999 ms
255,2226.6999999999985 ms
255,2234.799999999999 ms
255,2256.1499999999983 ms
255,2258.899999999999 ms
255,2259.6999999999994 ms
255,2280.099999999999 ms
255,2295.849999999999 ms
255,2302.149999999999 ms
255,2303.899999999999 ms
255,2308.349999999999 ms
255,2310.9499999999985 ms
255,2326.599999999999 ms
255,2344.549999999999 ms
255,2347.099999999999 ms
255,2352.349999999999 ms
255,2368.899999999999 ms
255,2374.4999999999986 ms
255,2381.549999999999 ms
255,2405.149999999999 ms
255,2418.899999999999 ms
255,2425.849999999999 ms
255,2456.649999999999 ms
255,2468.9499999999994 ms
255,2471.6999999999994 ms
255,2487.2499999999995 ms
255,2508.4499999999994 ms
255,2530.9499999999994 ms
255,2537.299999999999 ms
255,2543.899999999999 ms
255,2548.2999999999997 ms
255,2566.6 ms
255,2572.2999999999997 ms
255,2582.9999999999995 ms
255,2591.2999999999997 ms
255,2612.35 ms
255,2634.7499999999995 ms
255,2653.65 ms
255,2654.1 ms
255,2659.15 ms
255,2660.7000000000003 ms
255,2662.85 ms
255,2691.5499999999997 ms
255,2697.649999999999 ms
255,2699.849999999999 ms
255,2759.4999999999995 ms
255,2769.9999999999995 ms
255,2772.4999999999995 ms
255,2773.5499999999997 ms
255,2802.4999999999995 ms
255,2804.599999999999 ms
255,2812.1999999999994 ms
255,2814.149999999999 ms
255,2833.9499999999994 ms
255,2876.649999999999 ms
255,2878.2499999999986 ms
255,2889.149999999999 ms
255,2893.6999999999994 ms
255,2897.649999999999 ms
255,2900.149999999999 ms
255,2905.149999999999 ms
255,2912.7999999999997 ms
255,2920.9999999999995 ms
255,2926.2999999999997 ms
255,2948.1 ms
255,2965.65 ms
255,2970.1 ms
255,2973.5499999999997 ms
255,2978.1999999999994 ms
255,3013.9499999999994 ms
255,3027.799999999999 ms
255,3044.9999999999986 ms
255,3048.049999999999 ms
255,3049.0499999999997 ms
255,3056.1999999999994 ms
255,3062.299999999999 ms
255,3077.5499999999997 ms
255,3079.899999999999 ms
255,3081.4499999999994 ms
255,3082.6 ms
255,3088.7999999999997 ms
255,3100.049999999999 ms
255,3103.349999999999 ms
255,3130.799999999999 ms
255,3146.9499999999994 ms
255,3156.549999999999 ms
255,3167.1999999999994 ms
255,3168.9999999999995 ms
255,3172.9 ms
255,3181.35 ms
255,3208.599999999999 ms
255,3210.85 ms
255,3213.2499999999995 ms
255,3218.2499999999995 ms
255,3228.4 ms
255,3238.85 ms
255,3241.1999999999994 ms
255,3286.649999999999 ms
255,3293.149999999999 ms
255,3311.4999999999986 ms
255,3321.849999999999 ms
255,3327.4499999999985 ms
255,3348.849999999999 ms
255,3353.4499999999985 ms
255,3357.299999999999 ms
255,3360.799999999999 ms
255,3361.2499999999986 ms
255,3383.299999999999 ms
255,3392.2499999999986 ms
255,3407.9499999999985 ms
255,3416.099999999999 ms
255,3417.7499999999986 ms
255,3421.349999999998 ms
255,3426.4999999999986 ms
255,3427.4499999999985 ms
255,3491.1999999999985 ms
255,3492.299999999998 ms
255,3522.7499999999977 ms
255,3526.7499999999986 ms
255,3533.299999999999 ms
255,3541.1499999999983 ms
255,3552.9999999999977 ms
255,3556.6999999999975 ms
255,3564.4999999999977 ms
255,3573.6499999999983 ms
255,3574.099999999998 ms
255,3582.349999999998 ms
255,3613.7499999999986 ms
255,3635.799999999999 ms
255,3675.1499999999983 ms
255,3681.9499999999985 ms
255,3683.599999999999 ms
255,3692.9499999999985 ms
255,3712.9999999999986 ms
255,3740.049999999999 ms
255,3743.9999999999986 ms
255,3746.799999999999 ms
255,3751.599999999999 ms
255,3754.799999999999 ms
255,3766.599999999999 ms
255,3773.649999999999 ms
255,3775.099999999999 ms
255,3781.9499999999985 ms
255,3787.9999999999986 ms
255,3797.9999999999995 ms
255,3808.4499999999994 ms
255,3850.049999999999 ms
255,3859.8999999999983 ms
255,3860.649999999999 ms
255,3865.9499999999994 ms
255,3886.6999999999985 ms
255,3898.4499999999994 ms
255,3904.1999999999985 ms
255,3909.1499999999983 ms
255,3910.4499999999985 ms
255,3919.9999999999986 ms
255,3934.849999999999 ms
255,3935.399999999999 ms
255,3970.2499999999986 ms
255,3977.399999999999 ms
255,3997.6999999999994 ms
256,2.45 ms
256,2.6000000000000005 ms
256,5.95 ms
256,9.350000000000001 ms
256,12.5 ms
256,13.600000000000001 ms
256,16.700000000000003 ms
256,21.700000000000003 ms
256,27.0 ms
256,31.550000000000004 ms
256,37.15000000000001 ms
256,53.600000000000016 ms
256,56.1 ms
256,63.45000000000001 ms
256,71.4 ms
256,84.25 ms
256,84.6 ms
256,103.19999999999999 ms
256,107.0 ms
256,113.69999999999999 ms
256,170.39999999999998 ms
256,174.5 ms
256,175.84999999999997 ms
256,176.2 ms
256,201.04999999999995 ms
256,201.59999999999997 ms
256,208.39999999999998 ms
256,226.64999999999998 ms
256,229.59999999999997 ms
256,232.45 ms
256,245.79999999999995 ms
256,268.65 ms
256,269.0 ms
256,289.15 ms
256,296.65 ms
256,298.1 ms
256,307.4999999999999 ms
256,330.4 ms
256,342.04999999999984 ms
256,343.15 ms
256,346.9999999999999 ms
256,358.2499999999999 ms
256,358.9999999999999 ms
256,365.6 ms
256,380.19999999999993 ms
256,397.4 ms
256,406.79999999999995 ms
256,422.19999999999993 ms
256,423.9999999999999 ms
256,426.29999999999995 ms
256,436.25 ms
256,438.5999999999999 ms
256,444.4 ms
256,446.6 ms
256,451.2499999999999 ms
256,456.79999999999995 ms
256,457.94999999999993 ms
256,472.8499999999999 ms
256,480.94999999999993 ms
256,486.9999999999999 ms
256,528.55 ms
256,537.55 ms
256,541.3 ms
256,550.3999999999999 ms
256,602.6000000000001 ms
256,605.95 ms
256,617.3 ms
256,629.0000000000002 ms
256,636.45 ms
256,646.3500000000001 ms
256,668.7500000000002 ms
256,673.05 ms
256,680.05 ms
256,712.1500000000001 ms
256,741.25 ms
256,768.4000000000001 ms
256,771.3000000000002 ms
256,773.0 ms
256,782.6000000000001 ms
256,808.3500000000001 ms
256,818.45 ms
256,830.0500000000002 ms
256,831.1000000000001 ms
256,853.2 ms
256,867.9000000000003 ms
256,882.5000000000002 ms
256,888.5500000000002 ms
256,939.3000000000002 ms
256,939.4500000000003 ms
256,940.9500000000003 ms
256,941.0500000000002 ms
256,955.1000000000001 ms
256,987.1500000000001 ms
256,1001.6000000000001 ms
256,1016.5000000000002 ms
256,1017.8500000000001 ms
256,1042.3000000000004 ms
256,1050.6000000000001 ms
256,1059.7 ms
256,1082.2499999999998 ms
256,1096.3499999999997 ms
256,1105.05 ms
256,1105.8 ms
256,1109.2500000000002 ms
256,1121.8 ms
256,1125.3 ms
256,1149.0999999999997 ms
256,1151.3500000000001 ms
256,1169.95 ms
256,1174.8 ms
256,1188.9999999999998 ms
256,1202.0999999999997 ms
256,1214.6999999999996 ms
256,1218.4499999999996 ms
256,1218.5999999999997 ms
256,1228.8499999999997 ms
256,1244.3 ms
256,1257.95 ms
256,1282.9999999999998 ms
256,1318.95 ms
256,1335.1499999999999 ms
256,1337.3500000000001 ms
256,1339.8499999999997 ms
256,1354.6499999999999 ms
256,1361.05 ms
256,1383.3999999999999 ms
256,1398.05 ms
256,1409.55 ms
256,1417.0000000000002 ms
256,1425.4000000000003 ms
256,1438.1000000000001 ms
256,1439.8999999999999 ms
256,1442.9000000000003 ms
256,1444.8999999999999 ms
256,1451.2499999999998 ms
256,1458.05 ms
256,1461.0000000000002 ms
256,1492.1500000000003 ms
256,1492.6000000000001 ms
256,1497.0000000000002 ms
256,1512.55 ms
256,1527.0000000000002 ms
256,1532.0000000000002 ms
256,1540.3500000000001 ms
256,1541.95 ms
256,1542.3500000000001 ms
256,1546.1499999999999 ms
256,1559.7499999999998 ms
256,1563.95 ms
256,1568.6500000000003 ms
256,1570.5000000000002 ms
256,1577.55 ms
256,1579.45 ms
256,1606.95 ms
256,1612.1000000000001 ms
256,1627.7500000000002 ms
256,1636.4000000000003 ms
256,1652.2 ms
256,1656.5000000000002 ms
256,1660.3500000000001 ms
256,1665.6000000000001 ms
256,1678.2 ms
256,1694.9000000000003 ms
256,1695.8000000000004 ms
256,1696.7500000000002 ms
256,1703.4000000000003 ms
256,1711.9000000000003 ms
256,1720.6000000000006 ms
256,1727.6500000000003 ms
256,1728.6500000000003 ms
256,1731.8000000000004 ms
256,1736.3500000000001 ms
256,1748.2500000000002 ms
256,1749.7000000000005 ms
256,1762.6500000000008 ms
256,1767.8500000000006 ms
256,1773.5500000000009 ms
256,1782.4000000000008 ms
256,1825.7500000000007 ms
256,1858.3000000000004 ms
256,1863.5000000000007 ms
256,1879.5000000000002 ms
256,1889.8500000000001 ms
256,1904.6500000000003 ms
256,1928.2500000000002 ms
256,1975.3 ms
256,1993.8500000000001 ms
256,2001.0500000000004 ms
256,2008.5000000000002 ms
256,2019.8 ms
256,2048.5 ms
256,2051.6499999999996 ms
256,2085.05 ms
256,2126.6000000000004 ms
256,2127.1500000000005 ms
256,2136.4000000000005 ms
256,2139.1000000000004 ms
256,2151.9000000000005 ms
256,2164.4500000000007 ms
256,2171.7000000000007 ms
256,2195.500000000001 ms
256,2204.750000000001 ms
256,2217.6000000000013 ms
256,2218.55 ms
256,2227.6500000000005 ms
256,2236.6000000000004 ms
256,2243.6500000000005 ms
256,2277.4500000000007 ms
256,2297.550000000001 ms
256,2317.75 ms
256,2323.300000000001 ms
256,2339.300000000001 ms
256,2360.550000000001 ms
256,2372.550000000001 ms
256,2383.050000000001 ms
256,2386.300000000001 ms
256,2387.9500000000007 ms
256,2443.8500000000004 ms
256,2463.4500000000007 ms
256,2480.4500000000007 ms
256,2485.2000000000007 ms
256,2524.250000000001 ms
256,2529.250000000001 ms
256,2534.7000000000007 ms
256,2560.2000000000007 ms
256,2589.3500000000004 ms
256,2603.300000000001 ms
256,2606.5 ms
256,2619.25 ms
256,2621.1000000000004 ms
256,2636.3500000000004 ms
256,2641.9000000000005 ms
256,2650.4000000000005 ms
256,2656.000000000001 ms
256,2662.8 ms
256,2687.9500000000007 ms
256,2692.7000000000007 ms
256,2703.250000000001 ms
256,2715.250000000001 ms
256,2722.3500000000013 ms
256,2729.6000000000013 ms
256,2770.2000000000007 ms
256,2777.000000000001 ms
256,2809.3500000000013 ms
256,2866.4000000000005 ms
256,2871.6000000000013 ms
256,2878.1000000000013 ms
256,2893.1000000000013 ms
256,2904.000000000001 ms
256,2935.1500000000005 ms
256,2956.6500000000005 ms
256,2959.800000000001 ms
256,2965.500000000001 ms
256,2984.050000000001 ms
256,2993.000000000001 ms
256,3009.1000000000013 ms
256,3072.3500000000013 ms
256,3084.6500000000005 ms
256,3099.750000000001 ms
256,3100.500000000001 ms
256,3121.2000000000007 ms
256,3129.9500000000007 ms
256,3130.300000000001 ms
256,3147.1500000000005 ms
256,3163.9000000000005 ms
256,3175.2000000000007 ms
256,3176.4000000000005 ms
256,3180.8500000000004 ms
256,3191.5 ms
256,3193.6000000000004 ms
256,3196.05 ms
256,3222.6500000000005 ms
256,3225.0999999999995 ms
256,3226.25 ms
256,3252.8999999999996 ms
256,3281.8 ms
256,3304.1000000000004 ms
256,3326.3 ms
256,3357.25 ms
256,3391.05 ms
256,3422.2 ms
256,3437.1500000000005 ms
256,3450.1500000000005 ms
256,3462.4000000000005 ms
256,3476.8 ms
256,3480.7 ms
256,3483.2 ms
256,3514.2 ms
256,3526.500000000001 ms
256,3543.55 ms
256,3562.9000000000005 ms
256,3571.55 ms
256,3574.55 ms
256,3580.6000000000013 ms
256,3628.4500000000007 ms
256,3640.300000000001 ms
256,3675.7000000000007 ms
256,3685.550000000001 ms
256,3707.1000000000004 ms
256,3717.000000000001 ms
256,3729.800000000001 ms
256,3737.800000000001 ms
256,3755.8500000000013 ms
256,3758.050000000001 ms
256,3760.2000000000007 ms
256,3809.8500000000013 ms
256,3844.800000000001 ms
256,3851.800000000001 ms
256,3852.6500000000015 ms
256,3867.4500000000007 ms
256,3875.8500000000013 ms
256,3879.1500000000015 ms
256,3892.500000000002 ms
256,3901.1000000000013 ms
256,3917.500000000001 ms
256,3940.4000000000015 ms
256,3958.9000000000015 ms
256,3961.250000000002 ms
256,3966.750000000002 ms
257,14.15 ms
257,51.35 ms
257,54.15 ms
257,54.35 ms
257,94.4 ms
257,105.80000000000001 ms
257,114.45000000000002 ms
257,122.10000000000002 ms
257,123.05000000000001 ms
257,138.25000000000006 ms
257,170.75000000000006 ms
257,206.55 ms
257,215.85000000000008 ms
257,232.40000000000003 ms
257,237.10000000000008 ms
257,250.85000000000008 ms
257,273.05 ms
257,317.1000000000001 ms
257,324.4500000000001 ms
257,329.8500000000001 ms
257,335.55 ms
257,348.95 ms
257,349.4500000000001 ms
257,351.00000000000006 ms
257,369.1000000000001 ms
257,370.4500000000001 ms
257,378.65000000000003 ms
257,380.00000000000006 ms
257,383.15000000000003 ms
257,415.00000000000006 ms
257,434.3000000000001 ms
257,443.4500000000001 ms
257,455.7000000000001 ms
257,460.8000000000001 ms
257,464.1000000000002 ms
257,476.0500000000001 ms
257,501.1000000000002 ms
257,508.40000000000015 ms
257,514.4500000000003 ms
257,524.4500000000003 ms
257,526.8000000000002 ms
257,560.0000000000002 ms
257,585.6500000000003 ms
257,597.2 ms
257,611.0000000000002 ms
257,632.4000000000001 ms
257,654.5 ms
257,674.75 ms
257,685.8500000000001 ms
257,695.5000000000002 ms
257,705.4000000000001 ms
257,729.0500000000002 ms
257,797.6500000000001 ms
257,798.7 ms
257,803.1500000000001 ms
257,814.95 ms
257,830.7 ms
257,831.6500000000001 ms
257,833.95 ms
257,853.8 ms
257,873.2 ms
257,882.8 ms
257,883.2 ms
257,896.5 ms
257,897.3499999999999 ms
257,903.3499999999999 ms
257,905.9000000000001 ms
257,936.0999999999999 ms
257,943.9000000000001 ms
257,944.25 ms
257,946.55 ms
257,969.5 ms
257,997.25 ms
257,1014.55 ms
257,1037.3 ms
257,1051.7 ms
257,1059.9000000000003 ms
257,1072.6499999999999 ms
257,1083.1500000000003 ms
257,1093.45 ms
257,1094.4000000000003 ms
257,1094.7500000000002 ms
257,1095.2 ms
257,1118.95 ms
257,1139.7 ms
257,1142.2 ms
257,1145.7499999999998 ms
257,1185.8 ms
257,1186.8 ms
257,1209.3 ms
257,1210.3499999999997 ms
257,1215.2499999999998 ms
257,1219.45 ms
257,1277.1500000000003 ms
257,1292.8500000000001 ms
257,1310.6000000000001 ms
257,1332.6000000000001 ms
257,1336.2500000000002 ms
257,1342.4500000000005 ms
257,1356.3000000000004 ms
257,1360.6000000000001 ms
257,1361.3500000000001 ms
257,1421.0000000000002 ms
257,1428.1500000000003 ms
257,1430.0000000000002 ms
257,1432.6000000000001 ms
257,1433.7 ms
257,1448.7 ms
257,1452.9000000000003 ms
257,1472.0000000000002 ms
257,1502.45 ms
257,1503.3500000000001 ms
257,1509.95 ms
257,1511.1000000000001 ms
257,1513.3999999999999 ms
257,1513.6500000000003 ms
257,1540.0000000000002 ms
257,1542.45 ms
257,1542.7 ms
257,1549.55 ms
257,1602.1499999999999 ms
257,1607.3 ms
257,1620.2500000000002 ms
257,1637.55 ms
257,1663.95 ms
257,1669.1500000000003 ms
257,1672.2 ms
257,1683.4999999999998 ms
257,1697.6499999999999 ms
257,1724.8500000000001 ms
257,1744.5500000000004 ms
257,1778.1000000000001 ms
257,1818.5500000000004 ms
257,1828.7000000000005 ms
257,1830.4000000000003 ms
257,1832.5500000000004 ms
257,1837.4000000000003 ms
257,1854.1500000000003 ms
257,1865.9000000000003 ms
257,1873.5000000000002 ms
257,1878.05 ms
257,1878.3999999999999 ms
257,1895.7 ms
257,1920.7 ms
257,1945.1000000000001 ms
257,1968.6499999999999 ms
257,1972.4000000000003 ms
257,1986.3999999999999 ms
257,2013.3500000000001 ms
257,2034.3500000000001 ms
257,2040.6499999999999 ms
257,2040.9999999999998 ms
257,2047.0000000000002 ms
257,2055.1000000000004 ms
257,2055.25 ms
257,2061.8500000000004 ms
257,2074.75 ms
257,2078.8999999999996 ms
257,2109.55 ms
257,2130.8 ms
257,2142.4000000000005 ms
257,2157.4000000000005 ms
257,2183.25 ms
257,2223.8500000000004 ms
257,2230.75 ms
257,2234.75 ms
257,2236.0 ms
257,2242.0 ms
257,2245.45 ms
257,2257.7 ms
257,2266.0999999999995 ms
257,2267.8 ms
257,2287.8 ms
257,2290.3999999999996 ms
257,2300.45 ms
257,2309.0 ms
257,2326.3 ms
257,2335.8500000000004 ms
257,2337.9000000000005 ms
257,2341.7000000000007 ms
257,2355.9000000000005 ms
257,2422.750000000001 ms
257,2430.8 ms
257,2438.000000000001 ms
257,2439.4000000000005 ms
257,2443.8 ms
257,2447.7000000000007 ms
257,2474.6500000000005 ms
257,2476.05 ms
257,2482.2000000000007 ms
257,2498.800000000001 ms
257,2542.2000000000007 ms
257,2595.4000000000005 ms
257,2599.3 ms
257,2601.1000000000013 ms
257,2622.500000000001 ms
257,2622.9000000000005 ms
257,2625.050000000001 ms
257,2626.000000000001 ms
257,2635.250000000001 ms
257,2653.750000000001 ms
257,2659.2000000000007 ms
257,2678.050000000001 ms
257,2682.3500000000004 ms
257,2731.3500000000004 ms
257,2742.8500000000004 ms
257,2770.800000000001 ms
257,2791.9000000000005 ms
257,2808.4000000000005 ms
257,2809.7000000000007 ms
257,2813.750000000001 ms
257,2851.4500000000007 ms
257,2859.550000000001 ms
257,2874.300000000001 ms
257,2875.4000000000005 ms
257,2888.1000000000004 ms
257,2891.9000000000005 ms
257,2909.3500000000004 ms
257,2925.0 ms
257,2931.300000000001 ms
257,2958.050000000001 ms
257,2971.9500000000007 ms
257,3002.250000000001 ms
257,3019.3500000000013 ms
257,3028.4000000000005 ms
257,3062.4000000000005 ms
257,3073.9500000000016 ms
257,3083.3500000000013 ms
257,3102.550000000001 ms
257,3129.750000000001 ms
257,3154.1500000000005 ms
257,3162.7000000000016 ms
257,3180.300000000001 ms
257,3181.500000000001 ms
257,3185.9500000000007 ms
257,3196.2000000000007 ms
257,3199.2000000000007 ms
257,3202.750000000001 ms
257,3209.500000000001 ms
257,3217.750000000001 ms
257,3230.9500000000007 ms
257,3232.1000000000004 ms
257,3232.9500000000007 ms
257,3235.9500000000007 ms
257,3248.550000000001 ms
257,3269.1000000000004 ms
257,3279.8500000000004 ms
257,3287.300000000001 ms
257,3289.9000000000005 ms
257,3318.250000000001 ms
257,3319.750000000001 ms
257,3332.95 ms
257,3345.250000000001 ms
257,3364.1500000000005 ms
257,3367.000000000001 ms
257,3398.000000000001 ms
257,3407.6500000000005 ms
257,3423.4500000000007 ms
257,3428.550000000001 ms
257,3450.3500000000004 ms
257,3467.000000000001 ms
257,3477.6500000000005 ms
257,3505.1000000000013 ms
257,3533.750000000001 ms
257,3551.050000000001 ms
257,3553.1000000000013 ms
257,3597.2000000000016 ms
257,3618.500000000001 ms
257,3647.6000000000013 ms
257,3649.750000000001 ms
257,3653.2000000000016 ms
257,3654.250000000001 ms
257,3674.050000000002 ms
257,3691.9000000000015 ms
257,3722.550000000001 ms
257,3725.100000000002 ms
257,3727.6500000000015 ms
257,3735.4500000000025 ms
257,3752.350000000002 ms
257,3761.750000000002 ms
257,3809.7000000000025 ms
257,3830.6500000000015 ms
257,3830.750000000002 ms
257,3843.1500000000015 ms
257,3849.1500000000015 ms
257,3897.1500000000015 ms
257,3911.4000000000015 ms
257,3921.550000000002 ms
257,3929.250000000002 ms
257,3930.800000000002 ms
257,3935.9000000000024 ms
257,3970.250000000002 ms
257,3984.7000000000016 ms
257,3990.4000000000015 ms
258,70.15 ms
258,82.9 ms
258,86.0 ms
258,136.65 ms
258,145.24999999999997 ms
258,148.04999999999998 ms
258,160.70000000000002 ms
258,168.25000000000003 ms
258,169.95000000000002 ms
258,189.65 ms
258,198.45000000000002 ms
258,222.35000000000005 ms
258,223.50000000000009 ms
258,240.60000000000005 ms
258,241.30000000000004 ms
258,244.30000000000004 ms
258,250.85000000000005 ms
258,262.30000000000007 ms
258,267.05000000000007 ms
258,272.6500000000001 ms
258,330.55000000000007 ms
258,337.1 ms
258,340.05000000000007 ms
258,370.80000000000007 ms
258,374.5000000000001 ms
258,391.7500000000001 ms
258,394.30000000000007 ms
258,402.80000000000007 ms
258,412.30000000000007 ms
258,415.4000000000001 ms
258,427.10000000000014 ms
258,432.25 ms
258,443.05000000000007 ms
258,452.55000000000007 ms
258,497.4000000000001 ms
258,499.95000000000005 ms
258,506.5500000000002 ms
258,510.5000000000001 ms
258,524.0000000000001 ms
258,537.7000000000002 ms
258,543.6 ms
258,549.65 ms
258,553.6500000000002 ms
258,558.9 ms
258,601.4499999999999 ms
258,619.2499999999999 ms
258,624.2500000000001 ms
258,650.9 ms
258,685.1 ms
258,691.2499999999999 ms
258,694.6 ms
258,723.9999999999999 ms
258,783.35 ms
258,803.7499999999999 ms
258,832.9 ms
258,845.5000000000001 ms
258,864.15 ms
258,867.4 ms
258,884.2999999999998 ms
258,890.3499999999998 ms
258,899.1499999999997 ms
258,917.0999999999998 ms
258,1028.25 ms
258,1033.0500000000002 ms
258,1033.75 ms
258,1058.5 ms
258,1087.6 ms
258,1095.85 ms
258,1105.1999999999998 ms
258,1107.0 ms
258,1118.7999999999997 ms
258,1128.8999999999996 ms
258,1130.1499999999996 ms
258,1131.5999999999995 ms
258,1131.8999999999996 ms
258,1155.2499999999995 ms
258,1173.3999999999996 ms
258,1191.1499999999996 ms
258,1209.4499999999998 ms
258,1222.1499999999996 ms
258,1226.4999999999995 ms
258,1227.3999999999996 ms
258,1233.5999999999995 ms
258,1256.0499999999997 ms
258,1266.35 ms
258,1274.5499999999997 ms
258,1307.1999999999998 ms
258,1328.0 ms
258,1339.5999999999995 ms
258,1343.6499999999996 ms
258,1355.5499999999997 ms
258,1364.6999999999998 ms
258,1382.7999999999997 ms
258,1390.0499999999997 ms
258,1406.1499999999996 ms
258,1443.6499999999996 ms
258,1472.7499999999995 ms
258,1474.3999999999996 ms
258,1492.2999999999997 ms
258,1493.4499999999998 ms
258,1515.1499999999996 ms
258,1542.35 ms
258,1558.6999999999998 ms
258,1567.3999999999996 ms
258,1570.0500000000002 ms
258,1590.0 ms
258,1591.25 ms
258,1612.65 ms
258,1637.6 ms
258,1695.85 ms
258,1699.9 ms
258,1713.75 ms
258,1718.85 ms
258,1743.1999999999998 ms
258,1760.4499999999998 ms
258,1766.5 ms
258,1776.0 ms
258,1778.5999999999995 ms
258,1805.1999999999998 ms
258,1811.7999999999993 ms
258,1820.6999999999998 ms
258,1827.5999999999995 ms
258,1831.9499999999998 ms
258,1842.4499999999998 ms
258,1844.4999999999995 ms
258,1845.7999999999997 ms
258,1852.2499999999995 ms
258,1853.6499999999996 ms
258,1867.2499999999995 ms
258,1872.1499999999996 ms
258,1876.0999999999995 ms
258,1877.9499999999998 ms
258,1894.7499999999995 ms
258,1900.3999999999996 ms
258,1923.0999999999995 ms
258,1938.5 ms
258,1942.8499999999995 ms
258,1954.7999999999997 ms
258,1964.2499999999995 ms
258,1965.85 ms
258,1994.9999999999995 ms
258,2001.6999999999998 ms
258,2009.5 ms
258,2014.5499999999997 ms
258,2016.2499999999995 ms
258,2062.5 ms
258,2066.6499999999996 ms
258,2086.2000000000007 ms
258,2148.6000000000004 ms
258,2170.6000000000004 ms
258,2175.3 ms
258,2180.05 ms
258,2185.75 ms
258,2188.45 ms
258,2204.45 ms
258,2225.05 ms
258,2230.749999999999 ms
258,2242.1499999999996 ms
258,2247.95 ms
258,2284.7 ms
258,2294.0999999999995 ms
258,2295.05 ms
258,2319.45 ms
258,2319.8 ms
258,2326.0999999999995 ms
258,2331.3 ms
258,2336.8 ms
258,2351.45 ms
258,2362.0 ms
258,2366.0 ms
258,2370.0 ms
258,2375.1499999999996 ms
258,2381.0 ms
258,2383.3500000000004 ms
258,2403.0499999999993 ms
258,2409.1000000000004 ms
258,2411.45 ms
258,2417.25 ms
258,2418.8500000000004 ms
258,2423.75 ms
258,2483.8 ms
258,2484.4000000000005 ms
258,2494.75 ms
258,2528.1000000000004 ms
258,2534.8999999999996 ms
258,2565.55 ms
258,2568.25 ms
258,2581.75 ms
258,2589.75 ms
258,2613.7 ms
258,2618.8999999999996 ms
258,2620.7999999999993 ms
258,2627.75 ms
258,2646.5999999999995 ms
258,2671.7999999999993 ms
258,2698.499999999999 ms
258,2701.449999999999 ms
258,2711.8999999999987 ms
258,2721.5499999999984 ms
258,2729.2999999999984 ms
258,2737.499999999999 ms
258,2756.0499999999984 ms
258,2761.699999999999 ms
258,2774.449999999999 ms
258,2791.2999999999993 ms
258,2806.5999999999985 ms
258,2809.8499999999985 ms
258,2830.3999999999996 ms
258,2833.6499999999996 ms
258,2841.7999999999993 ms
258,2847.8499999999995 ms
258,2851.0499999999993 ms
258,2869.449999999999 ms
258,2897.7999999999993 ms
258,2899.2999999999993 ms
258,2916.499999999999 ms
258,2930.5999999999995 ms
258,2951.6499999999987 ms
258,2953.0499999999993 ms
258,2967.3999999999996 ms
258,2972.499999999999 ms
258,2987.0499999999993 ms
258,3039.749999999999 ms
258,3067.7999999999993 ms
258,3068.1499999999996 ms
258,3068.999999999999 ms
258,3091.749999999999 ms
258,3098.6499999999987 ms
258,3099.2999999999993 ms
258,3125.8999999999996 ms
258,3132.8499999999985 ms
258,3136.749999999999 ms
258,3173.0999999999995 ms
258,3180.6499999999987 ms
258,3195.7 ms
258,3206.2 ms
258,3219.7 ms
258,3220.6499999999987 ms
258,3257.1499999999987 ms
258,3258.8499999999995 ms
258,3259.0999999999995 ms
258,3278.949999999999 ms
258,3292.449999999999 ms
258,3299.249999999999 ms
258,3305.6499999999987 ms
258,3326.8499999999995 ms
258,3331.2999999999984 ms
258,3345.499999999999 ms
258,3377.8499999999985 ms
258,3378.8499999999985 ms
258,3381.8999999999987 ms
258,3412.249999999999 ms
258,3432.499999999999 ms
258,3433.199999999998 ms
258,3444.949999999998 ms
258,3469.6499999999987 ms
258,3498.949999999998 ms
258,3509.0999999999985 ms
258,3512.0999999999985 ms
258,3512.199999999999 ms
258,3532.649999999998 ms
258,3544.5999999999985 ms
258,3548.8499999999985 ms
258,3550.499999999998 ms
258,3560.8499999999985 ms
258,3592.949999999998 ms
258,3601.999999999998 ms
258,3610.399999999998 ms
258,3612.949999999999 ms
258,3625.499999999998 ms
258,3630.999999999998 ms
258,3644.699999999999 ms
258,3670.249999999998 ms
258,3674.3499999999985 ms
258,3686.949999999999 ms
258,3696.0499999999984 ms
258,3772.8499999999985 ms
258,3787.199999999999 ms
258,3804.7999999999984 ms
258,3818.8999999999987 ms
258,3827.2999999999984 ms
258,3828.1499999999987 ms
258,3828.449999999998 ms
258,3830.999999999999 ms
258,3849.6499999999987 ms
258,3869.449999999999 ms
258,3871.249999999999 ms
258,3885.0499999999993 ms
258,3889.5999999999995 ms
258,3907.0999999999995 ms
258,3907.2 ms
258,3907.95 ms
258,3932.499999999999 ms
258,3940.8499999999995 ms
258,3954.7999999999993 ms
258,3955.2999999999993 ms
258,3963.6499999999996 ms
258,3965.2999999999993 ms
258,3977.199999999999 ms
258,3980.0999999999995 ms
258,3994.2 ms
258,3998.5999999999995 ms
259,27.8 ms
259,29.2 ms
259,58.349999999999994 ms
259,86.85 ms
259,96.85 ms
259,106.0 ms
259,115.1 ms
259,123.79999999999998 ms
259,127.70000000000002 ms
259,131.69999999999996 ms
259,136.20000000000002 ms
259,148.75000000000003 ms
259,167.70000000000002 ms
259,175.35 ms
259,187.29999999999998 ms
259,191.6 ms
259,218.44999999999996 ms
259,222.14999999999995 ms
259,233.94999999999996 ms
259,237.1 ms
259,249.04999999999998 ms
259,269.85 ms
259,280.44999999999993 ms
259,300.35 ms
259,306.9999999999999 ms
259,319.2499999999999 ms
259,359.65 ms
259,360.0 ms
259,361.6 ms
259,374.70000000000005 ms
259,396.6500000000001 ms
259,433.95000000000005 ms
259,442.55000000000007 ms
259,556.9000000000001 ms
259,559.3000000000002 ms
259,565.3000000000002 ms
259,566.7 ms
259,595.95 ms
259,598.75 ms
259,611.75 ms
259,615.4000000000001 ms
259,619.8499999999999 ms
259,630.8000000000002 ms
259,633.6500000000001 ms
259,636.25 ms
259,639.8500000000001 ms
259,644.5000000000002 ms
259,659.05 ms
259,690.2 ms
259,698.45 ms
259,716.25 ms
259,744.95 ms
259,754.05 ms
259,777.6500000000001 ms
259,792.4000000000001 ms
259,830.4000000000001 ms
259,837.4000000000001 ms
259,837.7 ms
259,839.95 ms
259,842.0 ms
259,850.7 ms
259,860.8 ms
259,867.7 ms
259,870.3500000000001 ms
259,887.3999999999999 ms
259,895.75 ms
259,904.7 ms
259,912.5 ms
259,924.0999999999999 ms
259,927.9000000000001 ms
259,934.05 ms
259,939.95 ms
259,947.6499999999999 ms
259,954.3999999999999 ms
259,974.7 ms
259,984.8 ms
259,988.75 ms
259,1047.9 ms
259,1049.2000000000003 ms
259,1052.15 ms
259,1076.75 ms
259,1082.15 ms
259,1091.25 ms
259,1092.6999999999998 ms
259,1095.8000000000002 ms
259,1127.8999999999996 ms
259,1130.5500000000002 ms
259,1173.0 ms
259,1188.9 ms
259,1195.85 ms
259,1198.9 ms
259,1202.85 ms
259,1256.6 ms
259,1271.7000000000003 ms
259,1300.2000000000003 ms
259,1301.25 ms
259,1321.4 ms
259,1328.9 ms
259,1331.15 ms
259,1332.9 ms
259,1363.85 ms
259,1381.65 ms
259,1389.3000000000002 ms
259,1398.9 ms
259,1400.9 ms
259,1424.2000000000003 ms
259,1457.0 ms
259,1464.5500000000002 ms
259,1472.3999999999996 ms
259,1483.3999999999996 ms
259,1518.6999999999998 ms
259,1531.25 ms
259,1557.6999999999998 ms
259,1561.0 ms
259,1567.1999999999998 ms
259,1584.0499999999997 ms
259,1589.6999999999998 ms
259,1593.6499999999996 ms
259,1598.1499999999996 ms
259,1612.1999999999998 ms
259,1631.9499999999998 ms
259,1638.35 ms
259,1683.5499999999997 ms
259,1696.6 ms
259,1696.75 ms
259,1701.0 ms
259,1707.9499999999998 ms
259,1727.9 ms
259,1728.85 ms
259,1742.0500000000002 ms
259,1784.5 ms
259,1797.8500000000004 ms
259,1798.0 ms
259,1806.4500000000003 ms
259,1810.8500000000004 ms
259,1813.5500000000002 ms
259,1818.9500000000007 ms
259,1828.3000000000002 ms
259,1861.5000000000005 ms
259,1890.6500000000005 ms
259,1898.1500000000005 ms
259,1909.0000000000005 ms
259,1929.4500000000003 ms
259,1935.3000000000006 ms
259,1958.5500000000006 ms
259,1961.15 ms
259,1967.65 ms
259,1968.15 ms
259,2006.4 ms
259,2006.65 ms
259,2019.4500000000003 ms
259,2023.1000000000004 ms
259,2027.7000000000003 ms
259,2039.4500000000003 ms
259,2040.2500000000005 ms
259,2059.7499999999995 ms
259,2079.7999999999997 ms
259,2086.8000000000006 ms
259,2090.4500000000003 ms
259,2094.7500000000005 ms
259,2096.1 ms
259,2105.7500000000005 ms
259,2137.2000000000003 ms
259,2138.9 ms
259,2141.5500000000006 ms
259,2163.7999999999997 ms
259,2181.15 ms
259,2210.4 ms
259,2210.6 ms
259,2231.7500000000005 ms
259,2243.1 ms
259,2251.65 ms
259,2251.9 ms
259,2263.4500000000003 ms
259,2270.2500000000005 ms
259,2288.400000000001 ms
259,2294.350000000001 ms
259,2335.2500000000005 ms
259,2346.6 ms
259,2366.0499999999997 ms
259,2377.2000000000003 ms
259,2381.0000000000005 ms
259,2402.9500000000003 ms
259,2405.5499999999997 ms
259,2407.8000000000006 ms
259,2424.5499999999997 ms
259,2427.9999999999995 ms
259,2430.7999999999997 ms
259,2433.3000000000006 ms
259,2463.7000000000003 ms
259,2491.7000000000003 ms
259,2498.4 ms
259,2508.1 ms
259,2509.65 ms
259,2518.7499999999995 ms
259,2519.9 ms
259,2535.4500000000003 ms
259,2538.15 ms
259,2546.2499999999995 ms
259,2566.0000000000005 ms
259,2578.8000000000006 ms
259,2592.2000000000003 ms
259,2594.7500000000005 ms
259,2596.9500000000003 ms
259,2601.15 ms
259,2616.2000000000003 ms
259,2618.0000000000005 ms
259,2621.4500000000003 ms
259,2624.600000000001 ms
259,2634.5000000000005 ms
259,2647.7500000000005 ms
259,2673.400000000001 ms
259,2676.2500000000005 ms
259,2680.400000000001 ms
259,2685.700000000001 ms
259,2690.150000000001 ms
259,2691.850000000001 ms
259,2704.4500000000003 ms
259,2709.15 ms
259,2717.0500000000006 ms
259,2722.2999999999997 ms
259,2762.65 ms
259,2763.2499999999995 ms
259,2785.2500000000005 ms
259,2786.35 ms
259,2806.2999999999997 ms
259,2807.5499999999997 ms
259,2837.35 ms
259,2867.0499999999997 ms
259,2870.149999999999 ms
259,2906.9 ms
259,2910.2499999999995 ms
259,2920.15 ms
259,2920.7000000000003 ms
259,2930.85 ms
259,2939.2999999999997 ms
259,2945.9500000000003 ms
259,2951.7999999999997 ms
259,2956.7499999999995 ms
259,2962.099999999999 ms
259,2991.1999999999994 ms
259,2995.7499999999995 ms
259,2998.4 ms
259,3009.35 ms
259,3032.599999999999 ms
259,3034.6 ms
259,3056.65 ms
259,3065.6 ms
259,3068.2499999999995 ms
259,3082.4 ms
259,3134.9999999999995 ms
259,3140.1999999999994 ms
259,3173.9499999999994 ms
259,3180.1 ms
259,3181.349999999999 ms
259,3185.899999999999 ms
259,3189.599999999999 ms
259,3199.799999999999 ms
259,3228.4499999999994 ms
259,3238.6 ms
259,3263.4 ms
259,3299.2499999999995 ms
259,3301.2999999999997 ms
259,3311.649999999999 ms
259,3317.9499999999994 ms
259,3318.7499999999995 ms
259,3323.4499999999994 ms
259,3345.6 ms
259,3360.0000000000005 ms
259,3360.85 ms
259,3390.2999999999997 ms
259,3400.7999999999997 ms
259,3404.4999999999995 ms
259,3418.4 ms
259,3422.0499999999997 ms
259,3448.399999999999 ms
259,3449.849999999999 ms
259,3462.049999999999 ms
259,3462.5499999999997 ms
259,3476.549999999999 ms
259,3478.649999999999 ms
259,3503.9999999999986 ms
259,3504.399999999999 ms
259,3513.6999999999994 ms
259,3519.399999999999 ms
259,3521.149999999999 ms
259,3598.099999999999 ms
259,3606.4499999999985 ms
259,3610.7499999999986 ms
259,3615.1999999999985 ms
259,3628.1499999999983 ms
259,3628.9999999999986 ms
259,3650.349999999998 ms
259,3681.4999999999986 ms
259,3710.849999999998 ms
259,3711.2499999999986 ms
259,3712.049999999999 ms
259,3733.4999999999986 ms
259,3764.7499999999986 ms
259,3777.049999999999 ms
259,3812.1999999999994 ms
259,3834.1999999999985 ms
259,3835.9499999999994 ms
259,3843.599999999999 ms
259,3844.4499999999985 ms
259,3859.7499999999986 ms
259,3865.649999999999 ms
259,3866.7999999999997 ms
259,3868.1999999999994 ms
259,3882.149999999999 ms
259,3907.399999999999 ms
259,3925.599999999999 ms
259,3947.4999999999995 ms
259,3947.6999999999994 ms
259,3952.9499999999985 ms
259,3981.099999999999 ms
259,3989.799999999999 ms
260,13.700000000000001 ms
260,17.65 ms
260,18.85 ms
260,21.9 ms
260,31.15 ms
260,36.199999999999996 ms
260,40.550000000000004 ms
260,47.25000000000001 ms
260,54.100000000000016 ms
260,63.55000000000002 ms
260,72.10000000000002 ms
260,76.75 ms
260,83.85000000000002 ms
260,87.5 ms
260,132.20000000000002 ms
260,137.10000000000005 ms
260,139.25000000000003 ms
260,139.55000000000004 ms
260,148.60000000000005 ms
260,151.20000000000002 ms
260,157.35000000000005 ms
260,160.00000000000009 ms
260,165.35000000000005 ms
260,223.55000000000004 ms
260,242.20000000000007 ms
260,247.00000000000009 ms
260,249.75000000000009 ms
260,256.1500000000001 ms
260,259.60000000000014 ms
260,269.75 ms
260,279.35000000000014 ms
260,282.35000000000014 ms
260,291.1500000000001 ms
260,314.55000000000007 ms
260,316.4000000000001 ms
260,320.60000000000014 ms
260,343.80000000000007 ms
260,358.85 ms
260,362.1 ms
260,374.05000000000007 ms
260,394.95000000000005 ms
260,403.05000000000007 ms
260,406.6 ms
260,409.80000000000007 ms
260,414.6 ms
260,429.9000000000001 ms
260,455.55000000000007 ms
260,464.6500000000001 ms
260,485.70000000000005 ms
260,491.4000000000001 ms
260,499.05000000000007 ms
260,516.0500000000001 ms
260,532.3000000000001 ms
260,544.6999999999999 ms
260,565.4 ms
260,578.7500000000001 ms
260,592.2500000000001 ms
260,599.3000000000001 ms
260,631.3000000000001 ms
260,640.0000000000001 ms
260,646.8000000000001 ms
260,648.4000000000002 ms
260,649.8500000000003 ms
260,674.5500000000003 ms
260,675.1000000000003 ms
260,694.8000000000003 ms
260,695.2000000000002 ms
260,716.9000000000002 ms
260,732.8000000000001 ms
260,740.1 ms
260,755.9 ms
260,756.0000000000001 ms
260,803.0500000000001 ms
260,806.1 ms
260,807.2000000000002 ms
260,809.6 ms
260,821.5500000000001 ms
260,834.4000000000002 ms
260,854.1000000000003 ms
260,867.8000000000003 ms
260,868.2000000000002 ms
260,879.5000000000001 ms
260,887.4 ms
260,918.9000000000002 ms
260,922.4 ms
260,924.5000000000001 ms
260,927.6000000000003 ms
260,933.1 ms
260,950.8000000000001 ms
260,961.5500000000003 ms
260,971.3000000000001 ms
260,974.2500000000001 ms
260,981.8500000000003 ms
260,995.3500000000003 ms
260,999.7000000000004 ms
260,1013.7500000000003 ms
260,1022.4000000000002 ms
260,1035.5500000000002 ms
260,1056.9 ms
260,1071.7000000000003 ms
260,1092.75 ms
260,1109.0500000000002 ms
260,1122.75 ms
260,1126.8000000000002 ms
260,1139.6999999999998 ms
260,1148.1999999999998 ms
260,1159.9 ms
260,1197.7000000000003 ms
260,1200.5499999999997 ms
260,1207.1 ms
260,1214.25 ms
260,1237.3000000000002 ms
260,1249.1999999999998 ms
260,1298.6000000000004 ms
260,1301.3500000000004 ms
260,1303.3000000000002 ms
260,1316.4 ms
260,1321.5 ms
260,1327.65 ms
260,1337.35 ms
260,1350.0500000000002 ms
260,1389.3000000000002 ms
260,1404.5 ms
260,1407.8000000000002 ms
260,1418.3000000000002 ms
260,1429.3500000000004 ms
260,1431.1000000000004 ms
260,1440.8500000000004 ms
260,1455.9499999999998 ms
260,1481.3000000000002 ms
260,1493.3999999999996 ms
260,1527.3999999999996 ms
260,1527.5500000000002 ms
260,1546.4499999999998 ms
260,1569.25 ms
260,1587.3000000000002 ms
260,1596.5500000000002 ms
260,1620.6 ms
260,1623.7999999999997 ms
260,1666.7000000000003 ms
260,1675.75 ms
260,1693.1999999999998 ms
260,1700.25 ms
260,1704.65 ms
260,1739.9 ms
260,1755.2000000000003 ms
260,1773.9500000000003 ms
260,1811.6 ms
260,1818.4500000000003 ms
260,1824.85 ms
260,1825.3000000000002 ms
260,1826.3000000000002 ms
260,1852.8500000000004 ms
260,1856.9499999999998 ms
260,1861.5500000000002 ms
260,1878.6499999999996 ms
260,1881.85 ms
260,1885.5499999999997 ms
260,1886.35 ms
260,1899.9 ms
260,1937.35 ms
260,1939.2999999999997 ms
260,1941.1 ms
260,1943.35 ms
260,1955.15 ms
260,1957.6 ms
260,1973.65 ms
260,1979.1 ms
260,1989.5499999999997 ms
260,2005.15 ms
260,2016.2499999999995 ms
260,2018.6 ms
260,2070.9999999999995 ms
260,2076.5499999999997 ms
260,2079.649999999999 ms
260,2094.9999999999995 ms
260,2098.9999999999995 ms
260,2102.7499999999995 ms
260,2116.6999999999994 ms
260,2117.9499999999994 ms
260,2120.399999999999 ms
260,2132.6999999999994 ms
260,2133.9999999999995 ms
260,2141.5499999999997 ms
260,2148.7499999999995 ms
260,2149.4999999999995 ms
260,2181.65 ms
260,2217.899999999999 ms
260,2252.9499999999994 ms
260,2258.9999999999995 ms
260,2271.85 ms
260,2280.7500000000005 ms
260,2299.9500000000003 ms
260,2325.2500000000005 ms
260,2337.4999999999995 ms
260,2360.5499999999997 ms
260,2368.9999999999995 ms
260,2370.4499999999994 ms
260,2386.9999999999995 ms
260,2387.4 ms
260,2398.9500000000003 ms
260,2407.0499999999997 ms
260,2412.2499999999995 ms
260,2413.5499999999997 ms
260,2414.7499999999995 ms
260,2421.2999999999997 ms
260,2425.1 ms
260,2440.600000000001 ms
260,2484.1 ms
260,2490.2000000000003 ms
260,2529.100000000001 ms
260,2546.7500000000005 ms
260,2569.1 ms
260,2589.7999999999997 ms
260,2593.5500000000006 ms
260,2635.2500000000005 ms
260,2693.15 ms
260,2701.6 ms
260,2715.2999999999997 ms
260,2733.2499999999995 ms
260,2737.7499999999995 ms
260,2768.9999999999995 ms
260,2775.349999999999 ms
260,2775.9999999999995 ms
260,2777.349999999999 ms
260,2800.4499999999994 ms
260,2800.799999999999 ms
260,2811.7499999999986 ms
260,2812.899999999999 ms
260,2822.349999999999 ms
260,2857.9499999999985 ms
260,2864.1999999999994 ms
260,2865.9499999999985 ms
260,2882.4999999999986 ms
260,2885.9999999999995 ms
260,2887.7999999999997 ms
260,2902.7499999999995 ms
260,2908.349999999999 ms
260,2918.2499999999995 ms
260,2918.899999999999 ms
260,2923.6999999999994 ms
260,2938.6999999999994 ms
260,2945.549999999999 ms
260,2952.849999999999 ms
260,2954.9499999999994 ms
260,2959.299999999999 ms
260,3012.2999999999997 ms
260,3026.549999999999 ms
260,3026.9999999999986 ms
260,3031.349999999999 ms
260,3051.099999999999 ms
260,3054.299999999999 ms
260,3080.799999999999 ms
260,3115.349999999999 ms
260,3133.849999999999 ms
260,3145.399999999999 ms
260,3164.2999999999997 ms
260,3170.4999999999995 ms
260,3174.599999999999 ms
260,3187.149999999999 ms
260,3187.349999999999 ms
260,3190.599999999999 ms
260,3212.9499999999985 ms
260,3226.4999999999986 ms
260,3228.9999999999995 ms
260,3239.6999999999994 ms
260,3252.9999999999995 ms
260,3266.599999999999 ms
260,3267.6999999999985 ms
260,3313.849999999999 ms
260,3317.899999999999 ms
260,3327.349999999999 ms
260,3349.7499999999995 ms
260,3352.649999999999 ms
260,3380.599999999999 ms
260,3384.799999999999 ms
260,3396.599999999999 ms
260,3406.849999999999 ms
260,3411.1999999999985 ms
260,3427.299999999999 ms
260,3443.1499999999983 ms
260,3444.549999999999 ms
260,3455.349999999999 ms
260,3458.849999999999 ms
260,3468.299999999999 ms
260,3475.9499999999994 ms
260,3493.349999999999 ms
260,3496.7499999999995 ms
260,3502.7499999999986 ms
260,3528.4999999999995 ms
260,3529.9499999999994 ms
260,3533.299999999999 ms
260,3535.1499999999983 ms
260,3547.4999999999986 ms
260,3548.849999999998 ms
260,3553.6999999999985 ms
260,3582.8999999999983 ms
260,3602.1999999999985 ms
260,3603.7499999999986 ms
260,3605.549999999999 ms
260,3609.549999999999 ms
260,3617.799999999999 ms
260,3624.1999999999994 ms
260,3648.6999999999985 ms
260,3681.1499999999983 ms
260,3693.349999999998 ms
260,3693.9499999999985 ms
260,3700.4499999999985 ms
260,3714.849999999999 ms
260,3717.599999999998 ms
260,3720.9499999999985 ms
260,3731.099999999999 ms
260,3735.049999999999 ms
260,3741.2499999999986 ms
260,3743.4999999999977 ms
260,3758.099999999998 ms
260,3773.8999999999983 ms
260,3783.8999999999983 ms
260,3792.3999999999983 ms
260,3797.6999999999985 ms
260,3801.099999999999 ms
260,3845.799999999999 ms
260,3889.1499999999983 ms
260,3940.1999999999985 ms
260,3941.099999999999 ms
260,3960.549999999999 ms
260,3965.6999999999985 ms
260,3972.1499999999983 ms
260,3983.4999999999977 ms
260,3987.6999999999975 ms
260,3991.2499999999977 ms
261,11.950000000000001 ms
261,34.900000000000006 ms
261,54.650000000000006 ms
261,56.85000000000001 ms
261,61.10000000000001 ms
261,80.64999999999999 ms
261,81.35000000000001 ms
261,88.05000000000003 ms
261,93.15000000000002 ms
261,94.50000000000001 ms
261,112.2 ms
261,123.49999999999999 ms
261,148.34999999999997 ms
261,150.25 ms
261,157.60000000000002 ms
261,164.60000000000002 ms
261,167.25 ms
261,187.10000000000002 ms
261,189.85000000000002 ms
261,216.39999999999998 ms
261,219.70000000000005 ms
261,224.55 ms
261,234.65000000000003 ms
261,242.7 ms
261,274.50000000000006 ms
261,308.15000000000003 ms
261,310.55 ms
261,336.2 ms
261,337.05 ms
261,337.65000000000003 ms
261,344.1499999999999 ms
261,348.09999999999997 ms
261,370.34999999999997 ms
261,392.90000000000003 ms
261,405.95 ms
261,408.2 ms
261,422.1499999999999 ms
261,427.7999999999999 ms
261,509.3 ms
261,511.65000000000003 ms
261,537.9499999999998 ms
261,547.05 ms
261,549.1499999999999 ms
261,558.3500000000001 ms
261,580.45 ms
261,581.0 ms
261,587.8 ms
261,604.3999999999999 ms
261,617.6000000000001 ms
261,629.7 ms
261,640.8500000000001 ms
261,653.3 ms
261,664.5000000000002 ms
261,684.9000000000001 ms
261,702.5500000000002 ms
261,706.25 ms
261,709.0 ms
261,722.7000000000003 ms
261,762.5 ms
261,763.7000000000003 ms
261,765.1000000000001 ms
261,765.7500000000002 ms
261,785.5000000000002 ms
261,788.7500000000002 ms
261,816.0000000000002 ms
261,816.45 ms
261,823.8500000000001 ms
261,834.9000000000001 ms
261,874.9000000000001 ms
261,912.2 ms
261,930.75 ms
261,937.45 ms
261,955.7 ms
261,965.3500000000001 ms
261,976.55 ms
261,989.8 ms
261,993.2 ms
261,1016.05 ms
261,1021.9000000000001 ms
261,1026.6 ms
261,1045.85 ms
261,1068.4500000000003 ms
261,1086.7999999999997 ms
261,1098.5499999999997 ms
261,1105.4500000000003 ms
261,1107.4500000000003 ms
261,1130.7000000000003 ms
261,1130.7999999999997 ms
261,1135.4500000000003 ms
261,1148.15 ms
261,1151.5500000000002 ms
261,1159.1000000000004 ms
261,1159.9 ms
261,1163.0 ms
261,1163.4499999999998 ms
261,1164.75 ms
261,1181.6999999999998 ms
261,1197.15 ms
261,1211.4500000000003 ms
261,1216.25 ms
261,1216.4 ms
261,1229.5 ms
261,1260.5500000000002 ms
261,1262.5 ms
261,1271.5500000000002 ms
261,1272.0500000000002 ms
261,1287.6 ms
261,1296.9 ms
261,1302.15 ms
261,1319.9499999999998 ms
261,1323.0499999999997 ms
261,1328.6499999999996 ms
261,1337.9499999999998 ms
261,1350.1999999999998 ms
261,1367.7499999999995 ms
261,1378.1499999999996 ms
261,1408.9999999999995 ms
261,1416.9499999999994 ms
261,1422.1499999999996 ms
261,1443.0499999999997 ms
261,1446.9499999999998 ms
261,1455.35 ms
261,1465.9499999999998 ms
261,1474.6 ms
261,1527.75 ms
261,1532.15 ms
261,1544.7000000000003 ms
261,1546.0499999999997 ms
261,1551.9 ms
261,1553.2499999999995 ms
261,1558.9999999999995 ms
261,1584.15 ms
261,1591.6 ms
261,1646.7999999999997 ms
261,1667.65 ms
261,1670.9999999999995 ms
261,1693.7999999999997 ms
261,1724.6999999999998 ms
261,1728.8999999999996 ms
261,1738.5500000000002 ms
261,1772.25 ms
261,1799.25 ms
261,1811.5 ms
261,1811.6999999999998 ms
261,1848.4499999999998 ms
261,1856.3000000000002 ms
261,1857.1499999999996 ms
261,1859.6999999999998 ms
261,1876.0 ms
261,1877.5499999999997 ms
261,1887.6 ms
261,1902.4999999999995 ms
261,1908.2499999999995 ms
261,1941.6999999999998 ms
261,1946.75 ms
261,1967.3499999999995 ms
261,1968.0999999999995 ms
261,2002.8499999999995 ms
261,2009.3999999999996 ms
261,2009.8999999999996 ms
261,2013.3999999999996 ms
261,2017.6499999999996 ms
261,2022.7999999999997 ms
261,2037.2499999999995 ms
261,2038.4 ms
261,2041.2999999999997 ms
261,2051.1 ms
261,2075.1999999999994 ms
261,2085.7499999999995 ms
261,2091.35 ms
261,2109.1999999999994 ms
261,2114.6 ms
261,2119.4 ms
261,2127.9 ms
261,2136.4999999999995 ms
261,2140.0000000000005 ms
261,2140.4500000000003 ms
261,2150.2999999999997 ms
261,2185.2000000000003 ms
261,2191.4 ms
261,2192.399999999999 ms
261,2209.9 ms
261,2212.649999999999 ms
261,2224.4499999999994 ms
261,2226.9500000000003 ms
261,2238.0499999999997 ms
261,2247.2999999999997 ms
261,2251.2499999999995 ms
261,2258.65 ms
261,2261.9999999999995 ms
261,2263.599999999999 ms
261,2295.899999999999 ms
261,2306.599999999999 ms
261,2369.299999999999 ms
261,2376.149999999999 ms
261,2382.0499999999997 ms
261,2384.1999999999994 ms
261,2388.4499999999994 ms
261,2403.35 ms
261,2408.4499999999994 ms
261,2417.9499999999994 ms
261,2444.1 ms
261,2446.5499999999997 ms
261,2454.799999999999 ms
261,2473.4999999999986 ms
261,2510.7499999999995 ms
261,2541.5499999999997 ms
261,2554.4999999999995 ms
261,2569.399999999999 ms
261,2574.899999999999 ms
261,2580.4499999999994 ms
261,2587.2499999999995 ms
261,2590.2499999999995 ms
261,2595.2999999999997 ms
261,2644.649999999999 ms
261,2655.4 ms
261,2655.7999999999997 ms
261,2691.7999999999997 ms
261,2696.149999999999 ms
261,2712.349999999999 ms
261,2720.6 ms
261,2725.9999999999995 ms
261,2727.6999999999994 ms
261,2729.399999999999 ms
261,2736.4999999999986 ms
261,2739.4999999999995 ms
261,2756.4999999999986 ms
261,2761.099999999999 ms
261,2761.799999999999 ms
261,2782.4999999999986 ms
261,2789.349999999998 ms
261,2798.099999999999 ms
261,2801.799999999999 ms
261,2805.6999999999985 ms
261,2808.2499999999986 ms
261,2822.6999999999985 ms
261,2835.9499999999985 ms
261,2846.549999999998 ms
261,2908.349999999998 ms
261,2920.2499999999986 ms
261,2920.4999999999986 ms
261,2925.899999999999 ms
261,2933.349999999999 ms
261,2966.299999999999 ms
261,2979.2499999999986 ms
261,2990.4499999999985 ms
261,2990.599999999998 ms
261,3041.8999999999983 ms
261,3058.599999999998 ms
261,3076.1499999999983 ms
261,3100.6499999999983 ms
261,3104.049999999999 ms
261,3108.599999999999 ms
261,3112.649999999999 ms
261,3123.4999999999986 ms
261,3134.9499999999985 ms
261,3158.599999999999 ms
261,3169.849999999998 ms
261,3180.9999999999986 ms
261,3181.149999999999 ms
261,3183.549999999999 ms
261,3207.9499999999994 ms
261,3233.349999999999 ms
261,3240.649999999999 ms
261,3261.6999999999994 ms
261,3270.35 ms
261,3320.349999999999 ms
261,3335.6999999999994 ms
261,3352.9499999999994 ms
261,3353.35 ms
261,3377.599999999999 ms
261,3380.2499999999995 ms
261,3386.1999999999994 ms
261,3398.399999999999 ms
261,3418.599999999999 ms
261,3425.399999999999 ms
261,3437.599999999999 ms
261,3465.4499999999985 ms
261,3489.599999999999 ms
261,3496.549999999999 ms
261,3500.849999999999 ms
261,3527.9499999999985 ms
261,3532.9499999999994 ms
261,3553.9499999999985 ms
261,3564.1999999999994 ms
261,3588.099999999999 ms
261,3594.599999999999 ms
261,3596.649999999999 ms
261,3624.7499999999986 ms
261,3646.599999999999 ms
261,3662.599999999999 ms
261,3677.549999999999 ms
261,3689.6499999999983 ms
261,3696.2499999999986 ms
261,3698.9999999999986 ms
261,3711.849999999998 ms
261,3715.6999999999985 ms
261,3730.9499999999985 ms
261,3745.099999999999 ms
261,3749.4999999999986 ms
261,3776.4499999999985 ms
261,3783.4999999999986 ms
261,3786.149999999999 ms
261,3788.049999999999 ms
261,3789.799999999999 ms
261,3810.799999999999 ms
261,3815.8999999999983 ms
261,3827.6999999999985 ms
261,3827.9499999999994 ms
261,3831.899999999999 ms
261,3833.099999999999 ms
261,3835.9999999999986 ms
261,3849.6999999999985 ms
261,3862.349999999999 ms
261,3876.9499999999985 ms
261,3886.2499999999986 ms
261,3895.349999999998 ms
261,3897.2499999999986 ms
261,3906.6999999999985 ms
261,3913.3999999999983 ms
261,3919.8999999999983 ms
261,3921.549999999999 ms
261,3923.9999999999986 ms
261,3924.9999999999977 ms
261,3926.7499999999986 ms
261,3939.099999999998 ms
261,3963.2499999999986 ms
261,3963.599999999998 ms
261,3970.2499999999986 ms
261,3977.849999999998 ms
261,3981.549999999998 ms
262,28.75 ms
262,31.950000000000003 ms
262,50.39999999999999 ms
262,52.95 ms
262,90.15000000000002 ms
262,90.39999999999999 ms
262,96.65000000000002 ms
262,96.80000000000003 ms
262,113.40000000000002 ms
262,117.14999999999999 ms
262,121.10000000000001 ms
262,123.35000000000001 ms
262,147.3 ms
262,153.2 ms
262,164.50000000000006 ms
262,170.3 ms
262,186.10000000000008 ms
262,189.3 ms
262,197.75000000000006 ms
262,206.35000000000002 ms
262,207.95000000000005 ms
262,238.8 ms
262,240.75 ms
262,246.39999999999998 ms
262,251.95000000000005 ms
262,258.45000000000005 ms
262,269.6 ms
262,273.15 ms
262,325.15 ms
262,342.1 ms
262,348.95000000000005 ms
262,394.9000000000001 ms
262,400.5 ms
262,430.10000000000014 ms
262,453.70000000000005 ms
262,469.95000000000005 ms
262,485.70000000000005 ms
262,510.0000000000001 ms
262,532.9 ms
262,557.5000000000001 ms
262,569.1000000000003 ms
262,607.5500000000003 ms
262,649.0000000000003 ms
262,653.9500000000004 ms
262,700.2500000000003 ms
262,708.5500000000003 ms
262,731.4000000000002 ms
262,737.1500000000002 ms
262,741.7500000000003 ms
262,746.4500000000004 ms
262,750.3500000000003 ms
262,778.4000000000002 ms
262,788.1000000000003 ms
262,806.0500000000003 ms
262,810.5000000000003 ms
262,836.0000000000003 ms
262,846.1500000000002 ms
262,846.3000000000003 ms
262,851.7000000000002 ms
262,858.0000000000001 ms
262,892.3000000000001 ms
262,895.6 ms
262,934.7000000000002 ms
262,936.3000000000003 ms
262,940.1000000000003 ms
262,949.7500000000001 ms
262,950.9 ms
262,963.35 ms
262,969.8500000000003 ms
262,972.35 ms
262,980.15 ms
262,993.6999999999999 ms
262,1018.2499999999999 ms
262,1032.9 ms
262,1033.4500000000003 ms
262,1041.1 ms
262,1043.7500000000005 ms
262,1049.7000000000003 ms
262,1067.15 ms
262,1075.65 ms
262,1084.15 ms
262,1092.3500000000004 ms
262,1111.2000000000003 ms
262,1128.7000000000003 ms
262,1163.3000000000002 ms
262,1174.4500000000003 ms
262,1177.8500000000004 ms
262,1208.0500000000002 ms
262,1242.5000000000005 ms
262,1261.1000000000004 ms
262,1274.8000000000002 ms
262,1280.4500000000007 ms
262,1284.5000000000005 ms
262,1333.8500000000004 ms
262,1339.2000000000003 ms
262,1360.5500000000002 ms
262,1373.3000000000002 ms
262,1390.25 ms
262,1397.5500000000002 ms
262,1440.3500000000004 ms
262,1449.1999999999998 ms
262,1474.1000000000004 ms
262,1517.65 ms
262,1526.4 ms
262,1543.9 ms
262,1557.35 ms
262,1560.4 ms
262,1571.2000000000003 ms
262,1592.7999999999997 ms
262,1601.2000000000003 ms
262,1629.0 ms
262,1658.85 ms
262,1667.2999999999997 ms
262,1678.35 ms
262,1689.5 ms
262,1718.9 ms
262,1730.15 ms
262,1736.4 ms
262,1736.65 ms
262,1739.4500000000003 ms
262,1741.25 ms
262,1771.3000000000002 ms
262,1788.35 ms
262,1791.5 ms
262,1795.5500000000002 ms
262,1801.1 ms
262,1803.0 ms
262,1803.1999999999998 ms
262,1827.6999999999998 ms
262,1838.1000000000004 ms
262,1855.9 ms
262,1871.75 ms
262,1888.6 ms
262,1931.5499999999997 ms
262,1945.7000000000003 ms
262,1958.35 ms
262,1962.0000000000005 ms
262,1963.9500000000003 ms
262,1969.8500000000004 ms
262,1971.9000000000005 ms
262,1989.1000000000004 ms
262,1993.8500000000004 ms
262,1995.9000000000005 ms
262,1997.25 ms
262,2007.25 ms
262,2033.75 ms
262,2034.8500000000004 ms
262,2068.8500000000004 ms
262,2074.2000000000007 ms
262,2100.3999999999996 ms
262,2104.05 ms
262,2120.7 ms
262,2123.8500000000004 ms
262,2136.5 ms
262,2140.300000000001 ms
262,2168.0 ms
262,2178.8500000000004 ms
262,2183.75 ms
262,2202.9500000000007 ms
262,2214.9500000000007 ms
262,2222.5 ms
262,2248.8500000000004 ms
262,2259.25 ms
262,2263.550000000001 ms
262,2268.1000000000004 ms
262,2268.6500000000015 ms
262,2276.050000000001 ms
262,2288.3500000000013 ms
262,2293.3500000000013 ms
262,2336.000000000001 ms
262,2364.4000000000015 ms
262,2369.3500000000013 ms
262,2390.800000000001 ms
262,2417.1000000000013 ms
262,2417.750000000001 ms
262,2426.1000000000013 ms
262,2427.550000000001 ms
262,2443.250000000001 ms
262,2448.9000000000005 ms
262,2461.3500000000013 ms
262,2467.250000000001 ms
262,2471.250000000001 ms
262,2532.500000000001 ms
262,2541.9000000000005 ms
262,2553.300000000001 ms
262,2570.1000000000013 ms
262,2574.050000000001 ms
262,2575.800000000001 ms
262,2576.9500000000007 ms
262,2589.4000000000015 ms
262,2599.3500000000004 ms
262,2616.1500000000015 ms
262,2622.4000000000015 ms
262,2623.800000000001 ms
262,2634.300000000001 ms
262,2650.9000000000015 ms
262,2663.2000000000007 ms
262,2673.250000000002 ms
262,2674.9000000000015 ms
262,2677.000000000002 ms
262,2685.4500000000007 ms
262,2714.6500000000015 ms
262,2718.050000000001 ms
262,2720.750000000001 ms
262,2722.2000000000007 ms
262,2743.500000000001 ms
262,2781.9500000000007 ms
262,2807.6000000000004 ms
262,2814.000000000001 ms
262,2838.9500000000007 ms
262,2883.9500000000007 ms
262,2915.250000000001 ms
262,2917.6000000000013 ms
262,2932.1000000000013 ms
262,2950.9000000000005 ms
262,2955.6000000000013 ms
262,2965.250000000001 ms
262,2974.1000000000013 ms
262,2994.8 ms
262,3020.2000000000007 ms
262,3029.9000000000005 ms
262,3034.1500000000005 ms
262,3047.05 ms
262,3053.3 ms
262,3069.4500000000007 ms
262,3085.4500000000007 ms
262,3091.2000000000007 ms
262,3116.6500000000005 ms
262,3122.3 ms
262,3154.500000000001 ms
262,3161.55 ms
262,3168.4000000000005 ms
262,3174.1000000000004 ms
262,3193.5 ms
262,3195.300000000001 ms
262,3212.800000000001 ms
262,3215.6500000000005 ms
262,3237.8500000000004 ms
262,3242.5 ms
262,3274.9500000000007 ms
262,3284.2000000000007 ms
262,3286.0 ms
262,3286.2000000000007 ms
262,3297.3999999999996 ms
262,3298.0 ms
262,3300.8500000000004 ms
262,3301.6499999999996 ms
262,3333.05 ms
262,3335.2 ms
262,3351.1000000000004 ms
262,3356.2000000000007 ms
262,3389.6000000000004 ms
262,3398.6500000000005 ms
262,3399.8500000000004 ms
262,3401.9500000000007 ms
262,3413.55 ms
262,3414.1500000000005 ms
262,3415.5 ms
262,3426.95 ms
262,3428.0 ms
262,3484.25 ms
262,3492.55 ms
262,3493.5 ms
262,3495.3 ms
262,3496.8 ms
262,3504.9000000000005 ms
262,3513.9000000000005 ms
262,3515.0 ms
262,3542.3999999999996 ms
262,3543.9500000000007 ms
262,3546.5 ms
262,3549.0 ms
262,3557.7000000000007 ms
262,3562.8999999999996 ms
262,3569.8500000000004 ms
262,3574.6000000000004 ms
262,3578.3999999999996 ms
262,3587.25 ms
262,3590.6000000000004 ms
262,3595.0499999999993 ms
262,3596.25 ms
262,3596.6499999999996 ms
262,3620.0 ms
262,3621.5 ms
262,3625.1499999999996 ms
262,3653.7 ms
262,3658.45 ms
262,3664.55 ms
262,3670.8499999999995 ms
262,3673.25 ms
262,3704.7 ms
262,3710.0 ms
262,3719.1499999999996 ms
262,3723.25 ms
262,3735.1499999999996 ms
262,3748.75 ms
262,3765.95 ms
262,3778.1499999999996 ms
262,3795.0999999999995 ms
262,3810.749999999999 ms
262,3812.749999999999 ms
262,3847.8499999999995 ms
262,3868.0999999999995 ms
262,3879.0499999999993 ms
262,3879.999999999999 ms
262,3892.0999999999995 ms
262,3922.949999999999 ms
262,3956.5999999999985 ms
262,3980.199999999999 ms
262,3981.949999999999 ms
263,4.95 ms
263,6.45 ms
263,15.75 ms
263,42.5 ms
263,45.95 ms
263,63.8 ms
263,70.30000000000003 ms
263,86.35000000000001 ms
263,102.64999999999999 ms
263,103.55 ms
263,113.2 ms
263,138.40000000000003 ms
263,151.35000000000002 ms
263,153.05 ms
263,193.25 ms
263,195.55 ms
263,220.45 ms
263,228.3 ms
263,230.3 ms
263,237.65000000000003 ms
263,240.2 ms
263,246.65000000000003 ms
263,257.25 ms
263,279.6 ms
263,293.5 ms
263,296.1 ms
263,308.65 ms
263,321.1 ms
263,324.20000000000005 ms
263,335.35 ms
263,343.30000000000007 ms
263,370.75 ms
263,373.0 ms
263,399.35 ms
263,403.9 ms
263,422.30000000000007 ms
263,425.15 ms
263,425.55000000000007 ms
263,443.55000000000007 ms
263,446.0 ms
263,451.04999999999995 ms
263,452.75 ms
263,457.35 ms
263,462.45000000000005 ms
263,472.85 ms
263,477.20000000000005 ms
263,509.4000000000001 ms
263,514.1 ms
263,523.7000000000002 ms
263,526.1 ms
263,568.9500000000002 ms
263,576.35 ms
263,577.3000000000001 ms
263,599.4499999999999 ms
263,601.4500000000002 ms
263,606.0000000000001 ms
263,606.2000000000002 ms
263,610.6999999999999 ms
263,613.9 ms
263,621.6999999999999 ms
263,665.65 ms
263,778.1999999999999 ms
263,780.35 ms
263,786.8000000000001 ms
263,801.2500000000001 ms
263,814.2500000000001 ms
263,823.7500000000001 ms
263,867.5000000000001 ms
263,874.2500000000001 ms
263,885.3000000000001 ms
263,887.1500000000002 ms
263,893.1000000000003 ms
263,904.5500000000003 ms
263,905.1500000000002 ms
263,911.7500000000003 ms
263,930.6500000000002 ms
263,948.1000000000003 ms
263,963.4000000000002 ms
263,964.8000000000001 ms
263,969.0000000000001 ms
263,981.0500000000001 ms
263,994.5500000000003 ms
263,1014.6500000000002 ms
263,1031.6000000000004 ms
263,1035.1999999999998 ms
263,1060.0 ms
263,1078.4 ms
263,1107.3000000000002 ms
263,1135.4 ms
263,1160.6 ms
263,1182.9500000000003 ms
263,1202.7000000000003 ms
263,1234.5 ms
263,1273.4 ms
263,1304.15 ms
263,1315.0 ms
263,1316.6 ms
263,1340.4499999999998 ms
263,1341.75 ms
263,1348.9499999999998 ms
263,1358.6999999999998 ms
263,1366.5 ms
263,1385.6499999999996 ms
263,1386.5 ms
263,1416.75 ms
263,1472.0499999999997 ms
263,1472.7499999999995 ms
263,1488.5499999999997 ms
263,1494.7499999999995 ms
263,1511.15 ms
263,1514.9999999999995 ms
263,1534.15 ms
263,1534.4999999999995 ms
263,1539.7499999999995 ms
263,1559.7499999999995 ms
263,1614.1 ms
263,1614.35 ms
263,1630.4999999999995 ms
263,1652.0499999999997 ms
263,1677.1 ms
263,1688.9499999999994 ms
263,1724.7999999999997 ms
263,1732.5499999999997 ms
263,1740.0999999999995 ms
263,1740.3499999999995 ms
263,1757.5999999999995 ms
263,1758.6499999999996 ms
263,1764.749999999999 ms
263,1768.1499999999996 ms
263,1771.8999999999996 ms
263,1773.1499999999996 ms
263,1782.0499999999993 ms
263,1792.8499999999995 ms
263,1796.7499999999995 ms
263,1816.2999999999997 ms
263,1820.2499999999995 ms
263,1839.1999999999994 ms
263,1845.7499999999995 ms
263,1849.2999999999997 ms
263,1857.8499999999995 ms
263,1864.1499999999996 ms
263,1879.4499999999994 ms
263,1891.4499999999994 ms
263,1905.0999999999995 ms
263,1940.5999999999995 ms
263,1957.4999999999995 ms
263,1964.9499999999994 ms
263,1982.2999999999997 ms
263,1991.8999999999992 ms
263,1998.3999999999992 ms
263,1998.6499999999992 ms
263,2008.8499999999995 ms
263,2015.7499999999995 ms
263,2024.8999999999996 ms
263,2030.1999999999998 ms
263,2063.7999999999997 ms
263,2068.399999999999 ms
263,2072.9 ms
263,2073.2000000000003 ms
263,2076.1999999999994 ms
263,2077.7000000000003 ms
263,2080.9 ms
263,2087.9999999999995 ms
263,2091.65 ms
263,2103.35 ms
263,2132.2499999999995 ms
263,2141.7999999999997 ms
263,2143.9999999999995 ms
263,2185.599999999999 ms
263,2239.1 ms
263,2264.349999999999 ms
263,2270.35 ms
263,2277.65 ms
263,2298.2000000000003 ms
263,2302.35 ms
263,2307.5499999999997 ms
263,2327.149999999999 ms
263,2328.4 ms
263,2331.2999999999997 ms
263,2335.9500000000003 ms
263,2337.2999999999997 ms
263,2338.7000000000003 ms
263,2363.2999999999997 ms
263,2367.5499999999997 ms
263,2376.2499999999995 ms
263,2382.0499999999997 ms
263,2389.9500000000003 ms
263,2397.7500000000005 ms
263,2400.9 ms
263,2409.9 ms
263,2428.9 ms
263,2435.9 ms
263,2454.4 ms
263,2461.9 ms
263,2464.4 ms
263,2467.2499999999995 ms
263,2468.65 ms
263,2469.7499999999995 ms
263,2470.6999999999994 ms
263,2473.899999999999 ms
263,2483.0499999999997 ms
263,2485.6 ms
263,2506.85 ms
263,2511.7999999999997 ms
263,2533.2499999999995 ms
263,2537.6999999999994 ms
263,2539.549999999999 ms
263,2550.4499999999994 ms
263,2552.1 ms
263,2590.4 ms
263,2593.9999999999995 ms
263,2597.9 ms
263,2609.7000000000003 ms
263,2613.65 ms
263,2614.2999999999997 ms
263,2667.7999999999997 ms
263,2670.7499999999995 ms
263,2718.4 ms
263,2723.35 ms
263,2724.599999999999 ms
263,2737.7499999999995 ms
263,2757.7999999999997 ms
263,2766.0499999999997 ms
263,2770.7999999999997 ms
263,2791.899999999999 ms
263,2811.1999999999994 ms
263,2811.35 ms
263,2844.4499999999994 ms
263,2854.2499999999995 ms
263,2855.85 ms
263,2859.7999999999997 ms
263,2863.2999999999997 ms
263,2864.35 ms
263,2887.65 ms
263,2901.0500000000006 ms
263,2909.5499999999997 ms
263,2919.7000000000003 ms
263,2936.7999999999997 ms
263,2956.3000000000006 ms
263,3017.5000000000005 ms
263,3019.15 ms
263,3021.2499999999995 ms
263,3029.0000000000005 ms
263,3033.3000000000006 ms
263,3069.4 ms
263,3071.4500000000003 ms
263,3081.4 ms
263,3083.3000000000006 ms
263,3098.5000000000005 ms
263,3100.3000000000006 ms
263,3123.15 ms
263,3124.2000000000003 ms
263,3140.4 ms
263,3141.35 ms
263,3153.4499999999994 ms
263,3174.35 ms
263,3188.5000000000005 ms
263,3225.4500000000003 ms
263,3236.4499999999994 ms
263,3253.85 ms
263,3260.6999999999994 ms
263,3262.2999999999997 ms
263,3296.649999999999 ms
263,3297.1999999999994 ms
263,3299.85 ms
263,3329.6999999999994 ms
263,3347.7999999999997 ms
263,3378.4500000000003 ms
263,3380.0000000000005 ms
263,3406.2499999999995 ms
263,3420.15 ms
263,3442.8000000000006 ms
263,3446.600000000001 ms
263,3455.650000000001 ms
263,3456.8000000000006 ms
263,3471.350000000001 ms
263,3494.9500000000003 ms
263,3505.3000000000006 ms
263,3520.15 ms
263,3523.0000000000005 ms
263,3526.2500000000005 ms
263,3547.7000000000003 ms
263,3568.0499999999997 ms
263,3579.2000000000003 ms
263,3598.15 ms
263,3617.6 ms
263,3634.9499999999994 ms
263,3663.7499999999995 ms
263,3677.0499999999997 ms
263,3688.15 ms
263,3689.4500000000003 ms
263,3715.7999999999997 ms
263,3718.85 ms
263,3723.2999999999997 ms
263,3723.5500000000006 ms
263,3724.7500000000005 ms
263,3726.4500000000003 ms
263,3736.2999999999997 ms
263,3748.7000000000003 ms
263,3753.6 ms
263,3760.65 ms
263,3768.35 ms
263,3769.0000000000005 ms
263,3777.4 ms
263,3778.9500000000003 ms
263,3811.4 ms
263,3813.8000000000006 ms
263,3826.0499999999997 ms
263,3838.35 ms
263,3849.4500000000003 ms
263,3860.7000000000003 ms
263,3888.4 ms
263,3899.15 ms
263,3900.9999999999995 ms
263,3909.15 ms
263,3916.8000000000006 ms
263,3976.350000000001 ms
263,3983.650000000001 ms
263,3985.7500000000005 ms
263,3988.2500000000005 ms
263,3993.35 ms
263,3995.2999999999997 ms
264,4.75 ms
264,7.9 ms
264,8.800000000000002 ms
264,9.299999999999999 ms
264,12.550000000000002 ms
264,29.700000000000003 ms
264,70.10000000000001 ms
264,80.75000000000001 ms
264,85.70000000000003 ms
264,92.90000000000002 ms
264,99.60000000000004 ms
264,152.90000000000003 ms
264,158.05 ms
264,165.75000000000006 ms
264,173.40000000000003 ms
264,175.45000000000005 ms
264,180.15000000000003 ms
264,228.8 ms
264,240.8 ms
264,251.85000000000008 ms
264,253.05 ms
264,258.6 ms
264,261.30000000000007 ms
264,261.4 ms
264,271.20000000000005 ms
264,274.1 ms
264,325.65 ms
264,327.7500000000001 ms
264,347.2500000000001 ms
264,384.9 ms
264,398.55000000000007 ms
264,403.55000000000007 ms
264,406.5 ms
264,408.65 ms
264,417.19999999999993 ms
264,438.35 ms
264,455.94999999999993 ms
264,467.55000000000007 ms
264,482.65 ms
264,487.15 ms
264,510.35 ms
264,510.80000000000007 ms
264,531.2999999999998 ms
264,545.6999999999999 ms
264,562.8499999999998 ms
264,578.9999999999999 ms
264,593.8999999999997 ms
264,598.4499999999997 ms
264,601.4999999999997 ms
264,622.4499999999997 ms
264,638.6999999999999 ms
264,646.0499999999998 ms
264,659.7499999999999 ms
264,661.0499999999998 ms
264,683.4999999999999 ms
264,694.7999999999998 ms
264,734.5499999999998 ms
264,738.4999999999999 ms
264,780.1999999999999 ms
264,785.3499999999998 ms
264,785.9999999999999 ms
264,794.1999999999999 ms
264,796.4499999999999 ms
264,821.4999999999999 ms
264,845.9999999999999 ms
264,859.8999999999997 ms
264,864.8499999999998 ms
264,869.3999999999997 ms
264,874.7999999999998 ms
264,882.2499999999999 ms
264,892.3999999999997 ms
264,901.9999999999999 ms
264,914.9499999999999 ms
264,918.1999999999999 ms
264,924.4999999999999 ms
264,939.9999999999999 ms
264,944.7499999999999 ms
264,951.8999999999997 ms
264,952.0999999999998 ms
264,973.1499999999997 ms
264,991.7499999999999 ms
264,1014.9499999999999 ms
264,1031.65 ms
264,1046.6 ms
264,1071.15 ms
264,1071.9499999999998 ms
264,1089.5499999999997 ms
264,1102.2999999999997 ms
264,1105.6499999999996 ms
264,1120.2499999999995 ms
264,1136.9999999999995 ms
264,1143.1499999999996 ms
264,1148.0499999999997 ms
264,1190.2999999999997 ms
264,1199.4499999999998 ms
264,1251.0 ms
264,1307.8999999999996 ms
264,1348.0500000000002 ms
264,1362.85 ms
264,1380.75 ms
264,1416.1999999999998 ms
264,1417.1000000000004 ms
264,1417.8000000000002 ms
264,1444.6000000000004 ms
264,1488.1999999999998 ms
264,1488.6000000000004 ms
264,1493.4 ms
264,1494.5 ms
264,1497.5 ms
264,1505.0 ms
264,1509.15 ms
264,1545.0 ms
264,1558.5500000000002 ms
264,1572.1 ms
264,1573.65 ms
264,1602.85 ms
264,1606.9499999999998 ms
264,1620.6 ms
264,1659.2999999999997 ms
264,1660.9500000000003 ms
264,1711.9 ms
264,1720.15 ms
264,1724.85 ms
264,1728.4500000000003 ms
264,1734.5 ms
264,1745.6 ms
264,1749.0 ms
264,1752.4 ms
264,1755.6 ms
264,1778.2500000000005 ms
264,1785.4500000000003 ms
264,1790.9500000000003 ms
264,1802.8500000000004 ms
264,1821.5500000000002 ms
264,1832.3000000000002 ms
264,1852.9000000000005 ms
264,1854.4500000000003 ms
264,1855.15 ms
264,1862.5000000000005 ms
264,1864.65 ms
264,1868.6000000000004 ms
264,1870.1500000000005 ms
264,1871.75 ms
264,1882.9000000000005 ms
264,1887.4000000000005 ms
264,1892.1000000000004 ms
264,1896.1000000000004 ms
264,1914.3500000000004 ms
264,1934.1500000000005 ms
264,1951.6000000000004 ms
264,1959.1500000000005 ms
264,1964.1000000000004 ms
264,1968.9000000000005 ms
264,1969.5 ms
264,1989.8500000000004 ms
264,2029.15 ms
264,2032.1 ms
264,2036.2000000000003 ms
264,2044.6 ms
264,2052.65 ms
264,2069.7499999999995 ms
264,2072.7999999999997 ms
264,2086.2000000000003 ms
264,2088.4500000000003 ms
264,2096.9 ms
264,2100.15 ms
264,2103.2499999999995 ms
264,2105.9499999999994 ms
264,2107.1 ms
264,2108.9 ms
264,2111.7000000000003 ms
264,2126.350000000001 ms
264,2130.9500000000003 ms
264,2156.4 ms
264,2162.0500000000006 ms
264,2162.5000000000005 ms
264,2168.9500000000003 ms
264,2173.0499999999997 ms
264,2190.9500000000003 ms
264,2191.1 ms
264,2191.9499999999994 ms
264,2237.2999999999997 ms
264,2255.0499999999997 ms
264,2266.149999999999 ms
264,2279.9499999999994 ms
264,2281.149999999999 ms
264,2294.9999999999995 ms
264,2332.099999999999 ms
264,2359.649999999999 ms
264,2361.6999999999994 ms
264,2362.7999999999997 ms
264,2369.5499999999997 ms
264,2369.649999999999 ms
264,2378.0499999999997 ms
264,2380.6 ms
264,2397.7999999999997 ms
264,2399.7499999999995 ms
264,2430.9999999999995 ms
264,2446.6999999999994 ms
264,2453.149999999999 ms
264,2483.9999999999986 ms
264,2492.7499999999995 ms
264,2497.5499999999997 ms
264,2513.799999999999 ms
264,2532.399999999999 ms
264,2543.4999999999986 ms
264,2590.7499999999995 ms
264,2598.7999999999997 ms
264,2630.4999999999995 ms
264,2637.1999999999994 ms
264,2637.4499999999985 ms
264,2657.8999999999983 ms
264,2664.4999999999986 ms
264,2665.799999999999 ms
264,2693.599999999999 ms
264,2703.7499999999995 ms
264,2721.149999999999 ms
264,2819.6999999999994 ms
264,2826.899999999999 ms
264,2827.2499999999986 ms
264,2837.299999999999 ms
264,2838.849999999999 ms
264,2845.399999999999 ms
264,2846.7499999999995 ms
264,2847.1999999999994 ms
264,2850.649999999999 ms
264,2876.4999999999986 ms
264,2881.1999999999985 ms
264,2881.849999999999 ms
264,2882.9499999999985 ms
264,2905.1999999999994 ms
264,2909.049999999999 ms
264,2925.2499999999986 ms
264,2927.899999999999 ms
264,2935.1499999999983 ms
264,2950.7499999999986 ms
264,2972.4499999999985 ms
264,2975.349999999999 ms
264,2984.349999999998 ms
264,2993.849999999999 ms
264,3011.4499999999985 ms
264,3012.299999999998 ms
264,3020.8999999999983 ms
264,3021.849999999998 ms
264,3035.1999999999975 ms
264,3039.849999999998 ms
264,3059.9999999999986 ms
264,3071.299999999999 ms
264,3081.7499999999986 ms
264,3114.2499999999977 ms
264,3123.6999999999975 ms
264,3143.099999999998 ms
264,3152.1999999999975 ms
264,3167.799999999998 ms
264,3178.9999999999977 ms
264,3205.1499999999983 ms
264,3205.7499999999977 ms
264,3210.3999999999983 ms
264,3216.4499999999985 ms
264,3239.849999999998 ms
264,3252.1499999999983 ms
264,3252.849999999998 ms
264,3255.4499999999975 ms
264,3275.799999999998 ms
264,3284.799999999998 ms
264,3300.6499999999974 ms
264,3316.299999999998 ms
264,3340.7499999999977 ms
264,3345.7499999999977 ms
264,3357.049999999998 ms
264,3371.299999999998 ms
264,3378.1999999999985 ms
264,3398.4499999999975 ms
264,3407.599999999998 ms
264,3421.549999999998 ms
264,3427.6999999999985 ms
264,3433.9499999999975 ms
264,3453.9999999999977 ms
264,3456.299999999998 ms
264,3457.6499999999983 ms
264,3462.7499999999977 ms
264,3482.2499999999986 ms
264,3496.799999999999 ms
264,3525.1499999999983 ms
264,3534.849999999998 ms
264,3563.6499999999983 ms
264,3583.1999999999985 ms
264,3584.4999999999986 ms
264,3607.049999999999 ms
264,3662.849999999999 ms
264,3698.7499999999995 ms
264,3699.649999999999 ms
264,3714.4999999999986 ms
264,3726.299999999999 ms
264,3732.6999999999994 ms
264,3735.149999999999 ms
264,3744.599999999999 ms
264,3756.649999999999 ms
264,3762.849999999999 ms
264,3769.799999999999 ms
264,3783.8999999999983 ms
264,3786.4499999999985 ms
264,3809.1999999999994 ms
264,3832.399999999999 ms
264,3836.3999999999983 ms
264,3853.649999999999 ms
264,3861.849999999999 ms
264,3871.6999999999985 ms
264,3871.849999999999 ms
264,3947.2499999999986 ms
264,3972.4499999999985 ms
264,3980.3999999999983 ms
264,3982.8999999999983 ms
265,6.050000000000001 ms
265,23.35 ms
265,37.800000000000004 ms
265,42.65000000000001 ms
265,46.300000000000004 ms
265,49.40000000000001 ms
265,53.4 ms
265,65.85 ms
265,73.95000000000002 ms
265,80.75 ms
265,89.80000000000001 ms
265,117.5 ms
265,142.89999999999998 ms
265,143.20000000000005 ms
265,150.14999999999998 ms
265,158.35000000000002 ms
265,182.10000000000002 ms
265,195.04999999999995 ms
265,209.64999999999998 ms
265,231.5 ms
265,231.84999999999997 ms
265,247.04999999999995 ms
265,249.29999999999995 ms
265,250.84999999999997 ms
265,266.34999999999997 ms
265,292.40000000000003 ms
265,303.59999999999997 ms
265,308.34999999999997 ms
265,322.84999999999997 ms
265,326.15000000000003 ms
265,326.55 ms
265,331.99999999999994 ms
265,344.3999999999999 ms
265,356.45 ms
265,358.59999999999997 ms
265,377.84999999999985 ms
265,393.1999999999999 ms
265,409.0499999999999 ms
265,435.1999999999999 ms
265,451.09999999999985 ms
265,464.74999999999983 ms
265,466.59999999999985 ms
265,471.8999999999999 ms
265,499.1499999999999 ms
265,516.8499999999999 ms
265,533.25 ms
265,565.3999999999999 ms
265,583.8 ms
265,593.7499999999998 ms
265,595.4999999999998 ms
265,596.55 ms
265,598.6999999999998 ms
265,617.8499999999999 ms
265,629.3499999999999 ms
265,631.6999999999998 ms
265,649.1999999999998 ms
265,654.4499999999998 ms
265,655.7999999999997 ms
265,661.1999999999998 ms
265,661.6499999999999 ms
265,673.6499999999999 ms
265,675.2499999999998 ms
265,694.05 ms
265,705.8499999999997 ms
265,729.3499999999997 ms
265,733.55 ms
265,741.1999999999998 ms
265,753.3499999999999 ms
265,772.3499999999999 ms
265,788.3499999999999 ms
265,790.3999999999996 ms
265,796.9499999999998 ms
265,833.3499999999997 ms
265,870.0999999999997 ms
265,900.6499999999996 ms
265,910.3999999999996 ms
265,912.3499999999997 ms
265,915.0999999999997 ms
265,916.2999999999997 ms
265,917.0499999999997 ms
265,968.7499999999998 ms
265,972.5999999999997 ms
265,981.8 ms
265,1010.8499999999997 ms
265,1013.5999999999997 ms
265,1014.6499999999999 ms
265,1018.8999999999999 ms
265,1023.5999999999997 ms
265,1028.6000000000001 ms
265,1037.7500000000002 ms
265,1041.3 ms
265,1056.3499999999997 ms
265,1097.2499999999998 ms
265,1106.5999999999997 ms
265,1108.8999999999999 ms
265,1109.6499999999999 ms
265,1135.1999999999996 ms
265,1162.95 ms
265,1165.6999999999996 ms
265,1171.7499999999998 ms
265,1172.7499999999998 ms
265,1183.9999999999998 ms
265,1198.0499999999995 ms
265,1212.8499999999997 ms
265,1240.4999999999998 ms
265,1247.8999999999999 ms
265,1251.1000000000001 ms
265,1279.45 ms
265,1282.3500000000001 ms
265,1297.55 ms
265,1304.6499999999999 ms
265,1326.9999999999998 ms
265,1357.7499999999998 ms
265,1362.95 ms
265,1364.05 ms
265,1367.2499999999998 ms
265,1370.0499999999995 ms
265,1378.3499999999997 ms
265,1381.5999999999997 ms
265,1382.4499999999996 ms
265,1431.5999999999997 ms
265,1448.1999999999996 ms
265,1450.3499999999997 ms
265,1450.4999999999998 ms
265,1484.7499999999998 ms
265,1490.9999999999998 ms
265,1511.4999999999998 ms
265,1517.4999999999998 ms
265,1521.45 ms
265,1537.8500000000001 ms
265,1554.95 ms
265,1557.1499999999999 ms
265,1563.8999999999999 ms
265,1566.4499999999996 ms
265,1581.5499999999995 ms
265,1629.0999999999997 ms
265,1631.55 ms
265,1634.1499999999999 ms
265,1637.8999999999994 ms
265,1643.1999999999996 ms
265,1676.7999999999995 ms
265,1710.4999999999998 ms
265,1718.5499999999995 ms
265,1745.7499999999998 ms
265,1746.0999999999997 ms
265,1752.5999999999992 ms
265,1764.6999999999991 ms
265,1775.2499999999993 ms
265,1783.1499999999994 ms
265,1789.4499999999991 ms
265,1789.7499999999993 ms
265,1824.8999999999994 ms
265,1877.2999999999995 ms
265,1897.5999999999992 ms
265,1906.6499999999994 ms
265,1910.0499999999995 ms
265,1934.5999999999992 ms
265,1951.7499999999993 ms
265,1956.5999999999992 ms
265,1956.8499999999997 ms
265,1969.2999999999995 ms
265,1986.6999999999996 ms
265,1990.6999999999996 ms
265,1993.7499999999993 ms
265,2002.2999999999995 ms
265,2005.2499999999998 ms
265,2025.8999999999999 ms
265,2038.9499999999996 ms
265,2039.1999999999996 ms
265,2093.0499999999993 ms
265,2106.8999999999996 ms
265,2114.45 ms
265,2126.2 ms
265,2129.3499999999995 ms
265,2141.3 ms
265,2149.8499999999995 ms
265,2150.6500000000005 ms
265,2168.1500000000005 ms
265,2176.7 ms
265,2203.3 ms
265,2206.4000000000005 ms
265,2223.5 ms
265,2237.05 ms
265,2267.8 ms
265,2269.8500000000004 ms
265,2292.1000000000004 ms
265,2302.9500000000007 ms
265,2308.6000000000004 ms
265,2322.55 ms
265,2323.1500000000005 ms
265,2337.7 ms
265,2347.6500000000005 ms
265,2350.0999999999995 ms
265,2367.55 ms
265,2370.8499999999995 ms
265,2371.1500000000005 ms
265,2388.6500000000005 ms
265,2391.8 ms
265,2398.05 ms
265,2404.6000000000004 ms
265,2415.75 ms
265,2416.800000000001 ms
265,2429.9000000000005 ms
265,2438.2000000000007 ms
265,2439.4000000000005 ms
265,2440.3500000000004 ms
265,2443.75 ms
265,2476.6000000000004 ms
265,2480.8500000000004 ms
265,2510.0 ms
265,2523.050000000001 ms
265,2534.1000000000004 ms
265,2542.000000000001 ms
265,2545.4500000000007 ms
265,2560.000000000001 ms
265,2560.750000000001 ms
265,2601.750000000001 ms
265,2615.8500000000013 ms
265,2616.500000000001 ms
265,2617.4500000000007 ms
265,2618.250000000001 ms
265,2641.4000000000005 ms
265,2642.750000000001 ms
265,2643.2000000000007 ms
265,2646.250000000001 ms
265,2651.6000000000013 ms
265,2656.1500000000005 ms
265,2664.9500000000016 ms
265,2665.4000000000005 ms
265,2678.9500000000016 ms
265,2689.250000000001 ms
265,2698.250000000001 ms
265,2722.750000000001 ms
265,2733.300000000002 ms
265,2734.750000000001 ms
265,2744.1500000000015 ms
265,2752.9500000000016 ms
265,2763.6000000000013 ms
265,2783.250000000002 ms
265,2789.550000000002 ms
265,2796.2000000000016 ms
265,2798.2000000000016 ms
265,2802.9000000000024 ms
265,2804.300000000002 ms
265,2833.250000000002 ms
265,2839.050000000002 ms
265,2843.1500000000024 ms
265,2847.500000000002 ms
265,2849.850000000002 ms
265,2850.250000000002 ms
265,2856.1500000000015 ms
265,2860.000000000002 ms
265,2874.4500000000016 ms
265,2878.6500000000015 ms
265,2880.250000000002 ms
265,2883.1000000000013 ms
265,2892.1500000000015 ms
265,2898.300000000001 ms
265,2920.050000000001 ms
265,2922.250000000002 ms
265,2928.800000000001 ms
265,2935.4000000000015 ms
265,2942.4500000000016 ms
265,2966.4000000000015 ms
265,2998.050000000001 ms
265,3008.4000000000015 ms
265,3015.250000000002 ms
265,3019.4000000000015 ms
265,3024.2000000000016 ms
265,3026.1500000000015 ms
265,3029.4500000000016 ms
265,3032.2000000000016 ms
265,3036.9000000000015 ms
265,3040.800000000001 ms
265,3048.850000000002 ms
265,3056.000000000002 ms
265,3066.750000000002 ms
265,3070.4500000000016 ms
265,3106.4500000000016 ms
265,3142.000000000002 ms
265,3146.000000000002 ms
265,3219.750000000002 ms
265,3226.800000000002 ms
265,3245.100000000002 ms
265,3250.800000000002 ms
265,3260.4500000000016 ms
265,3290.050000000002 ms
265,3302.4500000000016 ms
265,3306.050000000002 ms
265,3315.300000000002 ms
265,3321.350000000002 ms
265,3330.750000000002 ms
265,3343.250000000002 ms
265,3345.550000000003 ms
265,3349.750000000002 ms
265,3369.600000000002 ms
265,3374.1500000000024 ms
265,3375.0000000000027 ms
265,3397.050000000002 ms
265,3415.300000000002 ms
265,3430.7000000000025 ms
265,3436.050000000003 ms
265,3437.750000000002 ms
265,3463.000000000002 ms
265,3469.750000000002 ms
265,3473.9500000000025 ms
265,3474.600000000002 ms
265,3475.9000000000024 ms
265,3476.1500000000024 ms
265,3476.4500000000025 ms
265,3480.0000000000027 ms
265,3484.7000000000025 ms
265,3534.7500000000027 ms
265,3544.850000000003 ms
265,3556.050000000002 ms
265,3556.4000000000024 ms
265,3562.100000000002 ms
265,3569.1500000000024 ms
265,3577.800000000002 ms
265,3583.100000000003 ms
265,3588.0000000000027 ms
265,3661.2000000000025 ms
265,3673.9000000000024 ms
265,3678.7000000000025 ms
265,3688.5000000000027 ms
265,3700.300000000003 ms
265,3731.300000000003 ms
265,3732.7500000000027 ms
265,3756.7000000000025 ms
265,3758.4500000000025 ms
265,3760.5000000000027 ms
265,3765.350000000003 ms
265,3769.0000000000027 ms
265,3781.1500000000024 ms
265,3809.4500000000035 ms
265,3810.7000000000035 ms
265,3818.850000000003 ms
265,3843.4500000000035 ms
265,3855.5000000000027 ms
265,3860.5000000000027 ms
265,3873.4000000000033 ms
265,3875.800000000003 ms
265,3899.0000000000036 ms
265,3909.5000000000036 ms
265,3916.4000000000033 ms
265,3937.550000000003 ms
265,3939.5000000000036 ms
265,3949.6500000000033 ms
265,3952.9500000000035 ms
265,3955.550000000004 ms
265,3996.850000000003 ms
265,3997.300000000004 ms
266,1.35 ms
266,5.15 ms
266,18.700000000000003 ms
266,22.900000000000006 ms
266,38.95 ms
266,55.5 ms
266,77.94999999999999 ms
266,90.69999999999999 ms
266,97.25 ms
266,102.05000000000001 ms
266,112.6 ms
266,117.15 ms
266,126.24999999999997 ms
266,145.1 ms
266,153.6 ms
266,157.04999999999998 ms
266,183.29999999999998 ms
266,188.49999999999997 ms
266,199.9 ms
266,200.1 ms
266,212.79999999999998 ms
266,235.74999999999997 ms
266,237.34999999999994 ms
266,245.34999999999994 ms
266,284.29999999999995 ms
266,285.0999999999999 ms
266,288.65 ms
266,302.65 ms
266,317.4 ms
266,333.29999999999995 ms
266,333.9 ms
266,352.25 ms
266,353.25 ms
266,380.9 ms
266,383.4 ms
266,389.1 ms
266,389.29999999999995 ms
266,401.15 ms
266,401.5 ms
266,401.79999999999995 ms
266,411.20000000000005 ms
266,440.79999999999995 ms
266,444.35 ms
266,448.45000000000005 ms
266,449.5 ms
266,476.30000000000007 ms
266,492.35 ms
266,504.45000000000016 ms
266,519.1000000000001 ms
266,525.5500000000002 ms
266,538.1000000000001 ms
266,538.3000000000002 ms
266,541.0000000000002 ms
266,548.7500000000002 ms
266,569.0500000000002 ms
266,578.3500000000001 ms
266,586.95 ms
266,595.7 ms
266,596.9000000000003 ms
266,630.2 ms
266,648.7500000000002 ms
266,659.7500000000002 ms
266,660.2500000000002 ms
266,677.7 ms
266,708.4000000000003 ms
266,709.1500000000003 ms
266,736.95 ms
266,739.0000000000002 ms
266,781.3 ms
266,782.2 ms
266,792.7 ms
266,808.9000000000001 ms
266,820.1500000000001 ms
266,824.7 ms
266,831.8 ms
266,842.2500000000002 ms
266,861.6500000000001 ms
266,867.25 ms
266,887.4000000000001 ms
266,892.5 ms
266,895.0 ms
266,898.9500000000003 ms
266,908.2000000000003 ms
266,911.9500000000003 ms
266,914.9000000000001 ms
266,915.8500000000004 ms
266,930.0500000000002 ms
266,941.8500000000004 ms
266,949.6000000000004 ms
266,964.8000000000002 ms
266,989.1500000000003 ms
266,1010.3500000000004 ms
266,1017.2500000000005 ms
266,1037.4500000000003 ms
266,1051.8000000000002 ms
266,1054.0500000000002 ms
266,1069.4500000000003 ms
266,1083.1000000000004 ms
266,1083.8000000000002 ms
266,1085.1500000000005 ms
266,1105.75 ms
266,1106.6000000000004 ms
266,1111.25 ms
266,1141.1500000000005 ms
266,1157.3500000000004 ms
266,1163.1500000000005 ms
266,1172.9500000000003 ms
266,1190.2500000000005 ms
266,1191.7000000000003 ms
266,1218.1000000000004 ms
266,1222.7000000000003 ms
266,1233.4500000000003 ms
266,1239.5500000000002 ms
266,1250.3500000000004 ms
266,1254.5500000000002 ms
266,1266.3500000000004 ms
266,1272.3500000000004 ms
266,1278.3000000000002 ms
266,1323.75 ms
266,1329.2000000000003 ms
266,1346.8500000000004 ms
266,1347.4000000000005 ms
266,1349.1500000000005 ms
266,1382.7000000000003 ms
266,1395.8000000000002 ms
266,1403.2000000000003 ms
266,1415.5000000000005 ms
266,1419.35 ms
266,1421.5000000000005 ms
266,1428.2500000000005 ms
266,1441.15 ms
266,1451.15 ms
266,1451.3500000000004 ms
266,1463.3500000000004 ms
266,1467.7500000000005 ms
266,1470.6500000000005 ms
266,1482.3000000000006 ms
266,1503.7500000000005 ms
266,1510.0000000000005 ms
266,1511.8000000000006 ms
266,1530.7500000000005 ms
266,1550.0500000000006 ms
266,1554.3500000000008 ms
266,1554.8000000000006 ms
266,1560.3000000000006 ms
266,1561.1500000000005 ms
266,1570.5500000000006 ms
266,1596.1000000000008 ms
266,1596.8500000000008 ms
266,1601.5000000000005 ms
266,1601.650000000001 ms
266,1608.4500000000007 ms
266,1619.1500000000005 ms
266,1630.9000000000005 ms
266,1634.6500000000005 ms
266,1637.6500000000005 ms
266,1639.000000000001 ms
266,1662.7000000000007 ms
266,1695.4000000000005 ms
266,1723.4500000000007 ms
266,1725.6000000000008 ms
266,1733.400000000001 ms
266,1741.0500000000006 ms
266,1742.0500000000006 ms
266,1756.4500000000012 ms
266,1780.650000000001 ms
266,1786.250000000001 ms
266,1801.500000000001 ms
266,1813.000000000001 ms
266,1825.4500000000007 ms
266,1834.750000000001 ms
266,1845.3500000000008 ms
266,1886.8000000000006 ms
266,1915.7000000000012 ms
266,1924.3500000000008 ms
266,1938.7000000000012 ms
266,1965.500000000001 ms
266,1977.250000000001 ms
266,1977.7000000000007 ms
266,1993.500000000001 ms
266,1994.3500000000008 ms
266,2007.0500000000006 ms
266,2010.500000000001 ms
266,2029.300000000001 ms
266,2036.4000000000005 ms
266,2044.250000000001 ms
266,2061.2000000000007 ms
266,2067.750000000001 ms
266,2068.9000000000005 ms
266,2074.000000000001 ms
266,2146.750000000001 ms
266,2147.9000000000005 ms
266,2156.4500000000016 ms
266,2165.250000000001 ms
266,2188.800000000002 ms
266,2189.050000000002 ms
266,2232.7000000000016 ms
266,2233.500000000002 ms
266,2250.250000000002 ms
266,2253.100000000002 ms
266,2261.050000000001 ms
266,2280.9000000000015 ms
266,2285.1500000000015 ms
266,2287.250000000002 ms
266,2288.250000000002 ms
266,2298.9000000000015 ms
266,2302.000000000002 ms
266,2303.550000000001 ms
266,2309.250000000002 ms
266,2310.000000000002 ms
266,2325.4500000000007 ms
266,2330.4000000000015 ms
266,2333.9000000000015 ms
266,2341.050000000001 ms
266,2344.6500000000015 ms
266,2378.9000000000015 ms
266,2396.500000000001 ms
266,2408.4000000000005 ms
266,2427.6500000000005 ms
266,2430.1500000000005 ms
266,2430.250000000001 ms
266,2430.4000000000005 ms
266,2452.550000000001 ms
266,2459.500000000001 ms
266,2465.2000000000007 ms
266,2466.6000000000004 ms
266,2495.050000000001 ms
266,2496.2000000000007 ms
266,2502.750000000001 ms
266,2532.2000000000007 ms
266,2540.550000000001 ms
266,2549.6500000000005 ms
266,2554.1000000000004 ms
266,2555.4000000000005 ms
266,2557.4500000000007 ms
266,2564.050000000001 ms
266,2567.550000000001 ms
266,2578.3500000000004 ms
266,2586.500000000001 ms
266,2625.300000000001 ms
266,2636.3500000000013 ms
266,2642.550000000001 ms
266,2647.4000000000015 ms
266,2662.1500000000015 ms
266,2666.000000000001 ms
266,2674.9500000000007 ms
266,2687.050000000001 ms
266,2691.1500000000005 ms
266,2708.6500000000005 ms
266,2725.8500000000004 ms
266,2733.55 ms
266,2736.25 ms
266,2754.5 ms
266,2756.2 ms
266,2763.8499999999995 ms
266,2794.3499999999995 ms
266,2808.6500000000005 ms
266,2821.6500000000005 ms
266,2826.75 ms
266,2851.05 ms
266,2857.05 ms
266,2902.1500000000005 ms
266,2944.25 ms
266,2981.95 ms
266,2994.8 ms
266,3000.8499999999995 ms
266,3038.5999999999995 ms
266,3076.0999999999995 ms
266,3077.75 ms
266,3077.8999999999996 ms
266,3085.2000000000007 ms
266,3091.4500000000007 ms
266,3107.55 ms
266,3115.55 ms
266,3136.25 ms
266,3153.5 ms
266,3158.05 ms
266,3163.0 ms
266,3164.7 ms
266,3182.0999999999995 ms
266,3192.75 ms
266,3194.95 ms
266,3197.3999999999996 ms
266,3251.2 ms
266,3270.6499999999996 ms
266,3290.75 ms
266,3308.3499999999995 ms
266,3335.2 ms
266,3337.0999999999995 ms
266,3351.7 ms
266,3360.749999999999 ms
266,3373.8999999999996 ms
266,3390.6499999999996 ms
266,3414.7 ms
266,3424.25 ms
266,3427.3500000000004 ms
266,3449.5499999999993 ms
266,3453.7999999999993 ms
266,3478.8500000000004 ms
266,3481.1499999999996 ms
266,3486.3 ms
266,3512.25 ms
266,3528.3999999999996 ms
266,3548.9500000000007 ms
266,3556.4500000000007 ms
266,3563.55 ms
266,3609.7 ms
266,3610.7 ms
266,3611.500000000001 ms
266,3618.9000000000005 ms
266,3619.8 ms
266,3625.750000000001 ms
266,3650.95 ms
266,3654.9000000000005 ms
266,3655.6500000000005 ms
266,3668.75 ms
266,3671.8 ms
266,3697.25 ms
266,3724.6499999999996 ms
266,3726.8999999999996 ms
266,3729.0 ms
266,3734.25 ms
266,3744.75 ms
266,3757.55 ms
266,3768.9000000000005 ms
266,3769.2 ms
266,3769.9000000000005 ms
266,3779.05 ms
266,3781.05 ms
266,3790.1000000000004 ms
266,3793.0 ms
266,3798.0 ms
266,3839.5 ms
266,3845.800000000001 ms
266,3861.75 ms
266,3862.050000000001 ms
266,3868.5 ms
266,3871.0 ms
266,3908.7000000000007 ms
266,3913.1499999999996 ms
266,3913.3500000000004 ms
266,3918.8500000000004 ms
266,3929.8999999999996 ms
266,3931.55 ms
266,3940.5 ms
266,3942.6499999999996 ms
266,3958.75 ms
266,3964.6000000000004 ms
266,3987.25 ms
266,3994.05 ms
267,45.95 ms
267,46.150000000000006 ms
267,47.60000000000001 ms
267,47.750000000000014 ms
267,102.49999999999999 ms
267,109.59999999999998 ms
267,115.19999999999997 ms
267,152.34999999999997 ms
267,171.65000000000003 ms
267,211.90000000000003 ms
267,218.95 ms
267,225.25000000000006 ms
267,225.45 ms
267,232.25000000000006 ms
267,250.65000000000003 ms
267,262.8 ms
267,275.99999999999994 ms
267,281.3999999999999 ms
267,287.49999999999994 ms
267,290.50000000000006 ms
267,300.3500000000001 ms
267,303.00000000000006 ms
267,330.90000000000003 ms
267,333.34999999999997 ms
267,348.09999999999997 ms
267,354.99999999999994 ms
267,355.6499999999999 ms
267,356.59999999999985 ms
267,381.1499999999999 ms
267,385.7999999999999 ms
267,416.84999999999997 ms
267,420.49999999999994 ms
267,430.6999999999999 ms
267,451.24999999999994 ms
267,478.84999999999997 ms
267,527.05 ms
267,539.0 ms
267,560.7 ms
267,567.5 ms
267,583.55 ms
267,627.5999999999999 ms
267,650.0 ms
267,663.0 ms
267,670.4499999999998 ms
267,671.5 ms
267,714.6499999999999 ms
267,735.4999999999998 ms
267,738.1499999999999 ms
267,775.9499999999998 ms
267,787.8499999999999 ms
267,800.2499999999998 ms
267,811.0499999999997 ms
267,823.1499999999996 ms
267,824.2499999999998 ms
267,825.0999999999997 ms
267,828.6999999999998 ms
267,841.4499999999998 ms
267,860.2999999999997 ms
267,874.25 ms
267,882.6499999999999 ms
267,895.4999999999998 ms
267,956.3499999999999 ms
267,958.25 ms
267,985.0499999999997 ms
267,988.75 ms
267,998.0 ms
267,1005.5999999999999 ms
267,1023.3999999999999 ms
267,1076.4499999999996 ms
267,1109.3999999999999 ms
267,1146.9499999999996 ms
267,1154.2 ms
267,1163.6999999999996 ms
267,1178.7999999999995 ms
267,1180.3499999999997 ms
267,1192.1999999999996 ms
267,1202.6999999999996 ms
267,1212.2999999999995 ms
267,1212.7499999999998 ms
267,1221.7499999999993 ms
267,1222.2999999999995 ms
267,1230.3999999999994 ms
267,1264.0499999999995 ms
267,1274.3999999999994 ms
267,1295.9999999999993 ms
267,1304.3499999999992 ms
267,1311.2999999999995 ms
267,1313.3999999999994 ms
267,1324.899999999999 ms
267,1327.5999999999992 ms
267,1334.0999999999992 ms
267,1346.649999999999 ms
267,1351.4499999999991 ms
267,1365.0999999999992 ms
267,1375.0999999999992 ms
267,1375.2999999999995 ms
267,1410.6999999999996 ms
267,1425.6499999999994 ms
267,1429.9999999999993 ms
267,1431.9999999999993 ms
267,1432.6999999999996 ms
267,1451.9999999999993 ms
267,1463.2499999999993 ms
267,1488.5999999999992 ms
267,1490.149999999999 ms
267,1505.049999999999 ms
267,1513.9499999999991 ms
267,1549.9499999999996 ms
267,1564.2499999999993 ms
267,1566.3499999999992 ms
267,1594.6999999999991 ms
267,1616.1999999999991 ms
267,1658.0999999999992 ms
267,1675.7999999999995 ms
267,1691.7499999999993 ms
267,1697.299999999999 ms
267,1712.9999999999993 ms
267,1744.049999999999 ms
267,1769.6999999999991 ms
267,1795.8499999999992 ms
267,1798.3499999999997 ms
267,1803.3999999999994 ms
267,1823.6499999999994 ms
267,1824.5999999999997 ms
267,1833.9499999999996 ms
267,1839.0499999999995 ms
267,1853.8499999999992 ms
267,1884.399999999999 ms
267,1893.9499999999991 ms
267,1903.3499999999992 ms
267,1912.5999999999992 ms
267,1931.9999999999993 ms
267,1952.4499999999996 ms
267,1956.5499999999995 ms
267,1970.1999999999996 ms
267,1973.9999999999993 ms
267,1976.1999999999996 ms
267,1992.3499999999997 ms
267,2038.3499999999992 ms
267,2041.3999999999994 ms
267,2050.5999999999995 ms
267,2057.45 ms
267,2073.7 ms
267,2083.6499999999987 ms
267,2087.3499999999995 ms
267,2097.449999999999 ms
267,2101.249999999999 ms
267,2123.699999999999 ms
267,2146.8499999999985 ms
267,2159.499999999999 ms
267,2200.749999999999 ms
267,2204.5999999999995 ms
267,2207.199999999999 ms
267,2225.3499999999985 ms
267,2249.3999999999996 ms
267,2256.8999999999996 ms
267,2283.999999999999 ms
267,2327.949999999999 ms
267,2349.0499999999993 ms
267,2350.6499999999987 ms
267,2358.5499999999984 ms
267,2363.3999999999987 ms
267,2369.749999999999 ms
267,2371.749999999999 ms
267,2378.8999999999987 ms
267,2411.5999999999985 ms
267,2411.8999999999987 ms
267,2420.5499999999984 ms
267,2458.8499999999995 ms
267,2464.8999999999987 ms
267,2472.95 ms
267,2522.0999999999995 ms
267,2537.999999999999 ms
267,2540.8499999999995 ms
267,2547.0499999999993 ms
267,2552.2999999999993 ms
267,2559.5499999999993 ms
267,2623.249999999999 ms
267,2627.699999999999 ms
267,2640.8999999999987 ms
267,2655.8499999999985 ms
267,2666.499999999998 ms
267,2671.749999999998 ms
267,2679.8999999999987 ms
267,2703.699999999999 ms
267,2726.8499999999985 ms
267,2729.0499999999993 ms
267,2729.449999999999 ms
267,2740.3999999999987 ms
267,2749.1499999999987 ms
267,2776.0499999999984 ms
267,2803.249999999999 ms
267,2809.999999999999 ms
267,2811.499999999999 ms
267,2813.8499999999985 ms
267,2815.449999999999 ms
267,2828.149999999998 ms
267,2856.0499999999984 ms
267,2863.249999999998 ms
267,2871.699999999998 ms
267,2897.399999999998 ms
267,2920.3499999999976 ms
267,2934.199999999998 ms
267,2935.2999999999975 ms
267,2950.2499999999973 ms
267,2992.699999999997 ms
267,3000.7999999999975 ms
267,3004.0499999999975 ms
267,3007.2499999999964 ms
267,3025.449999999997 ms
267,3042.199999999997 ms
267,3044.399999999996 ms
267,3047.4999999999964 ms
267,3139.8499999999967 ms
267,3151.199999999996 ms
267,3171.449999999996 ms
267,3177.849999999996 ms
267,3178.5499999999965 ms
267,3201.099999999996 ms
267,3216.9999999999964 ms
267,3232.4999999999964 ms
267,3234.2999999999965 ms
267,3234.5499999999965 ms
267,3235.2499999999964 ms
267,3235.4999999999964 ms
267,3252.7999999999965 ms
267,3285.449999999996 ms
267,3289.7999999999965 ms
267,3296.7499999999964 ms
267,3307.899999999996 ms
267,3307.9999999999964 ms
267,3340.9999999999964 ms
267,3345.949999999996 ms
267,3366.7499999999964 ms
267,3381.2999999999965 ms
267,3404.0499999999965 ms
267,3407.7499999999964 ms
267,3411.0999999999967 ms
267,3413.949999999996 ms
267,3441.849999999996 ms
267,3461.7999999999965 ms
267,3465.199999999996 ms
267,3470.449999999996 ms
267,3481.899999999996 ms
267,3484.0499999999956 ms
267,3489.949999999996 ms
267,3515.399999999996 ms
267,3515.7999999999956 ms
267,3524.4999999999964 ms
267,3528.899999999996 ms
267,3534.399999999996 ms
267,3562.4999999999964 ms
267,3587.349999999996 ms
267,3601.599999999996 ms
267,3616.949999999996 ms
267,3625.949999999996 ms
267,3637.2999999999956 ms
267,3637.4999999999955 ms
267,3650.9499999999953 ms
267,3656.7499999999955 ms
267,3662.149999999995 ms
267,3662.649999999995 ms
267,3663.599999999996 ms
267,3687.7499999999955 ms
267,3715.2999999999956 ms
267,3725.7499999999955 ms
267,3745.6999999999953 ms
267,3746.849999999995 ms
267,3748.9999999999955 ms
267,3762.2999999999956 ms
267,3773.599999999996 ms
267,3795.399999999996 ms
267,3802.349999999996 ms
267,3812.099999999996 ms
267,3818.949999999996 ms
267,3828.4999999999955 ms
267,3837.2499999999955 ms
267,3844.949999999996 ms
267,3849.899999999995 ms
267,3885.9999999999955 ms
267,3916.399999999995 ms
267,3989.149999999995 ms
267,3997.399999999995 ms
268,14.350000000000001 ms
268,41.5 ms
268,42.849999999999994 ms
268,50.349999999999994 ms
268,54.150000000000006 ms
268,72.95 ms
268,75.10000000000001 ms
268,78.39999999999999 ms
268,88.55 ms
268,91.50000000000001 ms
268,100.70000000000003 ms
268,133.60000000000002 ms
268,144.90000000000003 ms
268,157.75000000000006 ms
268,186.60000000000002 ms
268,201.95000000000005 ms
268,237.65000000000003 ms
268,254.25000000000006 ms
268,258.95 ms
268,293.15000000000003 ms
268,318.9500000000001 ms
268,326.00000000000006 ms
268,336.65000000000003 ms
268,349.84999999999997 ms
268,375.45 ms
268,378.84999999999997 ms
268,391.90000000000003 ms
268,403.3 ms
268,411.2 ms
268,415.25000000000006 ms
268,431.05 ms
268,432.45 ms
268,435.50000000000006 ms
268,436.40000000000003 ms
268,440.1499999999999 ms
268,445.49999999999994 ms
268,453.00000000000006 ms
268,461.2 ms
268,482.45 ms
268,487.3 ms
268,519.3 ms
268,537.1499999999999 ms
268,538.1000000000001 ms
268,542.7 ms
268,556.3 ms
268,568.3 ms
268,571.3 ms
268,616.9000000000001 ms
268,629.2 ms
268,638.7 ms
268,695.3 ms
268,721.95 ms
268,729.1000000000001 ms
268,758.25 ms
268,759.75 ms
268,761.6500000000001 ms
268,771.8499999999999 ms
268,798.9000000000001 ms
268,806.0 ms
268,808.45 ms
268,815.4000000000001 ms
268,817.3500000000001 ms
268,840.45 ms
268,845.2500000000002 ms
268,855.8 ms
268,871.9000000000001 ms
268,880.3000000000002 ms
268,905.0999999999999 ms
268,907.75 ms
268,908.75 ms
268,910.45 ms
268,937.55 ms
268,940.4000000000001 ms
268,966.0 ms
268,984.3000000000002 ms
268,985.3000000000002 ms
268,1031.65 ms
268,1037.0 ms
268,1039.6 ms
268,1041.65 ms
268,1051.4 ms
268,1065.5499999999997 ms
268,1116.4 ms
268,1118.1 ms
268,1123.75 ms
268,1125.1 ms
268,1137.9499999999998 ms
268,1158.1999999999998 ms
268,1173.75 ms
268,1196.9499999999998 ms
268,1214.2999999999997 ms
268,1220.1999999999998 ms
268,1279.3999999999996 ms
268,1288.75 ms
268,1306.7999999999997 ms
268,1308.2499999999995 ms
268,1314.0499999999997 ms
268,1317.6999999999998 ms
268,1378.6999999999998 ms
268,1380.8999999999996 ms
268,1396.9499999999998 ms
268,1426.0499999999997 ms
268,1430.2999999999997 ms
268,1438.9999999999995 ms
268,1462.4499999999998 ms
268,1478.1999999999998 ms
268,1488.75 ms
268,1548.4499999999998 ms
268,1552.4499999999998 ms
268,1553.4499999999998 ms
268,1572.75 ms
268,1573.75 ms
268,1574.3999999999996 ms
268,1613.9499999999998 ms
268,1658.6 ms
268,1664.4499999999998 ms
268,1715.0 ms
268,1748.0999999999995 ms
268,1750.4499999999998 ms
268,1757.7999999999993 ms
268,1759.7499999999995 ms
268,1790.0999999999995 ms
268,1795.4999999999995 ms
268,1816.1499999999996 ms
268,1843.8499999999995 ms
268,1859.25 ms
268,1859.8499999999995 ms
268,1882.8999999999996 ms
268,1920.0999999999995 ms
268,1921.6999999999998 ms
268,1935.4999999999995 ms
268,1998.6999999999994 ms
268,2018.7999999999997 ms
268,2028.4499999999994 ms
268,2031.85 ms
268,2033.9499999999994 ms
268,2043.6499999999996 ms
268,2094.0499999999993 ms
268,2099.3999999999996 ms
268,2154.7 ms
268,2165.5999999999995 ms
268,2192.0 ms
268,2194.5 ms
268,2205.25 ms
268,2214.3 ms
268,2222.7 ms
268,2289.6000000000004 ms
268,2295.4000000000005 ms
268,2344.500000000001 ms
268,2346.3500000000004 ms
268,2364.1000000000004 ms
268,2385.8500000000004 ms
268,2396.75 ms
268,2415.6000000000004 ms
268,2428.6500000000005 ms
268,2430.8500000000004 ms
268,2447.3500000000004 ms
268,2449.4500000000007 ms
268,2456.3999999999996 ms
268,2471.75 ms
268,2478.0 ms
268,2499.3 ms
268,2505.3500000000004 ms
268,2519.0 ms
268,2534.6500000000005 ms
268,2544.9500000000007 ms
268,2564.800000000001 ms
268,2573.4000000000005 ms
268,2601.1500000000005 ms
268,2615.7000000000007 ms
268,2625.4500000000007 ms
268,2631.4500000000007 ms
268,2642.6000000000004 ms
268,2653.9000000000015 ms
268,2663.3500000000004 ms
268,2689.800000000001 ms
268,2700.1500000000005 ms
268,2715.750000000001 ms
268,2719.1500000000005 ms
268,2721.2000000000007 ms
268,2722.7000000000007 ms
268,2722.9500000000007 ms
268,2726.000000000001 ms
268,2726.1500000000005 ms
268,2749.6000000000013 ms
268,2751.8500000000013 ms
268,2770.6000000000013 ms
268,2776.2000000000007 ms
268,2783.050000000001 ms
268,2789.050000000001 ms
268,2791.5 ms
268,2797.8500000000004 ms
268,2800.7000000000007 ms
268,2825.55 ms
268,2855.25 ms
268,2859.8500000000004 ms
268,2861.3999999999996 ms
268,2868.5 ms
268,2871.75 ms
268,2892.8500000000004 ms
268,2897.2 ms
268,2898.8999999999996 ms
268,2905.45 ms
268,2910.7 ms
268,2913.8999999999996 ms
268,2930.8499999999995 ms
268,2932.45 ms
268,2938.1499999999987 ms
268,2950.749999999999 ms
268,2989.1499999999987 ms
268,3001.95 ms
268,3030.7999999999993 ms
268,3037.5999999999995 ms
268,3049.2999999999993 ms
268,3052.249999999999 ms
268,3065.249999999999 ms
268,3076.749999999999 ms
268,3091.499999999999 ms
268,3098.2999999999993 ms
268,3119.5499999999993 ms
268,3120.0999999999995 ms
268,3127.1499999999996 ms
268,3162.3999999999996 ms
268,3173.8999999999996 ms
268,3197.5999999999995 ms
268,3215.0499999999993 ms
268,3231.949999999999 ms
268,3233.699999999999 ms
268,3269.5999999999995 ms
268,3276.5499999999993 ms
268,3289.5999999999995 ms
268,3385.999999999999 ms
268,3398.8 ms
268,3419.7 ms
268,3425.0 ms
268,3442.0 ms
268,3469.7 ms
268,3471.0999999999995 ms
268,3471.5 ms
268,3473.0 ms
268,3477.45 ms
268,3490.55 ms
268,3507.3 ms
268,3508.55 ms
268,3525.0999999999995 ms
268,3559.45 ms
268,3606.6499999999996 ms
268,3616.45 ms
268,3634.0999999999995 ms
268,3645.75 ms
268,3664.0 ms
268,3669.25 ms
268,3680.8 ms
268,3687.6500000000005 ms
268,3700.5999999999995 ms
268,3707.5999999999995 ms
268,3716.55 ms
268,3729.3 ms
268,3757.3 ms
268,3775.8999999999996 ms
268,3799.6499999999996 ms
268,3809.3999999999996 ms
268,3840.7 ms
268,3846.3999999999996 ms
268,3854.2 ms
268,3861.25 ms
268,3869.2 ms
268,3875.0 ms
268,3880.25 ms
268,3884.1499999999996 ms
268,3893.25 ms
268,3894.55 ms
268,3909.25 ms
268,3919.6000000000004 ms
268,3929.1000000000004 ms
268,3954.0499999999993 ms
268,3959.3500000000004 ms
268,3974.6499999999996 ms
268,3988.0 ms
268,3990.1000000000004 ms
268,3991.8500000000004 ms
269,2.0 ms
269,22.85 ms
269,25.15 ms
269,39.550000000000004 ms
269,47.300000000000004 ms
269,48.449999999999996 ms
269,50.70000000000001 ms
269,63.6 ms
269,64.1 ms
269,69.44999999999999 ms
269,72.6 ms
269,77.15 ms
269,78.24999999999997 ms
269,83.24999999999997 ms
269,105.19999999999999 ms
269,105.39999999999998 ms
269,124.6 ms
269,145.9 ms
269,151.20000000000002 ms
269,160.79999999999998 ms
269,169.35 ms
269,169.60000000000005 ms
269,171.35 ms
269,173.29999999999998 ms
269,180.49999999999997 ms
269,185.85 ms
269,188.9 ms
269,195.55000000000004 ms
269,197.20000000000002 ms
269,223.45000000000002 ms
269,224.60000000000005 ms
269,236.95000000000002 ms
269,273.45000000000005 ms
269,286.9000000000001 ms
269,290.79999999999995 ms
269,309.20000000000005 ms
269,309.95000000000005 ms
269,335.65 ms
269,356.65 ms
269,360.29999999999995 ms
269,366.29999999999995 ms
269,376.54999999999995 ms
269,381.79999999999995 ms
269,403.65 ms
269,410.19999999999993 ms
269,433.80000000000007 ms
269,437.85 ms
269,444.1 ms
269,456.9 ms
269,469.9 ms
269,474.80000000000007 ms
269,479.44999999999993 ms
269,485.80000000000007 ms
269,491.65 ms
269,495.20000000000005 ms
269,500.75 ms
269,510.55000000000007 ms
269,539.35 ms
269,540.15 ms
269,544.1999999999999 ms
269,544.6999999999999 ms
269,548.4999999999999 ms
269,561.9499999999999 ms
269,564.7499999999999 ms
269,567.1 ms
269,600.5500000000001 ms
269,614.6999999999999 ms
269,632.8499999999998 ms
269,645.5499999999998 ms
269,651.9999999999999 ms
269,661.0499999999998 ms
269,672.4 ms
269,679.2999999999998 ms
269,681.9499999999999 ms
269,686.9 ms
269,687.5499999999998 ms
269,692.9 ms
269,701.85 ms
269,702.9 ms
269,717.35 ms
269,757.3000000000001 ms
269,776.0500000000001 ms
269,789.6 ms
269,808.4 ms
269,809.65 ms
269,814.1999999999999 ms
269,833.8000000000001 ms
269,839.15 ms
269,850.0499999999998 ms
269,853.9 ms
269,900.7500000000001 ms
269,904.3000000000001 ms
269,976.4499999999999 ms
269,977.4 ms
269,995.2500000000001 ms
269,1027.75 ms
269,1035.65 ms
269,1045.9 ms
269,1054.35 ms
269,1058.5500000000002 ms
269,1101.0 ms
269,1115.7000000000003 ms
269,1125.6000000000004 ms
269,1135.0500000000002 ms
269,1143.1000000000004 ms
269,1147.2500000000005 ms
269,1176.2000000000003 ms
269,1184.1000000000008 ms
269,1192.1000000000008 ms
269,1199.6000000000008 ms
269,1209.5000000000005 ms
269,1252.8500000000008 ms
269,1255.5500000000006 ms
269,1265.3500000000008 ms
269,1298.5500000000006 ms
269,1300.0000000000005 ms
269,1307.2000000000007 ms
269,1322.9000000000005 ms
269,1327.6500000000005 ms
269,1352.9500000000007 ms
269,1361.4000000000005 ms
269,1381.9500000000007 ms
269,1398.8000000000006 ms
269,1400.4000000000005 ms
269,1413.8500000000004 ms
269,1421.1500000000005 ms
269,1427.5500000000006 ms
269,1429.4500000000007 ms
269,1435.000000000001 ms
269,1455.5500000000006 ms
269,1464.7500000000005 ms
269,1488.3000000000006 ms
269,1488.7500000000005 ms
269,1506.150000000001 ms
269,1513.3500000000008 ms
269,1528.8000000000006 ms
269,1538.8500000000008 ms
269,1543.1000000000008 ms
269,1544.150000000001 ms
269,1546.2500000000005 ms
269,1560.5500000000006 ms
269,1562.2500000000005 ms
269,1567.2500000000005 ms
269,1573.3500000000008 ms
269,1578.3000000000006 ms
269,1580.5000000000005 ms
269,1589.8000000000006 ms
269,1599.2000000000007 ms
269,1601.2000000000007 ms
269,1608.8500000000008 ms
269,1625.400000000001 ms
269,1650.8000000000006 ms
269,1652.6000000000008 ms
269,1685.6000000000008 ms
269,1695.650000000001 ms
269,1695.9500000000007 ms
269,1698.1000000000008 ms
269,1717.3000000000006 ms
269,1731.400000000001 ms
269,1796.7500000000005 ms
269,1805.150000000001 ms
269,1827.0500000000006 ms
269,1839.900000000001 ms
269,1842.8500000000008 ms
269,1848.9500000000007 ms
269,1873.1000000000008 ms
269,1884.8500000000008 ms
269,1885.9500000000007 ms
269,1900.1500000000005 ms
269,1900.7000000000007 ms
269,1911.3000000000006 ms
269,1922.7500000000005 ms
269,1924.400000000001 ms
269,1926.8500000000008 ms
269,1933.750000000001 ms
269,1947.4500000000007 ms
269,1974.800000000001 ms
269,1983.550000000001 ms
269,2008.000000000001 ms
269,2009.650000000001 ms
269,2011.8500000000008 ms
269,2015.150000000001 ms
269,2045.250000000001 ms
269,2064.6000000000013 ms
269,2072.250000000001 ms
269,2075.300000000001 ms
269,2079.250000000001 ms
269,2080.250000000001 ms
269,2081.250000000001 ms
269,2084.550000000001 ms
269,2086.000000000001 ms
269,2089.250000000001 ms
269,2092.6000000000013 ms
269,2103.6500000000005 ms
269,2109.500000000001 ms
269,2119.4000000000005 ms
269,2122.000000000001 ms
269,2157.500000000001 ms
269,2172.1000000000013 ms
269,2172.7000000000007 ms
269,2194.550000000001 ms
269,2219.1000000000004 ms
269,2220.1500000000015 ms
269,2262.750000000001 ms
269,2265.750000000001 ms
269,2269.9000000000005 ms
269,2279.9000000000005 ms
269,2285.2000000000016 ms
269,2290.4000000000005 ms
269,2312.4500000000016 ms
269,2319.9000000000005 ms
269,2346.4500000000016 ms
269,2355.4500000000016 ms
269,2372.6500000000005 ms
269,2375.000000000001 ms
269,2384.3500000000013 ms
269,2397.000000000001 ms
269,2399.6500000000005 ms
269,2399.8500000000013 ms
269,2420.1500000000005 ms
269,2442.1000000000013 ms
269,2454.8500000000013 ms
269,2458.1000000000013 ms
269,2459.4000000000005 ms
269,2460.7000000000016 ms
269,2466.6500000000005 ms
269,2486.250000000001 ms
269,2514.2000000000007 ms
269,2520.2000000000007 ms
269,2530.8500000000004 ms
269,2533.4500000000007 ms
269,2559.750000000001 ms
269,2561.3500000000013 ms
269,2573.1000000000013 ms
269,2582.750000000001 ms
269,2600.3500000000013 ms
269,2610.8500000000013 ms
269,2614.9500000000007 ms
269,2621.6000000000004 ms
269,2626.3500000000004 ms
269,2634.8500000000004 ms
269,2645.6500000000015 ms
269,2653.1500000000015 ms
269,2657.550000000001 ms
269,2668.1500000000015 ms
269,2669.1500000000015 ms
269,2697.800000000001 ms
269,2703.750000000001 ms
269,2709.1000000000013 ms
269,2723.7000000000007 ms
269,2750.1500000000005 ms
269,2754.750000000001 ms
269,2755.8500000000004 ms
269,2758.55 ms
269,2760.3 ms
269,2760.55 ms
269,2765.5 ms
269,2820.6499999999996 ms
269,2825.3 ms
269,2828.95 ms
269,2838.55 ms
269,2842.7 ms
269,2848.4000000000005 ms
269,2875.7 ms
269,2877.05 ms
269,2887.1000000000004 ms
269,2889.8 ms
269,2894.5 ms
269,2920.45 ms
269,2924.6499999999996 ms
269,2925.5999999999995 ms
269,2927.8999999999996 ms
269,2963.3499999999995 ms
269,2978.7999999999993 ms
269,2997.5499999999993 ms
269,3046.1499999999996 ms
269,3048.3999999999996 ms
269,3048.749999999999 ms
269,3050.199999999999 ms
269,3062.8999999999987 ms
269,3069.949999999999 ms
269,3082.749999999999 ms
269,3087.249999999999 ms
269,3092.5999999999995 ms
269,3101.7999999999984 ms
269,3113.5499999999984 ms
269,3119.3499999999995 ms
269,3119.499999999999 ms
269,3144.3499999999995 ms
269,3144.749999999999 ms
269,3157.699999999999 ms
269,3165.6499999999987 ms
269,3186.999999999999 ms
269,3199.0999999999985 ms
269,3236.999999999998 ms
269,3262.0999999999985 ms
269,3274.499999999998 ms
269,3279.0499999999993 ms
269,3287.999999999998 ms
269,3288.449999999999 ms
269,3311.149999999998 ms
269,3315.5499999999984 ms
269,3339.999999999998 ms
269,3349.249999999998 ms
269,3350.8499999999985 ms
269,3383.499999999998 ms
269,3395.0499999999984 ms
269,3397.5499999999984 ms
269,3400.0499999999984 ms
269,3400.2999999999984 ms
269,3402.3999999999987 ms
269,3405.6499999999987 ms
269,3426.5999999999976 ms
269,3432.1499999999987 ms
269,3436.2999999999984 ms
269,3439.199999999998 ms
269,3467.1499999999987 ms
269,3471.699999999998 ms
269,3479.199999999998 ms
269,3508.699999999998 ms
269,3513.949999999998 ms
269,3522.199999999998 ms
269,3556.249999999999 ms
269,3575.749999999999 ms
269,3581.449999999998 ms
269,3617.499999999999 ms
269,3621.749999999999 ms
269,3628.449999999998 ms
269,3636.5999999999985 ms
269,3643.949999999999 ms
269,3657.199999999999 ms
269,3686.8499999999985 ms
269,3688.7999999999984 ms
269,3710.249999999998 ms
269,3711.749999999998 ms
269,3712.0499999999984 ms
269,3720.499999999998 ms
269,3722.399999999998 ms
269,3757.8499999999985 ms
269,3758.3499999999985 ms
269,3759.7999999999975 ms
269,3770.399999999998 ms
269,3773.0499999999975 ms
269,3773.699999999998 ms
269,3775.3499999999976 ms
269,3783.0499999999984 ms
269,3784.5999999999976 ms
269,3793.2999999999984 ms
269,3800.2499999999973 ms
269,3800.7499999999973 ms
269,3812.5999999999976 ms
269,3819.0999999999976 ms
269,3833.949999999998 ms
269,3866.2499999999973 ms
269,3866.5499999999984 ms
269,3949.199999999998 ms
269,3958.199999999998 ms
269,3978.7999999999984 ms
269,3998.7499999999973 ms
270,1.6 ms
270,3.2499999999999996 ms
270,6.1 ms
270,9.55 ms
270,23.05 ms
270,43.3 ms
270,90.00000000000001 ms
270,96.15000000000002 ms
270,100.10000000000001 ms
270,102.64999999999999 ms
270,110.90000000000002 ms
270,117.10000000000001 ms
270,123.80000000000003 ms
270,146.20000000000005 ms
270,163.85000000000002 ms
270,165.55 ms
270,166.05 ms
270,188.5 ms
270,190.7 ms
270,209.75 ms
270,222.55 ms
270,248.0 ms
270,251.75 ms
270,258.8 ms
270,263.55 ms
270,285.6000000000001 ms
270,287.65000000000003 ms
270,290.75000000000006 ms
270,314.00000000000006 ms
270,382.40000000000003 ms
270,387.3 ms
270,399.5500000000001 ms
270,433.25000000000006 ms
270,437.1000000000001 ms
270,441.3500000000001 ms
270,451.05 ms
270,454.90000000000003 ms
270,462.05 ms
270,484.6000000000001 ms
270,492.4500000000001 ms
270,496.4500000000001 ms
270,523.8000000000002 ms
270,534.25 ms
270,535.8500000000001 ms
270,554.0500000000002 ms
270,566.0500000000002 ms
270,569.3500000000001 ms
270,574.7 ms
270,624.0500000000002 ms
270,645.0000000000002 ms
270,645.5000000000002 ms
270,656.6500000000003 ms
270,680.3000000000002 ms
270,690.4500000000003 ms
270,707.5500000000002 ms
270,720.7500000000002 ms
270,721.6000000000001 ms
270,731.6000000000001 ms
270,739.4500000000003 ms
270,746.9000000000003 ms
270,772.4000000000003 ms
270,777.1500000000003 ms
270,781.3500000000004 ms
270,800.0500000000004 ms
270,812.1500000000003 ms
270,814.3000000000004 ms
270,861.0000000000005 ms
270,863.1000000000004 ms
270,866.6500000000005 ms
270,872.3500000000004 ms
270,877.9500000000005 ms
270,884.2500000000005 ms
270,888.7500000000005 ms
270,902.6500000000005 ms
270,924.6500000000005 ms
270,952.1500000000005 ms
270,976.0000000000005 ms
270,979.3000000000004 ms
270,984.0000000000005 ms
270,986.6000000000004 ms
270,995.7500000000005 ms
270,999.3000000000004 ms
270,1004.3000000000004 ms
270,1033.0000000000005 ms
270,1043.2500000000005 ms
270,1069.3500000000004 ms
270,1077.0500000000002 ms
270,1079.5500000000002 ms
270,1082.5000000000005 ms
270,1109.7500000000005 ms
270,1154.1000000000004 ms
270,1166.2500000000005 ms
270,1180.2000000000003 ms
270,1180.8000000000006 ms
270,1183.3500000000004 ms
270,1191.0500000000002 ms
270,1215.4500000000007 ms
270,1223.2000000000007 ms
270,1271.5000000000005 ms
270,1280.2000000000003 ms
270,1282.9000000000005 ms
270,1296.3000000000006 ms
270,1301.6000000000008 ms
270,1304.6500000000005 ms
270,1305.4000000000005 ms
270,1373.5500000000006 ms
270,1391.5500000000006 ms
270,1423.1500000000005 ms
270,1423.4500000000007 ms
270,1441.3500000000004 ms
270,1494.5500000000006 ms
270,1516.6500000000005 ms
270,1516.9000000000005 ms
270,1529.5000000000005 ms
270,1551.7500000000005 ms
270,1554.3000000000006 ms
270,1565.7500000000005 ms
270,1569.8500000000004 ms
270,1580.1500000000005 ms
270,1589.6000000000004 ms
270,1589.8500000000004 ms
270,1591.0500000000002 ms
270,1592.0500000000002 ms
270,1595.3000000000002 ms
270,1597.2500000000005 ms
270,1606.7000000000003 ms
270,1612.1500000000005 ms
270,1637.8500000000004 ms
270,1683.8000000000006 ms
270,1685.7500000000005 ms
270,1691.0000000000005 ms
270,1703.900000000001 ms
270,1721.0500000000006 ms
270,1722.650000000001 ms
270,1747.4500000000007 ms
270,1751.3500000000008 ms
270,1758.900000000001 ms
270,1762.8500000000008 ms
270,1764.150000000001 ms
270,1812.9500000000007 ms
270,1822.2000000000007 ms
270,1833.5500000000006 ms
270,1840.7000000000007 ms
270,1849.750000000001 ms
270,1851.3000000000006 ms
270,1860.2000000000007 ms
270,1866.8500000000008 ms
270,1890.5500000000006 ms
270,1908.250000000001 ms
270,1925.2000000000007 ms
270,1938.6000000000013 ms
270,1959.8500000000013 ms
270,2002.6000000000013 ms
270,2037.6000000000013 ms
270,2059.300000000001 ms
270,2088.2000000000007 ms
270,2096.250000000002 ms
270,2097.000000000002 ms
270,2098.9500000000007 ms
270,2117.8500000000013 ms
270,2118.2000000000016 ms
270,2119.4000000000005 ms
270,2130.1500000000005 ms
270,2151.000000000001 ms
270,2156.4500000000007 ms
270,2160.7000000000007 ms
270,2161.800000000001 ms
270,2176.1000000000004 ms
270,2176.6500000000015 ms
270,2196.2000000000007 ms
270,2200.250000000002 ms
270,2203.6000000000013 ms
270,2245.550000000001 ms
270,2251.8500000000013 ms
270,2260.1500000000015 ms
270,2260.6000000000013 ms
270,2277.050000000001 ms
270,2285.7000000000007 ms
270,2298.6500000000015 ms
270,2317.1500000000015 ms
270,2332.7000000000007 ms
270,2346.550000000001 ms
270,2363.800000000001 ms
270,2372.250000000001 ms
270,2380.550000000001 ms
270,2404.6500000000015 ms
270,2408.500000000001 ms
270,2409.550000000001 ms
270,2413.1000000000013 ms
270,2421.050000000001 ms
270,2434.550000000001 ms
270,2436.3500000000013 ms
270,2455.550000000001 ms
270,2457.000000000001 ms
270,2460.050000000001 ms
270,2462.000000000001 ms
270,2482.750000000001 ms
270,2489.550000000001 ms
270,2511.750000000001 ms
270,2513.1500000000005 ms
270,2531.4500000000016 ms
270,2532.750000000001 ms
270,2548.000000000001 ms
270,2554.500000000001 ms
270,2575.7000000000016 ms
270,2582.8500000000013 ms
270,2588.1500000000015 ms
270,2601.4500000000016 ms
270,2615.1000000000013 ms
270,2616.300000000002 ms
270,2619.750000000001 ms
270,2640.800000000002 ms
270,2657.6000000000013 ms
270,2665.9000000000024 ms
270,2669.800000000002 ms
270,2681.500000000002 ms
270,2685.4500000000016 ms
270,2686.4000000000015 ms
270,2709.750000000002 ms
270,2728.7000000000007 ms
270,2746.6500000000015 ms
270,2771.2000000000007 ms
270,2773.4000000000015 ms
270,2790.250000000001 ms
270,2795.6000000000013 ms
270,2796.05 ms
270,2797.1000000000013 ms
270,2845.4500000000007 ms
270,2865.8500000000004 ms
270,2865.9500000000007 ms
270,2901.3500000000004 ms
270,2903.550000000001 ms
270,2905.0 ms
270,2926.2000000000007 ms
270,2926.5 ms
270,2942.6000000000004 ms
270,2959.75 ms
270,2961.4500000000007 ms
270,2964.9500000000007 ms
270,2993.1499999999996 ms
270,3007.9500000000007 ms
270,3041.3999999999996 ms
270,3058.8999999999996 ms
270,3073.1000000000004 ms
270,3102.0 ms
270,3116.8999999999996 ms
270,3121.25 ms
270,3124.6000000000004 ms
270,3137.2999999999993 ms
270,3152.95 ms
270,3156.45 ms
270,3164.45 ms
270,3165.6499999999996 ms
270,3177.8499999999995 ms
270,3188.2999999999993 ms
270,3203.1499999999996 ms
270,3212.999999999999 ms
270,3229.0999999999995 ms
270,3235.949999999999 ms
270,3260.0499999999993 ms
270,3270.5499999999993 ms
270,3272.999999999998 ms
270,3276.999999999998 ms
270,3295.7999999999993 ms
270,3299.499999999998 ms
270,3312.1499999999987 ms
270,3312.449999999999 ms
270,3316.999999999999 ms
270,3324.249999999999 ms
270,3338.5499999999993 ms
270,3339.199999999999 ms
270,3348.0 ms
270,3350.8999999999996 ms
270,3377.5 ms
270,3393.949999999999 ms
270,3434.949999999999 ms
270,3440.75 ms
270,3461.8499999999995 ms
270,3481.499999999999 ms
270,3517.7 ms
270,3524.249999999999 ms
270,3529.0999999999995 ms
270,3548.3499999999995 ms
270,3566.5499999999993 ms
270,3577.999999999999 ms
270,3581.749999999999 ms
270,3589.8499999999995 ms
270,3600.8499999999995 ms
270,3609.699999999999 ms
270,3613.3999999999987 ms
270,3617.0499999999984 ms
270,3618.5999999999995 ms
270,3622.749999999999 ms
270,3626.449999999999 ms
270,3628.1499999999987 ms
270,3631.749999999999 ms
270,3639.3499999999985 ms
270,3652.199999999999 ms
270,3656.899999999998 ms
270,3668.149999999998 ms
270,3682.199999999999 ms
270,3755.7999999999984 ms
270,3768.1499999999987 ms
270,3770.0999999999976 ms
270,3773.199999999998 ms
270,3782.3499999999976 ms
270,3788.7999999999984 ms
270,3800.7499999999973 ms
270,3808.0999999999976 ms
270,3815.2499999999973 ms
270,3829.5999999999976 ms
270,3842.199999999998 ms
270,3855.8499999999976 ms
270,3857.9999999999973 ms
270,3906.5999999999976 ms
270,3942.9999999999973 ms
270,3991.3499999999976 ms
270,3994.3499999999976 ms
270,3994.5999999999976 ms
270,3998.699999999998 ms
271,4.9 ms
271,12.550000000000002 ms
271,26.4 ms
271,31.4 ms
271,34.65000000000001 ms
271,44.25000000000001 ms
271,45.95000000000001 ms
271,57.90000000000001 ms
271,58.00000000000002 ms
271,74.4 ms
271,87.95000000000002 ms
271,121.30000000000001 ms
271,123.20000000000002 ms
271,143.60000000000005 ms
271,146.00000000000003 ms
271,213.1 ms
271,224.35000000000005 ms
271,224.6 ms
271,239.85000000000005 ms
271,247.6 ms
271,253.60000000000005 ms
271,254.1 ms
271,265.70000000000005 ms
271,281.1500000000001 ms
271,303.6 ms
271,306.0 ms
271,309.20000000000005 ms
271,318.3499999999999 ms
271,321.45000000000005 ms
271,325.54999999999995 ms
271,328.79999999999995 ms
271,332.25 ms
271,335.65 ms
271,368.0 ms
271,409.25 ms
271,432.29999999999995 ms
271,443.5 ms
271,465.1 ms
271,474.70000000000005 ms
271,489.1500000000001 ms
271,505.25 ms
271,525.5999999999999 ms
271,539.9000000000001 ms
271,565.55 ms
271,570.8999999999999 ms
271,583.3 ms
271,588.3 ms
271,590.0 ms
271,617.05 ms
271,630.2 ms
271,639.3499999999999 ms
271,645.3499999999999 ms
271,660.0999999999999 ms
271,675.4499999999998 ms
271,689.5 ms
271,703.25 ms
271,716.75 ms
271,722.7999999999997 ms
271,742.8999999999999 ms
271,748.8999999999999 ms
271,752.9499999999998 ms
271,762.3999999999999 ms
271,779.5999999999999 ms
271,784.8499999999999 ms
271,797.75 ms
271,816.4499999999998 ms
271,818.6999999999998 ms
271,831.4499999999998 ms
271,831.8 ms
271,848.5 ms
271,859.25 ms
271,864.7 ms
271,871.55 ms
271,909.2 ms
271,919.5 ms
271,929.3 ms
271,936.45 ms
271,938.95 ms
271,963.55 ms
271,980.45 ms
271,1016.0999999999999 ms
271,1030.1499999999999 ms
271,1056.4499999999996 ms
271,1060.2999999999995 ms
271,1073.6499999999994 ms
271,1080.8999999999999 ms
271,1099.3499999999997 ms
271,1104.2499999999998 ms
271,1106.5499999999995 ms
271,1143.4999999999998 ms
271,1155.0999999999997 ms
271,1188.8 ms
271,1206.8999999999999 ms
271,1215.6999999999996 ms
271,1223.7499999999993 ms
271,1241.3499999999992 ms
271,1241.7999999999995 ms
271,1255.3499999999992 ms
271,1267.8999999999994 ms
271,1291.5999999999997 ms
271,1325.0499999999995 ms
271,1334.3999999999994 ms
271,1338.7499999999993 ms
271,1342.4499999999996 ms
271,1345.8499999999997 ms
271,1362.0499999999995 ms
271,1363.3499999999992 ms
271,1397.4499999999991 ms
271,1400.2499999999993 ms
271,1428.9499999999996 ms
271,1449.2499999999993 ms
271,1450.6999999999996 ms
271,1486.4999999999993 ms
271,1489.799999999999 ms
271,1500.4499999999991 ms
271,1508.9999999999993 ms
271,1516.8499999999992 ms
271,1521.9499999999991 ms
271,1526.2499999999989 ms
271,1539.8499999999988 ms
271,1554.1999999999987 ms
271,1555.0999999999988 ms
271,1563.899999999999 ms
271,1576.8499999999992 ms
271,1581.899999999999 ms
271,1594.549999999999 ms
271,1607.4499999999991 ms
271,1607.9499999999991 ms
271,1608.0999999999992 ms
271,1632.6999999999991 ms
271,1672.8499999999992 ms
271,1680.3499999999992 ms
271,1722.399999999999 ms
271,1731.6499999999994 ms
271,1740.4499999999991 ms
271,1747.6999999999991 ms
271,1750.549999999999 ms
271,1754.649999999999 ms
271,1761.399999999999 ms
271,1778.9499999999987 ms
271,1788.9999999999989 ms
271,1815.649999999999 ms
271,1836.149999999999 ms
271,1864.899999999999 ms
271,1872.9999999999989 ms
271,1875.5499999999986 ms
271,1913.7499999999989 ms
271,1916.5499999999986 ms
271,1917.549999999999 ms
271,1919.9499999999991 ms
271,1962.049999999999 ms
271,1965.2499999999989 ms
271,1985.649999999999 ms
271,2005.5999999999992 ms
271,2029.9499999999991 ms
271,2030.0999999999992 ms
271,2041.399999999999 ms
271,2061.0999999999995 ms
271,2062.8999999999987 ms
271,2066.3999999999987 ms
271,2067.6499999999987 ms
271,2085.749999999999 ms
271,2110.999999999999 ms
271,2124.999999999999 ms
271,2131.749999999999 ms
271,2134.6499999999987 ms
271,2140.0499999999993 ms
271,2148.699999999999 ms
271,2156.3499999999995 ms
271,2156.5999999999995 ms
271,2186.3999999999996 ms
271,2187.8499999999995 ms
271,2199.249999999999 ms
271,2202.8499999999995 ms
271,2205.1499999999996 ms
271,2209.1499999999996 ms
271,2214.2 ms
271,2229.1499999999996 ms
271,2231.2999999999993 ms
271,2235.8999999999996 ms
271,2242.8999999999996 ms
271,2255.6499999999996 ms
271,2267.5999999999995 ms
271,2301.2 ms
271,2312.249999999999 ms
271,2323.3499999999995 ms
271,2331.5999999999995 ms
271,2337.95 ms
271,2341.1499999999987 ms
271,2349.95 ms
271,2352.249999999999 ms
271,2361.5999999999995 ms
271,2362.2999999999993 ms
271,2366.499999999999 ms
271,2391.499999999999 ms
271,2426.1499999999987 ms
271,2430.8999999999987 ms
271,2450.95 ms
271,2460.2999999999993 ms
271,2461.949999999999 ms
271,2463.449999999999 ms
271,2475.449999999999 ms
271,2482.75 ms
271,2489.1499999999996 ms
271,2491.0999999999995 ms
271,2495.45 ms
271,2552.2 ms
271,2576.0499999999993 ms
271,2595.949999999999 ms
271,2599.3999999999996 ms
271,2599.8499999999985 ms
271,2614.449999999999 ms
271,2618.8499999999985 ms
271,2619.2999999999993 ms
271,2668.6499999999987 ms
271,2675.5499999999984 ms
271,2679.0499999999984 ms
271,2704.449999999999 ms
271,2763.199999999999 ms
271,2771.0499999999993 ms
271,2789.5999999999985 ms
271,2790.699999999999 ms
271,2833.5999999999985 ms
271,2838.0499999999993 ms
271,2849.3999999999987 ms
271,2868.6499999999987 ms
271,2887.5499999999984 ms
271,2907.0999999999995 ms
271,2909.8499999999995 ms
271,2960.0999999999995 ms
271,2963.749999999999 ms
271,2980.749999999999 ms
271,2985.3499999999995 ms
271,2986.749999999999 ms
271,2992.2999999999993 ms
271,2994.949999999999 ms
271,2996.8999999999996 ms
271,2999.249999999999 ms
271,3037.0499999999993 ms
271,3039.249999999999 ms
271,3042.1499999999987 ms
271,3042.499999999999 ms
271,3067.749999999999 ms
271,3083.6499999999987 ms
271,3085.749999999999 ms
271,3111.749999999999 ms
271,3135.499999999999 ms
271,3140.999999999999 ms
271,3145.3499999999995 ms
271,3165.999999999999 ms
271,3171.199999999999 ms
271,3175.3499999999985 ms
271,3208.0499999999993 ms
271,3221.749999999998 ms
271,3228.6499999999987 ms
271,3237.2999999999984 ms
271,3244.5999999999995 ms
271,3250.0499999999984 ms
271,3252.199999999999 ms
271,3277.6499999999987 ms
271,3311.999999999999 ms
271,3332.3499999999985 ms
271,3342.249999999998 ms
271,3345.699999999999 ms
271,3348.899999999998 ms
271,3353.7999999999984 ms
271,3372.3499999999985 ms
271,3376.2999999999984 ms
271,3383.7999999999984 ms
271,3395.7999999999984 ms
271,3417.8999999999987 ms
271,3421.8999999999987 ms
271,3428.8499999999976 ms
271,3440.8499999999976 ms
271,3442.0499999999984 ms
271,3481.649999999998 ms
271,3502.699999999998 ms
271,3503.8499999999976 ms
271,3510.749999999998 ms
271,3514.999999999998 ms
271,3517.3499999999985 ms
271,3540.5499999999975 ms
271,3548.2999999999975 ms
271,3564.0499999999975 ms
271,3604.7999999999975 ms
271,3611.899999999998 ms
271,3627.8499999999976 ms
271,3632.9999999999973 ms
271,3635.4999999999973 ms
271,3660.649999999998 ms
271,3737.199999999998 ms
271,3744.899999999998 ms
271,3749.749999999998 ms
271,3784.7999999999975 ms
271,3791.149999999998 ms
271,3852.499999999998 ms
271,3863.0499999999975 ms
271,3876.399999999998 ms
271,3890.749999999998 ms
271,3937.3499999999976 ms
271,3959.7999999999975 ms
271,3976.4999999999973 ms
271,3989.699999999997 ms
272,10.700000000000001 ms
272,47.75000000000001 ms
272,48.70000000000001 ms
272,55.70000000000001 ms
272,74.45000000000002 ms
272,91.65 ms
272,103.10000000000002 ms
272,115.15000000000003 ms
272,120.75 ms
272,130.05 ms
272,152.2 ms
272,152.45 ms
272,196.90000000000003 ms
272,203.90000000000003 ms
272,214.75000000000006 ms
272,221.25000000000006 ms
272,227.40000000000003 ms
272,228.20000000000005 ms
272,251.40000000000003 ms
272,273.05 ms
272,327.99999999999994 ms
272,329.00000000000006 ms
272,329.7 ms
272,350.55 ms
272,378.05 ms
272,385.24999999999994 ms
272,387.34999999999997 ms
272,413.95 ms
272,417.3 ms
272,439.50000000000006 ms
272,442.5500000000001 ms
272,444.8500000000001 ms
272,448.3500000000001 ms
272,450.90000000000015 ms
272,454.75000000000017 ms
272,485.4500000000001 ms
272,555.9000000000001 ms
272,577.3000000000002 ms
272,640.4000000000001 ms
272,650.95 ms
272,656.3500000000001 ms
272,658.3 ms
272,667.95 ms
272,712.6000000000001 ms
272,727.8999999999999 ms
272,747.7 ms
272,750.0999999999999 ms
272,804.8 ms
272,859.0999999999999 ms
272,859.8999999999999 ms
272,872.4499999999998 ms
272,894.8999999999999 ms
272,898.8 ms
272,914.6499999999999 ms
272,915.3999999999999 ms
272,932.05 ms
272,952.5999999999997 ms
272,963.8999999999999 ms
272,970.8499999999997 ms
272,985.1999999999998 ms
272,996.0499999999997 ms
272,998.7999999999997 ms
272,1008.2999999999997 ms
272,1017.3499999999999 ms
272,1021.0999999999999 ms
272,1023.1499999999996 ms
272,1024.6499999999996 ms
272,1061.7499999999995 ms
272,1119.5499999999997 ms
272,1119.9499999999994 ms
272,1124.7999999999997 ms
272,1150.5499999999997 ms
272,1163.3999999999992 ms
272,1166.2999999999997 ms
272,1177.6999999999994 ms
272,1178.7999999999997 ms
272,1184.8999999999992 ms
272,1192.2999999999997 ms
272,1203.2999999999997 ms
272,1204.5499999999997 ms
272,1220.8999999999992 ms
272,1235.1499999999992 ms
272,1239.2999999999997 ms
272,1251.3499999999995 ms
272,1256.6999999999994 ms
272,1261.5499999999993 ms
272,1267.3999999999992 ms
272,1276.1499999999992 ms
272,1278.0499999999993 ms
272,1282.1499999999992 ms
272,1282.999999999999 ms
272,1283.749999999999 ms
272,1290.449999999999 ms
272,1297.699999999999 ms
272,1324.0999999999995 ms
272,1350.6499999999992 ms
272,1392.349999999999 ms
272,1393.7499999999995 ms
272,1421.4499999999994 ms
272,1428.3499999999995 ms
272,1435.7999999999993 ms
272,1441.7499999999995 ms
272,1442.6499999999996 ms
272,1446.9999999999995 ms
272,1450.7999999999997 ms
272,1453.6499999999992 ms
272,1458.8999999999992 ms
272,1461.8999999999992 ms
272,1467.8499999999995 ms
272,1489.3499999999995 ms
272,1499.2499999999995 ms
272,1507.1999999999994 ms
272,1514.3999999999996 ms
272,1514.5999999999995 ms
272,1516.5999999999995 ms
272,1520.5499999999997 ms
272,1521.1 ms
272,1543.3999999999996 ms
272,1563.8999999999996 ms
272,1577.9999999999995 ms
272,1601.6999999999994 ms
272,1605.1999999999994 ms
272,1625.2999999999997 ms
272,1628.6999999999994 ms
272,1629.8999999999996 ms
272,1636.0499999999997 ms
272,1642.6999999999998 ms
272,1656.0 ms
272,1663.0499999999997 ms
272,1665.2499999999995 ms
272,1698.2499999999995 ms
272,1702.2999999999997 ms
272,1734.8999999999996 ms
272,1736.0499999999997 ms
272,1741.6999999999998 ms
272,1777.25 ms
272,1795.2999999999997 ms
272,1796.2499999999995 ms
272,1796.4 ms
272,1808.6 ms
272,1813.25 ms
272,1834.9499999999998 ms
272,1837.1999999999998 ms
272,1849.0500000000002 ms
272,1863.85 ms
272,1864.1 ms
272,1882.35 ms
272,1893.2999999999997 ms
272,1932.85 ms
272,1936.0 ms
272,1955.4 ms
272,1983.85 ms
272,1990.9 ms
272,1995.0 ms
272,2008.9499999999998 ms
272,2021.75 ms
272,2042.4499999999998 ms
272,2063.3499999999995 ms
272,2068.45 ms
272,2086.95 ms
272,2094.75 ms
272,2113.75 ms
272,2120.1499999999996 ms
272,2126.05 ms
272,2134.3500000000004 ms
272,2156.8500000000004 ms
272,2184.6500000000005 ms
272,2215.000000000001 ms
272,2217.9000000000005 ms
272,2224.05 ms
272,2252.2000000000007 ms
272,2273.9500000000007 ms
272,2286.750000000001 ms
272,2287.250000000001 ms
272,2293.4500000000007 ms
272,2314.800000000001 ms
272,2315.9000000000005 ms
272,2319.3 ms
272,2337.55 ms
272,2342.8 ms
272,2354.3 ms
272,2371.6000000000013 ms
272,2376.750000000001 ms
272,2408.1000000000013 ms
272,2409.55 ms
272,2430.8500000000013 ms
272,2431.000000000001 ms
272,2435.1500000000005 ms
272,2445.3500000000013 ms
272,2460.6000000000013 ms
272,2470.000000000001 ms
272,2479.550000000001 ms
272,2491.3500000000013 ms
272,2497.9500000000016 ms
272,2509.000000000001 ms
272,2518.9000000000015 ms
272,2524.500000000002 ms
272,2559.6000000000013 ms
272,2561.6500000000015 ms
272,2563.1000000000013 ms
272,2594.6000000000013 ms
272,2620.000000000001 ms
272,2634.3500000000013 ms
272,2642.7000000000016 ms
272,2643.3500000000013 ms
272,2644.4500000000016 ms
272,2650.750000000001 ms
272,2651.250000000001 ms
272,2676.1500000000015 ms
272,2704.3500000000013 ms
272,2705.050000000001 ms
272,2712.1500000000015 ms
272,2726.7000000000007 ms
272,2740.7000000000007 ms
272,2766.800000000001 ms
272,2796.4500000000007 ms
272,2805.800000000001 ms
272,2810.4000000000015 ms
272,2837.300000000001 ms
272,2840.750000000001 ms
272,2842.1000000000013 ms
272,2842.3 ms
272,2853.2000000000007 ms
272,2901.1000000000004 ms
272,2920.4000000000015 ms
272,2925.3500000000004 ms
272,2932.750000000001 ms
272,2945.8500000000013 ms
272,2970.6500000000005 ms
272,2972.750000000001 ms
272,2990.4000000000005 ms
272,2990.9000000000005 ms
272,2996.300000000001 ms
272,3018.9000000000015 ms
272,3026.1500000000015 ms
272,3059.750000000001 ms
272,3064.7000000000007 ms
272,3076.800000000001 ms
272,3078.3500000000004 ms
272,3082.9500000000007 ms
272,3101.550000000001 ms
272,3102.800000000001 ms
272,3114.6000000000004 ms
272,3119.000000000001 ms
272,3147.7000000000007 ms
272,3168.000000000001 ms
272,3199.1000000000013 ms
272,3202.6000000000013 ms
272,3207.3 ms
272,3217.3 ms
272,3227.6500000000005 ms
272,3232.8500000000004 ms
272,3233.3 ms
272,3248.55 ms
272,3277.05 ms
272,3304.25 ms
272,3305.1000000000004 ms
272,3326.8500000000004 ms
272,3344.8500000000004 ms
272,3360.3500000000004 ms
272,3396.1000000000004 ms
272,3401.45 ms
272,3404.8999999999996 ms
272,3412.1499999999996 ms
272,3418.5499999999993 ms
272,3452.1000000000004 ms
272,3453.5499999999993 ms
272,3464.1499999999996 ms
272,3476.3499999999995 ms
272,3494.0499999999993 ms
272,3503.7999999999993 ms
272,3505.449999999999 ms
272,3518.199999999999 ms
272,3521.949999999999 ms
272,3522.7999999999993 ms
272,3529.1499999999996 ms
272,3563.1499999999996 ms
272,3584.5499999999993 ms
272,3592.699999999999 ms
272,3596.8499999999995 ms
272,3601.2999999999993 ms
272,3602.999999999999 ms
272,3608.3999999999987 ms
272,3649.5499999999993 ms
272,3696.999999999999 ms
272,3706.0499999999993 ms
272,3714.499999999999 ms
272,3715.249999999999 ms
272,3717.999999999999 ms
272,3722.8999999999987 ms
272,3741.6499999999987 ms
272,3783.249999999999 ms
272,3786.3499999999995 ms
272,3789.0999999999995 ms
272,3795.8999999999987 ms
272,3796.7 ms
272,3803.249999999999 ms
272,3826.6499999999996 ms
272,3827.45 ms
272,3883.8999999999996 ms
272,3902.8999999999996 ms
272,3938.5499999999993 ms
272,3941.2 ms
272,3971.6499999999996 ms
272,3980.0499999999993 ms
272,3981.1499999999996 ms
272,3993.3999999999996 ms
273,39.0 ms
273,51.8 ms
273,71.4 ms
273,71.65 ms
273,100.05000000000001 ms
273,110.0 ms
273,118.15000000000003 ms
273,125.05000000000001 ms
273,139.75000000000006 ms
273,153.95 ms
273,161.50000000000006 ms
273,167.50000000000006 ms
273,174.2 ms
273,186.2 ms
273,190.2 ms
273,214.50000000000006 ms
273,228.55 ms
273,232.25000000000006 ms
273,240.05 ms
273,250.35000000000008 ms
273,262.3 ms
273,267.75000000000006 ms
273,274.7 ms
273,276.15000000000003 ms
273,285.15000000000003 ms
273,287.40000000000003 ms
273,312.55 ms
273,316.99999999999994 ms
273,318.84999999999997 ms
273,341.15000000000003 ms
273,359.40000000000003 ms
273,362.7000000000001 ms
273,368.0500000000001 ms
273,384.05 ms
273,391.7 ms
273,403.09999999999997 ms
273,429.2 ms
273,448.34999999999997 ms
273,451.24999999999994 ms
273,454.8 ms
273,466.95 ms
273,523.95 ms
273,529.95 ms
273,537.6000000000001 ms
273,551.1499999999999 ms
273,553.6000000000001 ms
273,564.5 ms
273,567.6500000000001 ms
273,582.9000000000001 ms
273,586.1500000000001 ms
273,601.05 ms
273,603.6499999999999 ms
273,608.95 ms
273,611.8499999999999 ms
273,623.1499999999999 ms
273,650.3999999999999 ms
273,658.9499999999998 ms
273,659.9499999999998 ms
273,663.7499999999998 ms
273,697.9499999999998 ms
273,710.3499999999999 ms
273,745.8999999999996 ms
273,750.3999999999996 ms
273,751.7999999999997 ms
273,753.4999999999998 ms
273,757.3499999999997 ms
273,774.1499999999999 ms
273,778.7999999999997 ms
273,780.4499999999998 ms
273,782.7499999999995 ms
273,786.2999999999997 ms
273,794.0499999999997 ms
273,800.7999999999997 ms
273,805.9999999999995 ms
273,810.5499999999997 ms
273,824.0499999999997 ms
273,827.5499999999997 ms
273,832.5999999999995 ms
273,840.0499999999997 ms
273,866.4499999999996 ms
273,867.0499999999995 ms
273,912.0499999999995 ms
273,912.1499999999996 ms
273,919.2499999999995 ms
273,922.6499999999996 ms
273,930.7499999999995 ms
273,945.0499999999997 ms
273,950.3499999999995 ms
273,950.6499999999996 ms
273,953.8999999999996 ms
273,1003.4999999999995 ms
273,1017.2999999999995 ms
273,1030.7499999999998 ms
273,1041.4499999999996 ms
273,1057.3999999999999 ms
273,1063.3499999999997 ms
273,1064.8499999999997 ms
273,1086.9499999999996 ms
273,1095.0499999999995 ms
273,1095.5999999999992 ms
273,1127.9499999999991 ms
273,1128.8499999999992 ms
273,1132.7999999999995 ms
273,1136.7999999999995 ms
273,1142.1999999999996 ms
273,1167.8499999999997 ms
273,1173.0999999999997 ms
273,1175.3999999999994 ms
273,1198.3499999999997 ms
273,1219.6499999999994 ms
273,1220.9499999999996 ms
273,1227.4999999999993 ms
273,1232.1499999999994 ms
273,1242.7499999999993 ms
273,1269.8499999999992 ms
273,1271.5999999999997 ms
273,1283.8999999999994 ms
273,1292.0999999999997 ms
273,1301.9999999999998 ms
273,1313.5499999999995 ms
273,1328.1499999999994 ms
273,1328.2499999999993 ms
273,1336.2499999999993 ms
273,1350.3499999999992 ms
273,1375.7999999999995 ms
273,1401.8499999999992 ms
273,1420.9499999999991 ms
273,1443.3999999999994 ms
273,1473.399999999999 ms
273,1475.049999999999 ms
273,1484.3499999999992 ms
273,1491.0499999999995 ms
273,1498.549999999999 ms
273,1510.2999999999995 ms
273,1525.4999999999993 ms
273,1550.4499999999996 ms
273,1552.0999999999997 ms
273,1555.0499999999995 ms
273,1568.2499999999998 ms
273,1573.6499999999999 ms
273,1576.05 ms
273,1596.95 ms
273,1598.3999999999999 ms
273,1611.8 ms
273,1640.1499999999999 ms
273,1655.8500000000001 ms
273,1690.5999999999997 ms
273,1702.1999999999996 ms
273,1714.7999999999995 ms
273,1723.8 ms
273,1726.2499999999998 ms
273,1726.45 ms
273,1750.1000000000001 ms
273,1792.95 ms
273,1809.6499999999999 ms
273,1824.8 ms
273,1831.6499999999999 ms
273,1833.3 ms
273,1838.7500000000002 ms
273,1847.2499999999998 ms
273,1869.8 ms
273,1878.3499999999997 ms
273,1884.1000000000001 ms
273,1888.8499999999997 ms
273,1892.1000000000001 ms
273,1922.95 ms
273,1927.1499999999999 ms
273,1952.6000000000001 ms
273,1966.8 ms
273,1995.45 ms
273,2002.9000000000003 ms
273,2003.95 ms
273,2008.3500000000001 ms
273,2018.7500000000002 ms
273,2025.8500000000001 ms
273,2027.8000000000004 ms
273,2031.9000000000003 ms
273,2054.0 ms
273,2056.1499999999996 ms
273,2068.75 ms
273,2094.75 ms
273,2097.6499999999996 ms
273,2133.55 ms
273,2134.55 ms
273,2152.95 ms
273,2179.1500000000005 ms
273,2182.75 ms
273,2225.45 ms
273,2243.6499999999996 ms
273,2260.6499999999996 ms
273,2306.2999999999993 ms
273,2309.0499999999993 ms
273,2312.0499999999993 ms
273,2321.5499999999993 ms
273,2330.6000000000004 ms
273,2332.5 ms
273,2356.75 ms
273,2358.45 ms
273,2361.5 ms
273,2380.5 ms
273,2382.45 ms
273,2421.5 ms
273,2426.3500000000004 ms
273,2448.3999999999996 ms
273,2455.7000000000007 ms
273,2464.2000000000007 ms
273,2476.75 ms
273,2493.5 ms
273,2499.0 ms
273,2508.1000000000004 ms
273,2508.8500000000004 ms
273,2510.4000000000005 ms
273,2511.6500000000005 ms
273,2513.05 ms
273,2545.000000000001 ms
273,2548.1000000000004 ms
273,2554.9000000000005 ms
273,2568.7000000000007 ms
273,2575.1000000000004 ms
273,2596.750000000001 ms
273,2607.6500000000005 ms
273,2619.9000000000005 ms
273,2622.6000000000013 ms
273,2649.4500000000007 ms
273,2663.500000000001 ms
273,2683.500000000001 ms
273,2684.000000000001 ms
273,2706.7000000000007 ms
273,2729.800000000001 ms
273,2735.5 ms
273,2737.75 ms
273,2743.0 ms
273,2751.1500000000005 ms
273,2759.7000000000007 ms
273,2784.6500000000005 ms
273,2816.3 ms
273,2826.6500000000005 ms
273,2830.55 ms
273,2853.500000000001 ms
273,2857.6000000000004 ms
273,2874.7000000000007 ms
273,2886.2000000000007 ms
273,2891.25 ms
273,2907.800000000001 ms
273,2908.2000000000007 ms
273,2927.4500000000007 ms
273,2948.3500000000004 ms
273,2949.4000000000015 ms
273,2958.550000000001 ms
273,2971.000000000001 ms
273,2980.6000000000013 ms
273,2999.1500000000005 ms
273,3049.300000000001 ms
273,3072.300000000001 ms
273,3082.000000000001 ms
273,3095.500000000001 ms
273,3100.6000000000013 ms
273,3102.6000000000013 ms
273,3105.6500000000005 ms
273,3110.1000000000013 ms
273,3119.3 ms
273,3126.250000000001 ms
273,3139.750000000001 ms
273,3149.2 ms
273,3157.2 ms
273,3157.750000000001 ms
273,3198.95 ms
273,3206.6000000000004 ms
273,3222.3500000000004 ms
273,3223.9000000000005 ms
273,3274.3500000000004 ms
273,3294.5 ms
273,3302.6000000000004 ms
273,3317.8500000000004 ms
273,3324.5 ms
273,3332.1000000000004 ms
273,3346.5 ms
273,3367.1500000000005 ms
273,3378.8 ms
273,3385.4000000000005 ms
273,3390.6500000000005 ms
273,3409.750000000001 ms
273,3419.1000000000004 ms
273,3424.3 ms
273,3471.6000000000004 ms
273,3475.25 ms
273,3488.2000000000007 ms
273,3502.3 ms
273,3505.2 ms
273,3524.4000000000005 ms
273,3525.95 ms
273,3535.8500000000004 ms
273,3538.3 ms
273,3562.05 ms
273,3563.25 ms
273,3587.3999999999996 ms
273,3625.25 ms
273,3626.2 ms
273,3637.3499999999995 ms
273,3640.3499999999995 ms
273,3645.5 ms
273,3654.6000000000004 ms
273,3659.5 ms
273,3665.45 ms
273,3687.5 ms
273,3692.55 ms
273,3720.6500000000005 ms
273,3771.55 ms
273,3791.9000000000005 ms
273,3792.05 ms
273,3794.0 ms
273,3851.7 ms
273,3872.0 ms
273,3880.55 ms
273,3886.5 ms
273,3895.0 ms
273,3921.75 ms
273,3940.05 ms
273,3949.55 ms
273,3965.25 ms
273,3965.8 ms
273,3967.9000000000005 ms
273,3994.6500000000005 ms
274,12.55 ms
274,13.7 ms
274,14.8 ms
274,25.150000000000002 ms
274,35.95 ms
274,42.75 ms
274,50.05 ms
274,51.7 ms
274,54.099999999999994 ms
274,65.75 ms
274,78.44999999999999 ms
274,84.60000000000002 ms
274,91.55000000000001 ms
274,123.75 ms
274,134.39999999999998 ms
274,173.60000000000002 ms
274,180.5 ms
274,188.95000000000005 ms
274,195.35000000000002 ms
274,196.40000000000003 ms
274,204.20000000000005 ms
274,207.10000000000002 ms
274,212.70000000000005 ms
274,227.50000000000006 ms
274,251.80000000000007 ms
274,286.95000000000005 ms
274,289.35 ms
274,291.1 ms
274,292.0 ms
274,317.20000000000005 ms
274,318.3499999999999 ms
274,371.70000000000005 ms
274,384.29999999999995 ms
274,399.9000000000001 ms
274,412.45000000000005 ms
274,433.6500000000001 ms
274,445.95000000000005 ms
274,484.6 ms
274,494.65 ms
274,510.35 ms
274,512.45 ms
274,515.3500000000001 ms
274,517.6000000000001 ms
274,531.6000000000001 ms
274,542.1499999999999 ms
274,566.6499999999999 ms
274,567.0 ms
274,604.45 ms
274,604.7 ms
274,619.25 ms
274,637.3 ms
274,647.3 ms
274,660.2 ms
274,663.2499999999998 ms
274,668.3 ms
274,673.55 ms
274,675.3499999999997 ms
274,679.3 ms
274,746.1999999999998 ms
274,746.9999999999998 ms
274,751.7999999999997 ms
274,784.2999999999997 ms
274,818.9999999999998 ms
274,826.0999999999997 ms
274,863.9999999999998 ms
274,870.0499999999997 ms
274,873.5999999999997 ms
274,875.5999999999997 ms
274,883.1999999999996 ms
274,887.7499999999998 ms
274,910.0499999999995 ms
274,930.6999999999996 ms
274,936.3999999999996 ms
274,943.3999999999996 ms
274,956.0499999999997 ms
274,959.3999999999996 ms
274,977.6999999999996 ms
274,982.2499999999995 ms
274,1005.8499999999995 ms
274,1022.6499999999996 ms
274,1028.0499999999993 ms
274,1032.8999999999996 ms
274,1058.0499999999993 ms
274,1060.9999999999995 ms
274,1146.5999999999995 ms
274,1174.8499999999995 ms
274,1178.6499999999996 ms
274,1196.8999999999996 ms
274,1197.1499999999996 ms
274,1209.0999999999995 ms
274,1221.0999999999995 ms
274,1235.0499999999993 ms
274,1237.3999999999996 ms
274,1254.5999999999995 ms
274,1265.6999999999994 ms
274,1295.3499999999995 ms
274,1331.9499999999994 ms
274,1356.1999999999994 ms
274,1367.4499999999994 ms
274,1371.0999999999995 ms
274,1395.5499999999993 ms
274,1440.3499999999995 ms
274,1453.6499999999996 ms
274,1466.7999999999993 ms
274,1475.2499999999995 ms
274,1480.5999999999995 ms
274,1483.2999999999993 ms
274,1484.4999999999995 ms
274,1503.6499999999996 ms
274,1509.1999999999998 ms
274,1545.6999999999998 ms
274,1547.8499999999995 ms
274,1548.5999999999995 ms
274,1553.2999999999997 ms
274,1555.4499999999998 ms
274,1580.1 ms
274,1594.35 ms
274,1605.0 ms
274,1617.1 ms
274,1619.4499999999998 ms
274,1620.85 ms
274,1634.75 ms
274,1655.1999999999998 ms
274,1673.5500000000002 ms
274,1677.6999999999998 ms
274,1685.3000000000002 ms
274,1688.85 ms
274,1697.0499999999997 ms
274,1716.0 ms
274,1726.25 ms
274,1744.9 ms
274,1749.85 ms
274,1754.5500000000002 ms
274,1759.65 ms
274,1762.5 ms
274,1766.3000000000002 ms
274,1779.1999999999998 ms
274,1781.6000000000004 ms
274,1838.4 ms
274,1889.65 ms
274,1895.2000000000003 ms
274,1904.5 ms
274,1922.35 ms
274,1930.5499999999997 ms
274,1949.35 ms
274,1974.75 ms
274,1978.85 ms
274,1985.0499999999997 ms
274,1987.85 ms
274,1990.6999999999998 ms
274,2015.25 ms
274,2019.1999999999998 ms
274,2027.2999999999997 ms
274,2032.8999999999996 ms
274,2036.1499999999996 ms
274,2049.8999999999996 ms
274,2057.3999999999996 ms
274,2061.7 ms
274,2067.7 ms
274,2086.0 ms
274,2103.8500000000004 ms
274,2108.95 ms
274,2109.8 ms
274,2166.0999999999995 ms
274,2169.0999999999995 ms
274,2174.3499999999995 ms
274,2189.05 ms
274,2203.5999999999995 ms
274,2207.45 ms
274,2209.75 ms
274,2267.3999999999996 ms
274,2274.1499999999996 ms
274,2317.3 ms
274,2319.6000000000004 ms
274,2335.7000000000007 ms
274,2356.8999999999996 ms
274,2359.25 ms
274,2362.8999999999996 ms
274,2394.55 ms
274,2428.6500000000005 ms
274,2453.9000000000005 ms
274,2459.0999999999995 ms
274,2465.3499999999995 ms
274,2475.5 ms
274,2476.45 ms
274,2480.8999999999996 ms
274,2485.0999999999995 ms
274,2488.8999999999996 ms
274,2509.5499999999993 ms
274,2513.2 ms
274,2514.3499999999995 ms
274,2519.75 ms
274,2520.0 ms
274,2520.3999999999996 ms
274,2527.75 ms
274,2558.6000000000004 ms
274,2559.75 ms
274,2563.3999999999996 ms
274,2569.6499999999996 ms
274,2570.2000000000007 ms
274,2593.3999999999996 ms
274,2597.8 ms
274,2617.6500000000005 ms
274,2619.7 ms
274,2633.8500000000004 ms
274,2650.9500000000007 ms
274,2660.75 ms
274,2663.0 ms
274,2674.4500000000007 ms
274,2682.55 ms
274,2693.1000000000004 ms
274,2703.7000000000007 ms
274,2704.1499999999996 ms
274,2713.75 ms
274,2736.8 ms
274,2750.25 ms
274,2752.8500000000004 ms
274,2753.3500000000004 ms
274,2766.8999999999996 ms
274,2768.4500000000007 ms
274,2772.55 ms
274,2778.55 ms
274,2779.1500000000005 ms
274,2796.2 ms
274,2807.2 ms
274,2826.7 ms
274,2850.4000000000005 ms
274,2856.5999999999995 ms
274,2858.2 ms
274,2861.0 ms
274,2881.3 ms
274,2890.7 ms
274,2908.05 ms
274,2915.1000000000004 ms
274,2932.6500000000005 ms
274,2947.8 ms
274,2948.000000000001 ms
274,2960.500000000001 ms
274,2971.8 ms
274,2979.8 ms
274,2986.6000000000013 ms
274,2987.000000000001 ms
274,2989.250000000001 ms
274,3001.250000000001 ms
274,3006.500000000001 ms
274,3026.250000000001 ms
274,3033.000000000001 ms
274,3068.250000000001 ms
274,3072.050000000001 ms
274,3083.750000000001 ms
274,3089.550000000001 ms
274,3090.6000000000013 ms
274,3103.000000000001 ms
274,3105.6500000000015 ms
274,3108.050000000001 ms
274,3143.800000000001 ms
274,3156.7000000000016 ms
274,3169.6500000000015 ms
274,3180.9000000000015 ms
274,3199.300000000001 ms
274,3219.050000000001 ms
274,3220.500000000002 ms
274,3275.8500000000013 ms
274,3276.6500000000015 ms
274,3278.050000000001 ms
274,3292.500000000002 ms
274,3299.050000000001 ms
274,3310.800000000001 ms
274,3327.2000000000016 ms
274,3348.6000000000013 ms
274,3361.800000000002 ms
274,3362.300000000002 ms
274,3365.8500000000013 ms
274,3392.8500000000013 ms
274,3402.550000000002 ms
274,3409.4500000000016 ms
274,3411.6500000000015 ms
274,3414.3500000000013 ms
274,3435.9500000000016 ms
274,3457.9500000000016 ms
274,3460.4500000000016 ms
274,3475.750000000001 ms
274,3489.4000000000015 ms
274,3499.550000000001 ms
274,3503.2000000000016 ms
274,3529.2000000000016 ms
274,3543.7000000000016 ms
274,3544.4500000000016 ms
274,3550.4000000000015 ms
274,3567.9000000000015 ms
274,3597.6000000000013 ms
274,3602.050000000001 ms
274,3606.500000000001 ms
274,3608.4500000000007 ms
274,3619.9500000000007 ms
274,3633.000000000001 ms
274,3641.7000000000007 ms
274,3647.000000000001 ms
274,3675.1500000000005 ms
274,3679.1500000000005 ms
274,3704.300000000001 ms
274,3722.3500000000013 ms
274,3733.6500000000015 ms
274,3743.9000000000015 ms
274,3754.050000000001 ms
274,3783.750000000002 ms
274,3788.2000000000007 ms
274,3788.550000000001 ms
274,3790.500000000001 ms
274,3795.800000000001 ms
274,3811.250000000001 ms
274,3828.8500000000013 ms
274,3838.750000000001 ms
274,3857.250000000001 ms
274,3908.500000000001 ms
274,3911.3500000000013 ms
274,3925.4000000000005 ms
274,3926.550000000001 ms
274,3946.7000000000007 ms
274,3948.4500000000007 ms
274,3954.550000000001 ms
274,3971.9000000000015 ms
274,3972.300000000001 ms
274,3978.8500000000013 ms
274,3992.300000000001 ms
274,3994.4000000000015 ms
274,3995.550000000001 ms
275,16.400000000000002 ms
275,21.500000000000004 ms
275,34.10000000000001 ms
275,48.250000000000014 ms
275,55.400000000000006 ms
275,63.2 ms
275,64.05 ms
275,67.55 ms
275,69.55 ms
275,70.34999999999998 ms
275,77.55 ms
275,100.84999999999998 ms
275,104.05 ms
275,148.45 ms
275,150.05 ms
275,193.39999999999998 ms
275,197.7 ms
275,205.8 ms
275,208.3 ms
275,208.74999999999994 ms
275,210.2 ms
275,212.45 ms
275,234.95 ms
275,260.04999999999995 ms
275,297.44999999999993 ms
275,300.04999999999995 ms
275,309.0 ms
275,316.75 ms
275,353.19999999999993 ms
275,374.44999999999993 ms
275,405.9999999999999 ms
275,410.79999999999995 ms
275,415.69999999999993 ms
275,417.79999999999995 ms
275,418.8499999999999 ms
275,432.04999999999995 ms
275,440.5999999999999 ms
275,454.45000000000005 ms
275,484.29999999999995 ms
275,489.1 ms
275,502.05000000000007 ms
275,513.8 ms
275,520.0999999999999 ms
275,520.8499999999999 ms
275,541.8999999999999 ms
275,566.0999999999999 ms
275,576.3 ms
275,593.25 ms
275,619.9000000000001 ms
275,621.25 ms
275,657.7 ms
275,668.3 ms
275,683.6000000000001 ms
275,687.0 ms
275,687.5999999999999 ms
275,712.5 ms
275,713.05 ms
275,727.5 ms
275,728.55 ms
275,731.95 ms
275,739.8999999999999 ms
275,742.05 ms
275,761.1499999999999 ms
275,776.0 ms
275,792.6500000000001 ms
275,797.0999999999999 ms
275,816.9000000000001 ms
275,839.5 ms
275,856.0 ms
275,863.5 ms
275,866.55 ms
275,876.8999999999999 ms
275,886.25 ms
275,887.3499999999999 ms
275,889.6500000000001 ms
275,924.6999999999998 ms
275,950.9499999999998 ms
275,1000.0999999999999 ms
275,1009.8 ms
275,1019.6499999999999 ms
275,1023.6000000000001 ms
275,1030.3 ms
275,1032.8 ms
275,1034.3499999999997 ms
275,1035.3999999999999 ms
275,1080.55 ms
275,1090.5000000000002 ms
275,1115.45 ms
275,1126.8500000000001 ms
275,1137.2 ms
275,1139.2499999999998 ms
275,1146.3499999999997 ms
275,1154.3999999999999 ms
275,1196.2499999999998 ms
275,1201.0499999999995 ms
275,1201.7499999999998 ms
275,1214.95 ms
275,1222.05 ms
275,1240.5499999999995 ms
275,1245.3999999999994 ms
275,1252.3499999999997 ms
275,1254.55 ms
275,1258.3999999999999 ms
275,1268.9499999999996 ms
275,1278.3999999999999 ms
275,1284.1999999999996 ms
275,1320.1499999999999 ms
275,1331.8499999999997 ms
275,1353.3999999999994 ms
275,1377.3999999999999 ms
275,1386.55 ms
275,1396.5499999999995 ms
275,1401.2499999999998 ms
275,1412.8499999999997 ms
275,1422.3 ms
275,1433.9999999999998 ms
275,1448.7499999999998 ms
275,1478.1499999999999 ms
275,1513.8 ms
275,1522.6499999999999 ms
275,1534.1000000000001 ms
275,1558.0999999999997 ms
275,1578.8999999999999 ms
275,1579.7499999999998 ms
275,1585.2499999999998 ms
275,1598.6499999999999 ms
275,1601.7499999999998 ms
275,1663.2999999999995 ms
275,1689.8999999999994 ms
275,1738.7499999999993 ms
275,1744.1999999999996 ms
275,1747.8999999999999 ms
275,1762.8499999999997 ms
275,1776.3999999999994 ms
275,1777.2499999999993 ms
275,1820.0499999999995 ms
275,1824.8999999999994 ms
275,1872.5499999999995 ms
275,1874.1499999999994 ms
275,1891.6499999999994 ms
275,1895.2499999999993 ms
275,1903.7499999999993 ms
275,1905.799999999999 ms
275,1926.649999999999 ms
275,1933.549999999999 ms
275,1984.0499999999995 ms
275,1992.4999999999993 ms
275,2008.8499999999992 ms
275,2029.149999999999 ms
275,2054.2 ms
275,2054.5999999999995 ms
275,2056.3999999999996 ms
275,2090.7 ms
275,2094.1499999999996 ms
275,2101.0999999999995 ms
275,2124.749999999999 ms
275,2138.999999999999 ms
275,2143.0999999999995 ms
275,2145.3499999999995 ms
275,2146.3999999999996 ms
275,2147.2 ms
275,2148.7 ms
275,2149.3999999999996 ms
275,2153.6499999999996 ms
275,2188.8499999999995 ms
275,2206.7999999999993 ms
275,2215.249999999999 ms
275,2236.199999999999 ms
275,2239.0499999999993 ms
275,2246.199999999999 ms
275,2254.949999999999 ms
275,2267.6499999999987 ms
275,2284.8499999999985 ms
275,2307.5499999999984 ms
275,2308.8499999999985 ms
275,2320.949999999999 ms
275,2321.899999999998 ms
275,2337.0499999999984 ms
275,2344.699999999998 ms
275,2345.249999999999 ms
275,2372.949999999998 ms
275,2386.699999999998 ms
275,2388.499999999999 ms
275,2388.949999999998 ms
275,2391.1499999999987 ms
275,2396.699999999998 ms
275,2462.499999999999 ms
275,2474.5499999999984 ms
275,2492.249999999999 ms
275,2495.1499999999987 ms
275,2508.2999999999984 ms
275,2529.199999999999 ms
275,2547.249999999999 ms
275,2561.7999999999993 ms
275,2568.1499999999996 ms
275,2594.3499999999985 ms
275,2598.499999999999 ms
275,2641.5999999999995 ms
275,2652.949999999999 ms
275,2673.749999999999 ms
275,2676.5999999999995 ms
275,2683.749999999999 ms
275,2699.199999999999 ms
275,2703.0499999999993 ms
275,2719.0499999999993 ms
275,2729.1499999999987 ms
275,2729.5499999999984 ms
275,2732.7999999999984 ms
275,2744.3999999999987 ms
275,2757.3499999999985 ms
275,2766.5499999999984 ms
275,2779.749999999998 ms
275,2785.649999999998 ms
275,2795.449999999999 ms
275,2807.949999999999 ms
275,2811.5499999999984 ms
275,2816.999999999998 ms
275,2824.199999999998 ms
275,2832.0999999999976 ms
275,2835.699999999998 ms
275,2851.0499999999984 ms
275,2865.5499999999984 ms
275,2869.949999999998 ms
275,2885.0499999999984 ms
275,2891.399999999998 ms
275,2910.499999999998 ms
275,2947.449999999997 ms
275,2956.399999999998 ms
275,2982.449999999997 ms
275,2983.899999999998 ms
275,2987.2999999999975 ms
275,2990.5999999999976 ms
275,2994.649999999998 ms
275,2997.0499999999975 ms
275,3003.249999999998 ms
275,3011.0999999999976 ms
275,3015.699999999998 ms
275,3019.8499999999976 ms
275,3046.5999999999976 ms
275,3054.0499999999975 ms
275,3086.699999999997 ms
275,3090.749999999998 ms
275,3150.649999999998 ms
275,3161.0999999999976 ms
275,3172.3499999999976 ms
275,3187.4999999999973 ms
275,3195.449999999998 ms
275,3201.899999999997 ms
275,3212.649999999997 ms
275,3222.0999999999976 ms
275,3251.8499999999976 ms
275,3270.649999999997 ms
275,3275.0499999999975 ms
275,3278.4999999999973 ms
275,3375.5999999999976 ms
275,3412.5999999999976 ms
275,3420.699999999997 ms
275,3443.4999999999973 ms
275,3470.2499999999973 ms
275,3475.5499999999975 ms
275,3481.2999999999975 ms
275,3509.949999999997 ms
275,3543.149999999998 ms
275,3545.9999999999973 ms
275,3547.2499999999973 ms
275,3549.899999999997 ms
275,3555.3499999999976 ms
275,3586.699999999997 ms
275,3605.9999999999973 ms
275,3668.5999999999976 ms
275,3676.0499999999965 ms
275,3677.7499999999973 ms
275,3737.2499999999973 ms
275,3751.449999999996 ms
275,3752.149999999997 ms
275,3778.7999999999965 ms
275,3781.899999999997 ms
275,3806.149999999997 ms
275,3834.449999999996 ms
275,3851.9999999999973 ms
275,3867.8499999999967 ms
275,3905.649999999997 ms
275,3906.2499999999973 ms
275,3909.2999999999965 ms
275,3913.949999999997 ms
275,3916.8499999999967 ms
275,3934.7999999999975 ms
275,3939.199999999997 ms
275,3946.199999999997 ms
275,3961.5999999999967 ms
275,3972.3499999999967 ms
275,3982.5999999999967 ms
275,3983.449999999997 ms
275,3983.7999999999975 ms
275,3993.8499999999967 ms
275,3994.5999999999967 ms
275,3996.0999999999967 ms
276,9.1 ms
276,17.5 ms
276,22.1 ms
276,25.050000000000004 ms
276,26.35 ms
276,43.35 ms
276,46.4 ms
276,47.1 ms
276,51.20000000000001 ms
276,53.65000000000001 ms
276,60.4 ms
276,62.35 ms
276,69.95000000000002 ms
276,75.9 ms
276,96.35 ms
276,117.6 ms
276,133.5 ms
276,152.05 ms
276,159.90000000000003 ms
276,170.25 ms
276,173.2 ms
276,203.84999999999997 ms
276,212.09999999999997 ms
276,213.55 ms
276,239.89999999999998 ms
276,250.25 ms
276,264.0999999999999 ms
276,274.0 ms
276,286.0999999999999 ms
276,292.4 ms
276,313.35 ms
276,362.19999999999993 ms
276,399.65 ms
276,424.1 ms
276,437.54999999999995 ms
276,464.9 ms
276,467.0 ms
276,509.75 ms
276,512.05 ms
276,523.8 ms
276,538.95 ms
276,550.8499999999999 ms
276,571.9499999999998 ms
276,581.4499999999998 ms
276,585.1999999999998 ms
276,586.0999999999999 ms
276,613.6999999999998 ms
276,615.3499999999999 ms
276,648.0999999999999 ms
276,667.0 ms
276,686.4499999999998 ms
276,691.3499999999999 ms
276,697.25 ms
276,702.3999999999999 ms
276,704.3 ms
276,709.6999999999998 ms
276,711.4999999999998 ms
276,714.2499999999998 ms
276,732.7499999999998 ms
276,735.6499999999999 ms
276,736.0499999999997 ms
276,737.9999999999998 ms
276,741.5499999999997 ms
276,761.2499999999998 ms
276,764.7999999999997 ms
276,767.8499999999997 ms
276,772.8999999999996 ms
276,793.0999999999997 ms
276,798.3999999999996 ms
276,799.8499999999997 ms
276,802.2999999999997 ms
276,837.0999999999997 ms
276,878.0999999999997 ms
276,883.2999999999997 ms
276,890.5999999999997 ms
276,898.5499999999997 ms
276,905.1499999999996 ms
276,915.7999999999997 ms
276,928.1999999999998 ms
276,930.1999999999998 ms
276,935.2999999999997 ms
276,937.3999999999996 ms
276,941.1999999999998 ms
276,953.7499999999995 ms
276,1012.5999999999997 ms
276,1020.0999999999997 ms
276,1020.8499999999997 ms
276,1021.5999999999997 ms
276,1028.55 ms
276,1031.0999999999997 ms
276,1033.55 ms
276,1061.0999999999997 ms
276,1065.1999999999996 ms
276,1071.1999999999996 ms
276,1097.5999999999997 ms
276,1100.05 ms
276,1124.7499999999998 ms
276,1129.0999999999997 ms
276,1151.2499999999998 ms
276,1161.4999999999998 ms
276,1165.4999999999998 ms
276,1172.4999999999998 ms
276,1183.2 ms
276,1218.6000000000001 ms
276,1248.0999999999997 ms
276,1248.6499999999999 ms
276,1279.7499999999998 ms
276,1282.0999999999997 ms
276,1288.9499999999996 ms
276,1302.0999999999997 ms
276,1315.3499999999997 ms
276,1316.05 ms
276,1335.95 ms
276,1368.6000000000001 ms
276,1387.0999999999997 ms
276,1399.3500000000001 ms
276,1410.5000000000002 ms
276,1411.55 ms
276,1420.8999999999999 ms
276,1433.7499999999998 ms
276,1435.45 ms
276,1442.9499999999996 ms
276,1461.95 ms
276,1468.6999999999996 ms
276,1493.95 ms
276,1505.9999999999998 ms
276,1508.4999999999998 ms
276,1578.0499999999995 ms
276,1581.6499999999994 ms
276,1584.7999999999995 ms
276,1601.8999999999994 ms
276,1612.5999999999997 ms
276,1615.6999999999996 ms
276,1627.1499999999999 ms
276,1628.2499999999998 ms
276,1639.8999999999999 ms
276,1650.4499999999996 ms
276,1679.8499999999997 ms
276,1702.8 ms
276,1722.5999999999997 ms
276,1754.55 ms
276,1763.3999999999999 ms
276,1768.4999999999998 ms
276,1781.2499999999993 ms
276,1783.1999999999996 ms
276,1824.0499999999995 ms
276,1849.2999999999995 ms
276,1868.7499999999998 ms
276,1879.9499999999996 ms
276,1882.0499999999995 ms
276,1883.6499999999994 ms
276,1897.5499999999995 ms
276,1906.1499999999994 ms
276,1906.5999999999997 ms
276,1917.5499999999995 ms
276,1923.7499999999998 ms
276,1941.7499999999993 ms
276,1950.9999999999998 ms
276,1962.2999999999995 ms
276,2024.3499999999992 ms
276,2024.9999999999993 ms
276,2031.4499999999996 ms
276,2032.3999999999999 ms
276,2047.0999999999997 ms
276,2051.0999999999995 ms
276,2064.999999999999 ms
276,2078.8499999999995 ms
276,2103.45 ms
276,2106.2 ms
276,2113.7 ms
276,2116.999999999999 ms
276,2138.3 ms
276,2160.3 ms
276,2177.45 ms
276,2188.0 ms
276,2200.3500000000004 ms
276,2224.3500000000004 ms
276,2227.8999999999996 ms
276,2251.5 ms
276,2289.05 ms
276,2290.6500000000005 ms
276,2298.3 ms
276,2318.95 ms
276,2328.95 ms
276,2336.1500000000005 ms
276,2342.0999999999995 ms
276,2344.55 ms
276,2363.5999999999995 ms
276,2382.7 ms
276,2404.8999999999996 ms
276,2415.3499999999995 ms
276,2434.2999999999993 ms
276,2435.499999999999 ms
276,2457.749999999999 ms
276,2470.199999999999 ms
276,2478.249999999999 ms
276,2489.7999999999993 ms
276,2490.699999999999 ms
276,2500.0999999999995 ms
276,2501.0499999999993 ms
276,2508.199999999999 ms
276,2545.0999999999995 ms
276,2556.1499999999996 ms
276,2583.75 ms
276,2587.699999999999 ms
276,2587.949999999999 ms
276,2596.449999999999 ms
276,2610.949999999999 ms
276,2627.8499999999995 ms
276,2649.2999999999993 ms
276,2661.1499999999996 ms
276,2676.1499999999996 ms
276,2679.8499999999985 ms
276,2696.249999999999 ms
276,2707.3999999999987 ms
276,2712.999999999999 ms
276,2720.449999999999 ms
276,2732.699999999999 ms
276,2743.699999999999 ms
276,2746.0999999999985 ms
276,2770.3999999999996 ms
276,2802.1499999999996 ms
276,2811.8499999999985 ms
276,2831.199999999999 ms
276,2835.8999999999987 ms
276,2837.8999999999987 ms
276,2847.8499999999985 ms
276,2865.0499999999984 ms
276,2874.7999999999984 ms
276,2883.999999999998 ms
276,2901.499999999998 ms
276,2902.499999999998 ms
276,2907.999999999998 ms
276,2939.3499999999985 ms
276,2956.3499999999985 ms
276,2973.699999999998 ms
276,2976.5499999999984 ms
276,2992.7499999999973 ms
276,2999.0999999999976 ms
276,2999.7499999999973 ms
276,3000.2499999999973 ms
276,3001.399999999998 ms
276,3017.7999999999975 ms
276,3018.7999999999975 ms
276,3028.899999999998 ms
276,3050.749999999998 ms
276,3070.649999999998 ms
276,3084.649999999998 ms
276,3102.949999999998 ms
276,3165.649999999998 ms
276,3177.449999999998 ms
276,3244.149999999998 ms
276,3246.0499999999975 ms
276,3287.5499999999975 ms
276,3301.5499999999975 ms
276,3304.0999999999985 ms
276,3308.749999999998 ms
276,3338.0499999999984 ms
276,3339.999999999998 ms
276,3398.249999999998 ms
276,3406.949999999998 ms
276,3438.2999999999984 ms
276,3444.949999999998 ms
276,3449.5999999999976 ms
276,3454.5499999999984 ms
276,3456.7499999999973 ms
276,3461.4999999999973 ms
276,3474.149999999998 ms
276,3500.199999999998 ms
276,3501.0499999999984 ms
276,3511.7999999999984 ms
276,3516.2499999999973 ms
276,3519.699999999998 ms
276,3539.7499999999973 ms
276,3548.3499999999976 ms
276,3579.449999999998 ms
276,3582.9999999999973 ms
276,3589.4999999999973 ms
276,3620.2999999999984 ms
276,3622.0999999999976 ms
276,3622.949999999998 ms
276,3625.399999999998 ms
276,3631.899999999998 ms
276,3641.649999999998 ms
276,3643.0999999999976 ms
276,3644.949999999998 ms
276,3662.8499999999976 ms
276,3673.399999999998 ms
276,3677.749999999998 ms
276,3677.899999999998 ms
276,3683.749999999998 ms
276,3694.649999999998 ms
276,3704.749999999998 ms
276,3705.5999999999976 ms
276,3707.0499999999975 ms
276,3708.8499999999976 ms
276,3712.2999999999975 ms
276,3713.0999999999976 ms
276,3731.2499999999973 ms
276,3731.399999999998 ms
276,3743.149999999998 ms
276,3759.649999999998 ms
276,3777.0999999999976 ms
276,3781.399999999998 ms
276,3781.499999999998 ms
276,3783.7999999999975 ms
276,3810.449999999998 ms
276,3816.5499999999984 ms
276,3835.8499999999976 ms
276,3849.5499999999984 ms
276,3857.449999999998 ms
276,3904.8499999999976 ms
276,3915.999999999998 ms
276,3928.899999999998 ms
276,3929.0499999999984 ms
276,3948.8499999999985 ms
276,3961.0999999999985 ms
276,3971.2999999999984 ms
276,3994.8999999999987 ms
277,14.3 ms
277,19.400000000000002 ms
277,34.5 ms
277,38.2 ms
277,48.85000000000001 ms
277,64.8 ms
277,65.25000000000001 ms
277,75.15000000000002 ms
277,103.05000000000003 ms
277,153.70000000000005 ms
277,178.0 ms
277,186.65000000000003 ms
277,190.10000000000002 ms
277,195.90000000000003 ms
277,216.65000000000003 ms
277,221.00000000000006 ms
277,224.90000000000003 ms
277,225.15000000000003 ms
277,256.25000000000006 ms
277,257.6000000000001 ms
277,258.65000000000015 ms
277,281.8500000000001 ms
277,282.3500000000001 ms
277,290.3 ms
277,297.15000000000003 ms
277,300.65000000000015 ms
277,303.3000000000001 ms
277,305.7000000000001 ms
277,325.40000000000003 ms
277,326.15000000000003 ms
277,328.05 ms
277,380.15000000000003 ms
277,402.55 ms
277,439.15000000000003 ms
277,488.15000000000003 ms
277,504.15000000000003 ms
277,516.4000000000001 ms
277,529.3500000000001 ms
277,530.8500000000001 ms
277,547.8500000000001 ms
277,567.7500000000002 ms
277,594.7500000000002 ms
277,607.4000000000001 ms
277,619.7 ms
277,632.55 ms
277,636.2 ms
277,646.6500000000001 ms
277,651.1000000000001 ms
277,666.6000000000001 ms
277,679.8000000000002 ms
277,680.8500000000001 ms
277,684.1000000000001 ms
277,687.1000000000001 ms
277,712.2500000000002 ms
277,718.5000000000002 ms
277,723.7500000000002 ms
277,728.45 ms
277,729.45 ms
277,736.3000000000002 ms
277,755.3500000000001 ms
277,787.4000000000001 ms
277,834.4000000000001 ms
277,855.9000000000001 ms
277,857.25 ms
277,858.2000000000003 ms
277,860.6500000000001 ms
277,880.9000000000001 ms
277,889.6000000000004 ms
277,897.6000000000004 ms
277,901.8000000000002 ms
277,907.6000000000004 ms
277,907.9500000000003 ms
277,935.5500000000002 ms
277,955.5000000000005 ms
277,958.9500000000003 ms
277,959.5000000000005 ms
277,966.7500000000005 ms
277,968.1500000000003 ms
277,972.3500000000004 ms
277,992.1000000000004 ms
277,992.6000000000004 ms
277,1010.1000000000004 ms
277,1013.9000000000003 ms
277,1035.5000000000002 ms
277,1056.3 ms
277,1067.2 ms
277,1067.6500000000003 ms
277,1070.2500000000002 ms
277,1082.0000000000002 ms
277,1098.9500000000005 ms
277,1102.5500000000004 ms
277,1108.3 ms
277,1149.45 ms
277,1183.0000000000002 ms
277,1192.2000000000005 ms
277,1203.1000000000006 ms
277,1203.6500000000003 ms
277,1211.7500000000002 ms
277,1227.8 ms
277,1238.5000000000002 ms
277,1238.6500000000003 ms
277,1238.8000000000004 ms
277,1247.8000000000004 ms
277,1269.0000000000007 ms
277,1273.9500000000005 ms
277,1278.4500000000005 ms
277,1320.4000000000008 ms
277,1350.1000000000006 ms
277,1358.0500000000009 ms
277,1387.0500000000004 ms
277,1405.1000000000006 ms
277,1440.8000000000009 ms
277,1448.7500000000007 ms
277,1457.0000000000007 ms
277,1471.3000000000004 ms
277,1481.3500000000006 ms
277,1511.9000000000003 ms
277,1531.6500000000008 ms
277,1543.1000000000006 ms
277,1543.5500000000009 ms
277,1548.3500000000006 ms
277,1553.4500000000005 ms
277,1595.0000000000002 ms
277,1624.4500000000005 ms
277,1638.4500000000005 ms
277,1639.8500000000006 ms
277,1640.4000000000003 ms
277,1652.8500000000006 ms
277,1656.0500000000009 ms
277,1682.8500000000006 ms
277,1686.5500000000009 ms
277,1728.9000000000008 ms
277,1731.9000000000003 ms
277,1742.1500000000008 ms
277,1780.3000000000009 ms
277,1781.2500000000007 ms
277,1787.450000000001 ms
277,1798.4000000000008 ms
277,1822.5000000000007 ms
277,1827.1000000000006 ms
277,1830.3000000000009 ms
277,1832.200000000001 ms
277,1841.5500000000009 ms
277,1846.5000000000007 ms
277,1847.450000000001 ms
277,1848.5000000000007 ms
277,1857.7500000000007 ms
277,1884.1000000000006 ms
277,1895.7500000000007 ms
277,1900.7500000000007 ms
277,1909.700000000001 ms
277,1917.5000000000007 ms
277,1921.2500000000007 ms
277,1930.1500000000008 ms
277,1931.4500000000005 ms
277,1933.3500000000006 ms
277,1941.8000000000009 ms
277,1941.9000000000008 ms
277,1955.1500000000008 ms
277,1984.4500000000005 ms
277,1987.5500000000004 ms
277,1993.8000000000009 ms
277,2000.450000000001 ms
277,2002.850000000001 ms
277,2007.5000000000011 ms
277,2019.0500000000009 ms
277,2030.8000000000009 ms
277,2031.0000000000011 ms
277,2040.6500000000012 ms
277,2042.5500000000013 ms
277,2043.2000000000014 ms
277,2048.250000000001 ms
277,2076.9500000000016 ms
277,2083.9500000000016 ms
277,2125.4000000000005 ms
277,2135.500000000001 ms
277,2144.2000000000007 ms
277,2167.050000000001 ms
277,2170.25 ms
277,2179.4500000000007 ms
277,2190.9500000000007 ms
277,2198.2000000000007 ms
277,2202.0 ms
277,2229.2000000000007 ms
277,2242.7000000000007 ms
277,2249.8 ms
277,2261.2 ms
277,2285.8 ms
277,2298.4000000000005 ms
277,2299.55 ms
277,2345.0 ms
277,2347.3999999999996 ms
277,2355.3999999999996 ms
277,2377.0 ms
277,2390.95 ms
277,2408.45 ms
277,2446.2 ms
277,2461.3 ms
277,2479.499999999999 ms
277,2489.749999999999 ms
277,2499.2 ms
277,2502.8499999999995 ms
277,2507.999999999999 ms
277,2515.749999999999 ms
277,2521.999999999999 ms
277,2525.0999999999995 ms
277,2536.499999999999 ms
277,2539.95 ms
277,2629.2 ms
277,2651.2999999999993 ms
277,2659.449999999999 ms
277,2675.1499999999996 ms
277,2676.949999999999 ms
277,2692.0999999999995 ms
277,2702.2999999999993 ms
277,2708.0499999999993 ms
277,2735.199999999999 ms
277,2748.0999999999995 ms
277,2751.0999999999995 ms
277,2775.5999999999995 ms
277,2780.749999999999 ms
277,2813.95 ms
277,2815.0499999999993 ms
277,2849.8499999999995 ms
277,2854.999999999999 ms
277,2858.6499999999996 ms
277,2877.0499999999993 ms
277,2887.3999999999996 ms
277,2900.0999999999995 ms
277,2901.499999999999 ms
277,2903.05 ms
277,2905.5999999999995 ms
277,2907.6500000000005 ms
277,2932.6500000000005 ms
277,2954.95 ms
277,2958.250000000001 ms
277,2960.6000000000004 ms
277,2970.9500000000007 ms
277,2990.3500000000004 ms
277,2990.55 ms
277,3001.0 ms
277,3078.3999999999996 ms
277,3086.05 ms
277,3100.9000000000005 ms
277,3122.3499999999995 ms
277,3152.25 ms
277,3156.8 ms
277,3158.5 ms
277,3159.8500000000004 ms
277,3170.7 ms
277,3194.6499999999996 ms
277,3198.75 ms
277,3204.25 ms
277,3231.3499999999995 ms
277,3248.95 ms
277,3251.0999999999995 ms
277,3260.8999999999996 ms
277,3264.0499999999993 ms
277,3276.95 ms
277,3284.3999999999996 ms
277,3303.95 ms
277,3306.8499999999995 ms
277,3349.7 ms
277,3355.2 ms
277,3357.0999999999995 ms
277,3375.3499999999995 ms
277,3384.3 ms
277,3396.45 ms
277,3406.45 ms
277,3417.75 ms
277,3428.05 ms
277,3450.2 ms
277,3461.8 ms
277,3463.0 ms
277,3478.45 ms
277,3495.0999999999995 ms
277,3507.55 ms
277,3517.2 ms
277,3531.95 ms
277,3559.0 ms
277,3580.05 ms
277,3607.3 ms
277,3625.1500000000005 ms
277,3632.0 ms
277,3645.3 ms
277,3661.3 ms
277,3685.1000000000004 ms
277,3719.0 ms
277,3747.4500000000007 ms
277,3758.3 ms
277,3758.6000000000004 ms
277,3768.8500000000004 ms
277,3769.0 ms
277,3778.6500000000005 ms
277,3783.1000000000004 ms
277,3796.4500000000007 ms
277,3800.9500000000007 ms
277,3802.75 ms
277,3811.050000000001 ms
277,3812.1000000000004 ms
277,3815.300000000001 ms
277,3822.4500000000007 ms
277,3842.6000000000004 ms
277,3872.6000000000004 ms
277,3873.8500000000004 ms
277,3885.250000000001 ms
277,3886.3500000000013 ms
277,3896.2000000000007 ms
277,3907.750000000001 ms
277,3916.4500000000007 ms
277,3917.7000000000007 ms
277,3921.000000000001 ms
277,3940.000000000001 ms
277,3958.4000000000005 ms
277,3958.9000000000005 ms
277,3970.250000000001 ms
277,3971.050000000001 ms
277,3971.4000000000015 ms
278,0.45 ms
278,10.25 ms
278,12.100000000000001 ms
278,14.45 ms
278,15.899999999999999 ms
278,16.75 ms
278,20.049999999999997 ms
278,20.6 ms
278,24.85 ms
278,43.99999999999999 ms
278,45.65 ms
278,81.35 ms
278,114.1 ms
278,117.85 ms
278,118.1 ms
278,126.54999999999998 ms
278,131.1 ms
278,136.04999999999998 ms
278,151.29999999999998 ms
278,181.85 ms
278,189.94999999999996 ms
278,205.85 ms
278,222.4 ms
278,234.35 ms
278,240.25000000000003 ms
278,241.49999999999997 ms
278,270.35 ms
278,273.35 ms
278,298.15 ms
278,299.6 ms
278,334.5 ms
278,367.9 ms
278,369.69999999999993 ms
278,397.0 ms
278,409.65 ms
278,412.35 ms
278,413.9 ms
278,431.1 ms
278,449.04999999999995 ms
278,463.0999999999999 ms
278,485.29999999999995 ms
278,541.5 ms
278,546.55 ms
278,554.0 ms
278,557.95 ms
278,571.05 ms
278,588.3500000000001 ms
278,588.6499999999999 ms
278,597.75 ms
278,606.1500000000001 ms
278,606.4000000000001 ms
278,612.25 ms
278,646.75 ms
278,654.4000000000001 ms
278,660.4499999999998 ms
278,666.5 ms
278,675.8499999999999 ms
278,685.8 ms
278,703.8 ms
278,708.0 ms
278,711.3 ms
278,722.7 ms
278,759.8999999999999 ms
278,772.45 ms
278,803.9999999999998 ms
278,832.8499999999999 ms
278,856.9499999999998 ms
278,885.3 ms
278,887.2 ms
278,897.2499999999998 ms
278,900.9999999999998 ms
278,911.45 ms
278,932.55 ms
278,936.45 ms
278,941.3499999999999 ms
278,946.3499999999999 ms
278,949.55 ms
278,964.6499999999999 ms
278,985.8500000000001 ms
278,997.3500000000001 ms
278,1003.6000000000001 ms
278,1011.8500000000001 ms
278,1015.8 ms
278,1026.5 ms
278,1059.85 ms
278,1064.6 ms
278,1075.75 ms
278,1099.3000000000002 ms
278,1100.6 ms
278,1137.15 ms
278,1155.9999999999995 ms
278,1159.9499999999998 ms
278,1206.2999999999997 ms
278,1212.1499999999996 ms
278,1213.1999999999998 ms
278,1218.7499999999995 ms
278,1226.6999999999994 ms
278,1237.2999999999997 ms
278,1246.4999999999995 ms
278,1251.7499999999995 ms
278,1262.1499999999996 ms
278,1271.0999999999995 ms
278,1305.3499999999995 ms
278,1320.2999999999997 ms
278,1332.2499999999995 ms
278,1367.9 ms
278,1373.9 ms
278,1379.7999999999997 ms
278,1383.2000000000003 ms
278,1474.7000000000003 ms
278,1502.2999999999997 ms
278,1529.5 ms
278,1536.0500000000002 ms
278,1542.6999999999998 ms
278,1546.1999999999998 ms
278,1554.3000000000002 ms
278,1566.3000000000002 ms
278,1566.5 ms
278,1590.9499999999998 ms
278,1593.3500000000004 ms
278,1594.1000000000004 ms
278,1596.1000000000004 ms
278,1611.3000000000002 ms
278,1615.75 ms
278,1622.75 ms
278,1628.7000000000003 ms
278,1646.8000000000002 ms
278,1649.6000000000004 ms
278,1656.9499999999998 ms
278,1659.6999999999998 ms
278,1669.5 ms
278,1699.1 ms
278,1702.0499999999997 ms
278,1719.4 ms
278,1733.7499999999995 ms
278,1746.1 ms
278,1765.1999999999994 ms
278,1772.8999999999996 ms
278,1790.6999999999998 ms
278,1811.6499999999996 ms
278,1848.1499999999996 ms
278,1849.8999999999996 ms
278,1855.2999999999997 ms
278,1865.1499999999996 ms
278,1869.5999999999995 ms
278,1882.8999999999996 ms
278,1901.0999999999995 ms
278,1905.8499999999995 ms
278,1923.8499999999995 ms
278,1939.0499999999997 ms
278,1940.6 ms
278,1955.7499999999995 ms
278,1979.15 ms
278,2023.4 ms
278,2054.7999999999997 ms
278,2067.9999999999995 ms
278,2092.15 ms
278,2104.4999999999995 ms
278,2134.4999999999995 ms
278,2144.2999999999997 ms
278,2166.649999999999 ms
278,2179.65 ms
278,2180.2499999999995 ms
278,2191.6999999999994 ms
278,2192.2499999999995 ms
278,2210.099999999999 ms
278,2213.6 ms
278,2216.4999999999995 ms
278,2256.599999999999 ms
278,2260.6999999999994 ms
278,2295.1 ms
278,2305.9 ms
278,2341.35 ms
278,2371.6999999999994 ms
278,2424.4499999999994 ms
278,2425.149999999999 ms
278,2450.7499999999986 ms
278,2451.899999999999 ms
278,2455.099999999999 ms
278,2457.399999999999 ms
278,2471.899999999999 ms
278,2487.2499999999986 ms
278,2494.399999999999 ms
278,2500.2999999999997 ms
278,2506.7499999999995 ms
278,2508.599999999999 ms
278,2521.049999999999 ms
278,2556.4499999999994 ms
278,2573.549999999999 ms
278,2592.299999999999 ms
278,2613.1999999999994 ms
278,2637.599999999999 ms
278,2677.4499999999985 ms
278,2706.299999999999 ms
278,2722.9999999999986 ms
278,2742.2499999999986 ms
278,2754.849999999998 ms
278,2766.6499999999983 ms
278,2774.549999999999 ms
278,2775.299999999999 ms
278,2803.549999999999 ms
278,2810.1499999999983 ms
278,2838.4999999999986 ms
278,2843.799999999999 ms
278,2848.4499999999994 ms
278,2864.899999999999 ms
278,2865.6499999999983 ms
278,2877.299999999999 ms
278,2878.4999999999986 ms
278,2882.4499999999985 ms
278,2885.9499999999985 ms
278,2893.299999999998 ms
278,2894.8999999999983 ms
278,2905.049999999999 ms
278,2921.4999999999986 ms
278,2929.799999999999 ms
278,2942.9499999999985 ms
278,2949.2499999999986 ms
278,2952.7499999999986 ms
278,2967.849999999998 ms
278,2990.549999999998 ms
278,2995.299999999999 ms
278,3022.8999999999983 ms
278,3038.8999999999983 ms
278,3055.799999999999 ms
278,3061.349999999999 ms
278,3089.6999999999985 ms
278,3100.6999999999985 ms
278,3114.799999999998 ms
278,3137.6499999999983 ms
278,3144.4999999999977 ms
278,3148.599999999998 ms
278,3171.1999999999975 ms
278,3207.4999999999977 ms
278,3217.799999999998 ms
278,3218.299999999999 ms
278,3222.2499999999986 ms
278,3239.799999999999 ms
278,3257.049999999998 ms
278,3264.7499999999977 ms
278,3266.849999999998 ms
278,3271.7499999999986 ms
278,3280.099999999998 ms
278,3289.349999999998 ms
278,3291.599999999998 ms
278,3297.4999999999986 ms
278,3308.2499999999977 ms
278,3323.599999999998 ms
278,3348.7499999999986 ms
278,3356.299999999999 ms
278,3374.849999999999 ms
278,3376.9499999999985 ms
278,3379.099999999999 ms
278,3382.4499999999985 ms
278,3396.9499999999985 ms
278,3424.8999999999983 ms
278,3431.9499999999985 ms
278,3441.1999999999985 ms
278,3443.599999999999 ms
278,3451.849999999998 ms
278,3466.4499999999985 ms
278,3470.4499999999985 ms
278,3472.3999999999983 ms
278,3473.2499999999977 ms
278,3488.4499999999975 ms
278,3505.3999999999974 ms
278,3512.849999999997 ms
278,3551.3999999999974 ms
278,3571.599999999997 ms
278,3578.1499999999974 ms
278,3594.4499999999975 ms
278,3597.6999999999985 ms
278,3615.7499999999986 ms
278,3637.4499999999985 ms
278,3641.9999999999986 ms
278,3643.6999999999985 ms
278,3653.1999999999975 ms
278,3695.4999999999977 ms
278,3721.6499999999983 ms
278,3726.4499999999985 ms
278,3734.2499999999986 ms
278,3761.649999999999 ms
278,3775.9999999999986 ms
278,3776.149999999999 ms
278,3777.6999999999994 ms
278,3781.149999999999 ms
278,3788.099999999999 ms
278,3794.849999999998 ms
278,3807.049999999998 ms
278,3823.7499999999977 ms
278,3826.799999999998 ms
278,3857.9499999999985 ms
278,3861.1499999999983 ms
278,3873.299999999999 ms
278,3876.6499999999983 ms
278,3876.9499999999985 ms
278,3904.8999999999983 ms
278,3907.6999999999985 ms
278,3919.3999999999983 ms
278,3923.3999999999983 ms
278,3990.8999999999983 ms
278,3992.2499999999977 ms
279,18.55 ms
279,27.650000000000002 ms
279,35.64999999999999 ms
279,41.25 ms
279,45.7 ms
279,62.7 ms
279,63.85000000000001 ms
279,72.89999999999999 ms
279,83.8 ms
279,96.14999999999999 ms
279,138.45000000000005 ms
279,149.14999999999998 ms
279,150.20000000000005 ms
279,160.20000000000005 ms
279,163.20000000000005 ms
279,170.60000000000002 ms
279,173.60000000000002 ms
279,180.25 ms
279,189.85000000000002 ms
279,194.05 ms
279,199.85000000000002 ms
279,225.25 ms
279,245.80000000000007 ms
279,263.25000000000006 ms
279,264.5500000000001 ms
279,271.00000000000006 ms
279,281.45 ms
279,282.09999999999997 ms
279,283.45 ms
279,291.7000000000001 ms
279,301.5500000000001 ms
279,344.15000000000015 ms
279,374.3000000000001 ms
279,383.2000000000001 ms
279,435.6000000000001 ms
279,446.4500000000001 ms
279,456.3500000000001 ms
279,478.2000000000001 ms
279,482.5500000000001 ms
279,487.2000000000001 ms
279,505.40000000000003 ms
279,542.25 ms
279,582.8 ms
279,629.55 ms
279,665.75 ms
279,672.2 ms
279,718.3500000000001 ms
279,739.3 ms
279,765.95 ms
279,786.0 ms
279,789.95 ms
279,811.7 ms
279,825.1000000000001 ms
279,832.3500000000001 ms
279,857.3999999999999 ms
279,865.45 ms
279,871.8 ms
279,897.3499999999999 ms
279,930.5 ms
279,942.0 ms
279,943.6499999999999 ms
279,944.2499999999998 ms
279,948.7 ms
279,950.45 ms
279,963.6499999999999 ms
279,964.7 ms
279,967.0999999999999 ms
279,983.8499999999999 ms
279,991.05 ms
279,994.45 ms
279,1010.2499999999998 ms
279,1014.4999999999998 ms
279,1033.5999999999997 ms
279,1035.8999999999999 ms
279,1056.8500000000001 ms
279,1080.6499999999999 ms
279,1094.1499999999999 ms
279,1103.9999999999998 ms
279,1115.2499999999998 ms
279,1134.5999999999997 ms
279,1134.6999999999996 ms
279,1148.1499999999999 ms
279,1176.6499999999994 ms
279,1179.7999999999995 ms
279,1183.0999999999997 ms
279,1186.5999999999997 ms
279,1192.9499999999996 ms
279,1198.3499999999997 ms
279,1203.6999999999996 ms
279,1211.9999999999993 ms
279,1213.8499999999992 ms
279,1223.8499999999997 ms
279,1232.5999999999992 ms
279,1256.6499999999994 ms
279,1258.5999999999997 ms
279,1260.7999999999995 ms
279,1262.6499999999994 ms
279,1317.6499999999994 ms
279,1338.2999999999995 ms
279,1347.5499999999995 ms
279,1353.3499999999992 ms
279,1355.6499999999994 ms
279,1359.4999999999993 ms
279,1380.6999999999996 ms
279,1380.8999999999994 ms
279,1411.9999999999993 ms
279,1453.9999999999993 ms
279,1458.299999999999 ms
279,1469.4499999999991 ms
279,1499.8499999999992 ms
279,1506.7999999999995 ms
279,1506.9499999999996 ms
279,1511.2499999999993 ms
279,1535.0999999999992 ms
279,1542.5999999999997 ms
279,1573.2499999999998 ms
279,1588.9499999999996 ms
279,1589.1499999999999 ms
279,1608.3499999999997 ms
279,1614.8 ms
279,1619.1499999999999 ms
279,1619.8999999999994 ms
279,1667.4999999999993 ms
279,1668.6999999999996 ms
279,1711.3999999999999 ms
279,1714.8999999999994 ms
279,1717.6999999999996 ms
279,1724.0499999999995 ms
279,1725.4999999999998 ms
279,1734.6499999999999 ms
279,1738.9499999999996 ms
279,1741.4999999999993 ms
279,1754.4999999999998 ms
279,1772.1999999999996 ms
279,1802.0499999999995 ms
279,1813.2499999999998 ms
279,1822.2999999999995 ms
279,1828.2999999999995 ms
279,1850.4999999999998 ms
279,1859.7999999999995 ms
279,1893.3499999999992 ms
279,1896.6999999999991 ms
279,1899.4999999999993 ms
279,1901.4499999999996 ms
279,1915.8999999999994 ms
279,1917.2999999999995 ms
279,1924.7499999999998 ms
279,1931.9999999999993 ms
279,1936.6999999999996 ms
279,1941.1999999999996 ms
279,1968.3999999999999 ms
279,1986.55 ms
279,1993.6499999999999 ms
279,1997.6999999999996 ms
279,1999.0999999999997 ms
279,2005.3 ms
279,2007.5999999999997 ms
279,2010.3 ms
279,2025.0499999999995 ms
279,2041.1999999999996 ms
279,2054.2 ms
279,2060.1499999999996 ms
279,2071.0499999999993 ms
279,2087.3500000000004 ms
279,2087.5499999999993 ms
279,2106.1000000000004 ms
279,2111.8500000000004 ms
279,2118.2999999999993 ms
279,2121.6000000000004 ms
279,2127.1000000000004 ms
279,2127.3999999999996 ms
279,2140.3999999999996 ms
279,2157.55 ms
279,2171.55 ms
279,2208.9000000000005 ms
279,2211.9000000000005 ms
279,2212.5 ms
279,2217.6499999999996 ms
279,2230.05 ms
279,2230.4000000000005 ms
279,2237.75 ms
279,2246.95 ms
279,2255.8999999999996 ms
279,2260.75 ms
279,2272.5499999999993 ms
279,2273.0 ms
279,2273.1499999999996 ms
279,2276.6499999999996 ms
279,2285.0 ms
279,2324.0999999999995 ms
279,2334.249999999999 ms
279,2342.3999999999996 ms
279,2345.0999999999995 ms
279,2354.749999999999 ms
279,2358.95 ms
279,2400.999999999999 ms
279,2412.999999999999 ms
279,2434.6499999999996 ms
279,2469.2999999999993 ms
279,2478.8999999999996 ms
279,2479.45 ms
279,2500.3499999999995 ms
279,2518.8 ms
279,2529.3499999999995 ms
279,2536.45 ms
279,2556.3999999999996 ms
279,2648.5999999999995 ms
279,2652.3499999999995 ms
279,2664.0499999999993 ms
279,2668.499999999999 ms
279,2693.8499999999995 ms
279,2694.3999999999987 ms
279,2709.249999999999 ms
279,2711.0999999999995 ms
279,2720.1499999999987 ms
279,2725.8999999999987 ms
279,2726.3999999999987 ms
279,2729.95 ms
279,2738.5499999999993 ms
279,2741.3999999999996 ms
279,2742.499999999999 ms
279,2755.2999999999993 ms
279,2765.2999999999993 ms
279,2766.1499999999996 ms
279,2773.0999999999985 ms
279,2785.3499999999985 ms
279,2797.8499999999985 ms
279,2806.2999999999993 ms
279,2816.949999999999 ms
279,2842.749999999999 ms
279,2863.199999999999 ms
279,2868.199999999999 ms
279,2890.5999999999985 ms
279,2915.3499999999985 ms
279,2922.249999999999 ms
279,2923.8499999999995 ms
279,2933.2999999999984 ms
279,2934.699999999999 ms
279,2938.5499999999993 ms
279,2958.0999999999985 ms
279,2985.699999999999 ms
279,3002.5999999999985 ms
279,3003.449999999999 ms
279,3015.449999999999 ms
279,3016.7999999999993 ms
279,3043.199999999999 ms
279,3049.699999999999 ms
279,3104.1499999999987 ms
279,3122.699999999999 ms
279,3130.0499999999993 ms
279,3138.6499999999987 ms
279,3146.199999999999 ms
279,3164.0499999999993 ms
279,3167.8499999999985 ms
279,3170.7999999999993 ms
279,3177.949999999999 ms
279,3206.3999999999987 ms
279,3251.449999999999 ms
279,3251.699999999999 ms
279,3252.5499999999993 ms
279,3257.6499999999987 ms
279,3280.699999999999 ms
279,3286.449999999999 ms
279,3288.3499999999985 ms
279,3319.199999999999 ms
279,3325.3499999999985 ms
279,3339.0499999999993 ms
279,3348.6499999999987 ms
279,3349.6499999999987 ms
279,3350.449999999999 ms
279,3361.8499999999985 ms
279,3368.8999999999996 ms
279,3373.7999999999993 ms
279,3400.0999999999995 ms
279,3414.3499999999995 ms
279,3424.95 ms
279,3434.3999999999987 ms
279,3473.8999999999987 ms
279,3506.249999999999 ms
279,3506.699999999999 ms
279,3536.699999999999 ms
279,3563.5999999999985 ms
279,3573.3999999999996 ms
279,3575.949999999999 ms
279,3580.0 ms
279,3589.0499999999993 ms
279,3595.75 ms
279,3606.7999999999993 ms
279,3612.5499999999993 ms
279,3647.25 ms
279,3670.5999999999995 ms
279,3690.6499999999996 ms
279,3706.0499999999993 ms
279,3710.25 ms
279,3713.25 ms
279,3732.5999999999995 ms
279,3757.249999999999 ms
279,3770.95 ms
279,3792.2999999999993 ms
279,3806.5999999999995 ms
279,3816.249999999999 ms
279,3819.7 ms
279,3828.45 ms
279,3849.3999999999987 ms
279,3862.5999999999995 ms
279,3863.7999999999984 ms
279,3865.3499999999995 ms
279,3870.5999999999995 ms
279,3884.499999999999 ms
279,3885.949999999999 ms
279,3892.0999999999985 ms
279,3898.6499999999996 ms
279,3904.0499999999993 ms
279,3909.5499999999993 ms
279,3941.7999999999993 ms
279,3950.0999999999995 ms
280,4.45 ms
280,7.45 ms
280,30.05 ms
280,42.5 ms
280,84.30000000000001 ms
280,94.70000000000002 ms
280,95.9 ms
280,110.75000000000003 ms
280,111.80000000000004 ms
280,114.60000000000002 ms
280,117.10000000000002 ms
280,136.90000000000003 ms
280,156.85000000000002 ms
280,163.10000000000002 ms
280,180.35000000000002 ms
280,182.85000000000002 ms
280,192.60000000000002 ms
280,196.60000000000002 ms
280,200.65000000000003 ms
280,201.70000000000005 ms
280,213.70000000000005 ms
280,221.40000000000003 ms
280,232.55 ms
280,248.90000000000003 ms
280,260.15000000000003 ms
280,269.34999999999997 ms
280,294.24999999999994 ms
280,301.05 ms
280,309.95 ms
280,311.1499999999999 ms
280,344.7 ms
280,367.00000000000006 ms
280,376.6000000000001 ms
280,406.09999999999997 ms
280,412.95 ms
280,417.09999999999997 ms
280,422.8500000000001 ms
280,440.09999999999997 ms
280,449.40000000000003 ms
280,481.2000000000001 ms
280,514.0 ms
280,520.05 ms
280,536.1499999999999 ms
280,539.3500000000001 ms
280,578.75 ms
280,582.0999999999999 ms
280,586.95 ms
280,588.1500000000001 ms
280,596.4000000000001 ms
280,616.2 ms
280,617.6500000000001 ms
280,629.95 ms
280,653.05 ms
280,663.7500000000002 ms
280,688.2500000000002 ms
280,706.8500000000001 ms
280,721.8000000000002 ms
280,748.0000000000002 ms
280,767.0000000000002 ms
280,779.1500000000003 ms
280,780.1000000000001 ms
280,813.8500000000001 ms
280,847.8000000000004 ms
280,870.8000000000004 ms
280,906.1500000000003 ms
280,909.4500000000003 ms
280,918.8500000000004 ms
280,931.2000000000003 ms
280,948.5000000000002 ms
280,956.9000000000003 ms
280,976.0500000000002 ms
280,998.0000000000002 ms
280,1000.7500000000002 ms
280,1001.2500000000002 ms
280,1006.6500000000003 ms
280,1045.3500000000001 ms
280,1056.6000000000001 ms
280,1058.0500000000004 ms
280,1069.0000000000002 ms
280,1079.05 ms
280,1080.0000000000002 ms
280,1082.3500000000001 ms
280,1087.6000000000001 ms
280,1088.1499999999999 ms
280,1102.4000000000003 ms
280,1103.45 ms
280,1105.7 ms
280,1131.1000000000001 ms
280,1131.6000000000001 ms
280,1135.8500000000001 ms
280,1136.2 ms
280,1143.3 ms
280,1171.55 ms
280,1189.55 ms
280,1191.5999999999997 ms
280,1192.8999999999999 ms
280,1194.3999999999999 ms
280,1196.6999999999996 ms
280,1202.2 ms
280,1301.4999999999998 ms
280,1303.4999999999998 ms
280,1304.3999999999999 ms
280,1305.8500000000001 ms
280,1318.3499999999997 ms
280,1328.05 ms
280,1336.95 ms
280,1340.2499999999998 ms
280,1362.5000000000002 ms
280,1366.9000000000003 ms
280,1384.7500000000002 ms
280,1390.45 ms
280,1413.4999999999998 ms
280,1419.05 ms
280,1431.5999999999997 ms
280,1450.3500000000001 ms
280,1465.3 ms
280,1466.8999999999999 ms
280,1467.6499999999999 ms
280,1469.1499999999999 ms
280,1477.1000000000001 ms
280,1485.3 ms
280,1487.5000000000002 ms
280,1498.05 ms
280,1506.2500000000002 ms
280,1521.2499999999998 ms
280,1554.7500000000002 ms
280,1555.3 ms
280,1580.5000000000002 ms
280,1586.9999999999998 ms
280,1588.95 ms
280,1593.7499999999998 ms
280,1596.8 ms
280,1603.7 ms
280,1612.2499999999998 ms
280,1619.3499999999997 ms
280,1621.1499999999999 ms
280,1622.1999999999996 ms
280,1632.2 ms
280,1651.6999999999996 ms
280,1655.8999999999999 ms
280,1661.1000000000001 ms
280,1677.7 ms
280,1679.1999999999996 ms
280,1693.0499999999995 ms
280,1719.05 ms
280,1750.2999999999995 ms
280,1769.3999999999994 ms
280,1798.1999999999996 ms
280,1803.6499999999999 ms
280,1809.6499999999994 ms
280,1816.0999999999997 ms
280,1839.3999999999994 ms
280,1849.0999999999997 ms
280,1853.8499999999997 ms
280,1867.3999999999994 ms
280,1881.2999999999995 ms
280,1905.3 ms
280,1915.45 ms
280,1918.3999999999999 ms
280,1948.1999999999996 ms
280,2068.95 ms
280,2073.6499999999996 ms
280,2079.7999999999993 ms
280,2111.7999999999993 ms
280,2115.2999999999993 ms
280,2117.95 ms
280,2122.45 ms
280,2122.5999999999995 ms
280,2125.1500000000005 ms
280,2156.55 ms
280,2170.05 ms
280,2177.2 ms
280,2182.95 ms
280,2185.4000000000005 ms
280,2220.8499999999995 ms
280,2227.8 ms
280,2233.7 ms
280,2237.05 ms
280,2258.0999999999995 ms
280,2268.45 ms
280,2277.45 ms
280,2309.0 ms
280,2318.95 ms
280,2348.8 ms
280,2361.249999999999 ms
280,2364.8999999999996 ms
280,2398.5 ms
280,2403.3999999999996 ms
280,2408.3999999999996 ms
280,2410.8499999999995 ms
280,2416.3499999999995 ms
280,2419.2999999999993 ms
280,2449.699999999999 ms
280,2470.449999999999 ms
280,2477.6499999999996 ms
280,2478.249999999999 ms
280,2494.5999999999995 ms
280,2497.449999999999 ms
280,2501.6499999999987 ms
280,2509.8999999999987 ms
280,2512.499999999999 ms
280,2513.6499999999987 ms
280,2515.3499999999985 ms
280,2528.5999999999985 ms
280,2543.499999999998 ms
280,2569.8999999999987 ms
280,2576.449999999999 ms
280,2601.1499999999987 ms
280,2608.7999999999984 ms
280,2618.499999999999 ms
280,2648.249999999999 ms
280,2676.0499999999984 ms
280,2710.5999999999995 ms
280,2722.0499999999984 ms
280,2730.999999999999 ms
280,2735.949999999998 ms
280,2745.499999999999 ms
280,2752.249999999999 ms
280,2753.8499999999985 ms
280,2758.3499999999985 ms
280,2780.2999999999984 ms
280,2787.949999999998 ms
280,2816.449999999998 ms
280,2874.499999999999 ms
280,2906.8999999999987 ms
280,2916.2999999999984 ms
280,2929.5999999999995 ms
280,2936.0999999999995 ms
280,2945.8999999999987 ms
280,2968.5999999999995 ms
280,2981.3999999999987 ms
280,2984.2 ms
280,2984.499999999999 ms
280,3009.3499999999995 ms
280,3026.8999999999996 ms
280,3047.3999999999996 ms
280,3057.95 ms
280,3112.6499999999996 ms
280,3146.8499999999995 ms
280,3176.749999999999 ms
280,3183.0999999999995 ms
280,3194.0999999999995 ms
280,3224.45 ms
280,3228.5999999999995 ms
280,3244.1499999999996 ms
280,3251.2999999999993 ms
280,3268.45 ms
280,3280.45 ms
280,3293.3 ms
280,3341.8 ms
280,3347.8 ms
280,3353.05 ms
280,3362.3999999999996 ms
280,3398.5 ms
280,3412.8999999999996 ms
280,3433.8499999999995 ms
280,3437.5999999999995 ms
280,3442.999999999999 ms
280,3444.249999999999 ms
280,3458.3999999999996 ms
280,3459.6499999999996 ms
280,3465.8999999999996 ms
280,3468.5499999999993 ms
280,3481.3500000000004 ms
280,3490.5499999999993 ms
280,3498.1499999999996 ms
280,3502.5 ms
280,3565.0499999999993 ms
280,3568.0 ms
280,3582.699999999999 ms
280,3618.0499999999993 ms
280,3641.8499999999995 ms
280,3666.3499999999995 ms
280,3673.249999999999 ms
280,3682.8 ms
280,3702.499999999999 ms
280,3722.45 ms
280,3729.6499999999987 ms
280,3731.45 ms
280,3746.8999999999987 ms
280,3749.7999999999993 ms
280,3766.1499999999996 ms
280,3792.3499999999985 ms
280,3800.499999999999 ms
280,3823.3999999999987 ms
280,3862.45 ms
280,3877.1499999999987 ms
280,3888.499999999999 ms
280,3890.749999999999 ms
280,3891.0499999999993 ms
280,3901.699999999999 ms
280,3902.199999999999 ms
280,3907.449999999999 ms
280,3917.3999999999996 ms
280,3950.5999999999985 ms
280,3968.1499999999996 ms
280,3974.699999999999 ms
280,3979.8499999999995 ms
281,9.5 ms
281,15.75 ms
281,21.950000000000003 ms
281,46.75 ms
281,50.900000000000006 ms
281,51.94999999999999 ms
281,56.150000000000006 ms
281,59.5 ms
281,74.05000000000001 ms
281,92.94999999999999 ms
281,107.44999999999999 ms
281,120.85000000000002 ms
281,123.44999999999999 ms
281,129.7 ms
281,137.3 ms
281,143.55 ms
281,153.39999999999998 ms
281,155.39999999999998 ms
281,174.34999999999997 ms
281,181.39999999999998 ms
281,186.29999999999995 ms
281,195.2 ms
281,200.39999999999998 ms
281,218.14999999999998 ms
281,233.25 ms
281,238.09999999999997 ms
281,270.2 ms
281,276.25000000000006 ms
281,283.45 ms
281,290.1499999999999 ms
281,299.90000000000003 ms
281,305.25000000000006 ms
281,313.05 ms
281,315.05 ms
281,331.3500000000001 ms
281,332.90000000000003 ms
281,353.09999999999997 ms
281,356.55 ms
281,356.8 ms
281,376.49999999999994 ms
281,396.45 ms
281,407.7 ms
281,410.7 ms
281,418.2 ms
281,435.6499999999999 ms
281,437.49999999999994 ms
281,438.8 ms
281,465.8500000000001 ms
281,479.8 ms
281,482.7 ms
281,497.55 ms
281,502.55 ms
281,516.5 ms
281,523.0999999999999 ms
281,528.3000000000002 ms
281,552.9000000000001 ms
281,558.1500000000001 ms
281,564.0500000000002 ms
281,566.25 ms
281,569.9000000000001 ms
281,578.45 ms
281,580.8500000000001 ms
281,601.6499999999999 ms
281,604.3500000000001 ms
281,651.2 ms
281,659.0 ms
281,669.25 ms
281,672.8 ms
281,682.0999999999999 ms
281,692.55 ms
281,694.45 ms
281,709.2 ms
281,712.3499999999999 ms
281,720.4499999999998 ms
281,722.9000000000001 ms
281,723.1999999999998 ms
281,728.55 ms
281,732.3499999999999 ms
281,742.5999999999999 ms
281,747.4499999999998 ms
281,768.75 ms
281,775.7999999999997 ms
281,780.6499999999999 ms
281,801.3999999999999 ms
281,802.8499999999999 ms
281,809.8499999999999 ms
281,829.8999999999999 ms
281,849.9499999999998 ms
281,857.2499999999998 ms
281,857.8999999999999 ms
281,864.2499999999998 ms
281,879.6999999999998 ms
281,914.3999999999999 ms
281,927.8499999999999 ms
281,936.75 ms
281,959.2999999999997 ms
281,961.25 ms
281,963.8999999999999 ms
281,966.9999999999998 ms
281,986.6499999999999 ms
281,989.55 ms
281,1015.6499999999999 ms
281,1048.05 ms
281,1057.8 ms
281,1061.5000000000002 ms
281,1064.3 ms
281,1083.55 ms
281,1095.1499999999999 ms
281,1098.1000000000001 ms
281,1104.3499999999997 ms
281,1109.8999999999999 ms
281,1111.8 ms
281,1113.3499999999997 ms
281,1117.1499999999999 ms
281,1118.55 ms
281,1139.05 ms
281,1149.5000000000002 ms
281,1174.8 ms
281,1179.8499999999997 ms
281,1181.9999999999998 ms
281,1185.6499999999999 ms
281,1198.1000000000001 ms
281,1199.3500000000001 ms
281,1242.6000000000001 ms
281,1253.3500000000001 ms
281,1275.7 ms
281,1291.4000000000003 ms
281,1304.8500000000001 ms
281,1305.3999999999999 ms
281,1313.7499999999998 ms
281,1323.05 ms
281,1324.1499999999999 ms
281,1330.05 ms
281,1330.45 ms
281,1345.8 ms
281,1357.5999999999997 ms
281,1376.4499999999996 ms
281,1377.1499999999999 ms
281,1389.4999999999998 ms
281,1393.45 ms
281,1393.7499999999998 ms
281,1400.9999999999998 ms
281,1413.2499999999998 ms
281,1421.3999999999999 ms
281,1440.1499999999999 ms
281,1448.55 ms
281,1450.3499999999997 ms
281,1475.6999999999996 ms
281,1491.6499999999999 ms
281,1501.1499999999999 ms
281,1508.8999999999999 ms
281,1561.6499999999999 ms
281,1569.1000000000001 ms
281,1570.7500000000002 ms
281,1579.2499999999998 ms
281,1583.8999999999999 ms
281,1596.8 ms
281,1599.2500000000002 ms
281,1625.7500000000002 ms
281,1652.3500000000001 ms
281,1685.6499999999999 ms
281,1706.2499999999998 ms
281,1713.2500000000002 ms
281,1714.3500000000001 ms
281,1726.95 ms
281,1730.9499999999996 ms
281,1734.5499999999995 ms
281,1738.3499999999997 ms
281,1749.3499999999997 ms
281,1755.8499999999997 ms
281,1767.9999999999998 ms
281,1770.5999999999997 ms
281,1774.5999999999997 ms
281,1779.5999999999997 ms
281,1791.1499999999994 ms
281,1797.2499999999993 ms
281,1804.3999999999994 ms
281,1821.1499999999999 ms
281,1823.6499999999994 ms
281,1823.9999999999993 ms
281,1860.2499999999998 ms
281,1862.8499999999997 ms
281,1873.8499999999992 ms
281,1883.2499999999993 ms
281,1896.4999999999998 ms
281,1905.6999999999996 ms
281,1930.2499999999993 ms
281,1955.5999999999992 ms
281,1959.7499999999993 ms
281,1962.0499999999995 ms
281,1970.8999999999994 ms
281,1989.3499999999997 ms
281,2019.4999999999998 ms
281,2038.1999999999996 ms
281,2053.2 ms
281,2066.8499999999995 ms
281,2102.5 ms
281,2131.55 ms
281,2171.5 ms
281,2173.8500000000004 ms
281,2183.0 ms
281,2190.3999999999996 ms
281,2192.8999999999996 ms
281,2201.55 ms
281,2216.45 ms
281,2216.55 ms
281,2223.4000000000005 ms
281,2230.8499999999995 ms
281,2233.45 ms
281,2249.8 ms
281,2279.95 ms
281,2292.5999999999995 ms
281,2296.8499999999995 ms
281,2300.25 ms
281,2317.6499999999996 ms
281,2326.5 ms
281,2330.95 ms
281,2335.45 ms
281,2351.3999999999996 ms
281,2375.7 ms
281,2380.95 ms
281,2407.25 ms
281,2439.8999999999996 ms
281,2464.1000000000004 ms
281,2473.6499999999996 ms
281,2483.3500000000004 ms
281,2492.95 ms
281,2515.8999999999996 ms
281,2541.3999999999996 ms
281,2544.95 ms
281,2562.05 ms
281,2565.2 ms
281,2579.8499999999995 ms
281,2621.3 ms
281,2628.499999999999 ms
281,2630.1499999999996 ms
281,2639.45 ms
281,2649.3499999999995 ms
281,2656.7 ms
281,2694.8499999999995 ms
281,2701.3499999999995 ms
281,2722.45 ms
281,2725.1499999999996 ms
281,2745.95 ms
281,2750.45 ms
281,2760.45 ms
281,2761.7 ms
281,2768.5999999999995 ms
281,2776.2 ms
281,2794.95 ms
281,2802.5999999999995 ms
281,2819.7 ms
281,2823.5999999999995 ms
281,2857.8499999999995 ms
281,2870.25 ms
281,2882.3999999999996 ms
281,2886.25 ms
281,2898.1499999999996 ms
281,2901.4500000000007 ms
281,2915.75 ms
281,2915.9500000000007 ms
281,2951.8999999999996 ms
281,2963.8500000000004 ms
281,2996.8500000000004 ms
281,3002.3999999999996 ms
281,3009.1000000000004 ms
281,3037.5 ms
281,3048.2 ms
281,3053.8 ms
281,3055.499999999999 ms
281,3058.05 ms
281,3059.5999999999995 ms
281,3071.5999999999995 ms
281,3092.0999999999995 ms
281,3099.95 ms
281,3105.55 ms
281,3124.55 ms
281,3133.3499999999995 ms
281,3145.8 ms
281,3184.5999999999995 ms
281,3194.9000000000005 ms
281,3207.9000000000005 ms
281,3208.25 ms
281,3243.7 ms
281,3244.55 ms
281,3261.2 ms
281,3267.3 ms
281,3283.0999999999995 ms
281,3283.7 ms
281,3295.25 ms
281,3297.8999999999996 ms
281,3305.9500000000007 ms
281,3341.3500000000004 ms
281,3346.05 ms
281,3350.7 ms
281,3363.1000000000004 ms
281,3368.9000000000005 ms
281,3370.9500000000007 ms
281,3394.750000000001 ms
281,3409.4000000000005 ms
281,3412.750000000001 ms
281,3417.300000000001 ms
281,3428.000000000001 ms
281,3438.8500000000013 ms
281,3457.05 ms
281,3467.750000000001 ms
281,3487.250000000001 ms
281,3524.55 ms
281,3527.1500000000005 ms
281,3532.7000000000007 ms
281,3548.1500000000005 ms
281,3561.4000000000005 ms
281,3648.000000000001 ms
281,3648.55 ms
281,3654.500000000001 ms
281,3681.500000000001 ms
281,3683.55 ms
281,3687.55 ms
281,3706.9000000000005 ms
281,3716.8 ms
281,3730.9000000000005 ms
281,3734.4000000000005 ms
281,3742.1000000000004 ms
281,3742.6500000000005 ms
281,3744.6000000000004 ms
281,3760.8 ms
281,3774.3 ms
281,3787.8500000000004 ms
281,3803.0 ms
281,3808.4000000000005 ms
281,3814.750000000001 ms
281,3860.500000000001 ms
281,3876.3 ms
281,3913.3 ms
281,3932.9500000000007 ms
281,3942.250000000001 ms
281,3954.750000000001 ms
281,3977.550000000001 ms
281,3977.750000000001 ms
281,3978.2000000000007 ms
281,3997.050000000001 ms
282,29.650000000000002 ms
282,73.75 ms
282,91.44999999999999 ms
282,102.0 ms
282,111.69999999999999 ms
282,127.9 ms
282,157.74999999999997 ms
282,158.25000000000003 ms
282,162.1 ms
282,163.6 ms
282,197.25000000000003 ms
282,236.30000000000004 ms
282,244.9 ms
282,246.1 ms
282,299.25 ms
282,306.95000000000005 ms
282,313.54999999999995 ms
282,325.6500000000001 ms
282,404.6 ms
282,414.05000000000007 ms
282,422.05000000000007 ms
282,422.15 ms
282,424.7500000000001 ms
282,426.0000000000001 ms
282,447.2500000000001 ms
282,467.65 ms
282,491.55000000000007 ms
282,492.5 ms
282,499.6 ms
282,499.85 ms
282,528.4500000000002 ms
282,538.6 ms
282,547.4 ms
282,572.7500000000001 ms
282,592.4 ms
282,606.9499999999999 ms
282,607.0500000000001 ms
282,612.2999999999998 ms
282,616.1999999999999 ms
282,623.5500000000001 ms
282,683.4 ms
282,692.7999999999998 ms
282,705.15 ms
282,719.15 ms
282,727.4 ms
282,728.5499999999998 ms
282,732.8000000000001 ms
282,733.6 ms
282,735.8499999999998 ms
282,739.7999999999998 ms
282,746.9499999999999 ms
282,748.3499999999998 ms
282,755.6 ms
282,768.15 ms
282,770.9499999999999 ms
282,785.6999999999997 ms
282,787.5999999999998 ms
282,788.0999999999998 ms
282,802.8499999999998 ms
282,820.0999999999998 ms
282,820.6999999999999 ms
282,844.1999999999997 ms
282,881.7999999999998 ms
282,888.3499999999998 ms
282,895.7499999999997 ms
282,915.2999999999996 ms
282,919.4999999999997 ms
282,922.3499999999998 ms
282,935.9499999999999 ms
282,955.7999999999998 ms
282,976.15 ms
282,1001.4999999999999 ms
282,1026.85 ms
282,1029.15 ms
282,1035.15 ms
282,1045.4999999999995 ms
282,1054.85 ms
282,1061.2499999999995 ms
282,1064.65 ms
282,1085.7999999999997 ms
282,1086.2000000000003 ms
282,1091.2999999999997 ms
282,1106.0 ms
282,1112.9 ms
282,1121.15 ms
282,1125.9500000000003 ms
282,1126.0499999999997 ms
282,1129.6 ms
282,1132.15 ms
282,1142.9499999999998 ms
282,1147.8999999999996 ms
282,1161.1499999999996 ms
282,1178.8000000000002 ms
282,1180.3999999999996 ms
282,1189.3999999999996 ms
282,1207.9499999999998 ms
282,1215.0499999999997 ms
282,1217.1999999999998 ms
282,1223.35 ms
282,1231.9499999999998 ms
282,1236.2999999999997 ms
282,1251.35 ms
282,1252.1499999999996 ms
282,1253.8499999999995 ms
282,1261.5 ms
282,1268.0499999999997 ms
282,1270.7999999999997 ms
282,1289.35 ms
282,1289.85 ms
282,1298.3999999999996 ms
282,1299.3499999999995 ms
282,1309.0499999999997 ms
282,1334.1 ms
282,1338.1499999999996 ms
282,1360.9499999999998 ms
282,1378.9999999999995 ms
282,1399.6999999999994 ms
282,1402.6499999999996 ms
282,1407.2999999999997 ms
282,1424.4999999999995 ms
282,1438.9 ms
282,1460.85 ms
282,1468.7999999999997 ms
282,1469.1 ms
282,1475.25 ms
282,1482.25 ms
282,1493.35 ms
282,1506.0499999999997 ms
282,1519.85 ms
282,1524.65 ms
282,1526.6 ms
282,1547.25 ms
282,1547.75 ms
282,1579.15 ms
282,1593.7000000000003 ms
282,1606.1 ms
282,1615.8000000000002 ms
282,1622.0500000000002 ms
282,1647.2000000000003 ms
282,1650.8500000000004 ms
282,1670.3500000000004 ms
282,1675.8500000000004 ms
282,1679.7500000000005 ms
282,1688.0500000000006 ms
282,1689.7500000000005 ms
282,1723.9000000000005 ms
282,1756.0000000000005 ms
282,1781.9000000000005 ms
282,1784.7000000000007 ms
282,1801.9000000000005 ms
282,1821.8500000000004 ms
282,1843.8000000000006 ms
282,1857.7500000000005 ms
282,1858.7500000000005 ms
282,1874.150000000001 ms
282,1900.150000000001 ms
282,1921.6000000000008 ms
282,1935.900000000001 ms
282,1938.6000000000008 ms
282,1940.8500000000008 ms
282,1943.0500000000006 ms
282,1961.1000000000008 ms
282,1970.900000000001 ms
282,1980.4500000000007 ms
282,1981.750000000001 ms
282,1986.6000000000004 ms
282,2003.500000000001 ms
282,2032.6500000000005 ms
282,2035.050000000001 ms
282,2042.1500000000005 ms
282,2067.9500000000007 ms
282,2068.7000000000007 ms
282,2068.8500000000004 ms
282,2074.550000000001 ms
282,2087.6500000000005 ms
282,2100.750000000001 ms
282,2105.8500000000004 ms
282,2124.8500000000004 ms
282,2130.4500000000007 ms
282,2139.6499999999996 ms
282,2152.0 ms
282,2170.2 ms
282,2188.05 ms
282,2196.1499999999996 ms
282,2216.7999999999993 ms
282,2217.95 ms
282,2230.55 ms
282,2233.8999999999996 ms
282,2250.2999999999993 ms
282,2252.7999999999993 ms
282,2263.7999999999993 ms
282,2264.5499999999993 ms
282,2265.3999999999996 ms
282,2284.7999999999993 ms
282,2286.7999999999993 ms
282,2288.95 ms
282,2294.05 ms
282,2300.8 ms
282,2346.2 ms
282,2356.0999999999995 ms
282,2356.95 ms
282,2362.55 ms
282,2377.0999999999995 ms
282,2381.6500000000005 ms
282,2391.1500000000005 ms
282,2445.3499999999995 ms
282,2449.3499999999995 ms
282,2453.0 ms
282,2510.45 ms
282,2522.8999999999996 ms
282,2532.5499999999993 ms
282,2535.0 ms
282,2541.3499999999995 ms
282,2553.749999999999 ms
282,2588.999999999999 ms
282,2604.0999999999995 ms
282,2621.1499999999996 ms
282,2621.3499999999995 ms
282,2629.749999999999 ms
282,2643.5999999999995 ms
282,2647.749999999999 ms
282,2650.8999999999996 ms
282,2652.2 ms
282,2671.55 ms
282,2693.8499999999995 ms
282,2697.6500000000005 ms
282,2703.8 ms
282,2728.9000000000005 ms
282,2744.9000000000005 ms
282,2745.25 ms
282,2746.1000000000004 ms
282,2746.2 ms
282,2781.3999999999996 ms
282,2797.7 ms
282,2802.95 ms
282,2823.3499999999995 ms
282,2848.3499999999995 ms
282,2871.0 ms
282,2906.25 ms
282,2913.5 ms
282,2926.45 ms
282,2932.8 ms
282,2935.3 ms
282,2938.7 ms
282,2944.95 ms
282,2958.55 ms
282,2967.0999999999995 ms
282,2978.75 ms
282,3015.05 ms
282,3016.05 ms
282,3050.55 ms
282,3060.0 ms
282,3093.0 ms
282,3102.55 ms
282,3111.8 ms
282,3141.8 ms
282,3143.95 ms
282,3165.4000000000005 ms
282,3166.45 ms
282,3166.8 ms
282,3168.3500000000004 ms
282,3171.9000000000005 ms
282,3173.9500000000007 ms
282,3181.1500000000005 ms
282,3194.55 ms
282,3221.8500000000013 ms
282,3231.8 ms
282,3241.1000000000013 ms
282,3244.9500000000007 ms
282,3249.3500000000004 ms
282,3287.500000000001 ms
282,3329.800000000001 ms
282,3337.4500000000007 ms
282,3341.1000000000013 ms
282,3353.1500000000015 ms
282,3378.750000000002 ms
282,3382.6000000000013 ms
282,3384.1000000000013 ms
282,3394.250000000001 ms
282,3395.3500000000013 ms
282,3399.1000000000013 ms
282,3400.1000000000013 ms
282,3421.4500000000016 ms
282,3433.000000000001 ms
282,3445.000000000001 ms
282,3449.2000000000016 ms
282,3453.1500000000005 ms
282,3457.050000000001 ms
282,3467.000000000001 ms
282,3491.3500000000013 ms
282,3494.3500000000013 ms
282,3494.8500000000013 ms
282,3498.05 ms
282,3509.8 ms
282,3510.9500000000007 ms
282,3516.300000000001 ms
282,3521.8500000000004 ms
282,3530.2000000000007 ms
282,3566.500000000001 ms
282,3588.4500000000007 ms
282,3590.9500000000007 ms
282,3629.6000000000004 ms
282,3642.1500000000015 ms
282,3649.9000000000015 ms
282,3657.9000000000015 ms
282,3679.800000000001 ms
282,3691.8500000000013 ms
282,3708.3500000000013 ms
282,3710.9000000000015 ms
282,3731.4500000000016 ms
282,3732.6000000000013 ms
282,3734.000000000002 ms
282,3753.000000000002 ms
282,3754.4000000000015 ms
282,3757.600000000002 ms
282,3768.1500000000015 ms
282,3778.550000000002 ms
282,3818.750000000002 ms
282,3820.6500000000015 ms
282,3823.750000000002 ms
282,3833.000000000002 ms
282,3838.9500000000016 ms
282,3852.4000000000015 ms
282,3855.9000000000015 ms
282,3870.4000000000015 ms
282,3872.300000000001 ms
282,3948.500000000002 ms
282,3970.2000000000007 ms
282,3979.300000000001 ms
282,3991.6000000000013 ms
283,20.1 ms
283,23.4 ms
283,29.85 ms
283,35.95000000000001 ms
283,44.449999999999996 ms
283,44.99999999999999 ms
283,50.15 ms
283,59.54999999999999 ms
283,61.49999999999999 ms
283,69.65 ms
283,76.1 ms
283,82.50000000000003 ms
283,87.30000000000001 ms
283,89.65 ms
283,94.75 ms
283,95.05000000000001 ms
283,96.80000000000001 ms
283,103.25 ms
283,115.44999999999999 ms
283,121.4 ms
283,121.80000000000001 ms
283,122.55000000000001 ms
283,143.05 ms
283,145.7 ms
283,158.7 ms
283,159.2 ms
283,200.45 ms
283,208.95 ms
283,215.85000000000002 ms
283,243.40000000000003 ms
283,250.35000000000002 ms
283,250.45000000000005 ms
283,252.60000000000002 ms
283,280.25 ms
283,290.79999999999995 ms
283,306.1500000000001 ms
283,312.20000000000005 ms
283,315.85 ms
283,346.55000000000007 ms
283,351.15 ms
283,368.55000000000007 ms
283,394.19999999999993 ms
283,438.15 ms
283,455.1 ms
283,462.04999999999995 ms
283,467.65 ms
283,468.6 ms
283,486.9 ms
283,490.25 ms
283,490.79999999999995 ms
283,493.20000000000005 ms
283,502.5999999999999 ms
283,510.0 ms
283,514.55 ms
283,516.5999999999999 ms
283,529.8499999999999 ms
283,547.3 ms
283,571.2 ms
283,582.9999999999998 ms
283,584.1499999999999 ms
283,587.4999999999998 ms
283,593.3 ms
283,593.8 ms
283,599.8499999999997 ms
283,600.1999999999998 ms
283,626.2499999999998 ms
283,638.4999999999998 ms
283,648.5499999999997 ms
283,684.5499999999997 ms
283,692.7999999999997 ms
283,704.2999999999997 ms
283,707.4999999999998 ms
283,737.5999999999997 ms
283,760.9499999999998 ms
283,784.7999999999997 ms
283,785.2999999999997 ms
283,801.5999999999999 ms
283,801.9999999999998 ms
283,806.5499999999997 ms
283,812.9999999999998 ms
283,817.7999999999997 ms
283,831.1499999999996 ms
283,832.3499999999999 ms
283,832.8499999999999 ms
283,836.7999999999997 ms
283,846.3999999999999 ms
283,861.5999999999999 ms
283,877.6999999999998 ms
283,879.3499999999999 ms
283,890.3999999999999 ms
283,902.2499999999998 ms
283,909.55 ms
283,911.9999999999998 ms
283,913.55 ms
283,918.55 ms
283,934.5999999999997 ms
283,937.4999999999998 ms
283,943.6999999999998 ms
283,951.5499999999997 ms
283,961.5499999999997 ms
283,965.75 ms
283,968.6499999999999 ms
283,977.6499999999999 ms
283,984.6999999999998 ms
283,985.3999999999999 ms
283,988.8999999999999 ms
283,1004.3499999999999 ms
283,1005.75 ms
283,1016.3999999999999 ms
283,1020.2499999999998 ms
283,1020.3499999999999 ms
283,1027.9 ms
283,1042.0499999999997 ms
283,1061.7000000000003 ms
283,1067.4500000000003 ms
283,1067.6 ms
283,1072.65 ms
283,1089.6 ms
283,1090.4500000000003 ms
283,1131.2999999999997 ms
283,1162.1 ms
283,1170.15 ms
283,1192.9499999999998 ms
283,1254.6 ms
283,1267.4499999999998 ms
283,1306.5499999999997 ms
283,1321.4499999999998 ms
283,1329.6499999999996 ms
283,1335.75 ms
283,1338.1499999999996 ms
283,1366.4499999999998 ms
283,1375.6499999999996 ms
283,1388.5500000000002 ms
283,1393.35 ms
283,1422.1 ms
283,1428.0499999999997 ms
283,1428.5 ms
283,1470.9 ms
283,1479.0500000000002 ms
283,1484.8500000000004 ms
283,1494.1000000000004 ms
283,1505.15 ms
283,1549.0500000000002 ms
283,1556.75 ms
283,1567.2000000000003 ms
283,1576.3000000000002 ms
283,1585.9 ms
283,1588.75 ms
283,1596.65 ms
283,1603.65 ms
283,1621.8000000000002 ms
283,1625.1000000000004 ms
283,1628.5500000000002 ms
283,1638.0500000000002 ms
283,1645.3000000000002 ms
283,1648.75 ms
283,1651.25 ms
283,1673.6500000000005 ms
283,1678.8500000000004 ms
283,1681.8500000000004 ms
283,1696.6500000000005 ms
283,1701.2000000000003 ms
283,1714.4500000000003 ms
283,1730.0000000000005 ms
283,1733.7500000000005 ms
283,1758.1 ms
283,1766.4500000000003 ms
283,1772.2999999999997 ms
283,1775.25 ms
283,1781.1999999999998 ms
283,1786.25 ms
283,1805.25 ms
283,1819.4499999999998 ms
283,1833.3500000000004 ms
283,1835.6000000000004 ms
283,1858.65 ms
283,1870.0 ms
283,1870.35 ms
283,1875.65 ms
283,1878.5499999999997 ms
283,1881.9 ms
283,1882.9 ms
283,1883.85 ms
283,1891.35 ms
283,1899.4499999999998 ms
283,1901.25 ms
283,1903.0499999999997 ms
283,1921.4499999999998 ms
283,1938.25 ms
283,1940.25 ms
283,1949.8499999999995 ms
283,1954.2999999999997 ms
283,1959.1999999999998 ms
283,1993.5499999999997 ms
283,2036.35 ms
283,2040.7999999999997 ms
283,2052.2499999999995 ms
283,2063.65 ms
283,2093.2499999999995 ms
283,2102.9 ms
283,2113.2000000000003 ms
283,2123.6 ms
283,2129.9 ms
283,2132.65 ms
283,2140.4500000000003 ms
283,2146.350000000001 ms
283,2148.900000000001 ms
283,2151.0000000000005 ms
283,2153.900000000001 ms
283,2190.0000000000005 ms
283,2191.900000000001 ms
283,2228.0000000000005 ms
283,2246.2500000000005 ms
283,2262.3000000000006 ms
283,2280.950000000001 ms
283,2309.650000000001 ms
283,2312.350000000001 ms
283,2338.400000000001 ms
283,2352.950000000001 ms
283,2356.100000000001 ms
283,2369.0000000000014 ms
283,2378.900000000001 ms
283,2388.7500000000005 ms
283,2392.600000000001 ms
283,2404.2000000000003 ms
283,2419.700000000001 ms
283,2431.850000000001 ms
283,2435.7000000000003 ms
283,2462.700000000001 ms
283,2466.7500000000014 ms
283,2476.700000000001 ms
283,2483.9500000000003 ms
283,2484.5000000000005 ms
283,2490.650000000001 ms
283,2521.100000000001 ms
283,2535.100000000001 ms
283,2537.7000000000003 ms
283,2545.950000000001 ms
283,2547.4500000000003 ms
283,2548.700000000001 ms
283,2557.4500000000003 ms
283,2563.200000000001 ms
283,2579.5000000000014 ms
283,2586.150000000001 ms
283,2591.150000000001 ms
283,2669.850000000001 ms
283,2694.2500000000014 ms
283,2705.700000000001 ms
283,2712.650000000001 ms
283,2739.200000000001 ms
283,2741.5000000000014 ms
283,2750.900000000001 ms
283,2752.450000000001 ms
283,2803.5500000000006 ms
283,2811.350000000001 ms
283,2813.700000000001 ms
283,2840.0000000000014 ms
283,2843.950000000001 ms
283,2846.8000000000006 ms
283,2866.900000000001 ms
283,2876.450000000001 ms
283,2876.650000000001 ms
283,2946.900000000001 ms
283,2957.100000000001 ms
283,2986.7500000000014 ms
283,2999.100000000001 ms
283,3002.400000000001 ms
283,3013.400000000001 ms
283,3037.600000000001 ms
283,3064.400000000001 ms
283,3066.100000000001 ms
283,3083.150000000001 ms
283,3092.3000000000015 ms
283,3097.7500000000014 ms
283,3124.0500000000015 ms
283,3134.5500000000006 ms
283,3156.400000000001 ms
283,3181.100000000001 ms
283,3198.600000000001 ms
283,3204.2000000000003 ms
283,3239.65 ms
283,3253.4500000000003 ms
283,3257.950000000001 ms
283,3276.150000000001 ms
283,3290.3000000000006 ms
283,3296.0000000000005 ms
283,3297.9500000000003 ms
283,3298.7999999999997 ms
283,3308.7000000000003 ms
283,3355.7000000000003 ms
283,3359.350000000001 ms
283,3363.650000000001 ms
283,3377.3000000000006 ms
283,3380.600000000001 ms
283,3395.2500000000014 ms
283,3395.8000000000015 ms
283,3405.700000000001 ms
283,3410.3500000000017 ms
283,3446.950000000001 ms
283,3449.650000000001 ms
283,3451.0000000000005 ms
283,3512.650000000001 ms
283,3550.7500000000005 ms
283,3590.5500000000006 ms
283,3612.850000000001 ms
283,3616.1000000000017 ms
283,3626.450000000001 ms
283,3628.400000000001 ms
283,3632.7500000000005 ms
283,3652.900000000001 ms
283,3658.900000000001 ms
283,3681.600000000001 ms
283,3693.2000000000003 ms
283,3705.350000000001 ms
283,3730.4500000000003 ms
283,3736.2500000000005 ms
283,3744.3000000000006 ms
283,3756.650000000001 ms
283,3767.850000000001 ms
283,3799.150000000001 ms
283,3803.200000000001 ms
283,3804.2500000000014 ms
283,3805.5500000000015 ms
283,3813.0000000000014 ms
283,3816.950000000001 ms
283,3817.6000000000017 ms
283,3818.7500000000014 ms
283,3822.2500000000014 ms
283,3826.150000000002 ms
283,3840.450000000002 ms
283,3851.7500000000023 ms
283,3858.700000000002 ms
283,3872.5500000000015 ms
283,3924.400000000001 ms
283,3925.400000000002 ms
283,3932.200000000002 ms
283,3959.8000000000015 ms
283,3969.3000000000015 ms
283,3981.1000000000017 ms
283,3991.2500000000023 ms
284,27.55 ms
284,30.350000000000005 ms
284,45.849999999999994 ms
284,49.150000000000006 ms
284,62.349999999999994 ms
284,81.5 ms
284,93.5 ms
284,95.1 ms
284,101.79999999999998 ms
284,104.29999999999998 ms
284,108.04999999999998 ms
284,111.4 ms
284,132.79999999999998 ms
284,138.70000000000002 ms
284,142.9 ms
284,161.89999999999995 ms
284,172.49999999999997 ms
284,180.09999999999994 ms
284,197.49999999999997 ms
284,198.29999999999998 ms
284,203.45000000000002 ms
284,211.54999999999998 ms
284,220.04999999999998 ms
284,226.39999999999995 ms
284,257.0 ms
284,257.70000000000005 ms
284,269.20000000000005 ms
284,269.45000000000005 ms
284,290.15 ms
284,293.9 ms
284,308.9 ms
284,310.1 ms
284,385.1 ms
284,386.44999999999993 ms
284,396.5 ms
284,402.35 ms
284,414.55000000000007 ms
284,424.25 ms
284,431.45000000000005 ms
284,451.20000000000005 ms
284,493.85 ms
284,500.5 ms
284,534.3 ms
284,539.1499999999999 ms
284,591.1499999999999 ms
284,605.1499999999999 ms
284,614.5 ms
284,627.0 ms
284,646.25 ms
284,661.0 ms
284,663.5999999999999 ms
284,674.4000000000001 ms
284,684.8499999999999 ms
284,695.45 ms
284,718.55 ms
284,755.2 ms
284,760.1000000000001 ms
284,812.45 ms
284,832.5 ms
284,836.3 ms
284,843.5 ms
284,844.45 ms
284,861.2 ms
284,867.45 ms
284,870.1500000000001 ms
284,888.6000000000001 ms
284,899.2 ms
284,903.5000000000002 ms
284,917.95 ms
284,919.0500000000002 ms
284,958.2000000000003 ms
284,980.8000000000002 ms
284,995.3500000000001 ms
284,996.1500000000001 ms
284,998.1000000000001 ms
284,1078.2 ms
284,1079.1000000000001 ms
284,1120.0500000000004 ms
284,1125.9500000000005 ms
284,1143.3000000000004 ms
284,1159.1000000000001 ms
284,1195.3500000000001 ms
284,1201.8999999999999 ms
284,1235.4999999999998 ms
284,1236.8999999999999 ms
284,1237.7 ms
284,1243.95 ms
284,1253.9000000000003 ms
284,1280.2 ms
284,1295.3 ms
284,1298.55 ms
284,1321.5999999999997 ms
284,1337.2499999999998 ms
284,1358.5000000000002 ms
284,1362.1000000000001 ms
284,1373.3999999999999 ms
284,1385.8999999999999 ms
284,1395.6000000000001 ms
284,1403.2500000000002 ms
284,1420.4999999999998 ms
284,1420.95 ms
284,1433.6500000000003 ms
284,1437.6499999999999 ms
284,1438.6000000000001 ms
284,1448.5500000000004 ms
284,1500.1000000000001 ms
284,1501.45 ms
284,1523.1500000000003 ms
284,1538.3500000000001 ms
284,1563.1000000000001 ms
284,1569.5000000000002 ms
284,1569.9500000000005 ms
284,1582.7500000000002 ms
284,1651.4000000000003 ms
284,1656.2 ms
284,1656.55 ms
284,1657.2500000000002 ms
284,1659.55 ms
284,1662.8500000000001 ms
284,1663.8000000000004 ms
284,1679.9500000000005 ms
284,1722.8000000000004 ms
284,1729.55 ms
284,1760.6499999999999 ms
284,1762.4000000000003 ms
284,1767.8000000000004 ms
284,1776.1000000000001 ms
284,1776.3000000000004 ms
284,1781.6500000000003 ms
284,1786.3000000000004 ms
284,1790.6000000000001 ms
284,1811.1000000000001 ms
284,1820.6000000000001 ms
284,1821.7500000000002 ms
284,1825.9500000000005 ms
284,1851.6500000000003 ms
284,1868.5000000000002 ms
284,1914.2000000000005 ms
284,1918.7 ms
284,1928.4000000000003 ms
284,1931.1500000000003 ms
284,1948.0000000000002 ms
284,1964.9000000000003 ms
284,1970.6000000000006 ms
284,1998.4000000000003 ms
284,1999.6000000000006 ms
284,2004.6500000000003 ms
284,2023.2500000000002 ms
284,2058.3500000000004 ms
284,2063.6500000000005 ms
284,2092.55 ms
284,2097.8500000000013 ms
284,2123.4000000000005 ms
284,2153.1500000000005 ms
284,2161.1500000000005 ms
284,2166.7000000000016 ms
284,2192.300000000001 ms
284,2225.000000000001 ms
284,2257.1500000000005 ms
284,2272.550000000001 ms
284,2290.3500000000013 ms
284,2329.300000000001 ms
284,2340.1500000000015 ms
284,2366.1500000000015 ms
284,2376.2000000000007 ms
284,2379.9000000000015 ms
284,2392.3500000000004 ms
284,2394.1000000000004 ms
284,2405.1500000000015 ms
284,2410.250000000001 ms
284,2439.800000000001 ms
284,2466.1000000000013 ms
284,2468.050000000001 ms
284,2471.050000000001 ms
284,2492.9000000000015 ms
284,2497.050000000001 ms
284,2519.6500000000015 ms
284,2558.1500000000015 ms
284,2571.300000000001 ms
284,2576.9000000000015 ms
284,2593.6000000000004 ms
284,2607.1500000000015 ms
284,2612.2000000000007 ms
284,2638.7000000000007 ms
284,2651.9000000000015 ms
284,2652.9500000000007 ms
284,2674.8500000000013 ms
284,2703.250000000001 ms
284,2723.750000000001 ms
284,2724.750000000001 ms
284,2728.1000000000013 ms
284,2729.9000000000015 ms
284,2743.1000000000013 ms
284,2749.550000000001 ms
284,2752.1000000000013 ms
284,2756.2000000000016 ms
284,2759.7000000000016 ms
284,2783.250000000001 ms
284,2793.3500000000013 ms
284,2802.800000000001 ms
284,2820.800000000001 ms
284,2829.050000000001 ms
284,2834.2000000000007 ms
284,2841.250000000002 ms
284,2847.800000000001 ms
284,2875.100000000002 ms
284,2875.6500000000015 ms
284,2894.100000000002 ms
284,2914.6500000000015 ms
284,2915.6500000000015 ms
284,2952.500000000002 ms
284,2984.050000000002 ms
284,2988.100000000002 ms
284,3021.350000000002 ms
284,3027.300000000002 ms
284,3028.9500000000016 ms
284,3030.2000000000016 ms
284,3073.600000000002 ms
284,3078.300000000002 ms
284,3085.6500000000024 ms
284,3088.500000000002 ms
284,3114.2000000000016 ms
284,3116.6000000000013 ms
284,3159.300000000002 ms
284,3160.550000000002 ms
284,3162.4000000000015 ms
284,3164.6500000000015 ms
284,3205.300000000001 ms
284,3218.6500000000015 ms
284,3225.250000000002 ms
284,3231.500000000002 ms
284,3264.2000000000007 ms
284,3264.6000000000013 ms
284,3265.9500000000016 ms
284,3272.000000000001 ms
284,3297.300000000002 ms
284,3300.000000000001 ms
284,3366.4500000000016 ms
284,3380.1000000000013 ms
284,3380.550000000001 ms
284,3407.800000000001 ms
284,3423.7000000000007 ms
284,3429.8500000000013 ms
284,3450.9000000000015 ms
284,3452.9000000000015 ms
284,3461.4500000000016 ms
284,3463.4000000000015 ms
284,3464.000000000002 ms
284,3468.800000000001 ms
284,3469.2000000000016 ms
284,3472.2000000000016 ms
284,3487.2000000000016 ms
284,3489.500000000002 ms
284,3518.6500000000015 ms
284,3539.550000000002 ms
284,3542.550000000002 ms
284,3546.2000000000016 ms
284,3568.550000000002 ms
284,3618.750000000002 ms
284,3619.050000000002 ms
284,3638.300000000002 ms
284,3654.9000000000024 ms
284,3691.050000000002 ms
284,3694.9000000000024 ms
284,3719.4500000000016 ms
284,3737.1500000000024 ms
284,3765.9000000000024 ms
284,3766.050000000002 ms
284,3783.000000000002 ms
284,3797.050000000002 ms
284,3802.050000000002 ms
284,3817.4000000000024 ms
284,3834.050000000002 ms
284,3841.050000000002 ms
284,3842.000000000002 ms
284,3863.000000000002 ms
284,3865.750000000002 ms
284,3894.750000000002 ms
284,3917.1500000000015 ms
284,3932.800000000002 ms
284,3933.100000000002 ms
284,3945.800000000002 ms
284,3977.800000000002 ms
285,13.9 ms
285,32.2 ms
285,43.900000000000006 ms
285,48.150000000000006 ms
285,51.2 ms
285,57.55 ms
285,63.000000000000014 ms
285,82.3 ms
285,84.80000000000003 ms
285,93.60000000000001 ms
285,138.25 ms
285,140.89999999999998 ms
285,141.75 ms
285,158.64999999999998 ms
285,184.45000000000005 ms
285,193.3 ms
285,194.0 ms
285,199.35000000000002 ms
285,202.45 ms
285,202.55 ms
285,225.05 ms
285,244.64999999999998 ms
285,254.39999999999998 ms
285,262.4 ms
285,269.44999999999993 ms
285,273.35 ms
285,293.19999999999993 ms
285,299.05000000000007 ms
285,352.30000000000007 ms
285,355.05000000000007 ms
285,387.25 ms
285,387.95000000000005 ms
285,397.3499999999999 ms
285,399.70000000000005 ms
285,419.5 ms
285,426.9 ms
285,454.79999999999995 ms
285,492.19999999999993 ms
285,501.4999999999999 ms
285,507.35 ms
285,516.4 ms
285,531.4 ms
285,549.4 ms
285,559.4 ms
285,586.65 ms
285,592.65 ms
285,598.35 ms
285,646.3000000000001 ms
285,658.85 ms
285,669.65 ms
285,673.0499999999998 ms
285,693.5999999999998 ms
285,706.7999999999998 ms
285,725.3000000000001 ms
285,731.9 ms
285,751.85 ms
285,757.9999999999999 ms
285,766.5499999999998 ms
285,784.15 ms
285,784.4 ms
285,795.2500000000001 ms
285,795.35 ms
285,801.85 ms
285,808.9500000000002 ms
285,824.8000000000001 ms
285,827.4499999999999 ms
285,859.3000000000001 ms
285,864.1 ms
285,870.9 ms
285,876.2500000000001 ms
285,882.3000000000001 ms
285,887.9499999999999 ms
285,927.4 ms
285,938.4499999999999 ms
285,941.3000000000001 ms
285,960.6 ms
285,1000.65 ms
285,1037.4999999999995 ms
285,1080.1 ms
285,1086.6999999999994 ms
285,1099.9499999999994 ms
285,1104.85 ms
285,1113.1 ms
285,1124.9499999999994 ms
285,1127.8999999999996 ms
285,1146.9999999999995 ms
285,1156.8499999999995 ms
285,1157.1999999999994 ms
285,1160.2499999999995 ms
285,1190.349999999999 ms
285,1213.599999999999 ms
285,1216.7999999999993 ms
285,1232.8499999999995 ms
285,1278.749999999999 ms
285,1282.9499999999994 ms
285,1287.2499999999995 ms
285,1305.4499999999994 ms
285,1309.1499999999992 ms
285,1312.5999999999995 ms
285,1316.4499999999994 ms
285,1330.1499999999992 ms
285,1346.7999999999997 ms
285,1359.6499999999992 ms
285,1370.7499999999995 ms
285,1406.8999999999992 ms
285,1407.3999999999992 ms
285,1414.7499999999995 ms
285,1418.4499999999994 ms
285,1420.8999999999992 ms
285,1447.0999999999995 ms
285,1474.8999999999996 ms
285,1477.8999999999996 ms
285,1499.2999999999993 ms
285,1522.0499999999993 ms
285,1530.7999999999993 ms
285,1547.3999999999996 ms
285,1567.0499999999993 ms
285,1573.7499999999995 ms
285,1586.7999999999997 ms
285,1593.2999999999997 ms
285,1594.3999999999992 ms
285,1608.5499999999997 ms
285,1613.0499999999997 ms
285,1616.1499999999992 ms
285,1621.5999999999995 ms
285,1626.4499999999994 ms
285,1631.7999999999993 ms
285,1640.6999999999994 ms
285,1642.0999999999995 ms
285,1660.1499999999996 ms
285,1665.1499999999996 ms
285,1671.4499999999994 ms
285,1685.4999999999995 ms
285,1739.3999999999992 ms
285,1749.6999999999994 ms
285,1758.5999999999995 ms
285,1759.3499999999995 ms
285,1783.5999999999995 ms
285,1792.4999999999995 ms
285,1803.3499999999995 ms
285,1808.3499999999995 ms
285,1812.2999999999993 ms
285,1820.8499999999995 ms
285,1824.9999999999995 ms
285,1829.2499999999995 ms
285,1851.0999999999995 ms
285,1897.1499999999996 ms
285,1904.8499999999995 ms
285,1914.9499999999994 ms
285,1925.1499999999992 ms
285,1932.0999999999995 ms
285,1976.1499999999996 ms
285,1982.1499999999996 ms
285,1994.0999999999995 ms
285,1997.2999999999993 ms
285,2007.8499999999995 ms
285,2010.7999999999993 ms
285,2012.8999999999996 ms
285,2016.0499999999993 ms
285,2045.9999999999995 ms
285,2050.849999999999 ms
285,2053.35 ms
285,2095.2999999999997 ms
285,2118.1 ms
285,2127.6999999999994 ms
285,2155.9999999999995 ms
285,2170.7999999999997 ms
285,2189.9500000000003 ms
285,2215.85 ms
285,2229.7500000000005 ms
285,2248.6 ms
285,2251.15 ms
285,2267.7000000000003 ms
285,2288.0000000000005 ms
285,2293.150000000001 ms
285,2314.2500000000005 ms
285,2335.5500000000006 ms
285,2338.200000000001 ms
285,2339.900000000001 ms
285,2351.350000000001 ms
285,2368.900000000001 ms
285,2369.15 ms
285,2369.85 ms
285,2377.2500000000005 ms
285,2400.150000000001 ms
285,2404.4 ms
285,2410.4500000000003 ms
285,2436.0000000000005 ms
285,2441.850000000001 ms
285,2465.7000000000003 ms
285,2479.100000000001 ms
285,2496.3000000000006 ms
285,2498.200000000001 ms
285,2507.8000000000006 ms
285,2517.950000000001 ms
285,2554.0500000000006 ms
285,2615.0000000000005 ms
285,2615.2000000000003 ms
285,2652.7500000000005 ms
285,2670.650000000001 ms
285,2674.4 ms
285,2676.900000000001 ms
285,2678.0500000000006 ms
285,2683.4 ms
285,2684.1 ms
285,2701.9 ms
285,2705.0000000000005 ms
285,2708.0000000000005 ms
285,2714.2000000000003 ms
285,2733.850000000001 ms
285,2736.9500000000003 ms
285,2742.4500000000003 ms
285,2751.9500000000003 ms
285,2795.65 ms
285,2800.4999999999995 ms
285,2806.9499999999994 ms
285,2809.9500000000003 ms
285,2824.5000000000005 ms
285,2832.15 ms
285,2836.0500000000006 ms
285,2850.4500000000003 ms
285,2874.15 ms
285,2874.4500000000003 ms
285,2882.600000000001 ms
285,2889.6 ms
285,2889.7500000000005 ms
285,2907.0500000000006 ms
285,2912.350000000001 ms
285,2913.5500000000006 ms
285,2925.0000000000005 ms
285,2929.35 ms
285,2952.100000000001 ms
285,2953.2000000000003 ms
285,2957.2999999999997 ms
285,2974.4 ms
285,3022.15 ms
285,3027.3000000000006 ms
285,3084.4 ms
285,3098.4999999999995 ms
285,3102.1 ms
285,3102.9 ms
285,3125.2499999999995 ms
285,3138.7500000000005 ms
285,3143.85 ms
285,3147.5499999999997 ms
285,3151.2499999999995 ms
285,3152.349999999999 ms
285,3163.799999999999 ms
285,3184.2999999999997 ms
285,3201.049999999999 ms
285,3206.4999999999986 ms
285,3209.349999999999 ms
285,3212.9499999999985 ms
285,3238.4499999999994 ms
285,3250.599999999999 ms
285,3271.049999999999 ms
285,3273.7499999999986 ms
285,3297.4999999999986 ms
285,3313.799999999999 ms
285,3314.8999999999983 ms
285,3319.349999999998 ms
285,3340.549999999998 ms
285,3396.9499999999985 ms
285,3397.8999999999983 ms
285,3399.299999999999 ms
285,3414.849999999999 ms
285,3416.799999999999 ms
285,3417.599999999999 ms
285,3436.899999999999 ms
285,3438.6499999999983 ms
285,3443.6999999999985 ms
285,3489.8999999999983 ms
285,3491.9499999999985 ms
285,3518.4499999999994 ms
285,3528.4999999999995 ms
285,3539.099999999999 ms
285,3558.649999999999 ms
285,3560.9499999999994 ms
285,3562.299999999999 ms
285,3581.7999999999997 ms
285,3590.049999999999 ms
285,3595.4999999999986 ms
285,3622.799999999999 ms
285,3628.9999999999986 ms
285,3639.099999999999 ms
285,3672.149999999999 ms
285,3686.399999999999 ms
285,3687.1999999999994 ms
285,3695.899999999999 ms
285,3703.099999999999 ms
285,3735.1999999999985 ms
285,3743.2499999999986 ms
285,3760.599999999999 ms
285,3764.599999999999 ms
285,3778.6999999999985 ms
285,3790.2499999999986 ms
285,3832.799999999999 ms
285,3856.9499999999994 ms
285,3866.049999999999 ms
285,3872.349999999999 ms
285,3878.7499999999995 ms
285,3886.15 ms
285,3893.899999999999 ms
285,3895.65 ms
285,3900.35 ms
285,3905.1999999999994 ms
285,3919.1999999999994 ms
285,3920.85 ms
285,3923.349999999999 ms
285,3932.899999999999 ms
285,3936.7999999999997 ms
285,3942.649999999999 ms
285,3943.6999999999994 ms
285,3951.2000000000003 ms
285,3957.9499999999994 ms
285,3962.7999999999997 ms
285,3983.1 ms
286,6.050000000000001 ms
286,12.5 ms
286,14.75 ms
286,27.4 ms
286,60.65 ms
286,65.15 ms
286,67.70000000000002 ms
286,73.29999999999998 ms
286,101.79999999999998 ms
286,104.45000000000002 ms
286,121.65 ms
286,143.99999999999997 ms
286,161.85 ms
286,167.29999999999998 ms
286,171.35 ms
286,171.69999999999996 ms
286,184.24999999999997 ms
286,239.50000000000003 ms
286,242.80000000000004 ms
286,245.20000000000002 ms
286,278.15 ms
286,279.30000000000007 ms
286,326.75 ms
286,329.45000000000005 ms
286,353.65 ms
286,353.79999999999995 ms
286,396.5999999999999 ms
286,415.75 ms
286,429.5 ms
286,439.5999999999999 ms
286,455.70000000000005 ms
286,467.54999999999995 ms
286,473.70000000000005 ms
286,474.4 ms
286,487.79999999999995 ms
286,529.75 ms
286,535.5 ms
286,544.55 ms
286,545.45 ms
286,562.7499999999998 ms
286,581.7 ms
286,588.7499999999998 ms
286,598.8499999999999 ms
286,610.4499999999998 ms
286,624.75 ms
286,627.0499999999997 ms
286,629.7999999999997 ms
286,631.75 ms
286,632.0999999999999 ms
286,634.3999999999999 ms
286,661.6999999999998 ms
286,676.3999999999999 ms
286,683.4999999999998 ms
286,719.45 ms
286,724.1499999999999 ms
286,725.7 ms
286,740.3499999999999 ms
286,745.1999999999998 ms
286,779.0999999999999 ms
286,788.5 ms
286,791.6499999999999 ms
286,801.3999999999999 ms
286,810.3499999999999 ms
286,813.1499999999999 ms
286,823.4999999999998 ms
286,885.3 ms
286,886.8 ms
286,906.0999999999997 ms
286,909.2499999999998 ms
286,917.6499999999999 ms
286,948.2499999999998 ms
286,957.1499999999999 ms
286,968.0499999999997 ms
286,992.5499999999997 ms
286,995.3999999999996 ms
286,996.6499999999996 ms
286,998.6999999999998 ms
286,1001.3999999999996 ms
286,1054.9499999999998 ms
286,1062.1999999999998 ms
286,1075.6999999999998 ms
286,1080.6 ms
286,1096.9 ms
286,1121.15 ms
286,1127.9499999999998 ms
286,1154.35 ms
286,1170.4 ms
286,1206.7499999999995 ms
286,1224.15 ms
286,1227.65 ms
286,1240.5499999999997 ms
286,1241.0 ms
286,1273.35 ms
286,1284.35 ms
286,1328.65 ms
286,1337.6999999999998 ms
286,1338.9499999999998 ms
286,1346.1499999999996 ms
286,1353.8999999999996 ms
286,1354.6 ms
286,1380.1 ms
286,1408.25 ms
286,1417.15 ms
286,1417.3000000000002 ms
286,1444.2000000000003 ms
286,1445.2000000000003 ms
286,1450.9 ms
286,1455.2500000000005 ms
286,1480.5500000000002 ms
286,1504.3500000000004 ms
286,1516.5500000000002 ms
286,1568.5500000000002 ms
286,1574.15 ms
286,1579.15 ms
286,1585.6 ms
286,1589.1 ms
286,1598.6 ms
286,1609.3000000000002 ms
286,1609.9500000000003 ms
286,1614.65 ms
286,1620.0000000000005 ms
286,1629.2000000000003 ms
286,1641.1000000000004 ms
286,1651.2500000000005 ms
286,1652.0000000000005 ms
286,1679.1500000000005 ms
286,1685.1000000000004 ms
286,1705.250000000001 ms
286,1711.250000000001 ms
286,1713.8500000000004 ms
286,1746.750000000001 ms
286,1748.1500000000005 ms
286,1758.9000000000005 ms
286,1763.1000000000008 ms
286,1782.3000000000006 ms
286,1796.4500000000012 ms
286,1825.1000000000008 ms
286,1837.9500000000012 ms
286,1862.0500000000006 ms
286,1874.6000000000008 ms
286,1875.3000000000006 ms
286,1882.3000000000006 ms
286,1884.2000000000012 ms
286,1915.000000000001 ms
286,1924.1000000000008 ms
286,1927.900000000001 ms
286,1932.1000000000008 ms
286,1962.1000000000008 ms
286,1970.750000000001 ms
286,1997.7000000000007 ms
286,2017.250000000001 ms
286,2037.750000000001 ms
286,2081.2000000000007 ms
286,2091.550000000001 ms
286,2103.550000000001 ms
286,2110.4000000000005 ms
286,2110.500000000001 ms
286,2110.750000000001 ms
286,2116.3500000000004 ms
286,2120.8 ms
286,2123.3 ms
286,2127.3 ms
286,2140.3500000000004 ms
286,2150.7000000000007 ms
286,2155.4500000000007 ms
286,2169.4500000000007 ms
286,2170.75 ms
286,2179.9000000000005 ms
286,2201.2000000000007 ms
286,2227.6500000000005 ms
286,2254.8 ms
286,2265.3500000000013 ms
286,2312.6000000000013 ms
286,2328.6000000000013 ms
286,2334.1000000000013 ms
286,2339.55 ms
286,2349.7000000000007 ms
286,2367.550000000001 ms
286,2368.1500000000005 ms
286,2371.7000000000007 ms
286,2376.3500000000004 ms
286,2421.000000000001 ms
286,2437.6500000000005 ms
286,2442.9000000000005 ms
286,2443.6500000000005 ms
286,2444.4500000000016 ms
286,2446.050000000001 ms
286,2450.3500000000013 ms
286,2450.550000000001 ms
286,2458.3500000000013 ms
286,2477.8500000000013 ms
286,2478.1000000000013 ms
286,2479.7000000000016 ms
286,2501.8500000000013 ms
286,2510.000000000001 ms
286,2534.6000000000013 ms
286,2537.1000000000013 ms
286,2559.050000000001 ms
286,2580.550000000001 ms
286,2580.6500000000015 ms
286,2590.000000000001 ms
286,2604.8500000000013 ms
286,2624.6000000000013 ms
286,2626.250000000001 ms
286,2635.6000000000013 ms
286,2637.4000000000005 ms
286,2639.4000000000005 ms
286,2648.6000000000013 ms
286,2656.55 ms
286,2686.55 ms
286,2690.750000000001 ms
286,2692.1500000000005 ms
286,2726.1000000000004 ms
286,2765.4500000000007 ms
286,2775.4500000000007 ms
286,2804.8 ms
286,2820.05 ms
286,2828.75 ms
286,2832.3999999999996 ms
286,2870.55 ms
286,2902.4000000000005 ms
286,2909.55 ms
286,2929.05 ms
286,2944.6000000000004 ms
286,2949.05 ms
286,2966.6500000000005 ms
286,2978.45 ms
286,2979.05 ms
286,2992.6500000000005 ms
286,2999.5 ms
286,3005.75 ms
286,3025.25 ms
286,3037.25 ms
286,3039.75 ms
286,3041.75 ms
286,3078.3 ms
286,3080.55 ms
286,3096.8500000000004 ms
286,3114.55 ms
286,3123.55 ms
286,3144.05 ms
286,3160.8500000000004 ms
286,3162.8 ms
286,3194.8500000000004 ms
286,3195.4500000000007 ms
286,3202.3999999999996 ms
286,3203.1499999999996 ms
286,3204.7000000000007 ms
286,3210.4500000000007 ms
286,3211.8999999999996 ms
286,3219.8 ms
286,3244.4000000000005 ms
286,3246.1500000000005 ms
286,3253.7 ms
286,3265.2 ms
286,3271.55 ms
286,3272.75 ms
286,3281.7 ms
286,3284.45 ms
286,3296.3999999999996 ms
286,3297.7 ms
286,3330.05 ms
286,3333.05 ms
286,3374.5999999999995 ms
286,3379.7 ms
286,3407.3999999999996 ms
286,3415.1499999999996 ms
286,3415.75 ms
286,3429.3499999999995 ms
286,3438.6499999999996 ms
286,3447.0499999999993 ms
286,3451.25 ms
286,3462.5499999999993 ms
286,3476.0499999999993 ms
286,3518.45 ms
286,3535.25 ms
286,3547.55 ms
286,3562.6000000000004 ms
286,3577.0 ms
286,3586.550000000001 ms
286,3589.6000000000004 ms
286,3593.500000000001 ms
286,3597.6500000000005 ms
286,3606.9000000000005 ms
286,3611.500000000001 ms
286,3612.6500000000005 ms
286,3621.4500000000016 ms
286,3633.1500000000005 ms
286,3639.750000000001 ms
286,3641.4500000000007 ms
286,3668.8500000000004 ms
286,3679.9500000000007 ms
286,3689.4000000000005 ms
286,3695.7000000000007 ms
286,3699.500000000001 ms
286,3703.8500000000013 ms
286,3725.4500000000007 ms
286,3726.7000000000007 ms
286,3732.750000000001 ms
286,3739.300000000001 ms
286,3749.000000000001 ms
286,3758.050000000001 ms
286,3760.500000000001 ms
286,3761.7000000000007 ms
286,3763.500000000001 ms
286,3784.2000000000007 ms
286,3790.1500000000005 ms
286,3801.9500000000007 ms
286,3822.2000000000007 ms
286,3827.800000000001 ms
286,3832.1000000000004 ms
286,3873.750000000001 ms
286,3880.4500000000007 ms
286,3885.550000000001 ms
286,3889.8500000000004 ms
286,3903.750000000001 ms
286,3907.9500000000007 ms
286,3936.4500000000007 ms
286,3959.6500000000005 ms
286,3970.4500000000007 ms
286,3974.1000000000004 ms
286,3983.7000000000007 ms
286,3989.2000000000007 ms
286,3995.1500000000005 ms
287,0.75 ms
287,5.15 ms
287,31.050000000000004 ms
287,51.800000000000004 ms
287,51.90000000000001 ms
287,83.95000000000002 ms
287,90.35000000000002 ms
287,100.55000000000001 ms
287,117.15000000000003 ms
287,118.45000000000005 ms
287,138.75 ms
287,157.55000000000007 ms
287,160.35000000000002 ms
287,171.50000000000006 ms
287,182.40000000000003 ms
287,184.15000000000003 ms
287,202.40000000000003 ms
287,224.10000000000008 ms
287,228.9500000000001 ms
287,238.30000000000007 ms
287,258.55000000000007 ms
287,269.80000000000007 ms
287,270.55000000000007 ms
287,272.1 ms
287,284.5000000000001 ms
287,301.15 ms
287,311.70000000000005 ms
287,330.1 ms
287,340.85 ms
287,342.20000000000005 ms
287,344.85 ms
287,360.70000000000005 ms
287,369.5 ms
287,414.60000000000014 ms
287,415.6500000000001 ms
287,422.35000000000014 ms
287,425.70000000000005 ms
287,431.5500000000002 ms
287,461.95000000000005 ms
287,469.6500000000001 ms
287,469.85000000000014 ms
287,487.30000000000007 ms
287,493.0000000000001 ms
287,504.4 ms
287,517.85 ms
287,527.9999999999999 ms
287,548.1 ms
287,579.0500000000001 ms
287,579.9000000000002 ms
287,625.0000000000001 ms
287,632.3000000000001 ms
287,632.6999999999999 ms
287,638.2000000000002 ms
287,650.0000000000001 ms
287,651.7499999999999 ms
287,656.5499999999998 ms
287,662.9499999999999 ms
287,681.0999999999998 ms
287,681.8999999999997 ms
287,684.6999999999997 ms
287,691.2999999999998 ms
287,714.5499999999998 ms
287,722.4499999999997 ms
287,726.5999999999998 ms
287,734.3499999999998 ms
287,736.4499999999999 ms
287,737.0499999999998 ms
287,737.9 ms
287,746.6 ms
287,755.4499999999999 ms
287,756.9 ms
287,761.2500000000001 ms
287,761.8000000000001 ms
287,791.4499999999999 ms
287,796.5999999999998 ms
287,830.6999999999999 ms
287,843.4 ms
287,862.9499999999999 ms
287,872.2499999999999 ms
287,880.0499999999998 ms
287,882.5499999999998 ms
287,883.6999999999997 ms
287,907.3499999999998 ms
287,920.1499999999997 ms
287,953.8499999999998 ms
287,998.2999999999998 ms
287,1000.0999999999998 ms
287,1027.0499999999997 ms
287,1033.4999999999995 ms
287,1055.2999999999997 ms
287,1089.35 ms
287,1097.6 ms
287,1110.4499999999994 ms
287,1120.35 ms
287,1142.6999999999994 ms
287,1142.8999999999996 ms
287,1144.5999999999995 ms
287,1157.1999999999998 ms
287,1167.2499999999995 ms
287,1176.5499999999997 ms
287,1183.5999999999995 ms
287,1197.2999999999993 ms
287,1201.9499999999998 ms
287,1207.7499999999995 ms
287,1210.3499999999995 ms
287,1219.8999999999996 ms
287,1224.1499999999996 ms
287,1250.9499999999994 ms
287,1265.1499999999992 ms
287,1269.2499999999995 ms
287,1273.2499999999995 ms
287,1276.599999999999 ms
287,1286.0499999999993 ms
287,1287.1499999999992 ms
287,1312.099999999999 ms
287,1346.099999999999 ms
287,1382.9999999999995 ms
287,1384.5499999999993 ms
287,1389.5999999999995 ms
287,1398.8499999999995 ms
287,1421.199999999999 ms
287,1439.1499999999992 ms
287,1440.849999999999 ms
287,1447.2999999999993 ms
287,1451.1999999999994 ms
287,1481.0499999999993 ms
287,1499.4499999999994 ms
287,1515.2999999999993 ms
287,1529.0499999999993 ms
287,1552.5999999999995 ms
287,1554.749999999999 ms
287,1590.6499999999996 ms
287,1595.4499999999994 ms
287,1600.5999999999995 ms
287,1621.1499999999996 ms
287,1642.999999999999 ms
287,1646.5999999999995 ms
287,1671.949999999999 ms
287,1674.8499999999995 ms
287,1687.449999999999 ms
287,1687.6499999999992 ms
287,1692.3999999999992 ms
287,1694.099999999999 ms
287,1715.6499999999992 ms
287,1737.849999999999 ms
287,1740.7999999999993 ms
287,1775.9499999999994 ms
287,1776.9999999999995 ms
287,1789.349999999999 ms
287,1792.7499999999995 ms
287,1801.099999999999 ms
287,1862.2999999999993 ms
287,1869.3999999999992 ms
287,1876.1999999999994 ms
287,1884.349999999999 ms
287,1969.349999999999 ms
287,1974.9999999999995 ms
287,1979.099999999999 ms
287,2004.599999999999 ms
287,2006.3999999999992 ms
287,2016.349999999999 ms
287,2020.7499999999995 ms
287,2024.8999999999992 ms
287,2040.4999999999995 ms
287,2075.5499999999997 ms
287,2077.4499999999994 ms
287,2114.399999999999 ms
287,2119.899999999999 ms
287,2133.399999999999 ms
287,2148.7499999999986 ms
287,2161.049999999999 ms
287,2219.6999999999994 ms
287,2229.35 ms
287,2230.6999999999994 ms
287,2252.2499999999995 ms
287,2259.4999999999995 ms
287,2291.9999999999995 ms
287,2292.1999999999994 ms
287,2295.85 ms
287,2299.5499999999997 ms
287,2304.149999999999 ms
287,2375.349999999999 ms
287,2378.2499999999995 ms
287,2390.7499999999986 ms
287,2405.099999999999 ms
287,2407.7499999999995 ms
287,2414.349999999999 ms
287,2420.4999999999995 ms
287,2438.1999999999994 ms
287,2484.4499999999985 ms
287,2490.1999999999994 ms
287,2491.799999999999 ms
287,2496.1999999999994 ms
287,2515.599999999999 ms
287,2554.4499999999985 ms
287,2566.8999999999983 ms
287,2574.9499999999985 ms
287,2576.349999999999 ms
287,2596.349999999999 ms
287,2599.799999999999 ms
287,2617.049999999999 ms
287,2685.4999999999986 ms
287,2700.9999999999986 ms
287,2723.7499999999986 ms
287,2726.9999999999986 ms
287,2734.6999999999985 ms
287,2748.7499999999986 ms
287,2775.1999999999985 ms
287,2779.8999999999983 ms
287,2793.549999999999 ms
287,2855.9499999999985 ms
287,2867.849999999999 ms
287,2871.4499999999985 ms
287,2882.599999999999 ms
287,2893.899999999999 ms
287,2895.299999999999 ms
287,2901.099999999999 ms
287,2916.4499999999985 ms
287,2923.849999999999 ms
287,2936.799999999999 ms
287,2952.1999999999994 ms
287,2958.849999999999 ms
287,2963.349999999999 ms
287,2975.649999999999 ms
287,2988.7499999999986 ms
287,2990.899999999999 ms
287,3010.7999999999997 ms
287,3014.299999999999 ms
287,3017.149999999999 ms
287,3017.899999999999 ms
287,3021.5499999999997 ms
287,3035.85 ms
287,3064.099999999999 ms
287,3072.549999999999 ms
287,3080.2999999999997 ms
287,3081.9499999999994 ms
287,3106.049999999999 ms
287,3115.399999999999 ms
287,3123.4999999999986 ms
287,3125.099999999999 ms
287,3126.9999999999995 ms
287,3148.4499999999994 ms
287,3167.4999999999995 ms
287,3173.0499999999997 ms
287,3179.6999999999994 ms
287,3207.899999999999 ms
287,3221.2999999999997 ms
287,3251.899999999999 ms
287,3254.7999999999997 ms
287,3263.9499999999994 ms
287,3276.549999999999 ms
287,3282.2999999999997 ms
287,3287.299999999999 ms
287,3336.2999999999997 ms
287,3342.4499999999994 ms
287,3366.799999999999 ms
287,3379.349999999999 ms
287,3384.549999999999 ms
287,3389.899999999999 ms
287,3394.599999999999 ms
287,3416.099999999999 ms
287,3440.099999999999 ms
287,3443.6999999999985 ms
287,3448.2499999999986 ms
287,3484.7499999999995 ms
287,3487.7999999999997 ms
287,3521.649999999999 ms
287,3579.5499999999997 ms
287,3581.799999999999 ms
287,3583.1999999999994 ms
287,3587.6999999999994 ms
287,3629.149999999999 ms
287,3646.349999999999 ms
287,3649.349999999999 ms
287,3654.4999999999995 ms
287,3661.5499999999997 ms
287,3663.549999999999 ms
287,3691.4999999999986 ms
287,3691.899999999999 ms
287,3720.599999999999 ms
287,3722.899999999999 ms
287,3723.599999999999 ms
287,3729.149999999999 ms
287,3739.149999999999 ms
287,3759.149999999999 ms
287,3765.4999999999986 ms
287,3767.9499999999985 ms
287,3785.3999999999983 ms
287,3800.4499999999985 ms
287,3800.9999999999986 ms
287,3811.9999999999995 ms
287,3849.149999999999 ms
287,3861.4499999999994 ms
287,3870.9499999999994 ms
287,3885.35 ms
287,3906.099999999999 ms
287,3928.799999999999 ms
287,3930.7499999999986 ms
287,3944.599999999999 ms
287,3974.899999999999 ms
287,3987.0499999999997 ms
287,3989.399999999999 ms
287,3990.9499999999994 ms
288,22.05 ms
288,24.999999999999996 ms
288,27.899999999999995 ms
288,37.2 ms
288,37.3 ms
288,39.750000000000014 ms
288,63.80000000000001 ms
288,75.25 ms
288,79.75 ms
288,86.95000000000002 ms
288,103.45000000000002 ms
288,107.45000000000002 ms
288,119.95000000000002 ms
288,137.85000000000005 ms
288,148.6 ms
288,166.45000000000002 ms
288,168.20000000000002 ms
288,172.85000000000005 ms
288,176.85 ms
288,189.04999999999998 ms
288,207.30000000000004 ms
288,238.85000000000005 ms
288,239.80000000000004 ms
288,250.70000000000002 ms
288,273.04999999999995 ms
288,279.45000000000005 ms
288,311.9 ms
288,328.75 ms
288,338.15 ms
288,343.54999999999995 ms
288,348.3499999999999 ms
288,356.0 ms
288,383.79999999999995 ms
288,392.69999999999993 ms
288,398.94999999999993 ms
288,414.54999999999995 ms
288,418.5999999999999 ms
288,423.8499999999999 ms
288,438.0999999999999 ms
288,458.79999999999995 ms
288,459.25 ms
288,466.19999999999993 ms
288,468.19999999999993 ms
288,483.54999999999995 ms
288,484.65 ms
288,484.75 ms
288,499.85 ms
288,502.75 ms
288,531.45 ms
288,543.0 ms
288,554.95 ms
288,556.55 ms
288,563.45 ms
288,571.55 ms
288,587.1000000000001 ms
288,607.75 ms
288,614.3499999999999 ms
288,623.7 ms
288,666.3500000000001 ms
288,670.3999999999999 ms
288,680.6000000000001 ms
288,685.1000000000001 ms
288,698.8999999999999 ms
288,714.3 ms
288,719.5999999999999 ms
288,725.5 ms
288,776.0499999999997 ms
288,782.6999999999998 ms
288,790.7999999999997 ms
288,792.5999999999999 ms
288,820.8499999999999 ms
288,825.1999999999998 ms
288,835.2499999999998 ms
288,879.8499999999997 ms
288,919.1999999999998 ms
288,924.8999999999999 ms
288,933.3999999999999 ms
288,939.55 ms
288,976.9499999999998 ms
288,977.8499999999999 ms
288,981.6499999999996 ms
288,986.4499999999998 ms
288,992.8499999999997 ms
288,1015.0499999999997 ms
288,1041.6999999999998 ms
288,1053.4499999999998 ms
288,1090.8999999999996 ms
288,1096.9499999999998 ms
288,1111.1999999999998 ms
288,1145.3999999999996 ms
288,1171.0500000000002 ms
288,1181.0 ms
288,1197.1999999999998 ms
288,1201.65 ms
288,1206.65 ms
288,1211.5500000000002 ms
288,1228.2000000000003 ms
288,1234.65 ms
288,1236.5500000000006 ms
288,1245.1000000000004 ms
288,1247.2000000000003 ms
288,1260.15 ms
288,1272.65 ms
288,1273.1000000000004 ms
288,1333.3500000000004 ms
288,1341.3000000000002 ms
288,1349.9500000000007 ms
288,1350.5500000000002 ms
288,1353.2500000000005 ms
288,1412.0500000000006 ms
288,1417.7500000000005 ms
288,1421.7000000000003 ms
288,1430.5000000000005 ms
288,1438.2500000000005 ms
288,1465.1500000000005 ms
288,1467.6500000000005 ms
288,1480.1000000000004 ms
288,1503.500000000001 ms
288,1522.1000000000004 ms
288,1532.5500000000006 ms
288,1558.4000000000005 ms
288,1597.4500000000007 ms
288,1601.7000000000007 ms
288,1609.5500000000002 ms
288,1614.6500000000005 ms
288,1647.9000000000005 ms
288,1657.3000000000002 ms
288,1664.9000000000005 ms
288,1677.0 ms
288,1719.75 ms
288,1720.5 ms
288,1778.1500000000005 ms
288,1806.6000000000004 ms
288,1815.7500000000005 ms
288,1856.7000000000003 ms
288,1899.5000000000005 ms
288,1924.2500000000005 ms
288,1925.3500000000004 ms
288,1932.5000000000005 ms
288,1944.3000000000006 ms
288,1987.9500000000003 ms
288,2009.9500000000003 ms
288,2057.9000000000005 ms
288,2073.05 ms
288,2076.8500000000013 ms
288,2080.250000000001 ms
288,2085.2000000000007 ms
288,2089.500000000001 ms
288,2091.6000000000013 ms
288,2093.9500000000007 ms
288,2102.4000000000005 ms
288,2110.7000000000007 ms
288,2117.9000000000005 ms
288,2118.6000000000004 ms
288,2130.05 ms
288,2143.9000000000005 ms
288,2165.2 ms
288,2187.1500000000005 ms
288,2191.5999999999995 ms
288,2194.5 ms
288,2205.8500000000004 ms
288,2218.8500000000004 ms
288,2222.0 ms
288,2229.5 ms
288,2239.6000000000004 ms
288,2243.45 ms
288,2246.7 ms
288,2260.3499999999995 ms
288,2289.5 ms
288,2316.0 ms
288,2328.0 ms
288,2358.1499999999996 ms
288,2377.7000000000007 ms
288,2385.3500000000004 ms
288,2403.7000000000007 ms
288,2407.55 ms
288,2410.75 ms
288,2459.2 ms
288,2462.1499999999996 ms
288,2487.8999999999996 ms
288,2493.3499999999995 ms
288,2504.5999999999995 ms
288,2504.8999999999996 ms
288,2533.7 ms
288,2534.0999999999995 ms
288,2569.95 ms
288,2612.5999999999995 ms
288,2622.25 ms
288,2662.8999999999996 ms
288,2690.25 ms
288,2691.55 ms
288,2716.1000000000004 ms
288,2726.6000000000004 ms
288,2736.55 ms
288,2754.25 ms
288,2764.05 ms
288,2770.0 ms
288,2779.2 ms
288,2791.3499999999995 ms
288,2800.95 ms
288,2803.2 ms
288,2814.5 ms
288,2827.25 ms
288,2830.0 ms
288,2832.6499999999996 ms
288,2848.2000000000007 ms
288,2850.3 ms
288,2850.7 ms
288,2873.1500000000005 ms
288,2878.0999999999995 ms
288,2889.05 ms
288,2914.95 ms
288,2917.6499999999996 ms
288,2923.0 ms
288,2932.25 ms
288,2945.8499999999995 ms
288,2949.3499999999995 ms
288,2961.3999999999996 ms
288,2979.8499999999995 ms
288,2989.3499999999995 ms
288,3001.249999999999 ms
288,3017.8 ms
288,3020.3499999999995 ms
288,3024.6500000000005 ms
288,3038.6500000000005 ms
288,3051.2 ms
288,3061.95 ms
288,3122.05 ms
288,3150.05 ms
288,3157.3 ms
288,3159.8 ms
288,3173.1000000000004 ms
288,3197.5 ms
288,3200.550000000001 ms
288,3222.25 ms
288,3223.5 ms
288,3235.1000000000004 ms
288,3273.8 ms
288,3282.8500000000004 ms
288,3298.8 ms
288,3309.0 ms
288,3319.55 ms
288,3321.5 ms
288,3391.05 ms
288,3393.8 ms
288,3395.8500000000004 ms
288,3398.6500000000005 ms
288,3398.750000000001 ms
288,3404.6000000000004 ms
288,3426.6500000000005 ms
288,3431.6500000000005 ms
288,3437.6500000000005 ms
288,3446.7000000000007 ms
288,3466.1000000000004 ms
288,3471.9000000000015 ms
288,3474.4000000000015 ms
288,3527.500000000001 ms
288,3531.6000000000013 ms
288,3532.9500000000007 ms
288,3538.550000000001 ms
288,3547.75 ms
288,3572.300000000001 ms
288,3590.6500000000005 ms
288,3595.55 ms
288,3599.9500000000007 ms
288,3604.3500000000004 ms
288,3628.4500000000007 ms
288,3653.000000000001 ms
288,3682.7000000000007 ms
288,3692.4000000000005 ms
288,3699.8500000000004 ms
288,3725.3500000000004 ms
288,3736.4000000000005 ms
288,3774.1000000000004 ms
288,3818.9500000000007 ms
288,3826.5 ms
288,3844.7000000000007 ms
288,3846.3500000000004 ms
288,3850.6500000000005 ms
288,3860.4500000000007 ms
288,3870.9500000000007 ms
288,3872.6000000000004 ms
288,3876.6500000000015 ms
288,3887.750000000001 ms
288,3899.800000000001 ms
288,3933.6500000000015 ms
288,3965.6500000000015 ms
288,3973.4500000000007 ms
288,3976.500000000002 ms
288,3996.1000000000013 ms
289,0.45 ms
289,73.4 ms
289,98.20000000000002 ms
289,101.95000000000002 ms
289,112.25 ms
289,118.94999999999999 ms
289,120.80000000000001 ms
289,132.05 ms
289,143.60000000000002 ms
289,161.3 ms
289,170.60000000000002 ms
289,177.70000000000005 ms
289,194.20000000000005 ms
289,201.70000000000005 ms
289,222.70000000000005 ms
289,226.5 ms
289,238.90000000000003 ms
289,243.50000000000006 ms
289,277.95 ms
289,282.25000000000006 ms
289,290.45 ms
289,310.9500000000001 ms
289,316.8000000000001 ms
289,318.1000000000001 ms
289,327.2000000000001 ms
289,337.8000000000001 ms
289,338.75000000000006 ms
289,344.5500000000001 ms
289,362.1000000000002 ms
289,363.1000000000001 ms
289,363.40000000000015 ms
289,374.3000000000001 ms
289,397.4500000000001 ms
289,402.65000000000003 ms
289,414.9500000000001 ms
289,453.40000000000003 ms
289,469.15000000000015 ms
289,479.3000000000001 ms
289,513.75 ms
289,519.0 ms
289,528.2000000000003 ms
289,556.6500000000001 ms
289,579.0000000000002 ms
289,581.0000000000002 ms
289,594.1500000000003 ms
289,601.95 ms
289,605.3000000000002 ms
289,608.0500000000002 ms
289,613.7500000000002 ms
289,627.4500000000003 ms
289,667.9500000000003 ms
289,674.6000000000004 ms
289,693.5500000000002 ms
289,695.8000000000002 ms
289,699.4000000000003 ms
289,700.9000000000003 ms
289,722.5000000000002 ms
289,739.9500000000005 ms
289,742.4500000000005 ms
289,785.4500000000005 ms
289,785.7500000000002 ms
289,789.5000000000002 ms
289,797.2000000000005 ms
289,798.9000000000003 ms
289,805.1000000000006 ms
289,810.8500000000006 ms
289,833.6000000000006 ms
289,843.2500000000005 ms
289,854.0000000000005 ms
289,854.4500000000005 ms
289,856.1000000000006 ms
289,876.5500000000004 ms
289,879.9000000000005 ms
289,881.9000000000005 ms
289,909.4000000000005 ms
289,920.7000000000005 ms
289,944.1500000000005 ms
289,947.6000000000006 ms
289,974.6500000000005 ms
289,1000.7000000000005 ms
289,1033.7500000000005 ms
289,1038.9000000000005 ms
289,1054.2500000000005 ms
289,1083.3000000000006 ms
289,1089.2000000000003 ms
289,1094.5500000000006 ms
289,1097.6000000000004 ms
289,1105.6500000000005 ms
289,1111.0 ms
289,1132.4500000000003 ms
289,1133.0500000000002 ms
289,1152.5500000000002 ms
289,1162.0 ms
289,1166.8000000000002 ms
289,1171.3500000000004 ms
289,1172.3000000000002 ms
289,1204.5 ms
289,1214.3500000000004 ms
289,1220.75 ms
289,1221.9000000000005 ms
289,1223.5 ms
289,1225.6000000000004 ms
289,1258.15 ms
289,1266.4 ms
289,1271.0500000000002 ms
289,1276.2000000000003 ms
289,1285.2500000000005 ms
289,1287.2000000000003 ms
289,1293.5000000000005 ms
289,1298.9 ms
289,1299.15 ms
289,1299.5500000000006 ms
289,1306.4500000000003 ms
289,1316.6500000000005 ms
289,1341.7500000000005 ms
289,1362.9000000000005 ms
289,1382.2000000000007 ms
289,1394.9500000000007 ms
289,1401.5500000000002 ms
289,1402.0500000000002 ms
289,1447.0500000000002 ms
289,1448.6500000000005 ms
289,1454.0500000000002 ms
289,1464.3000000000002 ms
289,1512.2000000000007 ms
289,1517.6000000000004 ms
289,1529.7000000000007 ms
289,1586.9000000000005 ms
289,1600.0500000000006 ms
289,1606.3500000000008 ms
289,1614.4000000000005 ms
289,1639.8500000000004 ms
289,1649.2000000000007 ms
289,1683.5000000000005 ms
289,1699.3000000000006 ms
289,1721.5000000000005 ms
289,1744.9500000000003 ms
289,1754.0000000000005 ms
289,1756.7500000000005 ms
289,1768.5500000000006 ms
289,1788.4 ms
289,1795.4 ms
289,1804.7500000000005 ms
289,1806.4 ms
289,1820.9500000000003 ms
289,1824.7500000000005 ms
289,1854.85 ms
289,1869.3000000000002 ms
289,1872.75 ms
289,1874.1500000000005 ms
289,1891.0500000000002 ms
289,1909.6500000000005 ms
289,1918.2000000000003 ms
289,1938.3500000000004 ms
289,1946.0500000000002 ms
289,1965.3000000000002 ms
289,1972.1000000000004 ms
289,2000.5000000000005 ms
289,2002.6000000000004 ms
289,2036.7500000000005 ms
289,2037.2500000000005 ms
289,2045.0000000000005 ms
289,2052.35 ms
289,2052.65 ms
289,2055.3000000000006 ms
289,2060.100000000001 ms
289,2082.0000000000014 ms
289,2082.450000000001 ms
289,2090.5000000000014 ms
289,2091.7500000000005 ms
289,2108.7000000000003 ms
289,2123.3000000000006 ms
289,2129.4 ms
289,2151.7500000000005 ms
289,2159.6 ms
289,2167.7999999999997 ms
289,2168.8000000000006 ms
289,2179.9500000000003 ms
289,2180.4 ms
289,2189.4999999999995 ms
289,2199.1999999999994 ms
289,2200.9500000000003 ms
289,2202.7999999999997 ms
289,2221.7999999999997 ms
289,2238.1 ms
289,2256.5499999999997 ms
289,2279.7499999999995 ms
289,2293.65 ms
289,2319.7999999999997 ms
289,2348.649999999999 ms
289,2366.4 ms
289,2370.7999999999997 ms
289,2385.6 ms
289,2394.5499999999997 ms
289,2404.4500000000003 ms
289,2405.35 ms
289,2419.65 ms
289,2440.4 ms
289,2473.6 ms
289,2477.1999999999994 ms
289,2485.4500000000003 ms
289,2490.6999999999994 ms
289,2522.2499999999995 ms
289,2539.9499999999994 ms
289,2577.2499999999995 ms
289,2594.6 ms
289,2597.5000000000005 ms
289,2598.4999999999995 ms
289,2602.2999999999997 ms
289,2602.7000000000003 ms
289,2603.2000000000003 ms
289,2607.7000000000003 ms
289,2611.0499999999997 ms
289,2632.15 ms
289,2645.2000000000003 ms
289,2677.7500000000005 ms
289,2680.8000000000006 ms
289,2683.4 ms
289,2699.4500000000003 ms
289,2705.5000000000005 ms
289,2712.7500000000014 ms
289,2719.350000000001 ms
289,2737.600000000001 ms
289,2758.850000000001 ms
289,2767.0500000000006 ms
289,2767.9 ms
289,2788.6 ms
289,2797.600000000001 ms
289,2814.900000000001 ms
289,2819.450000000001 ms
289,2822.0000000000014 ms
289,2826.100000000001 ms
289,2829.3000000000006 ms
289,2843.5500000000006 ms
289,2850.3000000000006 ms
289,2855.700000000001 ms
289,2861.7000000000003 ms
289,2862.7500000000005 ms
289,2872.7500000000014 ms
289,2898.0500000000015 ms
289,2908.2500000000014 ms
289,2926.950000000001 ms
289,2935.650000000001 ms
289,2940.950000000001 ms
289,2945.650000000001 ms
289,2947.950000000001 ms
289,2953.100000000001 ms
289,2985.7000000000003 ms
289,2986.4 ms
289,2992.900000000001 ms
289,2996.7500000000005 ms
289,3003.85 ms
289,3011.65 ms
289,3033.400000000001 ms
289,3044.65 ms
289,3045.900000000001 ms
289,3050.7500000000005 ms
289,3059.7500000000005 ms
289,3066.0500000000006 ms
289,3067.2500000000005 ms
289,3073.4500000000003 ms
289,3091.100000000001 ms
289,3107.5000000000005 ms
289,3117.5000000000005 ms
289,3119.150000000001 ms
289,3128.9 ms
289,3129.0000000000005 ms
289,3134.7500000000005 ms
289,3154.35 ms
289,3167.850000000001 ms
289,3173.150000000001 ms
289,3183.2500000000005 ms
289,3183.5500000000006 ms
289,3185.2500000000005 ms
289,3192.85 ms
289,3213.0499999999997 ms
289,3289.9999999999995 ms
289,3293.4499999999994 ms
289,3323.5499999999997 ms
289,3339.899999999999 ms
289,3341.9999999999995 ms
289,3353.099999999999 ms
289,3353.4499999999994 ms
289,3377.6 ms
289,3380.0499999999997 ms
289,3394.799999999999 ms
289,3404.6999999999994 ms
289,3419.6 ms
289,3436.7999999999997 ms
289,3447.149999999999 ms
289,3448.0499999999997 ms
289,3460.549999999999 ms
289,3465.1999999999994 ms
289,3467.649999999999 ms
289,3488.849999999999 ms
289,3495.899999999999 ms
289,3503.4499999999994 ms
289,3527.799999999999 ms
289,3541.2999999999997 ms
289,3558.85 ms
289,3588.2499999999995 ms
289,3590.599999999999 ms
289,3591.049999999999 ms
289,3603.649999999999 ms
289,3638.4999999999986 ms
289,3651.7499999999995 ms
289,3659.399999999999 ms
289,3691.1999999999994 ms
289,3717.649999999999 ms
289,3723.349999999999 ms
289,3741.1999999999985 ms
289,3745.4999999999986 ms
289,3755.549999999999 ms
289,3790.0499999999997 ms
289,3791.85 ms
289,3798.1999999999994 ms
289,3811.049999999999 ms
289,3814.899999999999 ms
289,3836.2999999999997 ms
289,3836.799999999999 ms
289,3866.9499999999994 ms
289,3871.7499999999995 ms
289,3885.1999999999994 ms
289,3901.649999999999 ms
289,3905.2499999999986 ms
289,3912.549999999999 ms
289,3919.599999999999 ms
289,3942.6999999999994 ms
289,3958.1 ms
289,3976.6999999999994 ms
289,3985.9499999999994 ms
289,3994.649999999999 ms
290,7.7 ms
290,10.8 ms
290,12.2 ms
290,13.100000000000001 ms
290,17.650000000000002 ms
290,23.3 ms
290,31.2 ms
290,32.349999999999994 ms
290,34.80000000000001 ms
290,39.2 ms
290,40.75 ms
290,41.7 ms
290,57.35000000000001 ms
290,60.60000000000001 ms
290,72.7 ms
290,84.65000000000002 ms
290,84.80000000000003 ms
290,155.40000000000003 ms
290,176.55 ms
290,178.8 ms
290,231.3 ms
290,248.75000000000006 ms
290,256.40000000000003 ms
290,275.40000000000003 ms
290,280.25000000000006 ms
290,298.00000000000006 ms
290,342.00000000000006 ms
290,353.40000000000003 ms
290,366.40000000000003 ms
290,392.15000000000003 ms
290,437.84999999999997 ms
290,444.3 ms
290,448.90000000000003 ms
290,455.50000000000006 ms
290,462.7 ms
290,476.50000000000006 ms
290,505.00000000000006 ms
290,519.25 ms
290,532.5 ms
290,534.2 ms
290,534.5 ms
290,540.9000000000001 ms
290,558.55 ms
290,602.1499999999999 ms
290,605.25 ms
290,626.0 ms
290,634.8499999999999 ms
290,655.3000000000002 ms
290,666.0 ms
290,684.7000000000003 ms
290,686.8000000000002 ms
290,687.6000000000001 ms
290,694.7500000000002 ms
290,712.9000000000001 ms
290,719.0 ms
290,740.6500000000001 ms
290,750.6500000000001 ms
290,752.2 ms
290,760.6500000000001 ms
290,792.0500000000002 ms
290,809.8499999999999 ms
290,810.8499999999999 ms
290,813.1500000000001 ms
290,814.6999999999998 ms
290,818.5 ms
290,859.1499999999999 ms
290,867.1999999999998 ms
290,876.4999999999998 ms
290,881.9499999999998 ms
290,887.3499999999999 ms
290,893.2999999999997 ms
290,902.5 ms
290,940.0 ms
290,961.5499999999997 ms
290,984.9499999999998 ms
290,993.8499999999999 ms
290,1010.4999999999998 ms
290,1011.3999999999999 ms
290,1021.0999999999997 ms
290,1021.9999999999998 ms
290,1026.95 ms
290,1036.8999999999999 ms
290,1045.2499999999998 ms
290,1046.8999999999999 ms
290,1049.6000000000001 ms
290,1058.45 ms
290,1062.8500000000001 ms
290,1128.2500000000002 ms
290,1151.2499999999998 ms
290,1160.2 ms
290,1160.8 ms
290,1166.7 ms
290,1168.2499999999998 ms
290,1192.2500000000002 ms
290,1203.05 ms
290,1219.1499999999999 ms
290,1228.8999999999999 ms
290,1235.8999999999999 ms
290,1247.7499999999998 ms
290,1267.5999999999997 ms
290,1278.05 ms
290,1297.8499999999997 ms
290,1298.3999999999994 ms
290,1318.5999999999997 ms
290,1329.8 ms
290,1342.7999999999995 ms
290,1343.8 ms
290,1377.6499999999999 ms
290,1383.1499999999994 ms
290,1410.4999999999993 ms
290,1418.0999999999992 ms
290,1418.3999999999994 ms
290,1435.9999999999993 ms
290,1444.549999999999 ms
290,1482.2999999999995 ms
290,1498.8499999999992 ms
290,1500.149999999999 ms
290,1528.6999999999991 ms
290,1531.3999999999994 ms
290,1532.8499999999992 ms
290,1535.0499999999995 ms
290,1550.3499999999992 ms
290,1567.0499999999995 ms
290,1570.299999999999 ms
290,1577.149999999999 ms
290,1577.299999999999 ms
290,1585.7499999999993 ms
290,1628.299999999999 ms
290,1637.899999999999 ms
290,1642.3999999999994 ms
290,1653.5499999999995 ms
290,1654.1999999999996 ms
290,1657.1999999999991 ms
290,1670.4999999999993 ms
290,1673.049999999999 ms
290,1696.3499999999992 ms
290,1703.4499999999991 ms
290,1719.799999999999 ms
290,1721.149999999999 ms
290,1745.2499999999989 ms
290,1754.7999999999986 ms
290,1766.0999999999988 ms
290,1768.799999999999 ms
290,1773.4499999999991 ms
290,1801.149999999999 ms
290,1810.8499999999992 ms
290,1814.9499999999991 ms
290,1844.899999999999 ms
290,1844.9999999999989 ms
290,1858.0999999999988 ms
290,1869.1999999999987 ms
290,1871.5499999999986 ms
290,1879.9999999999989 ms
290,1905.7499999999984 ms
290,1948.2499999999989 ms
290,1959.899999999999 ms
290,1973.1499999999985 ms
290,1980.0999999999988 ms
290,1996.299999999999 ms
290,1998.6999999999991 ms
290,2010.3499999999992 ms
290,2031.8499999999988 ms
290,2068.999999999999 ms
290,2084.8499999999995 ms
290,2114.5499999999984 ms
290,2125.949999999999 ms
290,2128.0999999999985 ms
290,2129.499999999999 ms
290,2137.5499999999993 ms
290,2140.3999999999996 ms
290,2147.0999999999985 ms
290,2150.0999999999985 ms
290,2181.8999999999996 ms
290,2189.8499999999985 ms
290,2205.449999999999 ms
290,2232.949999999999 ms
290,2236.749999999999 ms
290,2237.8999999999987 ms
290,2264.0999999999995 ms
290,2287.8499999999995 ms
290,2304.499999999999 ms
290,2312.0999999999995 ms
290,2318.249999999999 ms
290,2319.1499999999987 ms
290,2325.2 ms
290,2344.45 ms
290,2346.249999999999 ms
290,2350.3 ms
290,2359.55 ms
290,2378.5999999999995 ms
290,2444.5 ms
290,2465.8999999999996 ms
290,2471.8 ms
290,2498.3 ms
290,2499.8500000000004 ms
290,2507.2000000000007 ms
290,2512.8999999999996 ms
290,2529.6499999999996 ms
290,2531.1000000000004 ms
290,2541.3999999999996 ms
290,2547.7000000000007 ms
290,2547.8500000000004 ms
290,2561.0 ms
290,2572.0 ms
290,2591.2000000000007 ms
290,2594.55 ms
290,2596.6000000000004 ms
290,2596.7000000000007 ms
290,2613.1000000000004 ms
290,2626.2000000000007 ms
290,2635.6000000000004 ms
290,2638.4000000000005 ms
290,2648.750000000001 ms
290,2648.9000000000005 ms
290,2655.250000000001 ms
290,2660.750000000001 ms
290,2676.750000000001 ms
290,2689.3 ms
290,2697.9000000000005 ms
290,2702.9000000000005 ms
290,2718.3500000000004 ms
290,2738.4500000000007 ms
290,2755.8999999999996 ms
290,2758.6499999999996 ms
290,2770.5 ms
290,2778.55 ms
290,2790.75 ms
290,2803.8 ms
290,2830.4000000000005 ms
290,2835.75 ms
290,2835.95 ms
290,2838.3 ms
290,2839.05 ms
290,2908.8 ms
290,2913.0999999999995 ms
290,2921.9000000000005 ms
290,2937.5999999999995 ms
290,2943.55 ms
290,2955.1499999999996 ms
290,2957.0 ms
290,3003.699999999999 ms
290,3009.199999999999 ms
290,3012.0999999999995 ms
290,3014.45 ms
290,3019.2 ms
290,3078.249999999999 ms
290,3098.749999999999 ms
290,3118.3499999999995 ms
290,3121.95 ms
290,3143.5499999999993 ms
290,3144.449999999999 ms
290,3185.699999999999 ms
290,3186.6499999999996 ms
290,3198.7999999999993 ms
290,3231.5999999999995 ms
290,3239.749999999999 ms
290,3247.749999999999 ms
290,3254.5999999999995 ms
290,3259.45 ms
290,3273.8499999999995 ms
290,3337.5499999999993 ms
290,3384.0499999999993 ms
290,3403.7999999999993 ms
290,3456.8999999999996 ms
290,3458.699999999999 ms
290,3470.0499999999993 ms
290,3470.949999999999 ms
290,3525.1499999999996 ms
290,3531.7999999999993 ms
290,3551.6499999999996 ms
290,3574.249999999999 ms
290,3583.3499999999995 ms
290,3619.0999999999995 ms
290,3619.749999999999 ms
290,3655.249999999999 ms
290,3655.949999999999 ms
290,3702.3499999999985 ms
290,3710.499999999999 ms
290,3726.249999999999 ms
290,3732.1499999999987 ms
290,3740.0999999999995 ms
290,3747.8499999999995 ms
290,3769.0499999999984 ms
290,3771.0999999999995 ms
290,3783.949999999999 ms
290,3814.5499999999993 ms
290,3820.6499999999987 ms
290,3861.8499999999985 ms
290,3899.8499999999985 ms
290,3940.3999999999987 ms
290,3947.949999999999 ms
290,3971.0499999999993 ms
290,3978.2999999999993 ms
290,3983.7999999999993 ms
291,4.65 ms
291,30.700000000000003 ms
291,36.60000000000001 ms
291,45.05 ms
291,49.400000000000006 ms
291,49.7 ms
291,49.95 ms
291,56.45 ms
291,66.30000000000001 ms
291,73.9 ms
291,80.0 ms
291,89.65 ms
291,91.45000000000002 ms
291,126.45000000000002 ms
291,138.1 ms
291,149.25000000000003 ms
291,151.80000000000004 ms
291,170.00000000000003 ms
291,187.24999999999997 ms
291,228.25000000000003 ms
291,230.85 ms
291,267.6 ms
291,284.1 ms
291,314.80000000000007 ms
291,326.4 ms
291,329.30000000000007 ms
291,379.35 ms
291,396.80000000000007 ms
291,439.70000000000005 ms
291,446.55000000000007 ms
291,449.6 ms
291,472.1500000000001 ms
291,506.60000000000014 ms
291,515.45 ms
291,519.05 ms
291,520.45 ms
291,545.8500000000001 ms
291,560.75 ms
291,564.2 ms
291,618.05 ms
291,625.05 ms
291,643.1500000000001 ms
291,654.0500000000002 ms
291,668.45 ms
291,714.75 ms
291,734.05 ms
291,779.5 ms
291,785.1500000000001 ms
291,789.1500000000001 ms
291,799.55 ms
291,811.05 ms
291,811.1499999999999 ms
291,812.2 ms
291,815.3999999999999 ms
291,818.3500000000001 ms
291,823.55 ms
291,865.5000000000002 ms
291,890.3 ms
291,907.2500000000002 ms
291,933.9000000000001 ms
291,949.4000000000001 ms
291,955.75 ms
291,965.0500000000002 ms
291,972.0 ms
291,975.1000000000001 ms
291,986.95 ms
291,996.0000000000002 ms
291,1003.7 ms
291,1016.3500000000001 ms
291,1018.95 ms
291,1041.1500000000003 ms
291,1042.7 ms
291,1058.7499999999998 ms
291,1106.7 ms
291,1116.7 ms
291,1124.55 ms
291,1127.45 ms
291,1128.4999999999998 ms
291,1129.3 ms
291,1150.2 ms
291,1155.8 ms
291,1162.95 ms
291,1166.6000000000001 ms
291,1217.5000000000002 ms
291,1231.4000000000003 ms
291,1257.7 ms
291,1276.5000000000002 ms
291,1278.9000000000003 ms
291,1288.8000000000004 ms
291,1291.7500000000007 ms
291,1330.6500000000008 ms
291,1337.1000000000006 ms
291,1339.3500000000006 ms
291,1352.0500000000009 ms
291,1356.6500000000008 ms
291,1364.1000000000006 ms
291,1370.5000000000007 ms
291,1402.4000000000008 ms
291,1406.350000000001 ms
291,1424.950000000001 ms
291,1451.2000000000005 ms
291,1474.0500000000004 ms
291,1523.8000000000009 ms
291,1547.8500000000006 ms
291,1549.3000000000009 ms
291,1570.700000000001 ms
291,1573.8000000000009 ms
291,1576.5000000000007 ms
291,1579.8500000000006 ms
291,1581.9500000000005 ms
291,1587.1500000000008 ms
291,1608.8500000000006 ms
291,1622.5000000000007 ms
291,1673.5000000000007 ms
291,1676.3500000000006 ms
291,1705.2500000000007 ms
291,1746.6500000000008 ms
291,1753.1500000000008 ms
291,1760.600000000001 ms
291,1778.5500000000009 ms
291,1789.6000000000006 ms
291,1792.2000000000005 ms
291,1832.1500000000008 ms
291,1835.6500000000008 ms
291,1839.2500000000007 ms
291,1853.700000000001 ms
291,1881.7500000000007 ms
291,1900.1000000000006 ms
291,1927.9000000000003 ms
291,1941.3500000000006 ms
291,1953.5500000000009 ms
291,1957.3000000000004 ms
291,1957.5500000000009 ms
291,1972.5000000000007 ms
291,1973.3500000000006 ms
291,1983.8000000000009 ms
291,2005.950000000001 ms
291,2007.2000000000005 ms
291,2013.950000000001 ms
291,2034.350000000001 ms
291,2052.55 ms
291,2060.6000000000013 ms
291,2096.55 ms
291,2103.7000000000007 ms
291,2121.3500000000004 ms
291,2124.6000000000004 ms
291,2129.6500000000015 ms
291,2130.9500000000007 ms
291,2133.6500000000015 ms
291,2138.2000000000007 ms
291,2138.300000000001 ms
291,2173.6500000000015 ms
291,2184.9000000000015 ms
291,2200.9000000000015 ms
291,2205.1500000000015 ms
291,2208.6000000000004 ms
291,2211.750000000001 ms
291,2235.6000000000013 ms
291,2249.250000000001 ms
291,2264.800000000001 ms
291,2290.1000000000013 ms
291,2310.4500000000016 ms
291,2320.8500000000013 ms
291,2334.9000000000015 ms
291,2341.1500000000015 ms
291,2344.7000000000016 ms
291,2350.800000000002 ms
291,2367.4000000000015 ms
291,2380.3500000000013 ms
291,2385.6500000000015 ms
291,2397.050000000001 ms
291,2400.9000000000015 ms
291,2425.750000000002 ms
291,2432.7000000000007 ms
291,2438.750000000002 ms
291,2451.4500000000007 ms
291,2454.3500000000013 ms
291,2463.000000000001 ms
291,2464.800000000002 ms
291,2469.1000000000013 ms
291,2478.9500000000016 ms
291,2489.550000000002 ms
291,2490.1500000000015 ms
291,2505.500000000002 ms
291,2513.4500000000007 ms
291,2514.1500000000015 ms
291,2532.800000000001 ms
291,2542.6500000000015 ms
291,2549.9500000000007 ms
291,2559.550000000001 ms
291,2570.9000000000015 ms
291,2573.8500000000004 ms
291,2579.300000000001 ms
291,2583.5 ms
291,2587.3500000000004 ms
291,2628.75 ms
291,2631.800000000001 ms
291,2633.75 ms
291,2649.800000000001 ms
291,2651.1500000000005 ms
291,2654.8 ms
291,2658.6500000000005 ms
291,2670.4000000000005 ms
291,2671.55 ms
291,2712.1000000000013 ms
291,2714.4000000000005 ms
291,2728.050000000001 ms
291,2730.3500000000013 ms
291,2747.9500000000016 ms
291,2748.6500000000005 ms
291,2800.1500000000005 ms
291,2802.1500000000005 ms
291,2802.6000000000013 ms
291,2817.6500000000005 ms
291,2833.7000000000016 ms
291,2834.4500000000016 ms
291,2844.250000000001 ms
291,2851.300000000002 ms
291,2868.6500000000015 ms
291,2882.9500000000016 ms
291,2884.2000000000016 ms
291,2898.000000000002 ms
291,2923.4500000000016 ms
291,2928.500000000002 ms
291,2930.050000000002 ms
291,2933.100000000002 ms
291,2967.100000000002 ms
291,2967.7000000000025 ms
291,2975.250000000002 ms
291,2987.4500000000025 ms
291,3003.850000000002 ms
291,3004.550000000002 ms
291,3026.800000000002 ms
291,3049.9000000000024 ms
291,3051.050000000002 ms
291,3052.250000000002 ms
291,3062.9500000000016 ms
291,3078.2000000000016 ms
291,3081.3500000000013 ms
291,3099.6500000000024 ms
291,3100.2000000000016 ms
291,3101.850000000002 ms
291,3110.1500000000024 ms
291,3134.850000000002 ms
291,3135.4000000000024 ms
291,3168.9000000000024 ms
291,3170.5000000000027 ms
291,3180.550000000002 ms
291,3189.1500000000024 ms
291,3191.2500000000027 ms
291,3194.1500000000024 ms
291,3199.5000000000027 ms
291,3213.5000000000027 ms
291,3222.7000000000016 ms
291,3230.5000000000027 ms
291,3246.4000000000024 ms
291,3285.050000000002 ms
291,3296.350000000003 ms
291,3334.6500000000024 ms
291,3350.0000000000027 ms
291,3350.850000000003 ms
291,3351.4000000000024 ms
291,3351.5000000000027 ms
291,3366.2000000000025 ms
291,3366.6500000000024 ms
291,3408.2000000000025 ms
291,3413.2500000000027 ms
291,3422.600000000003 ms
291,3447.100000000003 ms
291,3448.1500000000024 ms
291,3457.7500000000027 ms
291,3458.2000000000025 ms
291,3460.6500000000024 ms
291,3471.850000000002 ms
291,3480.4000000000024 ms
291,3521.850000000002 ms
291,3528.300000000002 ms
291,3550.2000000000016 ms
291,3553.2500000000027 ms
291,3591.600000000002 ms
291,3611.2000000000025 ms
291,3634.1500000000015 ms
291,3639.500000000002 ms
291,3641.4000000000015 ms
291,3646.100000000002 ms
291,3658.300000000001 ms
291,3677.9000000000015 ms
291,3680.6500000000015 ms
291,3698.750000000002 ms
291,3711.7000000000007 ms
291,3716.000000000002 ms
291,3716.9000000000015 ms
291,3734.500000000002 ms
291,3744.2000000000007 ms
291,3760.000000000002 ms
291,3760.3500000000013 ms
291,3774.9000000000015 ms
291,3784.2000000000016 ms
291,3802.800000000002 ms
291,3816.500000000001 ms
291,3854.6000000000013 ms
291,3871.500000000001 ms
291,3908.1500000000015 ms
291,3912.050000000001 ms
291,3922.300000000001 ms
291,3923.9500000000016 ms
291,3946.9500000000016 ms
291,3951.250000000002 ms
291,3969.550000000002 ms
291,3987.9500000000016 ms
291,3995.1500000000024 ms
292,26.950000000000003 ms
292,36.400000000000006 ms
292,49.60000000000001 ms
292,65.00000000000001 ms
292,65.20000000000003 ms
292,82.10000000000004 ms
292,101.05000000000003 ms
292,118.40000000000002 ms
292,130.70000000000005 ms
292,131.85000000000002 ms
292,139.9000000000001 ms
292,145.05000000000007 ms
292,165.9000000000001 ms
292,169.1500000000001 ms
292,190.10000000000008 ms
292,197.9500000000001 ms
292,213.75000000000006 ms
292,219.9000000000001 ms
292,236.9500000000001 ms
292,279.25000000000017 ms
292,292.75000000000006 ms
292,298.75000000000017 ms
292,342.65000000000015 ms
292,360.00000000000017 ms
292,363.15000000000015 ms
292,382.75000000000017 ms
292,386.65000000000015 ms
292,391.1000000000001 ms
292,417.4500000000001 ms
292,417.9500000000001 ms
292,428.2000000000001 ms
292,428.90000000000003 ms
292,444.40000000000015 ms
292,448.4500000000001 ms
292,450.3000000000001 ms
292,476.65000000000015 ms
292,490.8000000000001 ms
292,491.65000000000015 ms
292,508.1000000000001 ms
292,529.75 ms
292,532.6500000000001 ms
292,546.25 ms
292,565.9500000000003 ms
292,591.6000000000001 ms
292,593.1000000000001 ms
292,607.2500000000002 ms
292,614.05 ms
292,615.0000000000002 ms
292,621.05 ms
292,630.1500000000001 ms
292,656.8000000000002 ms
292,684.2 ms
292,696.3500000000001 ms
292,703.55 ms
292,711.2500000000002 ms
292,716.05 ms
292,740.2 ms
292,740.3 ms
292,763.2500000000002 ms
292,781.0000000000002 ms
292,805.45 ms
292,813.2 ms
292,834.2 ms
292,847.1000000000001 ms
292,847.6500000000001 ms
292,854.1500000000001 ms
292,866.0 ms
292,869.7000000000003 ms
292,887.75 ms
292,901.75 ms
292,932.1000000000001 ms
292,932.2500000000002 ms
292,937.95 ms
292,945.95 ms
292,961.7 ms
292,1004.7 ms
292,1010.4000000000003 ms
292,1033.15 ms
292,1033.8000000000002 ms
292,1108.15 ms
292,1112.35 ms
292,1129.1 ms
292,1131.6 ms
292,1138.3000000000002 ms
292,1168.25 ms
292,1180.4000000000005 ms
292,1203.9000000000005 ms
292,1205.8000000000002 ms
292,1208.1500000000005 ms
292,1215.4000000000005 ms
292,1240.2000000000003 ms
292,1293.2000000000003 ms
292,1296.4 ms
292,1312.15 ms
292,1342.5000000000005 ms
292,1352.8000000000002 ms
292,1377.3500000000004 ms
292,1378.0 ms
292,1383.7000000000003 ms
292,1406.3500000000004 ms
292,1413.7000000000003 ms
292,1532.0500000000002 ms
292,1542.8500000000004 ms
292,1577.4 ms
292,1579.75 ms
292,1587.65 ms
292,1606.7000000000003 ms
292,1620.9 ms
292,1626.9 ms
292,1645.15 ms
292,1652.9500000000003 ms
292,1662.85 ms
292,1680.6 ms
292,1682.0000000000005 ms
292,1685.9500000000003 ms
292,1692.15 ms
292,1697.0500000000006 ms
292,1710.4 ms
292,1711.9 ms
292,1726.0500000000006 ms
292,1728.1000000000004 ms
292,1741.1000000000004 ms
292,1741.9000000000005 ms
292,1744.7000000000003 ms
292,1774.3500000000004 ms
292,1775.4500000000003 ms
292,1795.2500000000005 ms
292,1798.7500000000005 ms
292,1805.35 ms
292,1812.35 ms
292,1821.5500000000002 ms
292,1838.0500000000002 ms
292,1847.5500000000002 ms
292,1866.9 ms
292,1888.4500000000003 ms
292,1897.75 ms
292,1990.6 ms
292,1996.7999999999997 ms
292,2003.7000000000003 ms
292,2003.9500000000003 ms
292,2011.4500000000003 ms
292,2043.65 ms
292,2045.85 ms
292,2054.9 ms
292,2066.0500000000006 ms
292,2075.9500000000003 ms
292,2084.15 ms
292,2085.7000000000003 ms
292,2093.2500000000005 ms
292,2099.400000000001 ms
292,2101.65 ms
292,2102.650000000001 ms
292,2104.5000000000005 ms
292,2105.400000000001 ms
292,2108.350000000001 ms
292,2110.8000000000006 ms
292,2113.100000000001 ms
292,2114.2000000000003 ms
292,2121.850000000001 ms
292,2131.1 ms
292,2132.600000000001 ms
292,2162.8000000000006 ms
292,2165.15 ms
292,2166.65 ms
292,2172.3000000000006 ms
292,2188.5000000000005 ms
292,2205.15 ms
292,2207.9999999999995 ms
292,2245.1 ms
292,2250.7500000000005 ms
292,2261.7000000000003 ms
292,2293.2999999999997 ms
292,2297.4999999999995 ms
292,2297.7499999999995 ms
292,2304.4999999999995 ms
292,2309.4999999999995 ms
292,2310.15 ms
292,2324.2999999999997 ms
292,2333.4500000000003 ms
292,2335.85 ms
292,2345.15 ms
292,2351.7499999999995 ms
292,2391.9499999999994 ms
292,2395.149999999999 ms
292,2416.4 ms
292,2460.2499999999995 ms
292,2468.349999999999 ms
292,2470.35 ms
292,2476.099999999999 ms
292,2480.4999999999995 ms
292,2485.599999999999 ms
292,2492.2499999999995 ms
292,2496.349999999999 ms
292,2500.799999999999 ms
292,2544.5499999999997 ms
292,2552.85 ms
292,2567.15 ms
292,2572.9500000000003 ms
292,2586.15 ms
292,2589.5499999999997 ms
292,2591.0499999999997 ms
292,2613.649999999999 ms
292,2617.849999999999 ms
292,2619.549999999999 ms
292,2648.2999999999997 ms
292,2659.9499999999994 ms
292,2667.049999999999 ms
292,2669.4499999999994 ms
292,2671.6 ms
292,2688.9 ms
292,2721.2999999999997 ms
292,2733.85 ms
292,2746.85 ms
292,2751.85 ms
292,2766.5000000000005 ms
292,2788.7499999999995 ms
292,2794.65 ms
292,2807.9500000000003 ms
292,2832.65 ms
292,2832.85 ms
292,2841.7500000000005 ms
292,2843.0500000000006 ms
292,2857.0000000000005 ms
292,2860.4500000000003 ms
292,2864.9 ms
292,2865.0499999999997 ms
292,2869.35 ms
292,2880.0499999999997 ms
292,2932.899999999999 ms
292,2933.15 ms
292,2944.899999999999 ms
292,2945.4999999999995 ms
292,2958.7999999999997 ms
292,2973.149999999999 ms
292,2974.7999999999997 ms
292,3001.4500000000003 ms
292,3022.0000000000005 ms
292,3024.4999999999995 ms
292,3051.6 ms
292,3053.4 ms
292,3055.0500000000006 ms
292,3056.5000000000005 ms
292,3072.65 ms
292,3078.7000000000003 ms
292,3095.7999999999997 ms
292,3107.9500000000003 ms
292,3121.4500000000003 ms
292,3124.65 ms
292,3138.1 ms
292,3142.0000000000005 ms
292,3152.7000000000003 ms
292,3164.2500000000005 ms
292,3165.9500000000003 ms
292,3173.7500000000005 ms
292,3179.6 ms
292,3184.1 ms
292,3220.6999999999994 ms
292,3221.5499999999997 ms
292,3232.899999999999 ms
292,3262.1999999999994 ms
292,3277.5499999999997 ms
292,3294.6 ms
292,3301.9 ms
292,3318.15 ms
292,3325.4999999999995 ms
292,3342.7500000000005 ms
292,3346.85 ms
292,3347.2999999999997 ms
292,3351.35 ms
292,3425.9499999999994 ms
292,3426.0499999999997 ms
292,3429.7999999999997 ms
292,3442.85 ms
292,3443.5499999999997 ms
292,3451.2000000000003 ms
292,3469.9 ms
292,3475.6 ms
292,3488.9 ms
292,3496.2000000000003 ms
292,3497.2500000000005 ms
292,3501.6 ms
292,3521.4 ms
292,3549.1 ms
292,3550.1999999999994 ms
292,3565.7499999999995 ms
292,3576.65 ms
292,3588.9999999999995 ms
292,3590.15 ms
292,3596.0500000000006 ms
292,3610.9 ms
292,3644.85 ms
292,3650.1999999999994 ms
292,3653.2499999999995 ms
292,3662.1999999999994 ms
292,3691.7000000000003 ms
292,3725.0499999999997 ms
292,3727.9500000000003 ms
292,3777.0499999999997 ms
292,3783.7999999999997 ms
292,3786.2999999999997 ms
292,3789.4500000000003 ms
292,3798.5499999999997 ms
292,3811.1 ms
292,3842.15 ms
292,3852.9999999999995 ms
292,3895.15 ms
292,3899.4500000000003 ms
292,3917.9500000000003 ms
292,3920.4500000000003 ms
292,3926.0499999999997 ms
292,3953.2000000000003 ms
292,3957.65 ms
292,3975.2499999999995 ms
292,3989.7500000000005 ms
292,3990.2000000000003 ms
293,2.25 ms
293,2.5 ms
293,25.35 ms
293,34.650000000000006 ms
293,80.20000000000002 ms
293,84.20000000000002 ms
293,84.35000000000002 ms
293,91.90000000000003 ms
293,99.95000000000002 ms
293,114.05000000000001 ms
293,131.10000000000002 ms
293,146.05 ms
293,150.3 ms
293,162.75 ms
293,178.39999999999998 ms
293,190.20000000000005 ms
293,239.05 ms
293,279.95 ms
293,286.7000000000001 ms
293,324.45 ms
293,328.2000000000001 ms
293,333.7 ms
293,334.8 ms
293,337.45 ms
293,356.05 ms
293,356.25000000000006 ms
293,380.15000000000003 ms
293,383.8 ms
293,395.65000000000003 ms
293,401.9500000000001 ms
293,423.5500000000001 ms
293,466.2000000000001 ms
293,470.5500000000001 ms
293,495.9500000000001 ms
293,527.5500000000002 ms
293,540.3499999999999 ms
293,547.5999999999999 ms
293,552.3000000000002 ms
293,559.3000000000002 ms
293,567.8499999999999 ms
293,570.3000000000002 ms
293,570.9000000000001 ms
293,573.5500000000002 ms
293,573.75 ms
293,577.2000000000003 ms
293,578.8000000000002 ms
293,614.4500000000003 ms
293,652.5 ms
293,664.2000000000003 ms
293,694.3500000000001 ms
293,698.6000000000001 ms
293,702.2500000000002 ms
293,708.4000000000001 ms
293,712.8000000000002 ms
293,715.8000000000002 ms
293,733.8000000000002 ms
293,745.5 ms
293,748.0 ms
293,772.75 ms
293,774.9500000000003 ms
293,814.4000000000001 ms
293,831.6000000000004 ms
293,831.7500000000002 ms
293,837.2500000000002 ms
293,840.2000000000003 ms
293,872.0000000000002 ms
293,884.4500000000003 ms
293,890.4500000000003 ms
293,919.8000000000002 ms
293,935.5000000000005 ms
293,939.4000000000003 ms
293,946.3000000000004 ms
293,964.4500000000003 ms
293,967.2500000000002 ms
293,972.9500000000003 ms
293,977.2500000000002 ms
293,981.7000000000003 ms
293,988.8000000000002 ms
293,1019.4500000000003 ms
293,1021.5000000000002 ms
293,1024.9000000000003 ms
293,1048.1500000000003 ms
293,1142.95 ms
293,1151.0000000000002 ms
293,1152.55 ms
293,1178.2 ms
293,1212.3 ms
293,1220.0500000000004 ms
293,1239.8500000000001 ms
293,1243.1000000000001 ms
293,1247.6499999999999 ms
293,1264.8 ms
293,1287.8999999999999 ms
293,1288.05 ms
293,1295.6000000000001 ms
293,1298.6499999999999 ms
293,1350.7 ms
293,1369.9999999999998 ms
293,1373.2500000000002 ms
293,1373.8500000000001 ms
293,1377.6499999999999 ms
293,1382.3999999999999 ms
293,1389.3 ms
293,1397.8499999999997 ms
293,1424.6000000000001 ms
293,1458.55 ms
293,1485.45 ms
293,1489.3500000000001 ms
293,1499.0000000000002 ms
293,1503.1000000000001 ms
293,1531.8500000000001 ms
293,1540.45 ms
293,1560.05 ms
293,1573.5000000000002 ms
293,1577.8 ms
293,1607.8 ms
293,1631.7 ms
293,1641.7499999999998 ms
293,1658.55 ms
293,1676.5999999999997 ms
293,1703.9999999999998 ms
293,1707.3499999999997 ms
293,1726.8 ms
293,1728.05 ms
293,1744.2500000000002 ms
293,1754.1500000000003 ms
293,1762.6000000000001 ms
293,1771.2 ms
293,1784.1500000000003 ms
293,1804.45 ms
293,1822.2499999999998 ms
293,1826.3999999999999 ms
293,1848.3500000000001 ms
293,1857.95 ms
293,1864.3500000000001 ms
293,1866.8999999999999 ms
293,1872.95 ms
293,1893.45 ms
293,1905.3 ms
293,1918.5999999999997 ms
293,1923.3999999999999 ms
293,1929.8500000000001 ms
293,1966.3499999999997 ms
293,1967.7499999999998 ms
293,1988.0999999999997 ms
293,2017.8500000000001 ms
293,2021.1499999999999 ms
293,2029.4499999999996 ms
293,2051.1499999999996 ms
293,2060.45 ms
293,2060.6499999999996 ms
293,2067.8499999999995 ms
293,2076.2 ms
293,2083.249999999999 ms
293,2101.6499999999996 ms
293,2105.0999999999995 ms
293,2111.7999999999993 ms
293,2151.949999999999 ms
293,2163.3999999999996 ms
293,2171.249999999999 ms
293,2186.3499999999995 ms
293,2202.0499999999984 ms
293,2219.699999999999 ms
293,2225.5999999999985 ms
293,2240.5499999999993 ms
293,2276.0999999999985 ms
293,2280.0499999999993 ms
293,2291.3999999999987 ms
293,2298.7999999999984 ms
293,2307.949999999999 ms
293,2324.749999999999 ms
293,2326.7999999999993 ms
293,2331.7999999999993 ms
293,2346.8999999999996 ms
293,2353.249999999999 ms
293,2370.5499999999993 ms
293,2382.699999999999 ms
293,2386.8999999999996 ms
293,2395.5999999999985 ms
293,2401.8999999999996 ms
293,2404.2999999999993 ms
293,2405.249999999999 ms
293,2420.5999999999995 ms
293,2424.5999999999995 ms
293,2433.999999999999 ms
293,2445.0999999999995 ms
293,2494.499999999999 ms
293,2494.749999999999 ms
293,2501.3999999999987 ms
293,2511.8499999999995 ms
293,2529.249999999999 ms
293,2530.0499999999993 ms
293,2534.3499999999995 ms
293,2536.3999999999996 ms
293,2562.7 ms
293,2564.0 ms
293,2577.95 ms
293,2590.5999999999995 ms
293,2598.3499999999995 ms
293,2601.05 ms
293,2606.8 ms
293,2614.3 ms
293,2615.8 ms
293,2625.499999999999 ms
293,2629.3999999999996 ms
293,2641.3499999999995 ms
293,2647.999999999999 ms
293,2656.3 ms
293,2672.999999999999 ms
293,2684.1499999999996 ms
293,2697.8999999999996 ms
293,2700.0499999999993 ms
293,2704.2999999999993 ms
293,2718.45 ms
293,2726.8499999999995 ms
293,2727.0999999999995 ms
293,2739.95 ms
293,2743.6499999999996 ms
293,2754.0 ms
293,2765.0999999999995 ms
293,2765.2999999999993 ms
293,2767.8499999999995 ms
293,2816.6499999999996 ms
293,2818.3999999999996 ms
293,2838.0499999999993 ms
293,2846.7999999999993 ms
293,2855.3999999999996 ms
293,2856.3499999999995 ms
293,2877.0999999999995 ms
293,2891.3999999999996 ms
293,2895.5 ms
293,2901.949999999999 ms
293,2909.199999999999 ms
293,2924.2999999999993 ms
293,2927.8499999999995 ms
293,2932.5499999999993 ms
293,2954.0499999999993 ms
293,2957.1499999999996 ms
293,2969.249999999999 ms
293,2989.749999999999 ms
293,3007.449999999999 ms
293,3019.5499999999993 ms
293,3028.949999999999 ms
293,3040.3999999999987 ms
293,3047.449999999999 ms
293,3060.0499999999993 ms
293,3106.249999999998 ms
293,3113.7999999999993 ms
293,3142.999999999998 ms
293,3143.949999999999 ms
293,3144.749999999998 ms
293,3145.999999999998 ms
293,3151.949999999999 ms
293,3169.249999999998 ms
293,3181.499999999998 ms
293,3260.0499999999993 ms
293,3307.3499999999985 ms
293,3319.5499999999993 ms
293,3322.8999999999987 ms
293,3337.6499999999987 ms
293,3372.199999999999 ms
293,3372.7999999999993 ms
293,3374.249999999998 ms
293,3380.0999999999985 ms
293,3382.8499999999985 ms
293,3388.5499999999984 ms
293,3412.0999999999985 ms
293,3418.749999999998 ms
293,3419.749999999998 ms
293,3423.5499999999993 ms
293,3451.749999999998 ms
293,3462.3999999999987 ms
293,3466.8999999999987 ms
293,3469.499999999999 ms
293,3477.5499999999984 ms
293,3504.5999999999995 ms
293,3509.699999999999 ms
293,3514.8499999999985 ms
293,3515.5999999999985 ms
293,3537.999999999999 ms
293,3551.999999999999 ms
293,3557.449999999999 ms
293,3564.0999999999985 ms
293,3566.7999999999993 ms
293,3575.449999999999 ms
293,3576.999999999999 ms
293,3588.999999999999 ms
293,3594.999999999999 ms
293,3595.5999999999995 ms
293,3615.999999999999 ms
293,3622.8499999999995 ms
293,3630.999999999999 ms
293,3639.8499999999995 ms
293,3656.0999999999995 ms
293,3658.5999999999995 ms
293,3662.199999999999 ms
293,3662.499999999999 ms
293,3701.999999999999 ms
293,3702.249999999999 ms
293,3708.5499999999993 ms
293,3732.8499999999995 ms
293,3743.2 ms
293,3748.0999999999995 ms
293,3756.5999999999995 ms
293,3776.7999999999993 ms
293,3778.8999999999996 ms
293,3790.8499999999985 ms
293,3795.8999999999996 ms
293,3796.1499999999996 ms
293,3811.3499999999985 ms
293,3824.8499999999985 ms
293,3825.749999999999 ms
293,3844.5499999999993 ms
293,3845.3499999999995 ms
293,3913.3999999999996 ms
293,3920.0499999999993 ms
293,3956.3999999999996 ms
293,3965.3999999999996 ms
293,3969.2 ms
293,3972.8 ms
293,3973.1499999999996 ms
293,3985.5 ms
293,3988.949999999999 ms
294,20.25 ms
294,38.3 ms
294,44.5 ms
294,46.45 ms
294,74.65 ms
294,79.20000000000002 ms
294,108.0 ms
294,118.75 ms
294,121.05000000000001 ms
294,123.5 ms
294,127.0 ms
294,164.45 ms
294,180.3 ms
294,197.89999999999998 ms
294,223.25 ms
294,231.54999999999995 ms
294,241.0 ms
294,245.5 ms
294,248.29999999999995 ms
294,258.95 ms
294,293.55 ms
294,302.8500000000001 ms
294,305.05 ms
294,315.05 ms
294,326.99999999999994 ms
294,335.84999999999997 ms
294,347.8500000000001 ms
294,349.84999999999997 ms
294,362.24999999999994 ms
294,377.05 ms
294,377.7 ms
294,417.34999999999997 ms
294,427.05 ms
294,441.45 ms
294,473.95 ms
294,477.34999999999997 ms
294,477.95 ms
294,493.25000000000006 ms
294,515.75 ms
294,532.4000000000001 ms
294,540.1999999999998 ms
294,545.5 ms
294,548.6999999999998 ms
294,555.1999999999998 ms
294,560.9000000000001 ms
294,571.8 ms
294,619.7 ms
294,642.0999999999999 ms
294,658.6999999999998 ms
294,684.8 ms
294,689.1499999999999 ms
294,694.3999999999999 ms
294,721.3 ms
294,729.5 ms
294,790.0 ms
294,794.8 ms
294,796.8499999999999 ms
294,815.0999999999999 ms
294,818.3 ms
294,818.8 ms
294,820.8 ms
294,834.05 ms
294,840.2 ms
294,853.7499999999998 ms
294,861.9999999999998 ms
294,863.9999999999998 ms
294,868.5999999999999 ms
294,870.0 ms
294,901.8499999999999 ms
294,908.3999999999999 ms
294,929.05 ms
294,967.8499999999997 ms
294,1034.1999999999998 ms
294,1047.75 ms
294,1118.0 ms
294,1124.75 ms
294,1133.5999999999995 ms
294,1142.8999999999996 ms
294,1200.6999999999998 ms
294,1202.2499999999995 ms
294,1224.6499999999996 ms
294,1225.0999999999995 ms
294,1227.5499999999997 ms
294,1231.4499999999998 ms
294,1233.6999999999998 ms
294,1237.2999999999997 ms
294,1241.9499999999998 ms
294,1247.0 ms
294,1253.9499999999998 ms
294,1258.75 ms
294,1276.8999999999996 ms
294,1295.75 ms
294,1317.8499999999995 ms
294,1337.2999999999997 ms
294,1347.7999999999997 ms
294,1351.1499999999996 ms
294,1372.7499999999995 ms
294,1395.6499999999996 ms
294,1419.6999999999998 ms
294,1449.1999999999998 ms
294,1454.5999999999995 ms
294,1457.6499999999996 ms
294,1470.2499999999995 ms
294,1481.7999999999997 ms
294,1487.2999999999997 ms
294,1498.9999999999995 ms
294,1509.9499999999994 ms
294,1518.35 ms
294,1525.1499999999996 ms
294,1529.0999999999995 ms
294,1530.0999999999995 ms
294,1551.5499999999997 ms
294,1564.7499999999995 ms
294,1568.4499999999998 ms
294,1570.3999999999996 ms
294,1588.0 ms
294,1600.5 ms
294,1603.9499999999998 ms
294,1610.6999999999998 ms
294,1617.75 ms
294,1629.3999999999996 ms
294,1651.4499999999998 ms
294,1664.3999999999996 ms
294,1673.9499999999998 ms
294,1678.6999999999998 ms
294,1728.9499999999998 ms
294,1739.6 ms
294,1756.25 ms
294,1760.75 ms
294,1786.65 ms
294,1802.9500000000003 ms
294,1803.4 ms
294,1815.1 ms
294,1821.7500000000005 ms
294,1826.15 ms
294,1856.5000000000005 ms
294,1860.3000000000002 ms
294,1878.8000000000002 ms
294,1880.4500000000003 ms
294,1891.15 ms
294,1928.5500000000006 ms
294,1930.1000000000004 ms
294,1944.7500000000005 ms
294,1967.6500000000005 ms
294,1980.4000000000005 ms
294,1995.1000000000004 ms
294,1995.3000000000006 ms
294,2012.0500000000006 ms
294,2013.0500000000006 ms
294,2017.8000000000006 ms
294,2022.4500000000007 ms
294,2026.5500000000006 ms
294,2030.8000000000006 ms
294,2041.0500000000006 ms
294,2041.6000000000008 ms
294,2043.0500000000006 ms
294,2055.700000000001 ms
294,2070.0000000000014 ms
294,2078.950000000001 ms
294,2089.9500000000003 ms
294,2091.850000000001 ms
294,2097.2500000000014 ms
294,2097.5500000000015 ms
294,2100.400000000001 ms
294,2103.150000000001 ms
294,2120.950000000001 ms
294,2126.150000000001 ms
294,2130.3000000000015 ms
294,2148.650000000001 ms
294,2166.200000000001 ms
294,2258.5000000000014 ms
294,2269.400000000002 ms
294,2293.5500000000015 ms
294,2326.450000000002 ms
294,2331.7500000000023 ms
294,2334.5000000000014 ms
294,2364.8000000000015 ms
294,2382.700000000002 ms
294,2389.400000000002 ms
294,2393.0500000000025 ms
294,2423.7500000000023 ms
294,2445.5000000000014 ms
294,2457.900000000002 ms
294,2473.5000000000014 ms
294,2485.0500000000015 ms
294,2524.8000000000025 ms
294,2527.7500000000023 ms
294,2531.200000000002 ms
294,2554.8000000000015 ms
294,2568.6000000000017 ms
294,2575.900000000002 ms
294,2581.1000000000017 ms
294,2592.900000000002 ms
294,2599.0000000000014 ms
294,2609.8000000000015 ms
294,2609.950000000002 ms
294,2614.700000000002 ms
294,2618.700000000002 ms
294,2624.2500000000023 ms
294,2628.150000000003 ms
294,2633.5000000000023 ms
294,2634.1000000000017 ms
294,2651.5000000000023 ms
294,2653.150000000003 ms
294,2657.1000000000026 ms
294,2659.3000000000025 ms
294,2684.3500000000026 ms
294,2706.200000000002 ms
294,2707.8000000000015 ms
294,2723.900000000002 ms
294,2725.700000000002 ms
294,2740.3000000000015 ms
294,2742.700000000002 ms
294,2756.3500000000026 ms
294,2767.0000000000023 ms
294,2772.150000000003 ms
294,2778.2500000000023 ms
294,2787.1000000000017 ms
294,2797.3500000000026 ms
294,2806.7500000000023 ms
294,2811.1000000000017 ms
294,2814.950000000002 ms
294,2820.3000000000015 ms
294,2824.3000000000025 ms
294,2833.200000000002 ms
294,2851.3500000000026 ms
294,2870.8500000000017 ms
294,2878.400000000002 ms
294,2907.6000000000017 ms
294,2960.3000000000015 ms
294,2961.900000000002 ms
294,2965.700000000002 ms
294,2985.700000000002 ms
294,3003.650000000002 ms
294,3026.150000000002 ms
294,3026.2500000000014 ms
294,3032.8000000000015 ms
294,3035.900000000002 ms
294,3043.1000000000017 ms
294,3056.400000000002 ms
294,3056.700000000002 ms
294,3057.0500000000015 ms
294,3071.2500000000014 ms
294,3079.7500000000023 ms
294,3098.8000000000025 ms
294,3127.1000000000026 ms
294,3128.150000000003 ms
294,3130.6000000000026 ms
294,3134.900000000003 ms
294,3135.6000000000026 ms
294,3154.900000000003 ms
294,3155.400000000002 ms
294,3158.0500000000025 ms
294,3167.200000000003 ms
294,3207.950000000002 ms
294,3234.7500000000023 ms
294,3244.450000000002 ms
294,3249.150000000002 ms
294,3309.200000000002 ms
294,3323.150000000002 ms
294,3329.1000000000017 ms
294,3335.0000000000023 ms
294,3348.700000000002 ms
294,3355.450000000002 ms
294,3356.6000000000026 ms
294,3356.950000000002 ms
294,3362.0500000000015 ms
294,3372.3000000000025 ms
294,3379.200000000002 ms
294,3386.150000000002 ms
294,3404.200000000002 ms
294,3409.150000000002 ms
294,3446.150000000002 ms
294,3459.8500000000017 ms
294,3473.5000000000023 ms
294,3489.0500000000025 ms
294,3497.5000000000023 ms
294,3511.8500000000017 ms
294,3512.7500000000023 ms
294,3515.3000000000025 ms
294,3523.0000000000023 ms
294,3532.150000000002 ms
294,3571.0000000000014 ms
294,3621.150000000002 ms
294,3628.0500000000025 ms
294,3651.1000000000026 ms
294,3665.450000000002 ms
294,3712.0500000000015 ms
294,3724.5500000000025 ms
294,3754.8500000000026 ms
294,3779.0500000000025 ms
294,3781.8000000000015 ms
294,3791.2500000000014 ms
294,3820.150000000002 ms
294,3825.3000000000025 ms
294,3827.0000000000023 ms
294,3832.7500000000014 ms
294,3865.450000000001 ms
294,3896.0500000000015 ms
294,3904.650000000001 ms
294,3925.8000000000015 ms
294,3973.6000000000017 ms
294,3986.3500000000017 ms
294,3986.950000000001 ms
294,3998.900000000001 ms
295,22.5 ms
295,24.1 ms
295,24.35 ms
295,32.0 ms
295,42.25 ms
295,45.2 ms
295,50.35000000000001 ms
295,65.7 ms
295,84.95 ms
295,92.7 ms
295,115.24999999999999 ms
295,127.14999999999999 ms
295,136.05 ms
295,152.7 ms
295,159.7 ms
295,162.35000000000002 ms
295,166.90000000000003 ms
295,167.05 ms
295,173.25000000000006 ms
295,183.75000000000006 ms
295,201.25000000000006 ms
295,235.60000000000002 ms
295,235.90000000000003 ms
295,270.6 ms
295,321.95000000000005 ms
295,328.30000000000007 ms
295,328.95000000000005 ms
295,332.30000000000007 ms
295,332.6500000000001 ms
295,337.4000000000001 ms
295,344.1500000000001 ms
295,352.7500000000001 ms
295,406.1500000000001 ms
295,411.85000000000014 ms
295,460.70000000000005 ms
295,470.0500000000002 ms
295,473.3000000000002 ms
295,483.7500000000001 ms
295,502.0000000000001 ms
295,518.2000000000002 ms
295,527.7500000000001 ms
295,556.0000000000001 ms
295,563.7500000000001 ms
295,564.3500000000003 ms
295,599.2000000000002 ms
295,603.6 ms
295,605.0500000000001 ms
295,608.2000000000002 ms
295,612.9000000000002 ms
295,615.0500000000001 ms
295,616.2500000000001 ms
295,621.7500000000003 ms
295,624.7500000000001 ms
295,629.4000000000002 ms
295,662.7000000000002 ms
295,714.35 ms
295,716.8500000000003 ms
295,744.8000000000003 ms
295,754.1500000000002 ms
295,781.2500000000003 ms
295,784.5000000000001 ms
295,786.3500000000003 ms
295,803.5500000000003 ms
295,823.3000000000003 ms
295,862.7500000000003 ms
295,884.8500000000005 ms
295,888.2000000000004 ms
295,918.9500000000004 ms
295,928.0000000000003 ms
295,936.1000000000005 ms
295,965.0500000000005 ms
295,967.0000000000006 ms
295,978.1500000000004 ms
295,979.9500000000004 ms
295,988.1000000000003 ms
295,999.5500000000003 ms
295,1003.2000000000004 ms
295,1012.8500000000003 ms
295,1024.65 ms
295,1048.4500000000003 ms
295,1050.5000000000005 ms
295,1051.65 ms
295,1057.7000000000003 ms
295,1057.8500000000004 ms
295,1066.7500000000005 ms
295,1089.5000000000005 ms
295,1095.7000000000003 ms
295,1110.9000000000005 ms
295,1113.2000000000007 ms
295,1116.3500000000004 ms
295,1165.8500000000004 ms
295,1181.500000000001 ms
295,1193.3500000000004 ms
295,1197.500000000001 ms
295,1198.9500000000007 ms
295,1203.500000000001 ms
295,1249.7000000000007 ms
295,1254.8000000000006 ms
295,1264.5500000000006 ms
295,1275.1000000000008 ms
295,1276.5500000000006 ms
295,1281.3500000000008 ms
295,1284.4000000000005 ms
295,1306.3500000000004 ms
295,1318.000000000001 ms
295,1357.9000000000005 ms
295,1370.800000000001 ms
295,1379.4500000000007 ms
295,1385.6000000000013 ms
295,1396.900000000001 ms
295,1412.250000000001 ms
295,1412.500000000001 ms
295,1432.550000000001 ms
295,1439.1000000000008 ms
295,1445.6000000000008 ms
295,1475.150000000001 ms
295,1488.7500000000005 ms
295,1489.150000000001 ms
295,1492.4500000000007 ms
295,1498.3000000000006 ms
295,1507.4500000000007 ms
295,1525.500000000001 ms
295,1532.9000000000005 ms
295,1561.4500000000007 ms
295,1563.7000000000007 ms
295,1567.9500000000007 ms
295,1589.8000000000006 ms
295,1605.3500000000008 ms
295,1605.5000000000005 ms
295,1614.3000000000006 ms
295,1628.0500000000006 ms
295,1635.7000000000007 ms
295,1639.8000000000006 ms
295,1642.7500000000005 ms
295,1656.400000000001 ms
295,1664.2500000000005 ms
295,1691.0500000000006 ms
295,1698.6500000000005 ms
295,1713.8500000000004 ms
295,1766.000000000001 ms
295,1776.750000000001 ms
295,1779.9500000000007 ms
295,1784.8000000000006 ms
295,1821.7000000000007 ms
295,1831.9500000000007 ms
295,1833.7000000000007 ms
295,1854.4500000000007 ms
295,1864.4500000000007 ms
295,1880.250000000001 ms
295,1882.4500000000007 ms
295,1898.2000000000007 ms
295,1904.4500000000007 ms
295,1920.9000000000005 ms
295,1941.550000000001 ms
295,1962.4500000000007 ms
295,1970.900000000001 ms
295,2009.400000000001 ms
295,2010.900000000001 ms
295,2027.900000000001 ms
295,2064.750000000001 ms
295,2072.9000000000005 ms
295,2086.6500000000005 ms
295,2089.6000000000013 ms
295,2093.1500000000005 ms
295,2102.8500000000013 ms
295,2108.8 ms
295,2150.500000000001 ms
295,2178.4000000000005 ms
295,2182.3 ms
295,2200.9500000000007 ms
295,2201.500000000001 ms
295,2221.550000000001 ms
295,2236.9000000000015 ms
295,2237.8500000000004 ms
295,2237.9500000000007 ms
295,2244.7000000000007 ms
295,2254.7000000000007 ms
295,2258.000000000001 ms
295,2270.800000000001 ms
295,2274.550000000001 ms
295,2277.9000000000015 ms
295,2285.9500000000007 ms
295,2306.6500000000015 ms
295,2309.050000000001 ms
295,2312.4500000000007 ms
295,2324.9500000000007 ms
295,2336.050000000001 ms
295,2336.6500000000015 ms
295,2341.500000000001 ms
295,2413.750000000001 ms
295,2418.750000000001 ms
295,2430.500000000001 ms
295,2433.4500000000007 ms
295,2443.9000000000005 ms
295,2455.750000000001 ms
295,2463.3500000000004 ms
295,2471.75 ms
295,2487.6500000000005 ms
295,2492.8 ms
295,2498.6500000000005 ms
295,2516.2000000000007 ms
295,2540.8500000000004 ms
295,2575.1500000000015 ms
295,2584.1500000000015 ms
295,2595.1000000000004 ms
295,2636.8500000000004 ms
295,2652.1500000000015 ms
295,2668.000000000001 ms
295,2705.550000000001 ms
295,2733.550000000001 ms
295,2734.1500000000015 ms
295,2738.2000000000007 ms
295,2746.3500000000013 ms
295,2780.3500000000013 ms
295,2812.250000000001 ms
295,2836.4000000000015 ms
295,2867.7000000000016 ms
295,2868.4000000000015 ms
295,2878.9500000000016 ms
295,2886.750000000002 ms
295,2890.7000000000016 ms
295,2896.050000000002 ms
295,2904.2000000000016 ms
295,2919.300000000002 ms
295,2973.8500000000013 ms
295,3011.750000000002 ms
295,3018.9000000000015 ms
295,3022.9500000000025 ms
295,3023.250000000002 ms
295,3030.000000000002 ms
295,3034.4500000000025 ms
295,3041.4500000000025 ms
295,3058.4000000000015 ms
295,3081.9000000000015 ms
295,3095.9500000000025 ms
295,3106.7000000000025 ms
295,3119.100000000002 ms
295,3119.850000000002 ms
295,3120.500000000002 ms
295,3122.350000000002 ms
295,3126.050000000002 ms
295,3135.800000000002 ms
295,3157.9500000000016 ms
295,3166.7500000000027 ms
295,3167.9000000000024 ms
295,3169.850000000002 ms
295,3172.000000000002 ms
295,3196.500000000002 ms
295,3203.750000000002 ms
295,3224.7000000000025 ms
295,3225.550000000002 ms
295,3249.6500000000024 ms
295,3257.800000000002 ms
295,3269.1500000000024 ms
295,3270.750000000002 ms
295,3273.9500000000016 ms
295,3276.4000000000015 ms
295,3281.750000000002 ms
295,3297.6000000000013 ms
295,3308.000000000001 ms
295,3310.6000000000013 ms
295,3323.3500000000013 ms
295,3325.500000000001 ms
295,3346.300000000002 ms
295,3390.4000000000015 ms
295,3402.8500000000013 ms
295,3413.250000000001 ms
295,3434.1000000000013 ms
295,3438.500000000001 ms
295,3441.050000000002 ms
295,3496.1000000000013 ms
295,3496.8500000000013 ms
295,3513.6500000000024 ms
295,3531.6000000000013 ms
295,3548.4500000000016 ms
295,3556.7000000000016 ms
295,3568.6000000000013 ms
295,3611.7000000000016 ms
295,3613.250000000002 ms
295,3635.300000000002 ms
295,3645.9500000000016 ms
295,3646.850000000002 ms
295,3657.7000000000025 ms
295,3659.4000000000015 ms
295,3664.850000000002 ms
295,3680.7000000000016 ms
295,3683.7000000000016 ms
295,3685.9000000000015 ms
295,3705.8500000000013 ms
295,3714.1000000000013 ms
295,3717.1000000000013 ms
295,3728.9500000000016 ms
295,3767.800000000001 ms
295,3775.3500000000013 ms
295,3783.7000000000016 ms
295,3784.050000000001 ms
295,3815.300000000001 ms
295,3841.050000000001 ms
295,3842.6000000000013 ms
295,3843.6000000000013 ms
295,3848.300000000001 ms
295,3855.550000000001 ms
295,3868.3500000000013 ms
295,3877.6500000000015 ms
295,3877.800000000001 ms
295,3896.850000000002 ms
295,3904.350000000002 ms
295,3906.500000000002 ms
295,3958.1500000000015 ms
295,3979.500000000002 ms
295,3983.4500000000016 ms
295,3989.300000000002 ms
296,11.200000000000001 ms
296,33.2 ms
296,38.75 ms
296,59.7 ms
296,73.35000000000001 ms
296,84.2 ms
296,97.25000000000001 ms
296,97.95000000000003 ms
296,100.05000000000003 ms
296,101.95000000000003 ms
296,114.95 ms
296,115.85000000000001 ms
296,127.80000000000003 ms
296,128.00000000000006 ms
296,135.55 ms
296,154.10000000000008 ms
296,159.10000000000008 ms
296,202.45000000000005 ms
296,208.65000000000003 ms
296,208.90000000000003 ms
296,210.3 ms
296,214.00000000000006 ms
296,218.15000000000003 ms
296,241.3 ms
296,250.75000000000006 ms
296,253.50000000000006 ms
296,257.6 ms
296,258.35 ms
296,260.9 ms
296,283.55000000000007 ms
296,300.0 ms
296,302.75 ms
296,311.29999999999995 ms
296,319.5 ms
296,337.4 ms
296,337.94999999999993 ms
296,370.9 ms
296,433.25 ms
296,435.04999999999995 ms
296,447.79999999999995 ms
296,454.1 ms
296,470.75 ms
296,479.6 ms
296,488.25 ms
296,509.6 ms
296,512.0500000000001 ms
296,525.9499999999999 ms
296,533.9500000000002 ms
296,562.9499999999999 ms
296,571.65 ms
296,590.4499999999999 ms
296,615.2000000000002 ms
296,634.8000000000001 ms
296,638.4499999999999 ms
296,654.5500000000001 ms
296,656.8000000000001 ms
296,659.4000000000002 ms
296,665.2500000000001 ms
296,698.5500000000001 ms
296,706.7500000000001 ms
296,724.3500000000003 ms
296,727.5000000000001 ms
296,734.6000000000003 ms
296,751.2500000000001 ms
296,757.6000000000003 ms
296,762.0000000000001 ms
296,769.9500000000002 ms
296,798.0000000000001 ms
296,821.1000000000003 ms
296,822.6 ms
296,823.5000000000001 ms
296,825.8000000000001 ms
296,835.9499999999999 ms
296,836.9 ms
296,841.85 ms
296,845.8500000000003 ms
296,867.5000000000001 ms
296,871.7500000000001 ms
296,875.65 ms
296,881.85 ms
296,884.2000000000002 ms
296,895.5500000000003 ms
296,900.4000000000002 ms
296,924.3500000000003 ms
296,934.7000000000004 ms
296,941.6500000000004 ms
296,949.6500000000002 ms
296,953.7000000000002 ms
296,968.1000000000003 ms
296,971.3500000000003 ms
296,1026.3000000000002 ms
296,1030.75 ms
296,1045.5 ms
296,1056.25 ms
296,1070.7000000000003 ms
296,1111.5000000000005 ms
296,1119.0000000000005 ms
296,1142.7000000000003 ms
296,1143.4500000000003 ms
296,1162.9500000000003 ms
296,1170.15 ms
296,1183.2500000000005 ms
296,1184.35 ms
296,1197.9500000000003 ms
296,1214.65 ms
296,1216.65 ms
296,1229.0 ms
296,1248.25 ms
296,1249.75 ms
296,1303.0 ms
296,1319.65 ms
296,1331.4500000000003 ms
296,1338.35 ms
296,1339.15 ms
296,1340.4 ms
296,1346.65 ms
296,1363.9500000000003 ms
296,1377.7999999999997 ms
296,1392.2999999999997 ms
296,1405.85 ms
296,1414.4 ms
296,1415.85 ms
296,1419.0499999999997 ms
296,1424.2000000000003 ms
296,1430.15 ms
296,1439.7000000000003 ms
296,1445.0499999999997 ms
296,1466.65 ms
296,1467.15 ms
296,1477.15 ms
296,1481.1999999999998 ms
296,1500.7999999999997 ms
296,1506.2999999999997 ms
296,1525.9499999999998 ms
296,1540.4499999999998 ms
296,1547.5499999999997 ms
296,1549.6 ms
296,1564.6 ms
296,1585.3999999999996 ms
296,1609.0499999999997 ms
296,1636.4499999999998 ms
296,1649.5 ms
296,1652.5 ms
296,1657.75 ms
296,1669.5999999999995 ms
296,1686.8499999999995 ms
296,1728.3499999999995 ms
296,1742.5999999999995 ms
296,1789.3499999999995 ms
296,1803.3499999999995 ms
296,1823.2999999999997 ms
296,1829.1 ms
296,1832.5499999999997 ms
296,1837.2499999999995 ms
296,1841.9 ms
296,1863.4499999999998 ms
296,1863.6 ms
296,1864.25 ms
296,1885.1 ms
296,1886.2999999999997 ms
296,1904.4 ms
296,1914.2499999999995 ms
296,1925.9 ms
296,1933.85 ms
296,1937.9499999999998 ms
296,1958.6 ms
296,1963.75 ms
296,1970.1 ms
296,1985.9 ms
296,1986.85 ms
296,1991.0 ms
296,2010.35 ms
296,2016.15 ms
296,2023.5499999999997 ms
296,2024.6 ms
296,2029.9 ms
296,2032.65 ms
296,2081.1 ms
296,2083.6 ms
296,2085.1 ms
296,2087.2500000000005 ms
296,2103.7499999999995 ms
296,2120.2999999999997 ms
296,2126.4999999999995 ms
296,2150.7999999999997 ms
296,2179.5500000000006 ms
296,2186.5000000000005 ms
296,2221.4999999999995 ms
296,2237.0000000000005 ms
296,2276.3000000000006 ms
296,2283.15 ms
296,2288.4999999999995 ms
296,2303.2999999999997 ms
296,2305.2000000000003 ms
296,2347.5000000000005 ms
296,2380.85 ms
296,2388.15 ms
296,2389.7500000000005 ms
296,2395.150000000001 ms
296,2402.15 ms
296,2418.150000000001 ms
296,2420.65 ms
296,2424.150000000001 ms
296,2443.700000000001 ms
296,2451.400000000001 ms
296,2458.0500000000006 ms
296,2476.700000000001 ms
296,2497.7000000000003 ms
296,2515.15 ms
296,2532.150000000001 ms
296,2541.2500000000005 ms
296,2553.400000000001 ms
296,2579.0500000000006 ms
296,2589.0000000000005 ms
296,2601.9500000000003 ms
296,2632.0000000000005 ms
296,2646.35 ms
296,2648.100000000001 ms
296,2653.1 ms
296,2656.15 ms
296,2681.7000000000003 ms
296,2695.0500000000006 ms
296,2706.4 ms
296,2707.35 ms
296,2753.65 ms
296,2754.900000000001 ms
296,2782.5500000000006 ms
296,2787.5000000000005 ms
296,2800.4500000000003 ms
296,2808.9500000000003 ms
296,2809.2999999999997 ms
296,2817.4999999999995 ms
296,2824.1 ms
296,2834.7999999999997 ms
296,2846.399999999999 ms
296,2847.15 ms
296,2865.2000000000003 ms
296,2868.2500000000005 ms
296,2876.3000000000006 ms
296,2877.350000000001 ms
296,2935.4500000000003 ms
296,2951.0000000000005 ms
296,3006.5500000000006 ms
296,3070.350000000001 ms
296,3078.0500000000006 ms
296,3089.7500000000005 ms
296,3101.400000000001 ms
296,3108.700000000001 ms
296,3114.8000000000006 ms
296,3129.3000000000006 ms
296,3134.9 ms
296,3138.4500000000003 ms
296,3150.450000000001 ms
296,3154.900000000001 ms
296,3162.5500000000006 ms
296,3182.2500000000005 ms
296,3195.900000000001 ms
296,3211.5500000000006 ms
296,3211.950000000001 ms
296,3217.650000000001 ms
296,3219.700000000001 ms
296,3219.9500000000003 ms
296,3239.5000000000005 ms
296,3255.650000000001 ms
296,3258.350000000001 ms
296,3262.9500000000003 ms
296,3284.0000000000005 ms
296,3293.5000000000014 ms
296,3357.8000000000015 ms
296,3380.8500000000017 ms
296,3392.900000000002 ms
296,3415.650000000001 ms
296,3418.2500000000014 ms
296,3432.0500000000015 ms
296,3439.650000000001 ms
296,3455.100000000001 ms
296,3479.2500000000014 ms
296,3485.5500000000015 ms
296,3504.150000000001 ms
296,3507.0500000000015 ms
296,3509.150000000001 ms
296,3515.8000000000015 ms
296,3529.6000000000017 ms
296,3530.3000000000015 ms
296,3537.5500000000015 ms
296,3553.400000000001 ms
296,3579.400000000002 ms
296,3580.950000000002 ms
296,3583.6000000000017 ms
296,3591.3000000000015 ms
296,3610.1000000000017 ms
296,3641.5000000000023 ms
296,3651.7500000000014 ms
296,3660.2500000000023 ms
296,3666.7500000000014 ms
296,3676.5500000000015 ms
296,3680.5500000000025 ms
296,3683.1000000000026 ms
296,3687.5500000000025 ms
296,3693.150000000002 ms
296,3695.400000000002 ms
296,3706.150000000002 ms
296,3728.150000000002 ms
296,3741.1000000000017 ms
296,3745.3500000000017 ms
296,3748.5000000000023 ms
296,3751.1000000000017 ms
296,3754.900000000002 ms
296,3760.1000000000017 ms
296,3762.0500000000015 ms
296,3765.1000000000017 ms
296,3786.5000000000023 ms
296,3794.5000000000014 ms
296,3795.6000000000017 ms
296,3803.3000000000015 ms
296,3806.200000000002 ms
296,3833.700000000001 ms
296,3863.0500000000015 ms
296,3891.2500000000014 ms
296,3928.650000000002 ms
296,3943.6000000000017 ms
296,3946.350000000001 ms
296,3950.150000000001 ms
296,3967.8000000000015 ms
296,3982.7500000000014 ms
297,24.0 ms
297,37.7 ms
297,41.3 ms
297,59.900000000000006 ms
297,75.95000000000002 ms
297,81.85 ms
297,82.00000000000003 ms
297,92.55000000000001 ms
297,98.15 ms
297,103.6 ms
297,109.95000000000002 ms
297,112.25 ms
297,133.65 ms
297,143.85 ms
297,165.1 ms
297,171.35 ms
297,177.9 ms
297,202.9 ms
297,207.15 ms
297,210.6 ms
297,211.50000000000003 ms
297,220.35 ms
297,233.6 ms
297,255.50000000000003 ms
297,272.35 ms
297,289.75 ms
297,298.5 ms
297,309.20000000000005 ms
297,329.9 ms
297,337.54999999999995 ms
297,377.65 ms
297,383.4 ms
297,418.1 ms
297,429.9 ms
297,436.0 ms
297,451.29999999999995 ms
297,472.95000000000005 ms
297,495.0999999999999 ms
297,496.70000000000005 ms
297,501.25 ms
297,518.85 ms
297,527.2499999999999 ms
297,532.5000000000001 ms
297,542.35 ms
297,556.3000000000001 ms
297,563.1999999999999 ms
297,579.35 ms
297,593.3000000000001 ms
297,605.2500000000001 ms
297,617.2500000000001 ms
297,620.6000000000003 ms
297,621.4500000000002 ms
297,628.4000000000002 ms
297,651.8000000000001 ms
297,655.6 ms
297,659.4500000000002 ms
297,682.7500000000001 ms
297,689.7000000000002 ms
297,729.9000000000002 ms
297,730.1000000000003 ms
297,764.2000000000004 ms
297,787.4500000000002 ms
297,790.7500000000001 ms
297,829.8500000000003 ms
297,857.7500000000001 ms
297,866.5500000000001 ms
297,879.4500000000002 ms
297,881.3000000000003 ms
297,904.0500000000001 ms
297,916.9000000000002 ms
297,920.5500000000001 ms
297,924.5500000000003 ms
297,926.5500000000001 ms
297,928.2500000000001 ms
297,948.5500000000001 ms
297,949.6 ms
297,950.2500000000001 ms
297,958.6000000000003 ms
297,969.8000000000003 ms
297,970.7000000000002 ms
297,989.6 ms
297,993.1000000000003 ms
297,1012.6500000000002 ms
297,1014.4 ms
297,1031.25 ms
297,1031.4499999999998 ms
297,1042.0500000000002 ms
297,1048.8999999999996 ms
297,1070.3000000000002 ms
297,1084.0 ms
297,1084.4 ms
297,1109.0 ms
297,1122.35 ms
297,1141.9499999999998 ms
297,1156.6999999999998 ms
297,1180.6 ms
297,1186.7999999999997 ms
297,1208.7999999999997 ms
297,1211.6 ms
297,1218.35 ms
297,1221.4499999999998 ms
297,1238.3999999999996 ms
297,1259.1999999999998 ms
297,1316.85 ms
297,1329.6999999999998 ms
297,1331.6 ms
297,1333.65 ms
297,1344.1999999999998 ms
297,1356.5499999999997 ms
297,1357.1499999999996 ms
297,1365.1999999999998 ms
297,1376.5499999999993 ms
297,1414.4999999999995 ms
297,1422.6999999999994 ms
297,1432.4999999999995 ms
297,1447.9999999999995 ms
297,1463.8999999999996 ms
297,1466.1499999999996 ms
297,1487.1499999999996 ms
297,1503.5499999999997 ms
297,1505.8999999999996 ms
297,1506.8999999999996 ms
297,1524.1499999999996 ms
297,1556.6499999999996 ms
297,1565.3499999999995 ms
297,1596.0 ms
297,1597.2999999999997 ms
297,1615.1 ms
297,1618.6 ms
297,1626.6499999999996 ms
297,1628.4999999999995 ms
297,1637.8499999999995 ms
297,1642.7499999999995 ms
297,1644.6499999999996 ms
297,1657.0999999999995 ms
297,1677.6999999999998 ms
297,1680.9999999999995 ms
297,1692.3499999999995 ms
297,1697.4499999999994 ms
297,1718.0999999999995 ms
297,1718.1999999999994 ms
297,1723.6999999999994 ms
297,1727.9499999999994 ms
297,1851.0499999999993 ms
297,1851.5999999999995 ms
297,1853.699999999999 ms
297,1873.8999999999992 ms
297,1888.8999999999992 ms
297,1921.1499999999992 ms
297,1925.8999999999992 ms
297,1933.749999999999 ms
297,1948.7999999999993 ms
297,1964.0499999999993 ms
297,2012.1499999999987 ms
297,2014.099999999999 ms
297,2056.249999999999 ms
297,2061.3999999999987 ms
297,2067.499999999999 ms
297,2069.8499999999995 ms
297,2071.8499999999995 ms
297,2072.699999999999 ms
297,2084.3999999999987 ms
297,2096.749999999999 ms
297,2104.7999999999984 ms
297,2125.8999999999987 ms
297,2127.699999999999 ms
297,2128.7999999999993 ms
297,2143.999999999998 ms
297,2194.449999999999 ms
297,2206.2999999999984 ms
297,2213.199999999998 ms
297,2228.7999999999984 ms
297,2232.3999999999987 ms
297,2235.999999999998 ms
297,2282.7999999999984 ms
297,2296.199999999998 ms
297,2312.3999999999987 ms
297,2316.7999999999984 ms
297,2322.1499999999987 ms
297,2331.8499999999976 ms
297,2345.3499999999976 ms
297,2353.199999999998 ms
297,2358.5499999999984 ms
297,2374.149999999998 ms
297,2376.3499999999976 ms
297,2389.7499999999973 ms
297,2391.7499999999973 ms
297,2393.699999999998 ms
297,2393.9999999999973 ms
297,2399.199999999998 ms
297,2406.3499999999976 ms
297,2407.8499999999976 ms
297,2421.3499999999976 ms
297,2429.5999999999976 ms
297,2444.7499999999973 ms
297,2450.2499999999973 ms
297,2465.699999999998 ms
297,2474.0999999999976 ms
297,2518.5499999999975 ms
297,2539.649999999998 ms
297,2540.4999999999973 ms
297,2567.2999999999975 ms
297,2573.899999999998 ms
297,2574.399999999998 ms
297,2578.399999999998 ms
297,2590.199999999997 ms
297,2591.699999999997 ms
297,2597.999999999998 ms
297,2598.5999999999976 ms
297,2599.649999999998 ms
297,2603.649999999998 ms
297,2611.8499999999976 ms
297,2613.4999999999973 ms
297,2614.7499999999973 ms
297,2620.2499999999973 ms
297,2658.9999999999973 ms
297,2662.149999999998 ms
297,2666.3499999999976 ms
297,2686.2999999999975 ms
297,2698.699999999997 ms
297,2699.3499999999976 ms
297,2722.7999999999975 ms
297,2726.149999999998 ms
297,2727.149999999998 ms
297,2733.7499999999973 ms
297,2816.399999999997 ms
297,2818.5999999999976 ms
297,2851.7999999999965 ms
297,2876.399999999997 ms
297,2903.8499999999967 ms
297,2911.899999999997 ms
297,2929.949999999997 ms
297,3001.149999999997 ms
297,3003.0499999999965 ms
297,3015.5499999999965 ms
297,3023.7999999999965 ms
297,3024.5499999999965 ms
297,3031.149999999997 ms
297,3037.7499999999973 ms
297,3038.149999999997 ms
297,3045.3499999999967 ms
297,3048.2499999999964 ms
297,3051.949999999997 ms
297,3079.949999999997 ms
297,3084.4999999999964 ms
297,3097.399999999997 ms
297,3101.7999999999965 ms
297,3114.2999999999965 ms
297,3118.7499999999973 ms
297,3126.5499999999965 ms
297,3135.7999999999965 ms
297,3136.649999999997 ms
297,3162.0999999999967 ms
297,3172.2499999999964 ms
297,3175.5999999999967 ms
297,3177.199999999997 ms
297,3192.899999999996 ms
297,3193.2999999999965 ms
297,3206.2999999999965 ms
297,3217.649999999997 ms
297,3230.2499999999964 ms
297,3233.9999999999964 ms
297,3244.7999999999965 ms
297,3251.0999999999967 ms
297,3253.9999999999964 ms
297,3260.649999999997 ms
297,3279.3499999999967 ms
297,3301.8499999999967 ms
297,3303.2999999999965 ms
297,3304.199999999996 ms
297,3306.2499999999973 ms
297,3313.449999999996 ms
297,3318.9999999999973 ms
297,3325.7999999999965 ms
297,3354.7499999999973 ms
297,3366.7999999999965 ms
297,3368.0999999999976 ms
297,3370.4999999999973 ms
297,3383.5499999999975 ms
297,3384.9999999999973 ms
297,3392.7999999999975 ms
297,3395.399999999998 ms
297,3447.2999999999975 ms
297,3469.949999999997 ms
297,3479.399999999998 ms
297,3482.0499999999975 ms
297,3488.2999999999975 ms
297,3505.2499999999973 ms
297,3506.449999999997 ms
297,3513.2499999999973 ms
297,3520.8499999999976 ms
297,3526.649999999997 ms
297,3597.0499999999975 ms
297,3606.0499999999975 ms
297,3608.4999999999973 ms
297,3616.2999999999975 ms
297,3616.449999999997 ms
297,3659.949999999997 ms
297,3674.8499999999976 ms
297,3695.149999999998 ms
297,3707.7999999999975 ms
297,3712.149999999998 ms
297,3735.699999999998 ms
297,3743.3499999999976 ms
297,3794.999999999998 ms
297,3803.199999999998 ms
297,3814.7999999999984 ms
297,3820.0999999999976 ms
297,3830.699999999998 ms
297,3847.7999999999984 ms
297,3853.699999999998 ms
297,3886.699999999998 ms
297,3894.7999999999984 ms
297,3896.4999999999973 ms
297,3912.9999999999973 ms
297,3920.5999999999976 ms
297,3926.899999999998 ms
297,3929.5499999999975 ms
297,3956.0499999999975 ms
297,3964.3499999999985 ms
297,3973.0999999999985 ms
298,21.5 ms
298,21.65 ms
298,44.00000000000001 ms
298,55.49999999999999 ms
298,61.9 ms
298,78.6 ms
298,87.85 ms
298,96.0 ms
298,97.25 ms
298,106.35 ms
298,111.69999999999999 ms
298,116.39999999999998 ms
298,130.89999999999998 ms
298,132.64999999999998 ms
298,143.59999999999997 ms
298,164.99999999999994 ms
298,180.55 ms
298,213.45 ms
298,215.75 ms
298,217.14999999999998 ms
298,219.20000000000005 ms
298,223.05 ms
298,231.55 ms
298,238.90000000000003 ms
298,262.2 ms
298,272.59999999999997 ms
298,277.15000000000003 ms
298,282.3 ms
298,284.84999999999997 ms
298,301.49999999999994 ms
298,306.84999999999997 ms
298,312.09999999999997 ms
298,324.2 ms
298,374.59999999999997 ms
298,387.15000000000003 ms
298,391.15000000000003 ms
298,398.59999999999997 ms
298,435.15000000000003 ms
298,437.75000000000006 ms
298,465.3500000000001 ms
298,476.55 ms
298,480.7 ms
298,489.09999999999997 ms
298,491.3 ms
298,499.05 ms
298,528.8500000000001 ms
298,533.05 ms
298,539.5000000000002 ms
298,550.05 ms
298,562.1000000000001 ms
298,589.5 ms
298,619.8499999999999 ms
298,630.8000000000002 ms
298,641.8499999999999 ms
298,648.95 ms
298,666.8500000000001 ms
298,670.3500000000001 ms
298,701.05 ms
298,704.7 ms
298,716.05 ms
298,718.3 ms
298,721.1500000000001 ms
298,723.3000000000002 ms
298,728.7 ms
298,736.1000000000001 ms
298,736.8 ms
298,742.8 ms
298,754.7 ms
298,775.6000000000001 ms
298,791.25 ms
298,794.0 ms
298,802.0 ms
298,804.4000000000001 ms
298,816.3499999999999 ms
298,817.2 ms
298,818.2 ms
298,831.95 ms
298,845.1000000000001 ms
298,849.1000000000001 ms
298,857.8 ms
298,865.4000000000001 ms
298,917.3000000000002 ms
298,917.5999999999999 ms
298,924.0 ms
298,929.8499999999999 ms
298,930.1500000000001 ms
298,938.0999999999999 ms
298,942.7 ms
298,945.8500000000001 ms
298,971.55 ms
298,974.5000000000002 ms
298,979.7 ms
298,994.5500000000002 ms
298,1011.0000000000002 ms
298,1031.1500000000003 ms
298,1034.8000000000004 ms
298,1040.0000000000007 ms
298,1050.8500000000006 ms
298,1054.4000000000003 ms
298,1067.1000000000006 ms
298,1071.3000000000004 ms
298,1113.3000000000004 ms
298,1178.7500000000007 ms
298,1199.9500000000005 ms
298,1201.6500000000008 ms
298,1207.2500000000007 ms
298,1223.5500000000004 ms
298,1227.5000000000007 ms
298,1251.7000000000005 ms
298,1254.5000000000002 ms
298,1261.4000000000003 ms
298,1275.2500000000002 ms
298,1281.4500000000005 ms
298,1282.6000000000006 ms
298,1324.5000000000007 ms
298,1324.9000000000008 ms
298,1332.4000000000008 ms
298,1336.5000000000007 ms
298,1338.3000000000004 ms
298,1340.4000000000003 ms
298,1352.4000000000008 ms
298,1356.2000000000005 ms
298,1365.5000000000002 ms
298,1372.4000000000003 ms
298,1397.8500000000006 ms
298,1401.0000000000007 ms
298,1403.6000000000006 ms
298,1413.1500000000003 ms
298,1439.4000000000008 ms
298,1448.0500000000009 ms
298,1450.6000000000006 ms
298,1454.2000000000005 ms
298,1455.8500000000006 ms
298,1473.3000000000009 ms
298,1473.4000000000008 ms
298,1491.5500000000009 ms
298,1504.950000000001 ms
298,1518.9000000000008 ms
298,1526.5500000000009 ms
298,1530.6500000000008 ms
298,1542.350000000001 ms
298,1553.3000000000009 ms
298,1556.0000000000011 ms
298,1563.5500000000009 ms
298,1566.5000000000011 ms
298,1567.2500000000007 ms
298,1577.200000000001 ms
298,1589.3000000000009 ms
298,1592.1000000000006 ms
298,1615.4500000000005 ms
298,1617.3500000000006 ms
298,1624.850000000001 ms
298,1626.1500000000008 ms
298,1635.8000000000009 ms
298,1641.4000000000008 ms
298,1664.0500000000009 ms
298,1665.5000000000011 ms
298,1667.5000000000007 ms
298,1670.6500000000008 ms
298,1678.850000000001 ms
298,1679.0000000000011 ms
298,1692.7500000000011 ms
298,1703.4500000000014 ms
298,1723.7500000000011 ms
298,1724.4000000000012 ms
298,1737.3500000000015 ms
298,1738.8000000000013 ms
298,1744.350000000001 ms
298,1759.2500000000011 ms
298,1764.0500000000013 ms
298,1815.9500000000014 ms
298,1821.3500000000015 ms
298,1831.7000000000014 ms
298,1849.0500000000013 ms
298,1886.4000000000012 ms
298,1901.5000000000011 ms
298,1907.4000000000012 ms
298,1911.3500000000015 ms
298,1912.0000000000016 ms
298,1913.6000000000015 ms
298,1915.4000000000012 ms
298,1916.1000000000015 ms
298,1933.350000000001 ms
298,1944.1500000000012 ms
298,1947.950000000001 ms
298,1954.850000000001 ms
298,1968.700000000001 ms
298,1987.600000000001 ms
298,1995.450000000001 ms
298,2009.5500000000009 ms
298,2015.850000000001 ms
298,2020.700000000001 ms
298,2030.5000000000007 ms
298,2036.3000000000009 ms
298,2038.2500000000011 ms
298,2047.9000000000012 ms
298,2091.4000000000005 ms
298,2099.2000000000016 ms
298,2106.2000000000016 ms
298,2123.500000000001 ms
298,2125.9000000000015 ms
298,2143.000000000002 ms
298,2168.9500000000007 ms
298,2171.6000000000013 ms
298,2173.7000000000016 ms
298,2186.9500000000016 ms
298,2208.250000000001 ms
298,2209.2000000000016 ms
298,2217.9000000000005 ms
298,2218.9000000000005 ms
298,2222.8500000000013 ms
298,2230.500000000001 ms
298,2272.3500000000013 ms
298,2277.05 ms
298,2279.000000000001 ms
298,2280.000000000001 ms
298,2300.6500000000005 ms
298,2311.8500000000004 ms
298,2341.3 ms
298,2379.6500000000005 ms
298,2382.8 ms
298,2389.6500000000005 ms
298,2399.0 ms
298,2409.45 ms
298,2431.25 ms
298,2433.8500000000004 ms
298,2458.0 ms
298,2464.1000000000004 ms
298,2479.7 ms
298,2483.3999999999996 ms
298,2503.95 ms
298,2566.8999999999996 ms
298,2568.5 ms
298,2610.7999999999993 ms
298,2610.8999999999996 ms
298,2612.75 ms
298,2618.199999999999 ms
298,2621.3499999999995 ms
298,2624.5999999999995 ms
298,2644.95 ms
298,2650.5999999999995 ms
298,2651.5999999999995 ms
298,2662.249999999999 ms
298,2664.55 ms
298,2684.749999999999 ms
298,2712.8999999999996 ms
298,2723.7999999999993 ms
298,2741.7 ms
298,2756.0 ms
298,2768.45 ms
298,2770.3499999999995 ms
298,2787.4000000000005 ms
298,2790.0999999999995 ms
298,2795.8 ms
298,2811.2 ms
298,2827.7 ms
298,2858.3999999999996 ms
298,2900.8499999999995 ms
298,2919.7999999999993 ms
298,2922.5999999999995 ms
298,2934.7999999999993 ms
298,2984.999999999999 ms
298,3001.999999999999 ms
298,3029.2999999999993 ms
298,3036.199999999999 ms
298,3074.3499999999995 ms
298,3091.2 ms
298,3102.45 ms
298,3130.8499999999995 ms
298,3176.0499999999993 ms
298,3178.2999999999993 ms
298,3191.999999999999 ms
298,3202.199999999999 ms
298,3207.999999999999 ms
298,3234.449999999999 ms
298,3240.6499999999987 ms
298,3245.5499999999984 ms
298,3265.1499999999987 ms
298,3280.0999999999985 ms
298,3288.5499999999984 ms
298,3289.0499999999984 ms
298,3292.6499999999987 ms
298,3311.3999999999987 ms
298,3315.199999999998 ms
298,3327.0499999999984 ms
298,3333.8999999999987 ms
298,3339.3499999999976 ms
298,3346.949999999998 ms
298,3362.249999999998 ms
298,3363.0999999999985 ms
298,3389.249999999998 ms
298,3392.0999999999985 ms
298,3400.449999999998 ms
298,3414.399999999998 ms
298,3431.949999999998 ms
298,3433.8499999999976 ms
298,3441.8499999999976 ms
298,3444.5999999999976 ms
298,3458.249999999998 ms
298,3468.249999999998 ms
298,3498.8499999999985 ms
298,3502.649999999998 ms
298,3516.399999999998 ms
298,3527.249999999998 ms
298,3544.649999999998 ms
298,3545.0999999999985 ms
298,3577.449999999998 ms
298,3577.999999999998 ms
298,3581.399999999998 ms
298,3594.749999999998 ms
298,3596.0999999999985 ms
298,3618.499999999998 ms
298,3625.749999999998 ms
298,3626.8499999999985 ms
298,3632.899999999998 ms
298,3639.649999999998 ms
298,3650.449999999999 ms
298,3670.3499999999985 ms
298,3718.7999999999984 ms
298,3720.0499999999984 ms
298,3722.749999999998 ms
298,3743.249999999998 ms
298,3756.399999999998 ms
298,3776.999999999998 ms
298,3797.5999999999985 ms
298,3803.0499999999975 ms
298,3819.249999999998 ms
298,3827.399999999998 ms
298,3828.399999999998 ms
298,3834.699999999998 ms
298,3836.449999999998 ms
298,3841.649999999998 ms
298,3850.149999999998 ms
298,3853.999999999998 ms
298,3869.3499999999976 ms
298,3887.0499999999975 ms
298,3903.7499999999973 ms
298,3905.199999999997 ms
298,3931.399999999997 ms
298,3945.699999999997 ms
298,3947.649999999997 ms
298,3948.7499999999973 ms
298,3976.7499999999973 ms
298,3982.2999999999965 ms
298,3992.8499999999976 ms
299,2.6 ms
299,46.7 ms
299,74.80000000000001 ms
299,75.25 ms
299,79.60000000000002 ms
299,89.95000000000002 ms
299,94.60000000000002 ms
299,109.80000000000001 ms
299,124.90000000000003 ms
299,129.45000000000005 ms
299,204.30000000000007 ms
299,207.25000000000006 ms
299,232.55000000000007 ms
299,232.95000000000005 ms
299,240.45000000000005 ms
299,250.05000000000007 ms
299,253.05000000000007 ms
299,260.2500000000001 ms
299,265.1 ms
299,270.85 ms
299,279.05000000000007 ms
299,290.1 ms
299,311.1500000000001 ms
299,319.20000000000005 ms
299,350.5500000000002 ms
299,350.7500000000001 ms
299,362.80000000000007 ms
299,381.70000000000016 ms
299,390.0000000000001 ms
299,399.20000000000016 ms
299,438.45000000000016 ms
299,456.0000000000001 ms
299,486.2500000000001 ms
299,489.60000000000014 ms
299,490.2500000000001 ms
299,492.5000000000001 ms
299,516.2500000000001 ms
299,521.7500000000001 ms
299,531.15 ms
299,536.85 ms
299,547.65 ms
299,550.8000000000001 ms
299,554.8000000000001 ms
299,560.1500000000002 ms
299,583.0000000000001 ms
299,606.0500000000001 ms
299,611.2500000000001 ms
299,624.2000000000002 ms
299,625.1500000000002 ms
299,625.9000000000002 ms
299,645.9500000000002 ms
299,658.4000000000002 ms
299,664.5000000000003 ms
299,675.8500000000003 ms
299,703.1500000000002 ms
299,706.0500000000001 ms
299,717.35 ms
299,730.5000000000001 ms
299,737.4500000000002 ms
299,742.1 ms
299,745.0000000000001 ms
299,754.4 ms
299,761.1500000000002 ms
299,775.4 ms
299,803.1500000000002 ms
299,823.0500000000001 ms
299,839.35 ms
299,852.6 ms
299,871.7000000000002 ms
299,874.5500000000001 ms
299,887.4000000000002 ms
299,889.2000000000002 ms
299,907.4499999999999 ms
299,911.4999999999999 ms
299,922.2999999999998 ms
299,924.4499999999999 ms
299,933.5999999999998 ms
299,944.8999999999997 ms
299,946.9499999999997 ms
299,960.3499999999998 ms
299,995.6499999999997 ms
299,1011.0499999999996 ms
299,1022.8999999999997 ms
299,1079.4499999999998 ms
299,1104.7999999999997 ms
299,1109.35 ms
299,1116.0499999999997 ms
299,1130.6 ms
299,1130.8999999999996 ms
299,1145.8999999999996 ms
299,1153.4499999999998 ms
299,1188.6499999999996 ms
299,1191.8499999999995 ms
299,1268.0 ms
299,1319.8499999999995 ms
299,1323.5499999999997 ms
299,1332.0499999999997 ms
299,1371.85 ms
299,1379.1499999999996 ms
299,1389.0999999999995 ms
299,1403.7999999999997 ms
299,1449.6499999999996 ms
299,1479.4999999999995 ms
299,1487.9499999999994 ms
299,1488.6999999999994 ms
299,1499.7499999999995 ms
299,1564.8499999999995 ms
299,1569.2499999999995 ms
299,1583.1999999999994 ms
299,1602.3999999999996 ms
299,1612.3499999999995 ms
299,1616.7999999999997 ms
299,1635.7999999999997 ms
299,1656.7999999999997 ms
299,1658.3999999999996 ms
299,1666.8999999999996 ms
299,1686.4499999999998 ms
299,1688.5499999999993 ms
299,1691.8999999999996 ms
299,1708.8999999999996 ms
299,1725.4499999999994 ms
299,1741.1999999999994 ms
299,1745.9999999999995 ms
299,1750.8999999999992 ms
299,1754.7499999999995 ms
299,1755.099999999999 ms
299,1759.2499999999995 ms
299,1760.3999999999992 ms
299,1764.2499999999995 ms
299,1768.7999999999993 ms
299,1826.3999999999992 ms
299,1848.099999999999 ms
299,1851.849999999999 ms
299,1894.099999999999 ms
299,1938.7499999999995 ms
299,1942.099999999999 ms
299,1955.0499999999993 ms
299,1956.5999999999995 ms
299,1962.8499999999995 ms
299,1965.0999999999995 ms
299,1965.5499999999993 ms
299,2004.1499999999992 ms
299,2011.9499999999994 ms
299,2053.649999999999 ms
299,2068.099999999999 ms
299,2068.349999999999 ms
299,2073.2499999999995 ms
299,2074.599999999999 ms
299,2129.349999999999 ms
299,2141.9999999999995 ms
299,2151.099999999999 ms
299,2176.149999999999 ms
299,2201.4499999999994 ms
299,2214.4499999999994 ms
299,2218.4999999999995 ms
299,2234.349999999999 ms
299,2254.399999999999 ms
299,2257.5499999999997 ms
299,2262.649999999999 ms
299,2274.4499999999994 ms
299,2277.7999999999997 ms
299,2280.35 ms
299,2287.4 ms
299,2290.15 ms
299,2294.4 ms
299,2299.9500000000003 ms
299,2327.4500000000003 ms
299,2332.100000000001 ms
299,2332.6 ms
299,2361.5000000000005 ms
299,2403.150000000001 ms
299,2411.8000000000006 ms
299,2460.4 ms
299,2478.400000000001 ms
299,2480.700000000001 ms
299,2485.2000000000003 ms
299,2486.350000000001 ms
299,2493.2500000000014 ms
299,2501.700000000001 ms
299,2503.100000000001 ms
299,2546.8000000000006 ms
299,2549.0500000000006 ms
299,2557.8000000000006 ms
299,2624.4 ms
299,2629.7500000000005 ms
299,2637.0000000000005 ms
299,2654.900000000001 ms
299,2674.100000000001 ms
299,2677.2000000000003 ms
299,2679.4500000000003 ms
299,2691.4500000000003 ms
299,2831.600000000001 ms
299,2841.7000000000003 ms
299,2845.2000000000003 ms
299,2850.7000000000003 ms
299,2854.350000000001 ms
299,2882.0000000000005 ms
299,2948.5500000000006 ms
299,2975.4 ms
299,2988.400000000001 ms
299,3012.850000000001 ms
299,3030.9500000000003 ms
299,3032.9500000000003 ms
299,3033.350000000001 ms
299,3043.85 ms
299,3071.15 ms
299,3077.3000000000006 ms
299,3093.200000000001 ms
299,3095.5000000000014 ms
299,3098.350000000001 ms
299,3106.400000000001 ms
299,3152.8000000000015 ms
299,3169.1000000000017 ms
299,3188.2500000000014 ms
299,3196.950000000001 ms
299,3207.950000000001 ms
299,3210.3500000000017 ms
299,3210.5000000000014 ms
299,3241.950000000001 ms
299,3242.400000000001 ms
299,3247.600000000001 ms
299,3251.3000000000006 ms
299,3265.100000000001 ms
299,3294.0000000000014 ms
299,3311.0000000000005 ms
299,3323.600000000001 ms
299,3344.2500000000014 ms
299,3362.7500000000005 ms
299,3381.900000000001 ms
299,3421.700000000001 ms
299,3436.8500000000017 ms
299,3439.8000000000015 ms
299,3440.200000000001 ms
299,3444.450000000001 ms
299,3446.400000000001 ms
299,3469.850000000001 ms
299,3470.2500000000014 ms
299,3489.100000000001 ms
299,3496.2500000000014 ms
299,3529.150000000001 ms
299,3554.400000000001 ms
299,3555.600000000001 ms
299,3562.3000000000006 ms
299,3565.65 ms
299,3573.650000000001 ms
299,3575.15 ms
299,3580.5500000000006 ms
299,3585.4 ms
299,3592.7500000000005 ms
299,3594.7500000000005 ms
299,3610.400000000001 ms
299,3616.850000000001 ms
299,3663.3000000000006 ms
299,3664.65 ms
299,3692.9999999999995 ms
299,3705.65 ms
299,3715.35 ms
299,3742.5000000000005 ms
299,3746.7499999999995 ms
299,3760.0499999999997 ms
299,3776.35 ms
299,3778.15 ms
299,3781.2000000000003 ms
299,3796.2500000000005 ms
299,3809.100000000001 ms
299,3815.350000000001 ms
299,3817.600000000001 ms
299,3834.350000000001 ms
299,3836.2500000000014 ms
299,3865.8000000000015 ms
299,3884.0500000000006 ms
299,3914.600000000001 ms
299,3917.950000000001 ms
299,3922.700000000001 ms
299,3936.8000000000006 ms
299,3944.100000000001 ms
299,3957.3500000000017 ms
299,3961.200000000001 ms
299,3961.650000000001 ms
299,3962.450000000001 ms
299,3963.5500000000006 ms
300,52.85 ms
300,61.300000000000004 ms
300,66.0 ms
300,98.9 ms
300,101.85 ms
300,124.75000000000003 ms
300,128.60000000000002 ms
300,130.75 ms
300,164.85000000000002 ms
300,167.65000000000003 ms
300,210.90000000000003 ms
300,228.45000000000005 ms
300,230.40000000000003 ms
300,236.35000000000002 ms
300,244.05 ms
300,255.40000000000003 ms
300,258.7 ms
300,293.3 ms
300,295.15000000000003 ms
300,316.4500000000001 ms
300,319.6000000000001 ms
300,322.15000000000003 ms
300,326.15000000000003 ms
300,340.00000000000006 ms
300,357.15000000000003 ms
300,380.05 ms
300,385.2 ms
300,391.8999999999999 ms
300,395.0499999999999 ms
300,414.3 ms
300,415.59999999999997 ms
300,422.84999999999997 ms
300,425.7 ms
300,432.7 ms
300,435.00000000000006 ms
300,436.55 ms
300,450.05 ms
300,479.2 ms
300,484.34999999999997 ms
300,492.5499999999999 ms
300,494.84999999999997 ms
300,509.2999999999999 ms
300,530.3 ms
300,549.45 ms
300,551.4999999999998 ms
300,551.8 ms
300,572.05 ms
300,573.9499999999998 ms
300,591.9499999999998 ms
300,593.7999999999997 ms
300,602.5 ms
300,604.2999999999997 ms
300,604.9499999999998 ms
300,612.6999999999998 ms
300,627.1999999999998 ms
300,642.5499999999997 ms
300,648.0 ms
300,659.3999999999999 ms
300,672.7499999999998 ms
300,683.2499999999998 ms
300,695.1499999999999 ms
300,697.6999999999998 ms
300,714.3999999999999 ms
300,715.55 ms
300,725.3 ms
300,727.55 ms
300,728.3 ms
300,729.8999999999999 ms
300,747.1999999999998 ms
300,754.1999999999998 ms
300,767.4499999999998 ms
300,777.0999999999999 ms
300,778.4499999999998 ms
300,780.5999999999999 ms
300,794.0499999999997 ms
300,804.8499999999999 ms
300,805.3499999999999 ms
300,813.5999999999999 ms
300,835.6499999999996 ms
300,856.6499999999996 ms
300,862.8999999999996 ms
300,881.9999999999998 ms
300,887.9999999999998 ms
300,892.5499999999997 ms
300,894.8499999999997 ms
300,902.0499999999997 ms
300,943.0999999999997 ms
300,952.6999999999996 ms
300,968.1499999999999 ms
300,983.1499999999999 ms
300,991.7999999999997 ms
300,1024.1499999999996 ms
300,1025.1499999999996 ms
300,1025.7999999999997 ms
300,1029.1 ms
300,1033.8999999999996 ms
300,1038.3999999999996 ms
300,1056.3499999999995 ms
300,1060.0999999999995 ms
300,1070.1499999999996 ms
300,1071.4499999999998 ms
300,1102.5999999999995 ms
300,1102.8999999999996 ms
300,1119.1999999999998 ms
300,1134.6499999999996 ms
300,1162.6999999999998 ms
300,1169.2499999999995 ms
300,1170.2499999999995 ms
300,1174.1499999999996 ms
300,1177.0499999999997 ms
300,1198.4999999999995 ms
300,1204.2499999999995 ms
300,1205.1 ms
300,1213.9499999999994 ms
300,1226.0499999999997 ms
300,1263.6999999999994 ms
300,1275.3999999999996 ms
300,1287.6999999999998 ms
300,1290.0499999999993 ms
300,1304.1999999999998 ms
300,1306.9999999999995 ms
300,1335.2999999999997 ms
300,1337.5499999999997 ms
300,1337.7999999999997 ms
300,1357.9499999999994 ms
300,1379.8999999999996 ms
300,1383.7999999999997 ms
300,1405.7499999999995 ms
300,1416.7999999999997 ms
300,1417.6999999999998 ms
300,1435.6499999999996 ms
300,1459.1499999999996 ms
300,1463.3999999999996 ms
300,1487.6499999999996 ms
300,1488.85 ms
300,1525.5 ms
300,1531.25 ms
300,1541.35 ms
300,1559.7999999999997 ms
300,1564.4500000000003 ms
300,1564.6 ms
300,1574.4500000000003 ms
300,1577.7000000000003 ms
300,1613.35 ms
300,1619.9500000000003 ms
300,1621.15 ms
300,1645.8000000000002 ms
300,1657.75 ms
300,1684.1000000000004 ms
300,1694.9 ms
300,1724.35 ms
300,1730.65 ms
300,1740.5 ms
300,1774.5500000000002 ms
300,1782.3999999999996 ms
300,1796.3999999999996 ms
300,1828.4499999999998 ms
300,1870.2999999999997 ms
300,1891.6499999999996 ms
300,1904.3499999999995 ms
300,1941.5 ms
300,1956.0499999999997 ms
300,1966.1499999999996 ms
300,1968.0999999999995 ms
300,1980.0 ms
300,1985.7999999999997 ms
300,1996.9999999999995 ms
300,2012.2499999999995 ms
300,2019.7999999999997 ms
300,2020.7499999999995 ms
300,2036.7499999999995 ms
300,2038.7999999999997 ms
300,2053.2499999999995 ms
300,2073.0499999999997 ms
300,2086.9500000000003 ms
300,2093.2500000000005 ms
300,2101.1 ms
300,2118.15 ms
300,2120.9 ms
300,2121.65 ms
300,2128.8000000000006 ms
300,2131.65 ms
300,2132.4 ms
300,2138.7499999999995 ms
300,2145.6 ms
300,2153.6 ms
300,2154.2500000000005 ms
300,2192.4 ms
300,2192.6 ms
300,2196.7999999999997 ms
300,2199.7999999999997 ms
300,2214.7499999999995 ms
300,2220.1999999999994 ms
300,2234.7499999999995 ms
300,2243.4499999999994 ms
300,2251.1 ms
300,2268.4 ms
300,2270.649999999999 ms
300,2290.849999999999 ms
300,2302.4999999999995 ms
300,2303.9 ms
300,2316.149999999999 ms
300,2330.349999999999 ms
300,2342.1999999999994 ms
300,2394.799999999999 ms
300,2411.399999999999 ms
300,2424.2999999999997 ms
300,2448.049999999999 ms
300,2482.4999999999986 ms
300,2495.599999999999 ms
300,2509.4499999999985 ms
300,2513.849999999999 ms
300,2533.1999999999985 ms
300,2546.849999999999 ms
300,2566.299999999999 ms
300,2606.9499999999994 ms
300,2609.149999999999 ms
300,2624.599999999999 ms
300,2625.049999999999 ms
300,2643.599999999999 ms
300,2651.1999999999985 ms
300,2655.1499999999983 ms
300,2658.4499999999985 ms
300,2668.349999999999 ms
300,2688.149999999999 ms
300,2694.6499999999983 ms
300,2752.649999999999 ms
300,2755.599999999999 ms
300,2768.7499999999986 ms
300,2771.399999999999 ms
300,2773.599999999999 ms
300,2774.4999999999986 ms
300,2779.149999999999 ms
300,2802.3999999999983 ms
300,2823.549999999999 ms
300,2831.799999999999 ms
300,2873.2499999999986 ms
300,2919.099999999998 ms
300,2924.1499999999983 ms
300,2926.149999999999 ms
300,2933.599999999999 ms
300,2941.4999999999986 ms
300,2959.099999999998 ms
300,2965.9499999999985 ms
300,2968.6499999999983 ms
300,3015.6999999999985 ms
300,3018.549999999998 ms
300,3055.4499999999985 ms
300,3062.8999999999983 ms
300,3073.8999999999983 ms
300,3078.349999999998 ms
300,3085.9999999999986 ms
300,3118.2499999999977 ms
300,3128.9499999999975 ms
300,3145.8999999999974 ms
300,3159.6999999999975 ms
300,3160.2499999999977 ms
300,3175.1999999999975 ms
300,3186.2499999999977 ms
300,3209.599999999998 ms
300,3221.4499999999975 ms
300,3225.9999999999977 ms
300,3233.799999999998 ms
300,3234.4499999999985 ms
300,3238.549999999998 ms
300,3240.3999999999983 ms
300,3246.4499999999985 ms
300,3251.3999999999983 ms
300,3268.3999999999983 ms
300,3274.349999999998 ms
300,3282.049999999998 ms
300,3315.1499999999974 ms
300,3317.849999999997 ms
300,3354.9999999999977 ms
300,3376.349999999997 ms
300,3383.4499999999975 ms
300,3389.3999999999974 ms
300,3434.4499999999975 ms
300,3437.9999999999977 ms
300,3438.299999999998 ms
300,3445.4499999999985 ms
300,3452.9999999999986 ms
300,3474.299999999999 ms
300,3510.299999999998 ms
300,3518.1499999999983 ms
300,3540.6499999999983 ms
300,3545.049999999999 ms
300,3557.299999999998 ms
300,3559.849999999998 ms
300,3567.7499999999986 ms
300,3570.2499999999986 ms
300,3581.4499999999985 ms
300,3592.6999999999985 ms
300,3594.9499999999985 ms
300,3601.349999999999 ms
300,3606.299999999999 ms
300,3614.9499999999985 ms
300,3622.599999999999 ms
300,3653.299999999999 ms
300,3654.9999999999986 ms
300,3697.6999999999985 ms
300,3703.1999999999975 ms
300,3703.799999999998 ms
300,3711.049999999998 ms
300,3726.4999999999977 ms
300,3744.1999999999975 ms
300,3754.6499999999974 ms
300,3764.1999999999975 ms
300,3766.9499999999975 ms
300,3786.349999999998 ms
300,3809.099999999997 ms
300,3813.1999999999975 ms
300,3816.9499999999975 ms
300,3824.6999999999975 ms
300,3832.9999999999977 ms
300,3844.8999999999983 ms
300,3848.3999999999974 ms
300,3872.299999999998 ms
300,3892.9999999999977 ms
300,3896.8999999999983 ms
300,3911.7499999999977 ms
300,3920.1999999999975 ms
300,3922.4499999999975 ms
300,3926.549999999997 ms
300,3950.749999999997 ms
300,3958.9499999999966 ms
300,3975.9499999999975 ms
300,3979.8999999999974 ms
300,3994.849999999997 ms
301,23.85 ms
301,25.950000000000003 ms
301,49.0 ms
301,50.349999999999994 ms
301,51.55000000000001 ms
301,52.80000000000001 ms
301,55.349999999999994 ms
301,56.2 ms
301,56.60000000000001 ms
301,64.0 ms
301,64.85 ms
301,85.65 ms
301,104.6 ms
301,111.79999999999998 ms
301,125.0 ms
301,128.3 ms
301,139.2 ms
301,158.60000000000002 ms
301,162.15000000000003 ms
301,178.75000000000006 ms
301,182.00000000000006 ms
301,199.05 ms
301,215.20000000000005 ms
301,217.95000000000005 ms
301,242.00000000000006 ms
301,246.80000000000007 ms
301,268.35 ms
301,276.7500000000001 ms
301,285.2500000000001 ms
301,297.70000000000005 ms
301,299.6500000000001 ms
301,313.25 ms
301,316.4000000000001 ms
301,323.35 ms
301,341.55000000000007 ms
301,367.9 ms
301,398.5000000000001 ms
301,403.2500000000001 ms
301,451.55000000000007 ms
301,478.2500000000001 ms
301,478.70000000000005 ms
301,481.45000000000005 ms
301,498.9000000000001 ms
301,533.8499999999999 ms
301,544.8000000000002 ms
301,562.7 ms
301,570.5 ms
301,596.8499999999999 ms
301,604.5 ms
301,628.4000000000001 ms
301,641.6999999999998 ms
301,698.4000000000001 ms
301,714.25 ms
301,722.5 ms
301,723.45 ms
301,761.75 ms
301,769.9000000000001 ms
301,787.4499999999998 ms
301,799.4499999999998 ms
301,810.1500000000001 ms
301,837.4499999999998 ms
301,840.3499999999999 ms
301,846.05 ms
301,857.55 ms
301,858.0999999999999 ms
301,859.1999999999998 ms
301,865.0 ms
301,865.1999999999998 ms
301,871.8499999999999 ms
301,884.4499999999998 ms
301,889.5999999999999 ms
301,890.0 ms
301,901.3999999999999 ms
301,902.2499999999998 ms
301,904.55 ms
301,908.3999999999999 ms
301,909.1999999999998 ms
301,936.6999999999998 ms
301,937.3999999999999 ms
301,944.9499999999998 ms
301,950.6499999999999 ms
301,956.3999999999999 ms
301,960.6499999999999 ms
301,965.4499999999998 ms
301,966.2999999999997 ms
301,975.5499999999997 ms
301,975.6499999999999 ms
301,996.55 ms
301,998.6499999999999 ms
301,1018.6999999999998 ms
301,1037.9499999999998 ms
301,1048.1999999999998 ms
301,1053.35 ms
301,1066.5 ms
301,1085.4499999999998 ms
301,1113.8500000000004 ms
301,1144.4499999999998 ms
301,1147.4 ms
301,1148.1 ms
301,1165.85 ms
301,1170.7500000000005 ms
301,1204.85 ms
301,1231.6 ms
301,1238.4 ms
301,1254.6 ms
301,1256.0000000000005 ms
301,1263.7500000000005 ms
301,1267.35 ms
301,1285.5000000000005 ms
301,1293.9500000000003 ms
301,1310.5000000000005 ms
301,1316.2000000000003 ms
301,1334.0000000000005 ms
301,1336.4 ms
301,1337.1000000000004 ms
301,1343.9500000000003 ms
301,1355.4500000000003 ms
301,1364.3500000000004 ms
301,1365.0500000000002 ms
301,1384.5500000000002 ms
301,1392.7000000000007 ms
301,1400.2000000000007 ms
301,1401.8000000000002 ms
301,1406.2500000000005 ms
301,1407.0500000000006 ms
301,1407.7500000000005 ms
301,1420.6500000000005 ms
301,1480.4500000000007 ms
301,1483.5500000000002 ms
301,1531.9500000000007 ms
301,1541.4500000000007 ms
301,1562.9000000000005 ms
301,1565.6500000000005 ms
301,1582.1000000000004 ms
301,1599.250000000001 ms
301,1608.000000000001 ms
301,1629.4500000000007 ms
301,1656.3000000000006 ms
301,1658.5500000000006 ms
301,1703.2000000000007 ms
301,1704.750000000001 ms
301,1714.6000000000004 ms
301,1722.3500000000004 ms
301,1732.500000000001 ms
301,1733.8000000000006 ms
301,1740.2000000000007 ms
301,1751.4500000000007 ms
301,1754.250000000001 ms
301,1763.6500000000005 ms
301,1774.3500000000008 ms
301,1777.7000000000007 ms
301,1779.1500000000005 ms
301,1801.1500000000005 ms
301,1811.550000000001 ms
301,1815.4500000000007 ms
301,1833.000000000001 ms
301,1845.250000000001 ms
301,1865.7000000000007 ms
301,1884.050000000001 ms
301,1910.9000000000005 ms
301,1918.000000000001 ms
301,1918.500000000001 ms
301,1936.5500000000006 ms
301,1967.7000000000007 ms
301,1976.8000000000006 ms
301,1982.9500000000007 ms
301,1987.8500000000008 ms
301,1999.500000000001 ms
301,2014.050000000001 ms
301,2024.300000000001 ms
301,2026.9000000000005 ms
301,2045.250000000001 ms
301,2059.1500000000005 ms
301,2060.3500000000004 ms
301,2061.8 ms
301,2067.95 ms
301,2085.1500000000005 ms
301,2091.4000000000005 ms
301,2094.75 ms
301,2098.5 ms
301,2101.1000000000004 ms
301,2111.3500000000004 ms
301,2132.1000000000004 ms
301,2144.8500000000004 ms
301,2150.0499999999993 ms
301,2151.3999999999996 ms
301,2168.1499999999996 ms
301,2173.5499999999993 ms
301,2189.2 ms
301,2191.5999999999995 ms
301,2194.4000000000005 ms
301,2201.0 ms
301,2201.2 ms
301,2227.3999999999996 ms
301,2231.3999999999996 ms
301,2286.0999999999995 ms
301,2289.1499999999996 ms
301,2318.0499999999993 ms
301,2325.7 ms
301,2328.1499999999996 ms
301,2336.5 ms
301,2347.5 ms
301,2349.8499999999995 ms
301,2350.6499999999996 ms
301,2351.75 ms
301,2369.8999999999996 ms
301,2374.1499999999996 ms
301,2392.5499999999993 ms
301,2403.7999999999993 ms
301,2409.8500000000004 ms
301,2410.1499999999996 ms
301,2426.9500000000007 ms
301,2455.1000000000004 ms
301,2461.9500000000007 ms
301,2465.3999999999996 ms
301,2474.1499999999996 ms
301,2506.3 ms
301,2508.4000000000005 ms
301,2510.7 ms
301,2520.6000000000004 ms
301,2527.6500000000005 ms
301,2541.9500000000007 ms
301,2561.9500000000007 ms
301,2563.6500000000005 ms
301,2564.4000000000005 ms
301,2568.000000000001 ms
301,2569.750000000001 ms
301,2583.8 ms
301,2615.500000000001 ms
301,2622.9000000000005 ms
301,2625.9500000000007 ms
301,2635.1000000000004 ms
301,2637.8500000000004 ms
301,2638.050000000001 ms
301,2655.1000000000004 ms
301,2670.1500000000015 ms
301,2687.250000000001 ms
301,2690.7000000000007 ms
301,2718.3500000000004 ms
301,2749.050000000001 ms
301,2758.1000000000004 ms
301,2780.7000000000007 ms
301,2786.800000000001 ms
301,2787.9000000000005 ms
301,2813.8500000000004 ms
301,2816.75 ms
301,2822.25 ms
301,2823.25 ms
301,2840.6500000000005 ms
301,2843.05 ms
301,2848.4000000000005 ms
301,2856.3500000000004 ms
301,2892.05 ms
301,2919.5 ms
301,2945.55 ms
301,2952.3 ms
301,2952.8500000000004 ms
301,2959.3 ms
301,2977.0 ms
301,2988.1000000000004 ms
301,2993.3999999999996 ms
301,2998.4500000000007 ms
301,3003.4500000000007 ms
301,3006.1499999999996 ms
301,3008.3999999999996 ms
301,3061.75 ms
301,3076.1000000000004 ms
301,3078.7 ms
301,3084.25 ms
301,3085.6000000000004 ms
301,3096.8500000000004 ms
301,3103.0 ms
301,3107.8999999999996 ms
301,3113.55 ms
301,3123.3500000000004 ms
301,3136.2000000000007 ms
301,3143.8 ms
301,3155.3500000000004 ms
301,3167.4000000000005 ms
301,3174.000000000001 ms
301,3175.7 ms
301,3216.4000000000005 ms
301,3220.0 ms
301,3250.6000000000004 ms
301,3278.45 ms
301,3299.95 ms
301,3300.75 ms
301,3309.0 ms
301,3310.5 ms
301,3312.05 ms
301,3354.45 ms
301,3356.1000000000004 ms
301,3357.3500000000004 ms
301,3363.1000000000004 ms
301,3373.8 ms
301,3411.75 ms
301,3414.1000000000004 ms
301,3416.2 ms
301,3419.95 ms
301,3437.95 ms
301,3473.5 ms
301,3481.5 ms
301,3483.55 ms
301,3496.75 ms
301,3505.8 ms
301,3514.05 ms
301,3532.55 ms
301,3561.05 ms
301,3595.1000000000004 ms
301,3600.3 ms
301,3636.45 ms
301,3648.250000000001 ms
301,3653.3 ms
301,3685.4000000000005 ms
301,3697.7000000000007 ms
301,3720.750000000001 ms
301,3725.550000000001 ms
301,3740.300000000001 ms
301,3769.6000000000013 ms
301,3793.800000000001 ms
301,3799.000000000001 ms
301,3799.250000000001 ms
301,3800.9000000000005 ms
301,3806.500000000001 ms
301,3811.4000000000005 ms
301,3812.3500000000013 ms
301,3814.3 ms
301,3838.3500000000013 ms
301,3843.9500000000007 ms
301,3873.4000000000005 ms
301,3879.750000000001 ms
301,3880.8500000000004 ms
301,3894.05 ms
301,3910.55 ms
301,3940.9000000000005 ms
301,3941.3499999999995 ms
301,3942.8499999999995 ms
301,3946.8 ms
301,3949.1499999999996 ms
301,3951.45 ms
301,3971.6499999999996 ms
301,3974.6499999999996 ms
301,3975.45 ms
302,17.25 ms
302,22.25 ms
302,23.4 ms
302,29.549999999999997 ms
302,52.2 ms
302,56.60000000000001 ms
302,56.75 ms
302,72.9 ms
302,87.6 ms
302,92.75000000000003 ms
302,105.60000000000002 ms
302,124.60000000000002 ms
302,135.90000000000003 ms
302,153.3 ms
302,163.05 ms
302,167.70000000000005 ms
302,182.15000000000003 ms
302,188.35000000000002 ms
302,190.65000000000003 ms
302,201.45000000000005 ms
302,216.50000000000006 ms
302,222.85000000000008 ms
302,227.95000000000005 ms
302,236.25000000000006 ms
302,246.10000000000008 ms
302,274.3 ms
302,286.50000000000006 ms
302,289.00000000000006 ms
302,296.15000000000003 ms
302,296.34999999999997 ms
302,305.74999999999994 ms
302,366.8 ms
302,376.65000000000003 ms
302,376.90000000000003 ms
302,379.90000000000003 ms
302,383.00000000000006 ms
302,385.40000000000003 ms
302,407.8 ms
302,419.05 ms
302,441.3500000000001 ms
302,468.50000000000006 ms
302,496.55 ms
302,500.3 ms
302,500.6000000000001 ms
302,533.55 ms
302,548.2 ms
302,559.45 ms
302,568.6500000000001 ms
302,570.95 ms
302,580.45 ms
302,582.7 ms
302,587.6500000000001 ms
302,599.95 ms
302,602.0 ms
302,624.9000000000001 ms
302,645.6999999999998 ms
302,657.75 ms
302,662.3999999999999 ms
302,665.7499999999998 ms
302,668.3499999999999 ms
302,668.5 ms
302,674.0499999999997 ms
302,697.25 ms
302,713.0999999999999 ms
302,715.05 ms
302,721.1499999999999 ms
302,740.6499999999999 ms
302,761.3 ms
302,768.1499999999999 ms
302,783.55 ms
302,802.3999999999999 ms
302,807.6499999999999 ms
302,815.3500000000001 ms
302,819.0 ms
302,828.5999999999999 ms
302,835.3000000000002 ms
302,835.5999999999999 ms
302,840.0500000000002 ms
302,855.9000000000001 ms
302,859.4000000000001 ms
302,862.2 ms
302,890.3500000000001 ms
302,892.1000000000001 ms
302,912.45 ms
302,931.05 ms
302,941.7 ms
302,948.9000000000001 ms
302,956.8000000000002 ms
302,969.5500000000002 ms
302,998.4000000000001 ms
302,1001.0500000000002 ms
302,1011.75 ms
302,1016.0500000000002 ms
302,1016.3499999999999 ms
302,1039.0499999999997 ms
302,1048.7000000000003 ms
302,1058.9 ms
302,1064.2000000000003 ms
302,1077.7999999999997 ms
302,1085.0 ms
302,1097.6999999999998 ms
302,1139.6000000000004 ms
302,1144.15 ms
302,1148.15 ms
302,1148.8000000000002 ms
302,1166.1000000000004 ms
302,1168.9499999999998 ms
302,1177.3500000000004 ms
302,1189.3000000000002 ms
302,1218.1000000000004 ms
302,1220.6000000000004 ms
302,1248.4 ms
302,1252.6 ms
302,1253.65 ms
302,1262.5500000000002 ms
302,1267.2000000000003 ms
302,1293.9 ms
302,1295.8000000000006 ms
302,1308.4 ms
302,1333.7000000000003 ms
302,1366.0500000000002 ms
302,1369.65 ms
302,1370.85 ms
302,1373.8000000000002 ms
302,1382.5500000000002 ms
302,1383.2000000000003 ms
302,1383.5000000000005 ms
302,1390.7000000000003 ms
302,1393.7500000000005 ms
302,1401.15 ms
302,1420.65 ms
302,1423.1000000000004 ms
302,1436.6000000000004 ms
302,1445.9500000000003 ms
302,1458.3000000000002 ms
302,1462.9500000000003 ms
302,1463.9 ms
302,1481.65 ms
302,1492.1000000000004 ms
302,1500.5500000000002 ms
302,1503.8500000000004 ms
302,1520.9000000000005 ms
302,1522.8500000000004 ms
302,1563.6500000000005 ms
302,1583.75 ms
302,1587.8000000000002 ms
302,1596.3000000000002 ms
302,1604.5500000000002 ms
302,1631.9500000000003 ms
302,1632.0500000000002 ms
302,1633.5500000000002 ms
302,1642.2000000000003 ms
302,1656.9 ms
302,1663.4500000000003 ms
302,1668.4500000000003 ms
302,1707.1000000000004 ms
302,1721.5000000000005 ms
302,1723.3500000000004 ms
302,1730.3500000000004 ms
302,1733.1000000000004 ms
302,1736.0500000000002 ms
302,1742.8500000000004 ms
302,1747.5000000000005 ms
302,1751.1000000000004 ms
302,1753.7500000000005 ms
302,1765.5500000000006 ms
302,1776.3000000000006 ms
302,1793.0500000000006 ms
302,1809.3000000000006 ms
302,1833.6000000000004 ms
302,1838.3000000000002 ms
302,1850.4500000000007 ms
302,1851.1000000000004 ms
302,1862.500000000001 ms
302,1892.6500000000005 ms
302,1937.750000000001 ms
302,1989.9500000000007 ms
302,2011.0500000000006 ms
302,2029.3500000000008 ms
302,2029.6000000000008 ms
302,2033.7000000000003 ms
302,2040.2500000000005 ms
302,2047.2500000000005 ms
302,2075.1 ms
302,2089.15 ms
302,2091.2500000000005 ms
302,2119.3000000000006 ms
302,2134.350000000001 ms
302,2137.150000000001 ms
302,2141.0500000000015 ms
302,2141.7500000000014 ms
302,2142.5500000000015 ms
302,2168.950000000001 ms
302,2171.650000000001 ms
302,2199.150000000001 ms
302,2207.5500000000015 ms
302,2214.150000000001 ms
302,2221.5000000000005 ms
302,2264.2500000000014 ms
302,2265.0000000000005 ms
302,2281.2000000000003 ms
302,2281.5500000000006 ms
302,2281.700000000001 ms
302,2291.900000000001 ms
302,2294.0000000000005 ms
302,2321.85 ms
302,2331.5499999999997 ms
302,2344.3000000000006 ms
302,2349.9500000000003 ms
302,2378.9500000000003 ms
302,2380.2000000000003 ms
302,2385.2500000000005 ms
302,2397.2000000000003 ms
302,2400.850000000001 ms
302,2412.1 ms
302,2416.65 ms
302,2417.2000000000003 ms
302,2417.600000000001 ms
302,2442.9500000000003 ms
302,2444.2500000000005 ms
302,2452.7000000000003 ms
302,2491.5500000000006 ms
302,2495.7500000000005 ms
302,2505.150000000001 ms
302,2510.0000000000005 ms
302,2512.650000000001 ms
302,2513.65 ms
302,2527.85 ms
302,2543.5499999999997 ms
302,2556.6 ms
302,2586.2500000000005 ms
302,2617.900000000001 ms
302,2618.5500000000006 ms
302,2619.450000000001 ms
302,2640.4500000000003 ms
302,2650.200000000001 ms
302,2655.150000000001 ms
302,2657.7500000000005 ms
302,2671.400000000001 ms
302,2678.950000000001 ms
302,2713.150000000001 ms
302,2746.7500000000005 ms
302,2749.4500000000003 ms
302,2758.7000000000003 ms
302,2771.850000000001 ms
302,2788.150000000001 ms
302,2832.3000000000006 ms
302,2835.600000000001 ms
302,2871.900000000001 ms
302,2872.600000000001 ms
302,2882.2500000000014 ms
302,2888.450000000001 ms
302,2894.350000000001 ms
302,2900.4500000000003 ms
302,2907.200000000001 ms
302,2907.400000000001 ms
302,2913.65 ms
302,2923.5000000000005 ms
302,2925.150000000001 ms
302,2957.600000000001 ms
302,2972.8000000000006 ms
302,3008.5000000000005 ms
302,3021.0500000000006 ms
302,3024.850000000001 ms
302,3032.6 ms
302,3046.850000000001 ms
302,3072.7500000000005 ms
302,3073.2500000000005 ms
302,3076.6 ms
302,3083.9500000000003 ms
302,3090.5499999999997 ms
302,3104.2499999999995 ms
302,3114.2999999999997 ms
302,3119.9 ms
302,3151.2499999999995 ms
302,3181.0499999999997 ms
302,3183.65 ms
302,3185.65 ms
302,3195.9500000000003 ms
302,3235.2500000000005 ms
302,3238.0500000000006 ms
302,3247.3000000000006 ms
302,3267.0000000000005 ms
302,3314.2500000000005 ms
302,3314.7500000000005 ms
302,3326.1 ms
302,3342.2000000000003 ms
302,3349.850000000001 ms
302,3356.85 ms
302,3378.7500000000005 ms
302,3387.5500000000006 ms
302,3403.7500000000005 ms
302,3415.9500000000003 ms
302,3437.15 ms
302,3449.4999999999995 ms
302,3458.35 ms
302,3467.4499999999994 ms
302,3469.2000000000003 ms
302,3471.9 ms
302,3490.899999999999 ms
302,3507.9499999999994 ms
302,3517.149999999999 ms
302,3522.9 ms
302,3532.85 ms
302,3551.4 ms
302,3554.7999999999997 ms
302,3583.4500000000003 ms
302,3595.6999999999994 ms
302,3602.7999999999997 ms
302,3628.2499999999995 ms
302,3639.4499999999994 ms
302,3656.9999999999995 ms
302,3668.599999999999 ms
302,3671.899999999999 ms
302,3736.9 ms
302,3739.2499999999995 ms
302,3744.5499999999997 ms
302,3756.85 ms
302,3757.9 ms
302,3774.2000000000003 ms
302,3776.15 ms
302,3793.9500000000003 ms
302,3795.4500000000003 ms
302,3804.5499999999997 ms
302,3807.4 ms
302,3842.7499999999995 ms
302,3851.0499999999997 ms
302,3855.0500000000006 ms
302,3860.350000000001 ms
302,3873.9500000000003 ms
302,3891.7000000000003 ms
302,3897.9500000000003 ms
302,3900.7500000000005 ms
302,3914.8000000000006 ms
302,3915.2500000000005 ms
302,3923.0000000000005 ms
302,3930.400000000001 ms
302,3937.200000000001 ms
302,3938.650000000001 ms
302,3953.350000000001 ms
302,3963.0500000000006 ms
302,3963.7000000000003 ms
302,3988.5499999999997 ms
302,3992.4 ms
303,0.45 ms
303,2.2 ms
303,24.05 ms
303,68.25 ms
303,86.65 ms
303,93.4 ms
303,93.80000000000001 ms
303,95.70000000000002 ms
303,100.70000000000002 ms
303,107.05000000000001 ms
303,110.4 ms
303,138.0 ms
303,138.39999999999998 ms
303,149.20000000000005 ms
303,156.10000000000002 ms
303,178.20000000000005 ms
303,186.55 ms
303,201.7 ms
303,250.3 ms
303,268.24999999999994 ms
303,270.7 ms
303,271.75000000000006 ms
303,272.15000000000003 ms
303,286.8 ms
303,322.2999999999999 ms
303,322.6999999999999 ms
303,341.6499999999999 ms
303,349.7999999999999 ms
303,375.0499999999999 ms
303,408.59999999999997 ms
303,432.2999999999999 ms
303,442.6499999999999 ms
303,444.99999999999994 ms
303,449.55 ms
303,467.49999999999994 ms
303,473.3999999999999 ms
303,474.7999999999999 ms
303,475.4499999999999 ms
303,476.7999999999999 ms
303,479.59999999999997 ms
303,486.34999999999985 ms
303,506.4499999999999 ms
303,527.25 ms
303,536.0499999999997 ms
303,546.1999999999998 ms
303,549.5499999999997 ms
303,558.6999999999998 ms
303,563.3999999999999 ms
303,564.3499999999999 ms
303,565.5 ms
303,572.0499999999997 ms
303,579.3499999999999 ms
303,580.5499999999997 ms
303,581.4499999999998 ms
303,586.3999999999999 ms
303,642.1999999999998 ms
303,652.5999999999999 ms
303,652.8999999999996 ms
303,696.2999999999997 ms
303,716.9999999999998 ms
303,754.0999999999997 ms
303,795.55 ms
303,807.6499999999999 ms
303,817.8 ms
303,820.1499999999999 ms
303,821.8499999999999 ms
303,825.0 ms
303,826.0499999999997 ms
303,828.5999999999999 ms
303,838.6499999999996 ms
303,849.2999999999997 ms
303,854.0999999999997 ms
303,879.0499999999997 ms
303,882.7499999999998 ms
303,895.2499999999998 ms
303,903.3499999999997 ms
303,915.3499999999997 ms
303,925.2499999999998 ms
303,929.4499999999998 ms
303,936.5999999999999 ms
303,947.8499999999999 ms
303,955.9499999999998 ms
303,964.2999999999997 ms
303,974.0499999999997 ms
303,974.6499999999999 ms
303,991.5999999999999 ms
303,1000.4499999999998 ms
303,1004.25 ms
303,1005.3999999999999 ms
303,1010.7499999999998 ms
303,1019.8999999999999 ms
303,1020.9499999999998 ms
303,1051.85 ms
303,1066.85 ms
303,1071.1 ms
303,1072.35 ms
303,1082.6999999999998 ms
303,1089.85 ms
303,1092.5499999999997 ms
303,1100.4500000000003 ms
303,1106.5 ms
303,1130.4499999999998 ms
303,1133.5500000000002 ms
303,1137.5 ms
303,1143.25 ms
303,1148.75 ms
303,1157.3000000000002 ms
303,1171.0 ms
303,1185.15 ms
303,1199.8000000000002 ms
303,1203.7000000000003 ms
303,1240.5500000000002 ms
303,1245.1000000000004 ms
303,1247.0 ms
303,1248.75 ms
303,1254.9500000000003 ms
303,1283.65 ms
303,1291.5500000000006 ms
303,1315.2500000000005 ms
303,1338.4500000000003 ms
303,1357.8500000000008 ms
303,1379.0000000000005 ms
303,1401.9500000000007 ms
303,1418.6500000000005 ms
303,1421.550000000001 ms
303,1453.1500000000005 ms
303,1454.8500000000008 ms
303,1455.000000000001 ms
303,1461.8500000000008 ms
303,1472.3000000000006 ms
303,1477.650000000001 ms
303,1509.1000000000008 ms
303,1532.4500000000007 ms
303,1541.6500000000005 ms
303,1544.6000000000008 ms
303,1551.9500000000007 ms
303,1594.500000000001 ms
303,1616.6000000000004 ms
303,1663.7000000000007 ms
303,1668.8000000000002 ms
303,1680.9500000000007 ms
303,1681.9500000000007 ms
303,1726.5000000000005 ms
303,1735.9500000000003 ms
303,1760.6500000000005 ms
303,1761.7500000000005 ms
303,1766.2000000000003 ms
303,1782.0000000000005 ms
303,1802.5000000000005 ms
303,1803.9500000000003 ms
303,1807.4500000000003 ms
303,1838.5500000000006 ms
303,1841.8500000000004 ms
303,1869.3500000000004 ms
303,1888.1500000000005 ms
303,1903.8500000000004 ms
303,1940.0500000000002 ms
303,1940.4500000000007 ms
303,1941.9500000000007 ms
303,1945.5500000000002 ms
303,1963.7500000000005 ms
303,1967.6500000000005 ms
303,1977.1500000000005 ms
303,2030.3500000000004 ms
303,2041.000000000001 ms
303,2053.100000000001 ms
303,2071.5000000000014 ms
303,2077.650000000001 ms
303,2096.650000000001 ms
303,2098.350000000001 ms
303,2117.5500000000006 ms
303,2164.350000000001 ms
303,2167.3000000000006 ms
303,2196.200000000001 ms
303,2201.9500000000003 ms
303,2207.8000000000006 ms
303,2225.3000000000006 ms
303,2236.4 ms
303,2259.0500000000006 ms
303,2285.2500000000005 ms
303,2286.4500000000003 ms
303,2313.7000000000003 ms
303,2317.65 ms
303,2321.5500000000006 ms
303,2353.2999999999997 ms
303,2372.3000000000006 ms
303,2401.15 ms
303,2402.9999999999995 ms
303,2414.7500000000005 ms
303,2422.4999999999995 ms
303,2437.5499999999997 ms
303,2465.4999999999995 ms
303,2476.85 ms
303,2502.5000000000005 ms
303,2516.9999999999995 ms
303,2533.65 ms
303,2534.4500000000003 ms
303,2580.65 ms
303,2591.2499999999995 ms
303,2596.2500000000005 ms
303,2615.5500000000006 ms
303,2622.7000000000003 ms
303,2627.2000000000003 ms
303,2640.600000000001 ms
303,2678.150000000001 ms
303,2678.5000000000005 ms
303,2696.85 ms
303,2724.9500000000003 ms
303,2728.350000000001 ms
303,2753.3000000000006 ms
303,2766.9 ms
303,2768.4999999999995 ms
303,2782.65 ms
303,2784.1 ms
303,2788.15 ms
303,2791.5500000000006 ms
303,2798.9500000000003 ms
303,2801.9 ms
303,2802.9 ms
303,2805.65 ms
303,2809.9 ms
303,2830.4 ms
303,2830.9500000000003 ms
303,2838.9500000000003 ms
303,2840.15 ms
303,2844.65 ms
303,2852.7499999999995 ms
303,2876.0000000000005 ms
303,2881.85 ms
303,2886.35 ms
303,2895.0000000000005 ms
303,2944.35 ms
303,2975.0499999999997 ms
303,2978.2000000000003 ms
303,3017.0000000000005 ms
303,3024.7499999999995 ms
303,3028.2999999999997 ms
303,3033.15 ms
303,3039.2000000000003 ms
303,3064.850000000001 ms
303,3066.0500000000006 ms
303,3094.0000000000005 ms
303,3113.5500000000006 ms
303,3114.7999999999997 ms
303,3125.6 ms
303,3144.2000000000003 ms
303,3144.600000000001 ms
303,3149.6 ms
303,3178.850000000001 ms
303,3237.6 ms
303,3254.2000000000003 ms
303,3284.2000000000003 ms
303,3292.4 ms
303,3315.15 ms
303,3327.65 ms
303,3355.1 ms
303,3368.4499999999994 ms
303,3370.7000000000003 ms
303,3372.85 ms
303,3376.9 ms
303,3377.15 ms
303,3380.2499999999995 ms
303,3390.6 ms
303,3412.4 ms
303,3425.85 ms
303,3433.65 ms
303,3452.9999999999995 ms
303,3453.5000000000005 ms
303,3470.4500000000003 ms
303,3500.4499999999994 ms
303,3517.2999999999997 ms
303,3521.2000000000003 ms
303,3547.1999999999994 ms
303,3548.7999999999997 ms
303,3610.4500000000003 ms
303,3632.0499999999997 ms
303,3637.399999999999 ms
303,3680.849999999999 ms
303,3684.1999999999994 ms
303,3687.1999999999994 ms
303,3696.899999999999 ms
303,3698.7999999999997 ms
303,3702.299999999999 ms
303,3712.399999999999 ms
303,3716.9999999999986 ms
303,3723.7499999999995 ms
303,3761.6999999999994 ms
303,3762.4999999999995 ms
303,3787.849999999999 ms
303,3798.2499999999995 ms
303,3821.4999999999986 ms
303,3824.149999999999 ms
303,3826.1999999999994 ms
303,3841.35 ms
303,3845.099999999999 ms
303,3856.2499999999995 ms
303,3861.9 ms
303,3863.399999999999 ms
303,3934.4999999999995 ms
303,3944.349999999999 ms
303,3960.35 ms
303,3981.099999999999 ms
304,11.25 ms
304,33.95 ms
304,35.35000000000001 ms
304,43.0 ms
304,46.7 ms
304,47.7 ms
304,81.05 ms
304,83.50000000000001 ms
304,85.00000000000001 ms
304,86.95000000000003 ms
304,96.90000000000002 ms
304,123.40000000000002 ms
304,124.05000000000003 ms
304,126.00000000000004 ms
304,149.05 ms
304,163.95000000000005 ms
304,171.10000000000002 ms
304,172.20000000000005 ms
304,179.60000000000002 ms
304,187.85000000000002 ms
304,200.6500000000001 ms
304,204.55000000000007 ms
304,206.30000000000007 ms
304,207.4000000000001 ms
304,214.9000000000001 ms
304,254.85000000000008 ms
304,263.4500000000001 ms
304,270.90000000000003 ms
304,286.2000000000001 ms
304,300.8000000000001 ms
304,316.65000000000015 ms
304,325.75000000000017 ms
304,328.55000000000024 ms
304,334.2000000000002 ms
304,338.1000000000002 ms
304,347.0500000000001 ms
304,372.3000000000001 ms
304,382.3500000000002 ms
304,390.2000000000002 ms
304,400.65000000000015 ms
304,402.40000000000015 ms
304,411.75000000000017 ms
304,424.15000000000015 ms
304,452.00000000000017 ms
304,470.4500000000001 ms
304,479.0500000000001 ms
304,482.00000000000017 ms
304,510.2000000000001 ms
304,514.2000000000003 ms
304,541.9500000000003 ms
304,579.0 ms
304,588.4000000000001 ms
304,600.0500000000002 ms
304,614.45 ms
304,616.95 ms
304,619.6500000000001 ms
304,634.1500000000001 ms
304,641.3500000000001 ms
304,642.2500000000002 ms
304,649.1000000000001 ms
304,655.9000000000001 ms
304,675.0500000000002 ms
304,682.7 ms
304,707.3500000000001 ms
304,712.8 ms
304,744.1000000000001 ms
304,756.8500000000001 ms
304,769.8500000000001 ms
304,781.05 ms
304,795.0000000000002 ms
304,809.1500000000001 ms
304,810.6500000000001 ms
304,819.1500000000001 ms
304,827.3000000000002 ms
304,837.5999999999999 ms
304,837.7 ms
304,885.8 ms
304,891.7500000000002 ms
304,903.9000000000001 ms
304,916.1000000000001 ms
304,938.5000000000002 ms
304,940.7 ms
304,941.6000000000001 ms
304,946.5500000000002 ms
304,963.3000000000002 ms
304,964.0500000000002 ms
304,964.9000000000001 ms
304,966.1000000000004 ms
304,974.2000000000003 ms
304,980.9500000000003 ms
304,987.8000000000002 ms
304,989.1000000000004 ms
304,996.4000000000001 ms
304,1001.2000000000003 ms
304,1002.1000000000001 ms
304,1006.7500000000002 ms
304,1015.55 ms
304,1023.55 ms
304,1048.7 ms
304,1048.95 ms
304,1060.7499999999998 ms
304,1067.3 ms
304,1073.55 ms
304,1076.7 ms
304,1093.2 ms
304,1098.1000000000001 ms
304,1104.7500000000002 ms
304,1118.55 ms
304,1121.3000000000004 ms
304,1143.3500000000001 ms
304,1147.5500000000004 ms
304,1152.7500000000002 ms
304,1176.9000000000003 ms
304,1185.6000000000006 ms
304,1192.2000000000005 ms
304,1193.9000000000003 ms
304,1220.95 ms
304,1222.3 ms
304,1223.7500000000002 ms
304,1228.4000000000003 ms
304,1237.8000000000004 ms
304,1249.9500000000005 ms
304,1274.0500000000004 ms
304,1287.7500000000007 ms
304,1298.6500000000008 ms
304,1304.3000000000009 ms
304,1309.4000000000008 ms
304,1311.0000000000007 ms
304,1315.6000000000006 ms
304,1317.0500000000004 ms
304,1327.1500000000003 ms
304,1328.2 ms
304,1336.9500000000005 ms
304,1341.1500000000003 ms
304,1348.3500000000006 ms
304,1350.0500000000004 ms
304,1362.9500000000005 ms
304,1381.7500000000002 ms
304,1402.1500000000003 ms
304,1405.4000000000008 ms
304,1407.5000000000007 ms
304,1453.2000000000005 ms
304,1457.2500000000002 ms
304,1472.7000000000005 ms
304,1477.0000000000002 ms
304,1481.0000000000007 ms
304,1481.8000000000004 ms
304,1481.9500000000005 ms
304,1493.3000000000004 ms
304,1522.8500000000001 ms
304,1548.6500000000003 ms
304,1574.5500000000004 ms
304,1581.7500000000007 ms
304,1587.9500000000005 ms
304,1589.9500000000005 ms
304,1606.5000000000002 ms
304,1619.8500000000001 ms
304,1621.2500000000002 ms
304,1633.7500000000007 ms
304,1644.4500000000005 ms
304,1655.7000000000005 ms
304,1705.0000000000002 ms
304,1725.0500000000004 ms
304,1761.0500000000004 ms
304,1764.1000000000001 ms
304,1765.3500000000006 ms
304,1769.6500000000003 ms
304,1774.3500000000006 ms
304,1778.9500000000005 ms
304,1809.95 ms
304,1821.6500000000003 ms
304,1858.6500000000003 ms
304,1859.0500000000004 ms
304,1862.0500000000004 ms
304,1864.4500000000005 ms
304,1875.1500000000008 ms
304,1876.8000000000009 ms
304,1878.6500000000008 ms
304,1880.1500000000003 ms
304,1898.3000000000004 ms
304,1899.0500000000009 ms
304,1899.9000000000008 ms
304,1902.8000000000009 ms
304,1917.700000000001 ms
304,1929.8000000000009 ms
304,1942.4000000000008 ms
304,1955.7000000000005 ms
304,1994.7500000000002 ms
304,2008.8500000000001 ms
304,2031.1000000000006 ms
304,2031.4500000000005 ms
304,2042.0000000000002 ms
304,2068.2000000000007 ms
304,2073.55 ms
304,2094.05 ms
304,2098.8500000000004 ms
304,2122.8 ms
304,2135.1500000000005 ms
304,2145.1500000000005 ms
304,2148.3 ms
304,2158.6500000000005 ms
304,2198.8 ms
304,2209.8500000000004 ms
304,2214.25 ms
304,2227.6500000000005 ms
304,2233.8500000000004 ms
304,2246.8500000000004 ms
304,2255.9500000000007 ms
304,2258.25 ms
304,2259.550000000001 ms
304,2273.0 ms
304,2290.2000000000007 ms
304,2302.8 ms
304,2310.55 ms
304,2311.45 ms
304,2315.6000000000004 ms
304,2316.1000000000004 ms
304,2366.6000000000004 ms
304,2377.2000000000007 ms
304,2395.55 ms
304,2402.1500000000005 ms
304,2415.55 ms
304,2422.05 ms
304,2427.9000000000005 ms
304,2436.75 ms
304,2442.7 ms
304,2465.45 ms
304,2488.1499999999996 ms
304,2518.25 ms
304,2523.3499999999995 ms
304,2528.2 ms
304,2529.0499999999993 ms
304,2529.449999999999 ms
304,2531.199999999999 ms
304,2569.8999999999996 ms
304,2584.499999999999 ms
304,2595.449999999999 ms
304,2602.699999999999 ms
304,2605.699999999999 ms
304,2610.1499999999987 ms
304,2625.0999999999985 ms
304,2639.699999999999 ms
304,2665.899999999998 ms
304,2683.0999999999985 ms
304,2683.999999999998 ms
304,2685.0999999999985 ms
304,2689.499999999998 ms
304,2698.949999999998 ms
304,2722.399999999998 ms
304,2733.199999999998 ms
304,2739.5999999999976 ms
304,2754.999999999998 ms
304,2762.3499999999985 ms
304,2806.699999999998 ms
304,2853.5499999999984 ms
304,2869.649999999998 ms
304,2871.899999999998 ms
304,2875.149999999998 ms
304,2881.249999999998 ms
304,2891.699999999997 ms
304,2897.5999999999976 ms
304,2898.949999999998 ms
304,2928.149999999997 ms
304,2932.7999999999975 ms
304,2944.149999999998 ms
304,2957.899999999998 ms
304,2967.149999999998 ms
304,2998.7999999999975 ms
304,3007.649999999998 ms
304,3035.899999999998 ms
304,3045.3499999999967 ms
304,3046.5499999999975 ms
304,3078.3499999999967 ms
304,3096.0499999999975 ms
304,3126.8499999999967 ms
304,3138.2999999999975 ms
304,3148.8499999999967 ms
304,3149.949999999997 ms
304,3151.0999999999967 ms
304,3167.2999999999975 ms
304,3179.8499999999967 ms
304,3188.949999999997 ms
304,3212.899999999997 ms
304,3213.3499999999967 ms
304,3217.0499999999965 ms
304,3227.4999999999964 ms
304,3229.5999999999967 ms
304,3235.0499999999956 ms
304,3247.0999999999967 ms
304,3250.0499999999956 ms
304,3252.3499999999967 ms
304,3266.699999999996 ms
304,3292.849999999996 ms
304,3299.4999999999964 ms
304,3305.7499999999964 ms
304,3314.3499999999967 ms
304,3349.199999999996 ms
304,3355.649999999996 ms
304,3359.2999999999956 ms
304,3368.2499999999964 ms
304,3379.9499999999953 ms
304,3411.9999999999964 ms
304,3424.2499999999964 ms
304,3426.599999999996 ms
304,3472.349999999996 ms
304,3492.199999999996 ms
304,3503.2999999999956 ms
304,3513.5499999999956 ms
304,3520.5499999999956 ms
304,3532.2999999999956 ms
304,3536.399999999996 ms
304,3576.149999999996 ms
304,3578.099999999995 ms
304,3625.649999999996 ms
304,3659.899999999996 ms
304,3662.2499999999955 ms
304,3671.1999999999953 ms
304,3672.649999999995 ms
304,3692.149999999995 ms
304,3694.899999999995 ms
304,3696.0499999999947 ms
304,3721.9499999999953 ms
304,3734.2499999999955 ms
304,3763.7499999999955 ms
304,3793.649999999995 ms
304,3823.099999999996 ms
304,3826.349999999996 ms
304,3835.1999999999953 ms
304,3836.2999999999956 ms
304,3836.7999999999956 ms
304,3853.099999999995 ms
304,3859.099999999995 ms
304,3868.9499999999953 ms
304,3872.849999999995 ms
304,3909.399999999996 ms
304,3916.599999999995 ms
304,3928.6999999999953 ms
304,3932.4499999999953 ms
304,3933.149999999995 ms
304,3941.7999999999947 ms
304,3947.9499999999953 ms
304,3949.5499999999956 ms
304,3964.849999999995 ms
304,3973.5499999999956 ms
304,3987.4499999999953 ms
305,20.1 ms
305,29.0 ms
305,31.5 ms
305,32.45 ms
305,58.5 ms
305,65.1 ms
305,107.65 ms
305,119.25 ms
305,121.1 ms
305,127.54999999999998 ms
305,128.74999999999997 ms
305,136.6 ms
305,149.94999999999996 ms
305,160.14999999999995 ms
305,161.79999999999998 ms
305,171.64999999999995 ms
305,190.19999999999996 ms
305,200.14999999999995 ms
305,213.94999999999996 ms
305,215.79999999999998 ms
305,233.79999999999998 ms
305,238.49999999999997 ms
305,252.4 ms
305,262.9 ms
305,269.6 ms
305,275.4 ms
305,280.94999999999993 ms
305,308.30000000000007 ms
305,309.75 ms
305,320.25 ms
305,322.95000000000005 ms
305,325.54999999999995 ms
305,328.79999999999995 ms
305,329.1 ms
305,334.20000000000005 ms
305,344.75 ms
305,368.4000000000001 ms
305,379.54999999999995 ms
305,401.75 ms
305,404.54999999999995 ms
305,413.1500000000001 ms
305,415.9000000000001 ms
305,417.6 ms
305,437.65 ms
305,443.05000000000007 ms
305,493.55000000000007 ms
305,503.05000000000007 ms
305,510.15 ms
305,520.0500000000001 ms
305,531.1999999999999 ms
305,535.1 ms
305,536.4 ms
305,549.6999999999999 ms
305,575.8499999999998 ms
305,589.2999999999998 ms
305,599.0500000000001 ms
305,601.2500000000001 ms
305,614.35 ms
305,629.5500000000001 ms
305,645.85 ms
305,689.8000000000001 ms
305,690.9000000000002 ms
305,705.4500000000002 ms
305,711.2500000000001 ms
305,771.9500000000002 ms
305,781.9499999999999 ms
305,802.4 ms
305,805.2500000000001 ms
305,821.0500000000001 ms
305,830.1500000000002 ms
305,848.7000000000002 ms
305,893.9000000000002 ms
305,902.15 ms
305,932.0000000000001 ms
305,933.7500000000001 ms
305,940.3500000000003 ms
305,944.0000000000001 ms
305,985.3000000000001 ms
305,1036.8000000000002 ms
305,1043.2000000000003 ms
305,1045.1000000000004 ms
305,1061.8500000000004 ms
305,1071.7500000000005 ms
305,1074.8500000000004 ms
305,1078.7500000000005 ms
305,1088.3500000000004 ms
305,1090.1000000000004 ms
305,1096.1000000000004 ms
305,1118.6500000000005 ms
305,1130.4000000000005 ms
305,1131.1500000000005 ms
305,1137.8000000000002 ms
305,1149.3000000000002 ms
305,1155.0000000000005 ms
305,1172.2500000000005 ms
305,1176.7500000000005 ms
305,1180.7000000000003 ms
305,1189.4500000000003 ms
305,1190.7000000000003 ms
305,1211.9000000000005 ms
305,1215.4500000000007 ms
305,1223.0500000000002 ms
305,1251.9500000000007 ms
305,1254.6000000000004 ms
305,1272.9500000000007 ms
305,1273.2000000000007 ms
305,1279.2000000000007 ms
305,1283.9000000000005 ms
305,1309.8000000000006 ms
305,1325.6500000000005 ms
305,1333.5500000000006 ms
305,1345.4500000000007 ms
305,1363.7000000000007 ms
305,1391.6500000000005 ms
305,1399.4000000000005 ms
305,1399.800000000001 ms
305,1400.3500000000008 ms
305,1415.500000000001 ms
305,1418.500000000001 ms
305,1429.2000000000007 ms
305,1433.800000000001 ms
305,1478.9500000000007 ms
305,1486.500000000001 ms
305,1535.300000000001 ms
305,1560.3500000000008 ms
305,1562.3500000000008 ms
305,1583.400000000001 ms
305,1588.150000000001 ms
305,1620.9500000000007 ms
305,1623.3500000000008 ms
305,1629.5500000000006 ms
305,1642.8500000000008 ms
305,1651.650000000001 ms
305,1676.2500000000005 ms
305,1685.5000000000005 ms
305,1685.6000000000008 ms
305,1688.0000000000005 ms
305,1701.6000000000008 ms
305,1707.1000000000008 ms
305,1715.1000000000008 ms
305,1732.7500000000005 ms
305,1759.5000000000005 ms
305,1761.0000000000005 ms
305,1761.2500000000005 ms
305,1774.8500000000008 ms
305,1787.3000000000006 ms
305,1793.6500000000005 ms
305,1806.2000000000007 ms
305,1809.6500000000005 ms
305,1836.8000000000006 ms
305,1862.1000000000008 ms
305,1865.5500000000006 ms
305,1909.0500000000006 ms
305,1916.6500000000005 ms
305,1929.2000000000007 ms
305,1953.8500000000004 ms
305,1972.4000000000005 ms
305,1983.8000000000006 ms
305,2003.2500000000005 ms
305,2059.4000000000005 ms
305,2088.1500000000005 ms
305,2090.750000000001 ms
305,2091.250000000001 ms
305,2124.2 ms
305,2134.45 ms
305,2151.55 ms
305,2175.05 ms
305,2178.75 ms
305,2182.3 ms
305,2195.6500000000005 ms
305,2225.1500000000005 ms
305,2226.6500000000005 ms
305,2229.6500000000005 ms
305,2237.4000000000005 ms
305,2268.95 ms
305,2284.95 ms
305,2290.500000000001 ms
305,2292.750000000001 ms
305,2335.4000000000005 ms
305,2343.6500000000005 ms
305,2346.250000000001 ms
305,2356.05 ms
305,2357.6000000000013 ms
305,2371.4000000000005 ms
305,2371.800000000001 ms
305,2386.7000000000007 ms
305,2405.1500000000015 ms
305,2407.9000000000015 ms
305,2408.750000000001 ms
305,2417.4000000000005 ms
305,2451.4500000000016 ms
305,2452.1000000000013 ms
305,2459.6500000000015 ms
305,2463.4000000000015 ms
305,2466.2000000000016 ms
305,2486.050000000002 ms
305,2487.750000000001 ms
305,2495.9500000000016 ms
305,2509.9000000000005 ms
305,2512.1000000000013 ms
305,2528.500000000001 ms
305,2545.1000000000013 ms
305,2556.8500000000013 ms
305,2589.1000000000013 ms
305,2595.55 ms
305,2598.6500000000005 ms
305,2604.7000000000007 ms
305,2643.6000000000004 ms
305,2653.6500000000015 ms
305,2654.1000000000004 ms
305,2665.800000000001 ms
305,2692.7000000000007 ms
305,2700.7000000000007 ms
305,2703.3500000000004 ms
305,2708.8500000000004 ms
305,2718.1000000000004 ms
305,2725.500000000001 ms
305,2749.1500000000005 ms
305,2752.9000000000005 ms
305,2755.4000000000005 ms
305,2770.2000000000016 ms
305,2777.8500000000013 ms
305,2803.4000000000015 ms
305,2821.6500000000015 ms
305,2853.6000000000013 ms
305,2862.500000000001 ms
305,2866.550000000002 ms
305,2894.4000000000015 ms
305,2898.6000000000013 ms
305,2902.050000000001 ms
305,2922.6500000000015 ms
305,2932.9000000000015 ms
305,2935.550000000001 ms
305,2937.1000000000013 ms
305,2951.750000000001 ms
305,2992.300000000002 ms
305,3000.500000000001 ms
305,3011.4500000000016 ms
305,3018.300000000001 ms
305,3040.9500000000007 ms
305,3062.4500000000007 ms
305,3092.750000000002 ms
305,3121.9500000000007 ms
305,3133.1000000000013 ms
305,3136.1500000000015 ms
305,3145.050000000001 ms
305,3152.9000000000015 ms
305,3162.9000000000015 ms
305,3169.550000000001 ms
305,3191.1500000000015 ms
305,3192.500000000002 ms
305,3193.9000000000015 ms
305,3201.050000000001 ms
305,3206.600000000002 ms
305,3219.850000000002 ms
305,3258.6500000000015 ms
305,3262.7000000000025 ms
305,3266.9500000000025 ms
305,3270.800000000002 ms
305,3287.550000000002 ms
305,3322.9000000000024 ms
305,3333.800000000002 ms
305,3338.2000000000016 ms
305,3356.9500000000016 ms
305,3402.350000000002 ms
305,3468.050000000002 ms
305,3475.6500000000024 ms
305,3478.300000000002 ms
305,3483.850000000002 ms
305,3488.9500000000025 ms
305,3497.050000000002 ms
305,3513.4500000000016 ms
305,3514.300000000002 ms
305,3517.7000000000016 ms
305,3517.9000000000024 ms
305,3535.4000000000024 ms
305,3545.300000000002 ms
305,3569.300000000002 ms
305,3569.750000000002 ms
305,3588.050000000002 ms
305,3598.300000000002 ms
305,3618.9500000000016 ms
305,3649.350000000002 ms
305,3650.9500000000025 ms
305,3652.300000000002 ms
305,3657.000000000002 ms
305,3665.500000000002 ms
305,3705.500000000002 ms
305,3730.100000000002 ms
305,3737.1500000000015 ms
305,3745.550000000002 ms
305,3767.1500000000024 ms
305,3770.6000000000013 ms
305,3784.050000000002 ms
305,3796.3500000000013 ms
305,3798.550000000002 ms
305,3805.000000000001 ms
305,3812.500000000001 ms
305,3825.550000000002 ms
305,3853.750000000001 ms
305,3864.800000000002 ms
305,3881.000000000001 ms
305,3892.4500000000016 ms
305,3893.050000000001 ms
305,3905.2000000000007 ms
305,3915.7000000000007 ms
305,3926.500000000002 ms
305,3990.3500000000013 ms
305,3992.4500000000016 ms
305,3995.4500000000016 ms
306,2.95 ms
306,8.25 ms
306,10.45 ms
306,20.6 ms
306,32.35 ms
306,43.70000000000001 ms
306,52.949999999999996 ms
306,53.4 ms
306,59.050000000000004 ms
306,62.85 ms
306,135.15 ms
306,139.49999999999997 ms
306,144.79999999999998 ms
306,146.4 ms
306,151.65 ms
306,154.49999999999997 ms
306,155.19999999999996 ms
306,219.55000000000004 ms
306,222.20000000000002 ms
306,222.4 ms
306,223.15 ms
306,230.80000000000004 ms
306,251.65 ms
306,253.4 ms
306,264.4 ms
306,280.79999999999995 ms
306,281.4 ms
306,290.15 ms
306,292.4 ms
306,301.0 ms
306,314.9 ms
306,336.04999999999995 ms
306,337.8499999999999 ms
306,346.25 ms
306,353.39999999999986 ms
306,381.54999999999995 ms
306,389.29999999999995 ms
306,401.8499999999999 ms
306,422.39999999999986 ms
306,452.29999999999995 ms
306,478.6999999999998 ms
306,546.3499999999999 ms
306,550.1999999999998 ms
306,552.55 ms
306,556.45 ms
306,598.8 ms
306,617.3 ms
306,618.05 ms
306,628.2 ms
306,630.3499999999999 ms
306,645.5999999999999 ms
306,654.4499999999998 ms
306,655.25 ms
306,672.5499999999997 ms
306,729.1999999999998 ms
306,749.6499999999999 ms
306,766.8499999999999 ms
306,767.5 ms
306,775.25 ms
306,779.0499999999997 ms
306,793.9499999999998 ms
306,802.0499999999997 ms
306,813.4499999999998 ms
306,817.7499999999998 ms
306,824.2999999999997 ms
306,834.1999999999998 ms
306,855.6499999999996 ms
306,865.4499999999998 ms
306,886.7999999999997 ms
306,887.8999999999996 ms
306,901.5499999999997 ms
306,909.7999999999997 ms
306,913.1499999999996 ms
306,929.3999999999996 ms
306,955.6499999999996 ms
306,958.5499999999997 ms
306,972.3999999999996 ms
306,1005.8499999999999 ms
306,1077.15 ms
306,1080.2499999999995 ms
306,1084.6 ms
306,1095.1999999999994 ms
306,1100.4499999999994 ms
306,1101.85 ms
306,1103.1999999999994 ms
306,1104.1499999999996 ms
306,1140.9999999999995 ms
306,1141.1999999999994 ms
306,1146.85 ms
306,1175.6 ms
306,1177.1999999999994 ms
306,1184.2999999999997 ms
306,1188.0999999999995 ms
306,1207.1499999999996 ms
306,1215.749999999999 ms
306,1239.8999999999996 ms
306,1270.4499999999994 ms
306,1286.3999999999992 ms
306,1296.4499999999994 ms
306,1300.4999999999995 ms
306,1322.1499999999992 ms
306,1344.4999999999995 ms
306,1347.7499999999995 ms
306,1350.099999999999 ms
306,1373.0499999999993 ms
306,1378.0499999999993 ms
306,1380.5499999999993 ms
306,1383.249999999999 ms
306,1385.5999999999995 ms
306,1390.749999999999 ms
306,1402.3499999999995 ms
306,1404.5499999999993 ms
306,1406.3999999999992 ms
306,1417.5499999999993 ms
306,1460.3499999999995 ms
306,1520.449999999999 ms
306,1550.7999999999993 ms
306,1555.449999999999 ms
306,1615.3999999999992 ms
306,1625.4499999999994 ms
306,1635.1499999999992 ms
306,1639.2999999999993 ms
306,1652.8999999999992 ms
306,1702.249999999999 ms
306,1712.6499999999992 ms
306,1718.2999999999993 ms
306,1733.5999999999995 ms
306,1742.1499999999992 ms
306,1742.7999999999993 ms
306,1755.6499999999992 ms
306,1783.999999999999 ms
306,1804.7999999999993 ms
306,1808.3999999999987 ms
306,1810.349999999999 ms
306,1839.7999999999988 ms
306,1871.499999999999 ms
306,1877.2999999999993 ms
306,1893.3999999999987 ms
306,1902.5499999999993 ms
306,1904.449999999999 ms
306,1920.2999999999993 ms
306,1940.2999999999993 ms
306,1946.699999999999 ms
306,1947.6499999999992 ms
306,1961.3999999999992 ms
306,1973.599999999999 ms
306,1987.7499999999995 ms
306,2015.9499999999994 ms
306,2059.899999999999 ms
306,2061.399999999999 ms
306,2079.9499999999994 ms
306,2081.9999999999995 ms
306,2103.1999999999994 ms
306,2132.1 ms
306,2144.099999999999 ms
306,2156.35 ms
306,2185.599999999999 ms
306,2194.4499999999994 ms
306,2194.6 ms
306,2195.7999999999997 ms
306,2196.799999999999 ms
306,2201.4999999999986 ms
306,2207.6999999999985 ms
306,2231.349999999999 ms
306,2249.4999999999995 ms
306,2279.099999999999 ms
306,2329.149999999999 ms
306,2346.599999999999 ms
306,2358.1999999999985 ms
306,2368.4499999999994 ms
306,2379.849999999999 ms
306,2394.899999999999 ms
306,2424.099999999999 ms
306,2435.549999999999 ms
306,2451.9499999999994 ms
306,2461.9999999999995 ms
306,2472.6999999999994 ms
306,2508.399999999999 ms
306,2520.3999999999983 ms
306,2533.649999999999 ms
306,2574.049999999999 ms
306,2584.4999999999986 ms
306,2595.7499999999986 ms
306,2614.9499999999985 ms
306,2634.1499999999983 ms
306,2641.4999999999977 ms
306,2642.599999999998 ms
306,2647.2499999999986 ms
306,2673.349999999998 ms
306,2697.849999999998 ms
306,2701.049999999998 ms
306,2710.6999999999985 ms
306,2718.299999999998 ms
306,2727.299999999998 ms
306,2736.4999999999977 ms
306,2764.6499999999983 ms
306,2770.7499999999977 ms
306,2797.849999999997 ms
306,2799.049999999997 ms
306,2800.749999999997 ms
306,2820.799999999997 ms
306,2828.3999999999974 ms
306,2830.499999999997 ms
306,2833.6999999999966 ms
306,2834.1499999999965 ms
306,2836.3499999999963 ms
306,2841.6499999999965 ms
306,2867.0999999999963 ms
306,2873.1499999999965 ms
306,2874.049999999997 ms
306,2887.749999999997 ms
306,2893.6499999999974 ms
306,2920.049999999997 ms
306,2955.549999999997 ms
306,2956.599999999997 ms
306,2963.2499999999977 ms
306,2980.799999999998 ms
306,2984.849999999998 ms
306,2992.4999999999977 ms
306,2998.349999999997 ms
306,2999.1999999999975 ms
306,3005.1499999999974 ms
306,3007.9499999999975 ms
306,3009.849999999998 ms
306,3011.099999999997 ms
306,3022.8999999999974 ms
306,3025.849999999997 ms
306,3051.1499999999974 ms
306,3122.099999999997 ms
306,3124.6499999999974 ms
306,3125.9499999999975 ms
306,3151.7499999999977 ms
306,3207.2499999999986 ms
306,3210.3999999999983 ms
306,3227.6999999999985 ms
306,3235.9999999999986 ms
306,3279.399999999999 ms
306,3286.549999999999 ms
306,3287.049999999999 ms
306,3292.1999999999994 ms
306,3305.9499999999985 ms
306,3317.6499999999983 ms
306,3331.4499999999985 ms
306,3359.9499999999994 ms
306,3382.049999999999 ms
306,3387.3999999999983 ms
306,3403.849999999998 ms
306,3435.349999999999 ms
306,3441.6999999999985 ms
306,3457.6499999999983 ms
306,3457.799999999999 ms
306,3461.1499999999983 ms
306,3486.549999999999 ms
306,3498.299999999998 ms
306,3508.349999999998 ms
306,3513.7499999999986 ms
306,3517.2499999999986 ms
306,3524.899999999999 ms
306,3530.849999999999 ms
306,3535.849999999998 ms
306,3542.3999999999983 ms
306,3544.899999999999 ms
306,3572.349999999999 ms
306,3601.549999999999 ms
306,3627.1499999999983 ms
306,3629.599999999998 ms
306,3637.099999999998 ms
306,3638.9499999999975 ms
306,3639.9999999999977 ms
306,3658.599999999998 ms
306,3668.299999999998 ms
306,3679.4499999999985 ms
306,3733.7499999999986 ms
306,3737.6499999999983 ms
306,3759.2499999999977 ms
306,3767.049999999998 ms
306,3781.2499999999977 ms
306,3788.7499999999986 ms
306,3810.299999999999 ms
306,3823.9999999999986 ms
306,3906.8999999999983 ms
306,3933.1499999999983 ms
306,3937.299999999999 ms
306,3950.3999999999983 ms
306,3953.9499999999985 ms
306,3959.1499999999983 ms
306,3966.9999999999977 ms
306,3972.099999999998 ms
306,3986.099999999998 ms
306,3996.349999999998 ms
307,2.35 ms
307,3.9999999999999996 ms
307,15.55 ms
307,18.45 ms
307,38.10000000000001 ms
307,42.750000000000014 ms
307,48.650000000000006 ms
307,51.2 ms
307,52.45 ms
307,75.45 ms
307,88.65000000000002 ms
307,90.85000000000001 ms
307,100.7 ms
307,109.65000000000002 ms
307,135.0 ms
307,146.40000000000003 ms
307,158.00000000000006 ms
307,158.3 ms
307,175.05 ms
307,183.05 ms
307,209.3 ms
307,219.45000000000005 ms
307,226.65000000000003 ms
307,226.95000000000005 ms
307,247.95000000000005 ms
307,255.20000000000005 ms
307,257.70000000000005 ms
307,261.5 ms
307,273.6500000000001 ms
307,294.45000000000005 ms
307,302.85 ms
307,315.80000000000007 ms
307,327.85 ms
307,332.20000000000005 ms
307,332.75 ms
307,334.6500000000001 ms
307,335.95000000000005 ms
307,346.95000000000005 ms
307,376.80000000000007 ms
307,382.9000000000001 ms
307,402.45000000000005 ms
307,413.60000000000014 ms
307,436.0 ms
307,439.25 ms
307,443.20000000000005 ms
307,450.75 ms
307,458.70000000000005 ms
307,473.70000000000005 ms
307,504.85 ms
307,505.20000000000005 ms
307,522.3 ms
307,534.7500000000002 ms
307,538.4000000000001 ms
307,546.3000000000002 ms
307,551.5999999999999 ms
307,574.5 ms
307,581.9000000000001 ms
307,585.3499999999999 ms
307,603.3499999999999 ms
307,604.8499999999999 ms
307,619.6500000000001 ms
307,633.75 ms
307,643.4000000000001 ms
307,670.55 ms
307,672.25 ms
307,674.5 ms
307,677.1500000000001 ms
307,697.6500000000001 ms
307,699.1999999999998 ms
307,699.8499999999999 ms
307,706.6999999999998 ms
307,708.4499999999998 ms
307,721.1500000000001 ms
307,725.75 ms
307,750.95 ms
307,756.8500000000001 ms
307,780.25 ms
307,796.3 ms
307,802.3999999999999 ms
307,802.8999999999999 ms
307,805.3500000000001 ms
307,865.6000000000001 ms
307,877.3500000000001 ms
307,881.3500000000001 ms
307,886.6499999999999 ms
307,901.45 ms
307,904.5999999999999 ms
307,916.5999999999999 ms
307,920.6999999999998 ms
307,925.05 ms
307,932.3 ms
307,935.45 ms
307,946.6499999999999 ms
307,950.8 ms
307,960.2 ms
307,964.3999999999999 ms
307,974.3999999999999 ms
307,981.75 ms
307,999.05 ms
307,1001.55 ms
307,1018.1499999999999 ms
307,1022.8999999999999 ms
307,1035.4000000000003 ms
307,1038.6499999999999 ms
307,1067.45 ms
307,1067.55 ms
307,1076.3999999999999 ms
307,1082.1000000000001 ms
307,1082.8499999999997 ms
307,1085.3 ms
307,1092.55 ms
307,1103.8499999999997 ms
307,1113.1000000000001 ms
307,1139.45 ms
307,1142.7499999999998 ms
307,1150.95 ms
307,1153.6499999999999 ms
307,1181.6499999999999 ms
307,1191.6000000000001 ms
307,1198.1499999999999 ms
307,1198.3500000000001 ms
307,1213.1499999999999 ms
307,1213.4999999999998 ms
307,1214.3999999999999 ms
307,1223.8500000000001 ms
307,1233.05 ms
307,1249.7500000000002 ms
307,1284.1500000000003 ms
307,1295.7500000000002 ms
307,1306.9999999999998 ms
307,1313.95 ms
307,1382.7499999999998 ms
307,1385.2500000000002 ms
307,1385.7499999999998 ms
307,1391.3999999999999 ms
307,1392.55 ms
307,1393.6499999999999 ms
307,1396.9999999999998 ms
307,1416.0000000000002 ms
307,1447.7 ms
307,1460.2499999999998 ms
307,1460.5999999999997 ms
307,1466.9999999999998 ms
307,1469.3499999999997 ms
307,1483.3500000000001 ms
307,1496.8 ms
307,1504.55 ms
307,1506.1499999999999 ms
307,1514.8999999999999 ms
307,1550.2499999999998 ms
307,1560.5499999999995 ms
307,1565.3999999999994 ms
307,1571.6499999999999 ms
307,1590.2499999999998 ms
307,1601.3999999999999 ms
307,1610.5999999999997 ms
307,1639.7499999999998 ms
307,1666.7499999999998 ms
307,1669.45 ms
307,1691.9499999999996 ms
307,1695.95 ms
307,1731.6499999999999 ms
307,1732.1999999999996 ms
307,1743.2499999999998 ms
307,1743.3499999999997 ms
307,1744.8499999999997 ms
307,1745.6499999999994 ms
307,1754.7499999999993 ms
307,1757.1999999999996 ms
307,1766.6999999999996 ms
307,1778.9499999999996 ms
307,1784.0499999999995 ms
307,1792.6999999999996 ms
307,1793.0999999999997 ms
307,1805.9999999999998 ms
307,1815.8999999999999 ms
307,1867.3500000000001 ms
307,1880.5000000000002 ms
307,1894.2 ms
307,1908.8 ms
307,1949.5999999999997 ms
307,1957.3999999999999 ms
307,1974.3999999999999 ms
307,1978.2499999999998 ms
307,1978.8499999999997 ms
307,2016.0999999999997 ms
307,2021.3999999999994 ms
307,2026.2499999999993 ms
307,2047.7499999999998 ms
307,2081.7999999999993 ms
307,2084.3999999999996 ms
307,2088.2 ms
307,2096.75 ms
307,2099.05 ms
307,2099.25 ms
307,2114.6000000000004 ms
307,2117.6000000000004 ms
307,2137.2999999999993 ms
307,2146.3999999999996 ms
307,2161.1499999999996 ms
307,2180.5 ms
307,2192.5499999999993 ms
307,2215.25 ms
307,2219.5999999999995 ms
307,2230.0499999999993 ms
307,2243.699999999999 ms
307,2245.6499999999996 ms
307,2252.5999999999985 ms
307,2260.0499999999993 ms
307,2267.5999999999985 ms
307,2271.8999999999996 ms
307,2297.5499999999993 ms
307,2323.1499999999996 ms
307,2332.8499999999985 ms
307,2390.6499999999996 ms
307,2409.5499999999993 ms
307,2415.749999999999 ms
307,2429.5999999999995 ms
307,2467.6499999999987 ms
307,2470.6499999999987 ms
307,2473.3499999999995 ms
307,2487.699999999999 ms
307,2496.0499999999993 ms
307,2504.0499999999993 ms
307,2511.0499999999993 ms
307,2512.2999999999993 ms
307,2526.999999999998 ms
307,2535.699999999999 ms
307,2560.449999999999 ms
307,2588.249999999998 ms
307,2603.8999999999987 ms
307,2615.249999999999 ms
307,2640.5999999999985 ms
307,2643.499999999998 ms
307,2653.3499999999985 ms
307,2656.449999999999 ms
307,2680.899999999998 ms
307,2713.199999999999 ms
307,2729.749999999998 ms
307,2747.699999999999 ms
307,2747.949999999999 ms
307,2760.149999999998 ms
307,2766.999999999998 ms
307,2769.7999999999984 ms
307,2771.7999999999984 ms
307,2776.8999999999987 ms
307,2801.5999999999976 ms
307,2811.8999999999987 ms
307,2828.249999999998 ms
307,2854.199999999998 ms
307,2859.449999999998 ms
307,2876.999999999998 ms
307,2884.449999999998 ms
307,2894.7999999999984 ms
307,2923.449999999998 ms
307,2933.899999999998 ms
307,2977.199999999998 ms
307,2981.149999999998 ms
307,2984.499999999998 ms
307,2992.649999999998 ms
307,2995.8499999999976 ms
307,2996.149999999998 ms
307,3045.199999999998 ms
307,3070.699999999998 ms
307,3071.699999999998 ms
307,3106.8499999999976 ms
307,3141.1499999999987 ms
307,3168.8499999999976 ms
307,3173.199999999998 ms
307,3201.8499999999976 ms
307,3211.2999999999984 ms
307,3229.0999999999976 ms
307,3231.5999999999976 ms
307,3237.3999999999987 ms
307,3249.3999999999987 ms
307,3256.199999999998 ms
307,3272.2999999999984 ms
307,3282.749999999998 ms
307,3302.8499999999985 ms
307,3303.249999999998 ms
307,3307.899999999998 ms
307,3309.7999999999984 ms
307,3329.449999999998 ms
307,3329.5999999999985 ms
307,3333.1499999999987 ms
307,3345.3499999999985 ms
307,3348.0999999999985 ms
307,3361.7999999999984 ms
307,3365.0999999999985 ms
307,3366.5499999999984 ms
307,3380.8499999999985 ms
307,3427.0499999999984 ms
307,3434.199999999998 ms
307,3472.3999999999987 ms
307,3482.0499999999984 ms
307,3494.449999999998 ms
307,3496.3999999999987 ms
307,3503.1499999999987 ms
307,3537.8499999999976 ms
307,3539.699999999998 ms
307,3542.199999999998 ms
307,3557.199999999998 ms
307,3558.649999999998 ms
307,3579.899999999998 ms
307,3585.199999999998 ms
307,3588.649999999998 ms
307,3589.0499999999975 ms
307,3589.499999999998 ms
307,3599.149999999998 ms
307,3602.5999999999976 ms
307,3610.3499999999976 ms
307,3617.0999999999976 ms
307,3621.4999999999973 ms
307,3622.4999999999973 ms
307,3633.199999999998 ms
307,3679.7999999999975 ms
307,3680.8499999999976 ms
307,3683.7499999999973 ms
307,3695.2499999999973 ms
307,3705.649999999998 ms
307,3726.0499999999975 ms
307,3730.5999999999985 ms
307,3734.8499999999985 ms
307,3758.899999999998 ms
307,3760.449999999999 ms
307,3774.2999999999984 ms
307,3792.699999999998 ms
307,3805.0499999999984 ms
307,3806.0999999999985 ms
307,3806.699999999999 ms
307,3810.649999999998 ms
307,3817.399999999998 ms
307,3818.499999999998 ms
307,3889.7999999999984 ms
307,3896.699999999998 ms
307,3903.499999999999 ms
307,3905.1499999999987 ms
307,3909.699999999999 ms
307,3937.5999999999985 ms
307,3947.2999999999993 ms
307,3949.699999999999 ms
307,3958.3499999999985 ms
307,3962.999999999999 ms
307,3963.249999999999 ms
307,3980.199999999999 ms
307,3999.0499999999993 ms
307,3999.2999999999993 ms
308,10.05 ms
308,17.200000000000003 ms
308,21.85 ms
308,46.15 ms
308,62.90000000000001 ms
308,74.25 ms
308,81.94999999999999 ms
308,95.44999999999999 ms
308,107.44999999999999 ms
308,121.4 ms
308,122.4 ms
308,122.80000000000001 ms
308,146.40000000000003 ms
308,147.45 ms
308,157.60000000000002 ms
308,170.35000000000002 ms
308,172.65000000000003 ms
308,189.40000000000003 ms
308,208.10000000000002 ms
308,212.85000000000002 ms
308,214.0 ms
308,224.90000000000003 ms
308,227.95000000000005 ms
308,238.45000000000005 ms
308,244.70000000000005 ms
308,256.55000000000007 ms
308,261.1 ms
308,284.7500000000001 ms
308,322.35 ms
308,328.6 ms
308,341.7500000000001 ms
308,355.65 ms
308,356.55000000000007 ms
308,367.0 ms
308,379.79999999999995 ms
308,382.25 ms
308,383.15 ms
308,395.85 ms
308,404.54999999999995 ms
308,407.19999999999993 ms
308,416.65 ms
308,421.8499999999999 ms
308,425.5999999999999 ms
308,444.04999999999995 ms
308,465.29999999999995 ms
308,493.3499999999999 ms
308,502.69999999999993 ms
308,505.9 ms
308,574.4499999999999 ms
308,588.3499999999998 ms
308,594.6499999999997 ms
308,595.2499999999999 ms
308,598.7499999999999 ms
308,619.0499999999998 ms
308,635.7999999999998 ms
308,647.0499999999998 ms
308,647.4499999999997 ms
308,652.4499999999999 ms
308,654.5999999999998 ms
308,655.5499999999998 ms
308,659.7499999999999 ms
308,664.7499999999999 ms
308,666.6499999999997 ms
308,717.4 ms
308,732.1 ms
308,761.0500000000001 ms
308,766.7500000000001 ms
308,778.3000000000001 ms
308,804.4 ms
308,830.15 ms
308,835.6 ms
308,849.2499999999999 ms
308,853.5499999999998 ms
308,861.0999999999998 ms
308,870.35 ms
308,879.1999999999999 ms
308,883.3499999999998 ms
308,892.1499999999997 ms
308,916.7999999999998 ms
308,928.5499999999998 ms
308,930.7999999999998 ms
308,934.5499999999998 ms
308,958.4499999999997 ms
308,977.2999999999998 ms
308,1024.35 ms
308,1034.1999999999998 ms
308,1036.7999999999997 ms
308,1047.8999999999996 ms
308,1080.3499999999995 ms
308,1080.5999999999995 ms
308,1118.0999999999995 ms
308,1123.5499999999997 ms
308,1126.8999999999996 ms
308,1155.0499999999997 ms
308,1183.1999999999998 ms
308,1184.1 ms
308,1188.6 ms
308,1190.9 ms
308,1199.65 ms
308,1202.9499999999998 ms
308,1207.1499999999996 ms
308,1214.6999999999998 ms
308,1215.1999999999998 ms
308,1234.25 ms
308,1240.0499999999997 ms
308,1255.3999999999996 ms
308,1271.4999999999995 ms
308,1274.5999999999995 ms
308,1284.2999999999993 ms
308,1299.0999999999995 ms
308,1305.9999999999995 ms
308,1307.6999999999994 ms
308,1320.1 ms
308,1336.9499999999994 ms
308,1352.9999999999995 ms
308,1383.7499999999995 ms
308,1389.1999999999994 ms
308,1402.6499999999996 ms
308,1408.1999999999998 ms
308,1427.9499999999998 ms
308,1464.4999999999995 ms
308,1475.2999999999997 ms
308,1476.6499999999992 ms
308,1498.4499999999994 ms
308,1529.3499999999995 ms
308,1553.0499999999993 ms
308,1555.1499999999996 ms
308,1557.5999999999995 ms
308,1565.0999999999995 ms
308,1583.1499999999996 ms
308,1603.1499999999996 ms
308,1607.999999999999 ms
308,1613.249999999999 ms
308,1628.5999999999995 ms
308,1631.5499999999993 ms
308,1631.6499999999992 ms
308,1658.4499999999994 ms
308,1659.5499999999988 ms
308,1661.849999999999 ms
308,1667.6499999999992 ms
308,1668.4999999999986 ms
308,1685.8999999999992 ms
308,1712.449999999999 ms
308,1716.599999999999 ms
308,1717.449999999999 ms
308,1720.599999999999 ms
308,1721.349999999999 ms
308,1739.0499999999988 ms
308,1745.9499999999994 ms
308,1750.1499999999992 ms
308,1763.4499999999994 ms
308,1783.349999999999 ms
308,1792.599999999999 ms
308,1793.9999999999995 ms
308,1800.599999999999 ms
308,1864.5499999999993 ms
308,1890.9499999999994 ms
308,1891.8499999999995 ms
308,1898.5499999999993 ms
308,1916.9499999999998 ms
308,1931.2499999999995 ms
308,1931.4999999999995 ms
308,1938.8999999999996 ms
308,1946.5499999999997 ms
308,1947.9999999999995 ms
308,1953.5499999999997 ms
308,1956.5499999999997 ms
308,1957.4499999999998 ms
308,1959.0 ms
308,1968.8999999999996 ms
308,1974.3999999999996 ms
308,1975.8000000000002 ms
308,1987.1 ms
308,2023.25 ms
308,2030.4499999999998 ms
308,2051.35 ms
308,2060.35 ms
308,2065.35 ms
308,2076.4 ms
308,2086.4500000000003 ms
308,2122.4 ms
308,2123.5500000000006 ms
308,2127.2500000000005 ms
308,2132.4 ms
308,2152.7499999999995 ms
308,2155.35 ms
308,2174.1999999999994 ms
308,2189.2499999999995 ms
308,2200.85 ms
308,2201.35 ms
308,2204.6999999999994 ms
308,2216.149999999999 ms
308,2220.0499999999997 ms
308,2221.649999999999 ms
308,2226.349999999999 ms
308,2238.4999999999995 ms
308,2245.6999999999994 ms
308,2262.549999999999 ms
308,2281.7999999999997 ms
308,2283.799999999999 ms
308,2284.2999999999997 ms
308,2284.85 ms
308,2295.099999999999 ms
308,2303.149999999999 ms
308,2310.4999999999995 ms
308,2310.599999999999 ms
308,2314.149999999999 ms
308,2353.9 ms
308,2357.649999999999 ms
308,2359.15 ms
308,2364.9500000000003 ms
308,2374.6999999999994 ms
308,2383.5499999999997 ms
308,2395.6 ms
308,2418.85 ms
308,2420.4499999999994 ms
308,2432.5499999999997 ms
308,2438.649999999999 ms
308,2438.849999999999 ms
308,2452.649999999999 ms
308,2457.7499999999995 ms
308,2472.849999999999 ms
308,2480.149999999999 ms
308,2484.349999999999 ms
308,2523.799999999999 ms
308,2530.7499999999986 ms
308,2533.4499999999985 ms
308,2542.599999999999 ms
308,2561.6999999999985 ms
308,2591.849999999999 ms
308,2625.099999999999 ms
308,2682.1999999999985 ms
308,2682.549999999999 ms
308,2685.9499999999994 ms
308,2689.649999999999 ms
308,2689.7499999999986 ms
308,2701.349999999998 ms
308,2710.1999999999985 ms
308,2793.3999999999983 ms
308,2794.8999999999983 ms
308,2794.9999999999977 ms
308,2803.599999999998 ms
308,2806.7499999999986 ms
308,2809.549999999999 ms
308,2848.6999999999985 ms
308,2850.6499999999983 ms
308,2853.349999999998 ms
308,2864.1499999999983 ms
308,2867.6499999999983 ms
308,2888.3999999999983 ms
308,2891.2499999999977 ms
308,2912.849999999998 ms
308,2915.6499999999983 ms
308,2933.4999999999977 ms
308,2947.849999999998 ms
308,2951.799999999998 ms
308,2954.3999999999974 ms
308,2962.599999999997 ms
308,2970.2499999999977 ms
308,2978.1999999999975 ms
308,2988.1999999999975 ms
308,3003.549999999997 ms
308,3068.1499999999974 ms
308,3085.049999999998 ms
308,3089.349999999998 ms
308,3089.849999999997 ms
308,3106.599999999998 ms
308,3110.299999999998 ms
308,3123.849999999998 ms
308,3134.099999999997 ms
308,3138.8999999999974 ms
308,3191.799999999998 ms
308,3198.099999999998 ms
308,3206.4499999999975 ms
308,3225.799999999998 ms
308,3234.849999999998 ms
308,3265.8999999999983 ms
308,3281.9499999999985 ms
308,3296.3999999999983 ms
308,3305.1499999999983 ms
308,3328.049999999999 ms
308,3358.049999999998 ms
308,3367.1499999999983 ms
308,3379.6999999999985 ms
308,3388.049999999998 ms
308,3393.7499999999977 ms
308,3408.099999999998 ms
308,3411.4499999999975 ms
308,3411.599999999998 ms
308,3424.2499999999986 ms
308,3429.9999999999977 ms
308,3439.2499999999986 ms
308,3443.599999999998 ms
308,3452.9499999999975 ms
308,3485.7499999999977 ms
308,3501.9999999999986 ms
308,3515.8999999999983 ms
308,3524.3999999999983 ms
308,3548.299999999999 ms
308,3562.1999999999985 ms
308,3565.299999999998 ms
308,3606.349999999998 ms
308,3608.849999999999 ms
308,3616.049999999999 ms
308,3624.8999999999983 ms
308,3627.1499999999983 ms
308,3629.849999999998 ms
308,3631.1999999999975 ms
308,3655.6999999999985 ms
308,3659.4499999999975 ms
308,3673.049999999998 ms
308,3681.1499999999974 ms
308,3691.2499999999977 ms
308,3702.6999999999975 ms
308,3705.799999999997 ms
308,3705.8999999999974 ms
308,3706.849999999997 ms
308,3715.1999999999966 ms
308,3716.049999999997 ms
308,3727.749999999997 ms
308,3741.3999999999974 ms
308,3756.799999999997 ms
308,3765.6999999999975 ms
308,3793.9499999999966 ms
308,3803.749999999997 ms
308,3862.2499999999977 ms
308,3873.599999999997 ms
308,3887.1999999999966 ms
308,3899.599999999997 ms
308,3914.1999999999966 ms
308,3945.749999999997 ms
308,3954.2499999999977 ms
308,3961.599999999997 ms
308,3985.799999999997 ms
309,5.7 ms
309,6.650000000000001 ms
309,13.95 ms
309,62.650000000000006 ms
309,63.10000000000001 ms
309,72.89999999999999 ms
309,75.85000000000001 ms
309,76.89999999999999 ms
309,91.2 ms
309,104.85000000000001 ms
309,106.14999999999999 ms
309,109.3 ms
309,119.39999999999999 ms
309,133.5 ms
309,135.5 ms
309,138.05 ms
309,153.40000000000003 ms
309,159.09999999999997 ms
309,203.8 ms
309,208.3 ms
309,221.40000000000003 ms
309,240.95 ms
309,263.65000000000003 ms
309,274.09999999999997 ms
309,280.7 ms
309,325.09999999999997 ms
309,355.1000000000001 ms
309,386.40000000000003 ms
309,396.4500000000001 ms
309,408.65000000000003 ms
309,410.09999999999997 ms
309,411.05 ms
309,459.2 ms
309,472.25000000000006 ms
309,478.2 ms
309,482.84999999999997 ms
309,486.65000000000003 ms
309,497.55 ms
309,521.45 ms
309,562.95 ms
309,563.55 ms
309,565.05 ms
309,578.2500000000002 ms
309,594.9000000000001 ms
309,613.7 ms
309,641.6000000000001 ms
309,661.8999999999999 ms
309,667.0 ms
309,671.1500000000001 ms
309,679.6999999999998 ms
309,681.1999999999998 ms
309,688.8 ms
309,700.75 ms
309,702.5999999999999 ms
309,703.6500000000001 ms
309,705.75 ms
309,733.7 ms
309,734.55 ms
309,735.5000000000002 ms
309,738.7 ms
309,748.7 ms
309,750.7 ms
309,771.2500000000002 ms
309,781.7500000000002 ms
309,789.05 ms
309,821.3500000000001 ms
309,851.3999999999999 ms
309,865.3500000000001 ms
309,879.0 ms
309,890.9000000000001 ms
309,908.0 ms
309,916.5 ms
309,924.8499999999999 ms
309,942.5500000000002 ms
309,950.25 ms
309,954.0 ms
309,977.75 ms
309,1004.9500000000003 ms
309,1005.9000000000001 ms
309,1014.2000000000003 ms
309,1031.7500000000002 ms
309,1042.4500000000005 ms
309,1047.6500000000003 ms
309,1050.1000000000006 ms
309,1055.9000000000003 ms
309,1061.0000000000002 ms
309,1098.3 ms
309,1118.2 ms
309,1124.8 ms
309,1137.2500000000002 ms
309,1137.4500000000005 ms
309,1142.5000000000002 ms
309,1144.5000000000002 ms
309,1154.8 ms
309,1171.3000000000004 ms
309,1175.3500000000001 ms
309,1194.1000000000001 ms
309,1201.3500000000001 ms
309,1214.0500000000004 ms
309,1252.3 ms
309,1253.1000000000001 ms
309,1266.3000000000004 ms
309,1274.4000000000003 ms
309,1284.1000000000001 ms
309,1299.0000000000002 ms
309,1300.2500000000002 ms
309,1312.5000000000002 ms
309,1318.1500000000003 ms
309,1322.0500000000004 ms
309,1323.0500000000004 ms
309,1326.7000000000005 ms
309,1331.9500000000005 ms
309,1332.4500000000005 ms
309,1350.1000000000006 ms
309,1360.5000000000007 ms
309,1407.8500000000006 ms
309,1415.1000000000006 ms
309,1425.5000000000007 ms
309,1433.3500000000006 ms
309,1436.7000000000005 ms
309,1464.8500000000006 ms
309,1495.5000000000007 ms
309,1511.1000000000006 ms
309,1511.6000000000006 ms
309,1512.3000000000009 ms
309,1516.7500000000007 ms
309,1536.450000000001 ms
309,1539.9000000000008 ms
309,1542.2500000000007 ms
309,1556.0500000000004 ms
309,1569.7000000000005 ms
309,1577.5000000000007 ms
309,1609.1000000000006 ms
309,1623.9500000000005 ms
309,1625.3500000000006 ms
309,1629.4500000000005 ms
309,1655.9000000000008 ms
309,1656.0500000000009 ms
309,1659.5000000000007 ms
309,1663.1000000000006 ms
309,1676.7000000000005 ms
309,1696.0000000000002 ms
309,1709.0000000000007 ms
309,1719.7500000000002 ms
309,1720.1500000000003 ms
309,1750.4500000000005 ms
309,1773.9500000000005 ms
309,1777.3500000000006 ms
309,1784.7000000000005 ms
309,1789.4000000000008 ms
309,1792.1500000000003 ms
309,1793.4500000000005 ms
309,1809.1500000000008 ms
309,1810.0500000000009 ms
309,1818.2500000000007 ms
309,1820.3000000000004 ms
309,1831.0500000000009 ms
309,1863.6000000000006 ms
309,1877.2000000000005 ms
309,1899.1500000000008 ms
309,1947.5500000000009 ms
309,1949.5000000000007 ms
309,1976.8000000000004 ms
309,1987.1000000000006 ms
309,1988.5000000000007 ms
309,1990.5500000000004 ms
309,2013.7500000000007 ms
309,2018.3500000000006 ms
309,2019.9500000000005 ms
309,2026.5500000000004 ms
309,2035.2000000000005 ms
309,2036.5500000000004 ms
309,2055.8500000000004 ms
309,2067.1500000000005 ms
309,2073.1000000000004 ms
309,2094.0 ms
309,2098.050000000001 ms
309,2106.4500000000007 ms
309,2127.300000000001 ms
309,2141.7000000000007 ms
309,2142.9000000000005 ms
309,2152.500000000001 ms
309,2160.3 ms
309,2229.500000000001 ms
309,2251.55 ms
309,2253.4000000000005 ms
309,2278.6000000000004 ms
309,2293.3 ms
309,2307.25 ms
309,2314.5 ms
309,2316.6499999999996 ms
309,2334.6499999999996 ms
309,2340.3999999999996 ms
309,2341.9500000000007 ms
309,2348.2000000000007 ms
309,2388.0 ms
309,2400.9500000000007 ms
309,2410.8500000000004 ms
309,2494.75 ms
309,2505.5 ms
309,2513.4500000000007 ms
309,2523.8500000000004 ms
309,2573.1000000000004 ms
309,2574.4500000000007 ms
309,2637.2000000000007 ms
309,2644.3 ms
309,2650.6000000000004 ms
309,2655.2000000000007 ms
309,2658.8 ms
309,2661.9000000000005 ms
309,2666.0999999999995 ms
309,2688.45 ms
309,2710.3 ms
309,2723.3999999999996 ms
309,2728.5999999999995 ms
309,2733.95 ms
309,2737.5499999999993 ms
309,2775.949999999999 ms
309,2780.1499999999996 ms
309,2800.3999999999996 ms
309,2850.0499999999993 ms
309,2871.449999999999 ms
309,2872.75 ms
309,2887.7999999999993 ms
309,2888.2999999999993 ms
309,2892.45 ms
309,2908.25 ms
309,2930.75 ms
309,2931.5 ms
309,2938.1000000000004 ms
309,2945.2999999999993 ms
309,2945.75 ms
309,2951.5499999999993 ms
309,2964.8500000000004 ms
309,2982.3999999999996 ms
309,2986.3999999999996 ms
309,3020.3500000000004 ms
309,3031.5499999999993 ms
309,3073.45 ms
309,3080.8 ms
309,3082.3 ms
309,3103.8999999999996 ms
309,3105.3999999999996 ms
309,3137.1499999999996 ms
309,3151.75 ms
309,3187.7999999999993 ms
309,3200.3500000000004 ms
309,3215.8999999999996 ms
309,3216.6499999999996 ms
309,3299.55 ms
309,3315.5 ms
309,3316.95 ms
309,3331.8 ms
309,3334.8999999999996 ms
309,3353.3499999999995 ms
309,3353.999999999999 ms
309,3378.7 ms
309,3381.8999999999987 ms
309,3393.6499999999987 ms
309,3396.7 ms
309,3400.1499999999987 ms
309,3400.999999999999 ms
309,3407.3999999999987 ms
309,3407.7 ms
309,3420.1499999999987 ms
309,3421.7999999999993 ms
309,3460.949999999999 ms
309,3463.699999999999 ms
309,3467.699999999999 ms
309,3495.3999999999996 ms
309,3502.0999999999985 ms
309,3520.2999999999993 ms
309,3530.699999999999 ms
309,3537.3499999999985 ms
309,3540.949999999999 ms
309,3553.499999999999 ms
309,3554.7999999999993 ms
309,3556.7999999999993 ms
309,3561.999999999999 ms
309,3578.1499999999987 ms
309,3587.499999999999 ms
309,3615.0499999999993 ms
309,3621.999999999999 ms
309,3641.999999999999 ms
309,3652.749999999999 ms
309,3710.699999999999 ms
309,3713.6499999999987 ms
309,3733.6499999999987 ms
309,3735.6499999999987 ms
309,3743.0499999999984 ms
309,3752.499999999999 ms
309,3754.5499999999984 ms
309,3760.199999999999 ms
309,3760.999999999999 ms
309,3778.749999999999 ms
309,3787.3999999999987 ms
309,3820.3499999999995 ms
309,3857.749999999999 ms
309,3865.0499999999993 ms
309,3867.749999999999 ms
309,3871.6499999999987 ms
309,3882.3499999999995 ms
309,3883.8999999999987 ms
309,3885.2 ms
309,3888.3999999999987 ms
309,3898.95 ms
309,3910.3999999999987 ms
309,3924.45 ms
309,3927.0499999999993 ms
309,3957.7999999999993 ms
310,6.9 ms
310,9.550000000000002 ms
310,10.65 ms
310,16.85 ms
310,19.85 ms
310,36.400000000000006 ms
310,40.25 ms
310,50.400000000000006 ms
310,99.80000000000001 ms
310,101.80000000000001 ms
310,102.85000000000002 ms
310,127.65 ms
310,137.6 ms
310,164.6 ms
310,171.35 ms
310,186.04999999999998 ms
310,195.45000000000002 ms
310,209.9 ms
310,219.29999999999998 ms
310,235.79999999999998 ms
310,237.45000000000002 ms
310,251.25000000000003 ms
310,253.85 ms
310,257.54999999999995 ms
310,260.85 ms
310,263.4 ms
310,264.55000000000007 ms
310,266.25 ms
310,267.54999999999995 ms
310,275.85 ms
310,323.30000000000007 ms
310,349.55000000000007 ms
310,360.35 ms
310,368.1 ms
310,381.1 ms
310,386.6 ms
310,390.9 ms
310,415.70000000000005 ms
310,449.0 ms
310,449.4000000000001 ms
310,466.54999999999995 ms
310,470.6500000000001 ms
310,480.70000000000005 ms
310,488.45000000000005 ms
310,494.4000000000001 ms
310,513.4000000000001 ms
310,541.5500000000002 ms
310,548.5 ms
310,557.25 ms
310,563.8000000000002 ms
310,564.0 ms
310,571.7000000000003 ms
310,571.9000000000001 ms
310,572.6500000000001 ms
310,573.5500000000002 ms
310,602.1000000000001 ms
310,605.8000000000002 ms
310,606.9500000000003 ms
310,612.8500000000001 ms
310,617.6500000000001 ms
310,633.45 ms
310,636.55 ms
310,640.2500000000002 ms
310,641.1000000000001 ms
310,647.3000000000002 ms
310,656.9500000000003 ms
310,664.7000000000003 ms
310,673.6000000000001 ms
310,682.6000000000001 ms
310,695.5500000000002 ms
310,702.1500000000001 ms
310,702.6500000000001 ms
310,719.5000000000002 ms
310,730.5000000000002 ms
310,757.1500000000003 ms
310,759.8000000000002 ms
310,775.3500000000001 ms
310,788.2500000000002 ms
310,817.2 ms
310,841.8000000000002 ms
310,847.9500000000003 ms
310,874.9000000000001 ms
310,889.7500000000002 ms
310,912.1500000000003 ms
310,916.5500000000002 ms
310,930.9500000000003 ms
310,936.25 ms
310,949.4000000000001 ms
310,958.9000000000001 ms
310,961.0 ms
310,969.6500000000001 ms
310,983.3500000000001 ms
310,985.9000000000001 ms
310,991.3000000000002 ms
310,992.2 ms
310,993.1000000000001 ms
310,998.45 ms
310,1008.3 ms
310,1010.2 ms
310,1016.05 ms
310,1022.5000000000002 ms
310,1029.7499999999998 ms
310,1037.3 ms
310,1042.3999999999999 ms
310,1043.3500000000001 ms
310,1045.3999999999999 ms
310,1052.8 ms
310,1063.45 ms
310,1088.1000000000001 ms
310,1088.7 ms
310,1091.3500000000001 ms
310,1096.5500000000004 ms
310,1105.9000000000003 ms
310,1126.2500000000002 ms
310,1129.8500000000001 ms
310,1154.3 ms
310,1157.1499999999999 ms
310,1168.6999999999996 ms
310,1193.0499999999995 ms
310,1207.6999999999996 ms
310,1219.45 ms
310,1222.9499999999996 ms
310,1258.95 ms
310,1272.8999999999999 ms
310,1276.3999999999999 ms
310,1279.2499999999998 ms
310,1284.8499999999997 ms
310,1322.3499999999997 ms
310,1348.6999999999996 ms
310,1350.1499999999999 ms
310,1357.0999999999997 ms
310,1360.3999999999994 ms
310,1361.6499999999999 ms
310,1362.9499999999996 ms
310,1367.7499999999993 ms
310,1368.9999999999998 ms
310,1375.1999999999996 ms
310,1397.8999999999999 ms
310,1414.4499999999996 ms
310,1452.3499999999997 ms
310,1458.3999999999994 ms
310,1463.4499999999996 ms
310,1477.3999999999999 ms
310,1483.5999999999997 ms
310,1484.4999999999998 ms
310,1536.45 ms
310,1557.6499999999999 ms
310,1563.8500000000001 ms
310,1564.5999999999997 ms
310,1579.1000000000001 ms
310,1582.2500000000002 ms
310,1588.05 ms
310,1597.2 ms
310,1599.1000000000001 ms
310,1604.2500000000002 ms
310,1616.7000000000005 ms
310,1621.0500000000004 ms
310,1648.9000000000003 ms
310,1653.95 ms
310,1670.95 ms
310,1674.3 ms
310,1687.2 ms
310,1704.4000000000003 ms
310,1723.5500000000004 ms
310,1735.0000000000002 ms
310,1750.4500000000005 ms
310,1757.2500000000002 ms
310,1764.3 ms
310,1767.2500000000002 ms
310,1770.6000000000001 ms
310,1775.0500000000004 ms
310,1800.6500000000003 ms
310,1801.3500000000001 ms
310,1806.3999999999999 ms
310,1811.8500000000001 ms
310,1812.1499999999999 ms
310,1822.8 ms
310,1839.1499999999999 ms
310,1862.7 ms
310,1874.3500000000001 ms
310,1878.0000000000002 ms
310,1879.6000000000001 ms
310,1904.5500000000004 ms
310,1921.6500000000003 ms
310,1923.7 ms
310,1928.2499999999998 ms
310,1934.2500000000002 ms
310,1935.7 ms
310,1936.6500000000003 ms
310,1949.0000000000002 ms
310,1990.4999999999998 ms
310,2011.8 ms
310,2013.45 ms
310,2018.9000000000003 ms
310,2022.7 ms
310,2034.2 ms
310,2040.8500000000001 ms
310,2062.1000000000004 ms
310,2081.4000000000005 ms
310,2098.4500000000007 ms
310,2104.250000000001 ms
310,2122.000000000001 ms
310,2122.8500000000013 ms
310,2134.4000000000005 ms
310,2232.250000000001 ms
310,2240.1500000000005 ms
310,2280.1500000000005 ms
310,2290.800000000001 ms
310,2294.1000000000013 ms
310,2300.500000000001 ms
310,2341.800000000002 ms
310,2366.1500000000015 ms
310,2368.9000000000015 ms
310,2394.2000000000016 ms
310,2397.7000000000016 ms
310,2412.550000000002 ms
310,2473.050000000002 ms
310,2477.8500000000013 ms
310,2484.050000000002 ms
310,2487.9000000000015 ms
310,2504.300000000001 ms
310,2538.750000000002 ms
310,2568.550000000001 ms
310,2570.500000000002 ms
310,2601.2000000000007 ms
310,2627.050000000001 ms
310,2630.800000000001 ms
310,2647.550000000001 ms
310,2671.050000000001 ms
310,2672.6500000000015 ms
310,2677.3500000000004 ms
310,2678.8500000000004 ms
310,2690.9000000000015 ms
310,2699.4000000000015 ms
310,2730.750000000001 ms
310,2739.550000000001 ms
310,2751.4000000000015 ms
310,2759.9500000000007 ms
310,2765.4500000000007 ms
310,2769.250000000002 ms
310,2771.8500000000013 ms
310,2779.1000000000013 ms
310,2800.750000000001 ms
310,2815.6500000000015 ms
310,2817.4500000000016 ms
310,2827.6500000000015 ms
310,2831.4500000000016 ms
310,2849.050000000002 ms
310,2886.000000000001 ms
310,2886.4500000000016 ms
310,2895.750000000001 ms
310,2935.300000000002 ms
310,2942.1000000000013 ms
310,2957.6500000000024 ms
310,2988.050000000002 ms
310,2991.600000000002 ms
310,3008.000000000002 ms
310,3011.550000000003 ms
310,3012.4500000000025 ms
310,3014.050000000003 ms
310,3014.1500000000024 ms
310,3033.6500000000024 ms
310,3044.4500000000025 ms
310,3047.9000000000024 ms
310,3056.2000000000025 ms
310,3072.9000000000024 ms
310,3080.350000000002 ms
310,3085.800000000002 ms
310,3093.500000000002 ms
310,3104.050000000002 ms
310,3133.300000000002 ms
310,3160.000000000002 ms
310,3160.4000000000015 ms
310,3175.9000000000015 ms
310,3192.050000000002 ms
310,3198.000000000002 ms
310,3233.100000000002 ms
310,3271.2000000000016 ms
310,3275.750000000002 ms
310,3282.6500000000015 ms
310,3283.2000000000025 ms
310,3305.850000000002 ms
310,3332.800000000002 ms
310,3352.050000000002 ms
310,3363.7000000000016 ms
310,3367.550000000002 ms
310,3373.500000000002 ms
310,3380.600000000002 ms
310,3387.050000000001 ms
310,3400.550000000001 ms
310,3409.350000000002 ms
310,3411.550000000001 ms
310,3415.750000000002 ms
310,3440.7000000000007 ms
310,3444.3500000000013 ms
310,3448.9500000000016 ms
310,3453.8500000000013 ms
310,3475.3500000000013 ms
310,3491.250000000001 ms
310,3503.1000000000013 ms
310,3506.4000000000015 ms
310,3537.6500000000015 ms
310,3538.000000000002 ms
310,3549.6000000000013 ms
310,3551.6000000000013 ms
310,3577.4000000000015 ms
310,3584.800000000001 ms
310,3599.350000000002 ms
310,3617.000000000002 ms
310,3620.350000000002 ms
310,3631.500000000002 ms
310,3642.100000000002 ms
310,3672.550000000001 ms
310,3692.7000000000016 ms
310,3694.800000000002 ms
310,3706.750000000001 ms
310,3725.2000000000016 ms
310,3726.7000000000016 ms
310,3728.7000000000016 ms
310,3764.7000000000016 ms
310,3766.9000000000005 ms
310,3770.800000000001 ms
310,3778.1500000000015 ms
310,3792.250000000001 ms
310,3807.8500000000013 ms
310,3820.6000000000013 ms
310,3826.2000000000007 ms
310,3831.7000000000007 ms
310,3847.300000000001 ms
310,3870.4000000000005 ms
310,3885.7000000000007 ms
310,3890.2000000000007 ms
310,3891.4000000000005 ms
310,3895.6000000000004 ms
310,3918.5 ms
310,3949.1000000000004 ms
310,3950.9500000000007 ms
310,3955.8999999999996 ms
310,3961.0 ms
310,3978.2 ms
310,3987.8999999999996 ms
310,3994.2999999999993 ms
311,5.3500000000000005 ms
311,18.05 ms
311,21.400000000000002 ms
311,36.849999999999994 ms
311,40.849999999999994 ms
311,45.349999999999994 ms
311,47.7 ms
311,62.2 ms
311,100.65000000000002 ms
311,104.35000000000001 ms
311,143.10000000000002 ms
311,143.5 ms
311,149.15000000000003 ms
311,167.00000000000006 ms
311,174.00000000000006 ms
311,177.05 ms
311,197.35000000000008 ms
311,202.75000000000006 ms
311,207.65000000000003 ms
311,212.40000000000003 ms
311,217.75000000000006 ms
311,230.60000000000008 ms
311,251.05000000000007 ms
311,255.20000000000005 ms
311,292.60000000000014 ms
311,307.70000000000005 ms
311,309.9000000000001 ms
311,313.0000000000001 ms
311,329.85000000000014 ms
311,331.0000000000001 ms
311,344.05000000000007 ms
311,351.05000000000007 ms
311,359.5000000000001 ms
311,378.9000000000001 ms
311,384.70000000000005 ms
311,385.70000000000005 ms
311,386.5500000000002 ms
311,397.85000000000014 ms
311,398.9000000000001 ms
311,402.0000000000002 ms
311,410.4000000000001 ms
311,410.7500000000002 ms
311,411.1500000000001 ms
311,426.3000000000002 ms
311,434.5500000000002 ms
311,437.10000000000014 ms
311,469.60000000000014 ms
311,473.5000000000001 ms
311,480.9000000000001 ms
311,485.4000000000001 ms
311,497.2500000000001 ms
311,525.3500000000001 ms
311,525.8000000000002 ms
311,527.1500000000001 ms
311,529.4000000000001 ms
311,529.5000000000002 ms
311,538.6000000000001 ms
311,558.3500000000001 ms
311,565.3500000000001 ms
311,579.2000000000003 ms
311,588.5000000000002 ms
311,602.4000000000003 ms
311,608.5000000000002 ms
311,621.7500000000002 ms
311,646.8500000000001 ms
311,656.6500000000003 ms
311,665.7 ms
311,668.6500000000003 ms
311,693.8500000000001 ms
311,702.7000000000003 ms
311,712.9000000000003 ms
311,726.9500000000003 ms
311,747.4500000000003 ms
311,757.2000000000003 ms
311,760.4000000000003 ms
311,777.7000000000003 ms
311,787.4000000000003 ms
311,794.1500000000003 ms
311,833.3000000000004 ms
311,850.9000000000003 ms
311,904.4000000000003 ms
311,909.2000000000003 ms
311,920.2000000000003 ms
311,923.0500000000002 ms
311,923.6500000000003 ms
311,924.0500000000004 ms
311,938.9500000000003 ms
311,967.4500000000003 ms
311,978.2000000000003 ms
311,991.7000000000003 ms
311,993.0000000000002 ms
311,999.1000000000001 ms
311,1011.6000000000001 ms
311,1037.8000000000004 ms
311,1038.4500000000005 ms
311,1045.5500000000004 ms
311,1051.7000000000005 ms
311,1059.0500000000004 ms
311,1069.2000000000005 ms
311,1070.4000000000003 ms
311,1081.9000000000003 ms
311,1091.1500000000003 ms
311,1117.1000000000006 ms
311,1157.1000000000001 ms
311,1181.3500000000006 ms
311,1189.9500000000005 ms
311,1195.8500000000006 ms
311,1205.4500000000005 ms
311,1209.2 ms
311,1221.7500000000002 ms
311,1232.2500000000002 ms
311,1233.4500000000005 ms
311,1238.3000000000004 ms
311,1250.6500000000003 ms
311,1280.2 ms
311,1285.3 ms
311,1294.45 ms
311,1303.45 ms
311,1306.1000000000001 ms
311,1311.6499999999999 ms
311,1325.7499999999998 ms
311,1328.8499999999997 ms
311,1342.8 ms
311,1353.8499999999997 ms
311,1362.3999999999999 ms
311,1370.6000000000001 ms
311,1378.6499999999999 ms
311,1400.4499999999996 ms
311,1414.4999999999998 ms
311,1417.7 ms
311,1440.8999999999999 ms
311,1444.6999999999996 ms
311,1449.2499999999998 ms
311,1501.9999999999998 ms
311,1512.45 ms
311,1520.9999999999998 ms
311,1521.1499999999999 ms
311,1527.4499999999996 ms
311,1528.3499999999997 ms
311,1530.3 ms
311,1545.7500000000002 ms
311,1554.9999999999998 ms
311,1573.55 ms
311,1578.1499999999999 ms
311,1599.1499999999999 ms
311,1611.3 ms
311,1618.05 ms
311,1634.2500000000002 ms
311,1641.8 ms
311,1692.0000000000002 ms
311,1703.3500000000001 ms
311,1727.95 ms
311,1741.2499999999998 ms
311,1746.1499999999999 ms
311,1748.8500000000001 ms
311,1758.1499999999999 ms
311,1765.2499999999998 ms
311,1770.3999999999999 ms
311,1786.3 ms
311,1804.5000000000002 ms
311,1820.4000000000003 ms
311,1838.0000000000002 ms
311,1852.3 ms
311,1854.5000000000002 ms
311,1884.3500000000001 ms
311,1894.7500000000002 ms
311,1915.7499999999998 ms
311,1919.0999999999997 ms
311,1953.55 ms
311,1965.3499999999997 ms
311,1982.4999999999998 ms
311,1997.8 ms
311,2001.1499999999999 ms
311,2014.6999999999996 ms
311,2016.2999999999995 ms
311,2018.3999999999994 ms
311,2034.7999999999995 ms
311,2039.05 ms
311,2079.749999999999 ms
311,2083.55 ms
311,2084.749999999999 ms
311,2087.05 ms
311,2092.0999999999995 ms
311,2092.5 ms
311,2105.0 ms
311,2118.8 ms
311,2121.0 ms
311,2162.8 ms
311,2173.3500000000004 ms
311,2180.4500000000007 ms
311,2196.8999999999996 ms
311,2199.05 ms
311,2256.3500000000004 ms
311,2285.4000000000005 ms
311,2287.55 ms
311,2291.000000000001 ms
311,2340.9000000000005 ms
311,2347.3500000000004 ms
311,2348.3500000000004 ms
311,2383.4000000000005 ms
311,2389.05 ms
311,2410.6500000000005 ms
311,2412.7000000000007 ms
311,2414.800000000001 ms
311,2418.7000000000007 ms
311,2442.6000000000004 ms
311,2449.2000000000007 ms
311,2452.8500000000004 ms
311,2472.750000000001 ms
311,2473.9500000000007 ms
311,2490.9000000000005 ms
311,2552.1000000000004 ms
311,2574.8500000000004 ms
311,2578.4500000000007 ms
311,2592.6499999999996 ms
311,2597.3 ms
311,2600.25 ms
311,2614.6499999999996 ms
311,2630.7000000000007 ms
311,2630.8 ms
311,2632.6000000000004 ms
311,2641.8 ms
311,2651.9000000000005 ms
311,2675.1500000000005 ms
311,2688.0999999999995 ms
311,2688.9000000000005 ms
311,2689.7 ms
311,2704.4000000000005 ms
311,2732.0 ms
311,2739.75 ms
311,2746.45 ms
311,2771.25 ms
311,2789.0 ms
311,2802.25 ms
311,2816.0 ms
311,2816.6499999999996 ms
311,2846.6499999999996 ms
311,2859.3500000000004 ms
311,2866.3999999999996 ms
311,2874.6000000000004 ms
311,2878.2 ms
311,2890.5999999999995 ms
311,2894.6500000000005 ms
311,2938.55 ms
311,2944.1000000000004 ms
311,2945.3500000000004 ms
311,2947.7000000000007 ms
311,2952.9500000000007 ms
311,2963.3500000000004 ms
311,2964.55 ms
311,2970.9000000000005 ms
311,2982.0 ms
311,2999.8500000000004 ms
311,3006.1499999999996 ms
311,3018.3 ms
311,3041.05 ms
311,3048.1500000000005 ms
311,3053.3 ms
311,3068.7 ms
311,3093.2 ms
311,3131.500000000001 ms
311,3136.9000000000005 ms
311,3161.2000000000007 ms
311,3177.9000000000005 ms
311,3216.000000000001 ms
311,3218.6500000000005 ms
311,3220.6000000000004 ms
311,3221.4000000000005 ms
311,3226.8 ms
311,3231.250000000001 ms
311,3234.7 ms
311,3244.2 ms
311,3253.45 ms
311,3259.8500000000004 ms
311,3267.1500000000005 ms
311,3271.750000000001 ms
311,3279.95 ms
311,3296.1500000000005 ms
311,3297.2 ms
311,3300.95 ms
311,3318.3 ms
311,3328.45 ms
311,3362.3500000000004 ms
311,3369.2000000000007 ms
311,3381.8 ms
311,3384.1000000000004 ms
311,3412.8500000000004 ms
311,3460.4000000000005 ms
311,3460.500000000001 ms
311,3463.55 ms
311,3472.1500000000005 ms
311,3475.3500000000004 ms
311,3481.5 ms
311,3501.9500000000007 ms
311,3511.3 ms
311,3560.6500000000005 ms
311,3585.0999999999995 ms
311,3613.55 ms
311,3633.3 ms
311,3659.3 ms
311,3665.7 ms
311,3669.5999999999995 ms
311,3684.1500000000005 ms
311,3690.3 ms
311,3701.6000000000004 ms
311,3701.8500000000004 ms
311,3711.2000000000007 ms
311,3713.05 ms
311,3800.0 ms
311,3810.1499999999996 ms
311,3834.8999999999996 ms
311,3841.75 ms
311,3848.6499999999996 ms
311,3856.3500000000004 ms
311,3864.7999999999993 ms
311,3908.2 ms
311,3909.55 ms
311,3921.8 ms
311,3927.3499999999995 ms
311,3933.3499999999995 ms
311,3940.0 ms
311,3943.45 ms
311,3967.3999999999996 ms
311,3969.8499999999995 ms
311,3979.1499999999996 ms
311,3993.1499999999996 ms
312,5.95 ms
312,10.400000000000002 ms
312,11.650000000000002 ms
312,24.950000000000006 ms
312,41.60000000000001 ms
312,48.35000000000001 ms
312,61.900000000000006 ms
312,75.80000000000001 ms
312,85.65 ms
312,92.80000000000001 ms
312,99.60000000000002 ms
312,109.10000000000002 ms
312,128.4 ms
312,136.74999999999997 ms
312,140.35 ms
312,148.85 ms
312,152.85 ms
312,156.69999999999996 ms
312,192.64999999999995 ms
312,196.04999999999998 ms
312,200.85 ms
312,206.04999999999998 ms
312,220.95000000000002 ms
312,227.50000000000003 ms
312,235.99999999999997 ms
312,284.19999999999993 ms
312,284.4 ms
312,304.6 ms
312,310.2499999999999 ms
312,320.9999999999999 ms
312,334.35 ms
312,361.9 ms
312,367.6 ms
312,380.2499999999999 ms
312,387.19999999999993 ms
312,401.8499999999999 ms
312,429.69999999999993 ms
312,436.04999999999995 ms
312,437.25 ms
312,438.79999999999995 ms
312,460.75 ms
312,473.64999999999986 ms
312,480.94999999999993 ms
312,507.69999999999993 ms
312,530.9 ms
312,538.4499999999999 ms
312,590.4999999999999 ms
312,626.8999999999997 ms
312,639.7499999999999 ms
312,644.9999999999999 ms
312,655.1499999999997 ms
312,739.4999999999999 ms
312,755.8999999999997 ms
312,785.1999999999997 ms
312,807.6499999999997 ms
312,812.7499999999999 ms
312,847.85 ms
312,866.5999999999998 ms
312,888.6 ms
312,907.8499999999998 ms
312,919.6499999999997 ms
312,942.2999999999998 ms
312,990.2999999999998 ms
312,1009.0999999999998 ms
312,1014.8499999999998 ms
312,1028.7999999999997 ms
312,1057.2999999999997 ms
312,1062.4499999999998 ms
312,1064.75 ms
312,1071.9499999999998 ms
312,1077.0 ms
312,1099.2999999999997 ms
312,1102.4499999999998 ms
312,1104.3999999999996 ms
312,1128.35 ms
312,1147.9499999999998 ms
312,1163.0499999999997 ms
312,1166.9999999999995 ms
312,1168.1 ms
312,1175.2999999999997 ms
312,1196.8999999999996 ms
312,1212.6999999999998 ms
312,1250.8999999999996 ms
312,1256.7999999999997 ms
312,1271.4499999999998 ms
312,1276.6 ms
312,1284.6999999999998 ms
312,1288.1999999999998 ms
312,1289.6 ms
312,1291.1999999999998 ms
312,1305.1 ms
312,1321.9 ms
312,1360.9499999999998 ms
312,1385.1499999999996 ms
312,1387.75 ms
312,1400.1499999999996 ms
312,1406.75 ms
312,1424.0499999999997 ms
312,1428.8999999999996 ms
312,1452.6999999999998 ms
312,1452.8999999999996 ms
312,1458.1499999999996 ms
312,1467.7999999999997 ms
312,1472.4999999999995 ms
312,1500.9999999999995 ms
312,1513.1 ms
312,1517.35 ms
312,1518.1499999999996 ms
312,1543.0499999999997 ms
312,1563.4999999999995 ms
312,1567.6 ms
312,1570.1 ms
312,1587.2499999999995 ms
312,1604.1999999999998 ms
312,1605.75 ms
312,1613.9499999999998 ms
312,1617.8999999999996 ms
312,1620.3000000000002 ms
312,1621.1 ms
312,1635.9 ms
312,1640.6999999999998 ms
312,1643.7999999999997 ms
312,1646.1499999999996 ms
312,1653.8999999999996 ms
312,1656.8999999999996 ms
312,1668.3999999999996 ms
312,1669.4499999999998 ms
312,1713.2999999999993 ms
312,1721.3499999999995 ms
312,1741.3499999999995 ms
312,1767.7499999999995 ms
312,1772.1999999999994 ms
312,1774.1 ms
312,1774.3999999999996 ms
312,1798.1499999999996 ms
312,1812.9499999999998 ms
312,1815.7999999999993 ms
312,1818.3499999999995 ms
312,1820.0999999999995 ms
312,1820.4999999999995 ms
312,1825.8499999999995 ms
312,1830.0499999999993 ms
312,1831.0999999999995 ms
312,1835.6499999999996 ms
312,1861.0499999999993 ms
312,1879.4499999999998 ms
312,1894.6999999999998 ms
312,1897.5999999999995 ms
312,1908.4499999999998 ms
312,1912.0999999999995 ms
312,1915.9499999999998 ms
312,1918.1999999999998 ms
312,1927.9999999999995 ms
312,1935.2499999999995 ms
312,1938.8999999999996 ms
312,1949.2499999999995 ms
312,1958.4499999999994 ms
312,1976.6 ms
312,1977.6 ms
312,1981.6 ms
312,2014.1 ms
312,2021.0499999999997 ms
312,2028.1999999999998 ms
312,2041.0499999999997 ms
312,2046.7499999999995 ms
312,2060.1 ms
312,2077.2999999999997 ms
312,2092.85 ms
312,2096.35 ms
312,2102.4 ms
312,2111.35 ms
312,2131.35 ms
312,2152.4 ms
312,2159.2499999999995 ms
312,2177.7999999999997 ms
312,2179.4500000000003 ms
312,2192.350000000001 ms
312,2203.5000000000005 ms
312,2204.2500000000005 ms
312,2209.5000000000005 ms
312,2209.8000000000006 ms
312,2215.2500000000005 ms
312,2220.150000000001 ms
312,2233.3000000000006 ms
312,2234.450000000001 ms
312,2235.400000000001 ms
312,2237.350000000001 ms
312,2239.35 ms
312,2246.4 ms
312,2261.8000000000006 ms
312,2276.200000000001 ms
312,2285.7500000000014 ms
312,2287.0000000000005 ms
312,2291.9500000000003 ms
312,2301.0000000000005 ms
312,2303.150000000001 ms
312,2313.900000000001 ms
312,2324.0500000000015 ms
312,2333.0000000000014 ms
312,2335.3000000000015 ms
312,2343.1000000000017 ms
312,2402.350000000001 ms
312,2404.7500000000014 ms
312,2409.3000000000015 ms
312,2420.450000000002 ms
312,2431.650000000002 ms
312,2432.8000000000015 ms
312,2448.5500000000015 ms
312,2468.700000000002 ms
312,2473.3000000000015 ms
312,2477.3000000000015 ms
312,2479.900000000001 ms
312,2483.8000000000015 ms
312,2534.400000000001 ms
312,2537.450000000001 ms
312,2556.5500000000015 ms
312,2568.200000000002 ms
312,2578.200000000001 ms
312,2595.700000000002 ms
312,2612.0000000000023 ms
312,2612.650000000002 ms
312,2615.1000000000017 ms
312,2617.0000000000023 ms
312,2631.1000000000017 ms
312,2642.700000000001 ms
312,2658.900000000001 ms
312,2667.150000000002 ms
312,2677.1000000000017 ms
312,2677.450000000001 ms
312,2680.400000000001 ms
312,2685.3000000000015 ms
312,2698.5500000000006 ms
312,2706.700000000001 ms
312,2714.650000000001 ms
312,2734.2500000000005 ms
312,2738.150000000001 ms
312,2743.3000000000015 ms
312,2749.950000000001 ms
312,2772.3000000000006 ms
312,2790.7500000000005 ms
312,2800.5000000000014 ms
312,2802.200000000001 ms
312,2817.150000000001 ms
312,2826.600000000001 ms
312,2848.400000000001 ms
312,2859.850000000001 ms
312,2868.85 ms
312,2882.5499999999997 ms
312,2888.3000000000006 ms
312,2890.100000000001 ms
312,2897.85 ms
312,2917.65 ms
312,2923.5000000000005 ms
312,2965.5500000000006 ms
312,2968.950000000001 ms
312,2978.100000000001 ms
312,2992.7500000000014 ms
312,3001.5500000000015 ms
312,3017.450000000001 ms
312,3021.950000000001 ms
312,3042.450000000001 ms
312,3044.950000000001 ms
312,3104.650000000001 ms
312,3106.400000000001 ms
312,3120.450000000001 ms
312,3150.2500000000014 ms
312,3181.5000000000014 ms
312,3190.950000000001 ms
312,3195.2500000000014 ms
312,3208.5000000000014 ms
312,3216.700000000001 ms
312,3222.6000000000017 ms
312,3240.700000000001 ms
312,3269.1000000000017 ms
312,3290.2500000000014 ms
312,3303.600000000001 ms
312,3304.8000000000006 ms
312,3346.150000000001 ms
312,3347.5500000000015 ms
312,3359.5000000000014 ms
312,3374.350000000001 ms
312,3389.900000000001 ms
312,3398.0500000000015 ms
312,3447.650000000001 ms
312,3461.150000000001 ms
312,3478.850000000001 ms
312,3483.850000000001 ms
312,3526.100000000001 ms
312,3543.2000000000003 ms
312,3572.3000000000006 ms
312,3577.5500000000006 ms
312,3594.3000000000006 ms
312,3621.700000000001 ms
312,3645.8000000000006 ms
312,3646.4 ms
312,3647.7000000000003 ms
312,3647.8000000000006 ms
312,3681.450000000001 ms
312,3683.600000000001 ms
312,3686.0500000000006 ms
312,3690.5000000000005 ms
312,3706.1 ms
312,3706.4500000000003 ms
312,3720.2000000000003 ms
312,3736.9500000000003 ms
312,3740.7000000000003 ms
312,3761.4500000000003 ms
312,3769.850000000001 ms
312,3773.0000000000005 ms
312,3776.900000000001 ms
312,3786.200000000001 ms
312,3801.2000000000003 ms
312,3814.200000000001 ms
312,3842.150000000001 ms
312,3887.700000000001 ms
312,3897.400000000001 ms
312,3909.8000000000006 ms
312,3921.8000000000006 ms
312,3931.950000000001 ms
312,3940.850000000001 ms
312,3970.400000000001 ms
312,3977.0500000000015 ms
313,1.75 ms
313,10.9 ms
313,24.700000000000003 ms
313,30.1 ms
313,45.65 ms
313,55.40000000000001 ms
313,61.65 ms
313,88.0 ms
313,88.19999999999999 ms
313,114.69999999999999 ms
313,122.30000000000001 ms
313,167.09999999999997 ms
313,182.40000000000003 ms
313,190.25 ms
313,225.95 ms
313,231.05 ms
313,235.74999999999994 ms
313,238.99999999999994 ms
313,250.14999999999998 ms
313,262.35 ms
313,265.2499999999999 ms
313,285.35 ms
313,286.65 ms
313,299.6 ms
313,307.7499999999999 ms
313,333.54999999999995 ms
313,346.9 ms
313,358.54999999999995 ms
313,395.04999999999995 ms
313,405.8499999999999 ms
313,407.65 ms
313,416.85 ms
313,424.19999999999993 ms
313,446.05000000000007 ms
313,458.19999999999993 ms
313,465.05000000000007 ms
313,483.69999999999993 ms
313,485.75 ms
313,507.45000000000005 ms
313,510.8499999999999 ms
313,545.5 ms
313,592.5999999999999 ms
313,597.75 ms
313,602.5 ms
313,608.3 ms
313,656.0 ms
313,668.5 ms
313,670.3 ms
313,692.3 ms
313,703.0 ms
313,708.5999999999999 ms
313,708.75 ms
313,715.75 ms
313,731.5 ms
313,746.95 ms
313,753.3500000000001 ms
313,769.3999999999999 ms
313,770.3500000000001 ms
313,774.3500000000001 ms
313,780.8 ms
313,792.1000000000001 ms
313,797.8 ms
313,812.1000000000001 ms
313,830.95 ms
313,839.4000000000001 ms
313,859.3000000000002 ms
313,861.75 ms
313,864.25 ms
313,864.6000000000001 ms
313,940.45 ms
313,942.6500000000003 ms
313,948.7 ms
313,964.5000000000002 ms
313,972.2500000000002 ms
313,996.6000000000001 ms
313,1019.0000000000002 ms
313,1034.1500000000003 ms
313,1053.2500000000002 ms
313,1063.1000000000001 ms
313,1088.0000000000002 ms
313,1094.95 ms
313,1101.9000000000003 ms
313,1103.3999999999999 ms
313,1106.7 ms
313,1117.6000000000001 ms
313,1144.3500000000001 ms
313,1144.6499999999999 ms
313,1156.3 ms
313,1192.95 ms
313,1200.9500000000005 ms
313,1209.1000000000006 ms
313,1213.7500000000007 ms
313,1221.1000000000006 ms
313,1238.7500000000007 ms
313,1265.4000000000008 ms
313,1271.0500000000009 ms
313,1278.1500000000008 ms
313,1288.4000000000003 ms
313,1328.0000000000002 ms
313,1358.9500000000005 ms
313,1375.5000000000002 ms
313,1383.6000000000001 ms
313,1393.6000000000006 ms
313,1401.1000000000001 ms
313,1414.2 ms
313,1414.5000000000002 ms
313,1445.8 ms
313,1446.6499999999999 ms
313,1468.1000000000001 ms
313,1506.8000000000004 ms
313,1521.3 ms
313,1531.7500000000002 ms
313,1543.0000000000002 ms
313,1581.1500000000003 ms
313,1594.8000000000004 ms
313,1595.5000000000007 ms
313,1620.4000000000008 ms
313,1638.8500000000006 ms
313,1680.8000000000009 ms
313,1692.3000000000004 ms
313,1693.1000000000006 ms
313,1711.3500000000006 ms
313,1758.1000000000006 ms
313,1760.1500000000003 ms
313,1780.1000000000006 ms
313,1791.3000000000009 ms
313,1793.1000000000006 ms
313,1797.1500000000003 ms
313,1823.7500000000002 ms
313,1866.2000000000005 ms
313,1869.5000000000002 ms
313,1876.9000000000003 ms
313,1892.2000000000005 ms
313,1902.0000000000002 ms
313,1906.1000000000001 ms
313,1915.1000000000006 ms
313,1917.3500000000001 ms
313,1919.5000000000002 ms
313,1924.5500000000004 ms
313,1934.6500000000003 ms
313,1939.9000000000003 ms
313,1965.1000000000006 ms
313,1997.8500000000001 ms
313,2022.8500000000006 ms
313,2023.0000000000007 ms
313,2054.2 ms
313,2057.750000000001 ms
313,2076.8500000000004 ms
313,2085.3500000000004 ms
313,2101.9500000000007 ms
313,2106.25 ms
313,2136.2000000000007 ms
313,2139.75 ms
313,2146.1000000000004 ms
313,2174.7000000000007 ms
313,2177.75 ms
313,2182.550000000001 ms
313,2191.25 ms
313,2196.4000000000005 ms
313,2214.05 ms
313,2215.6000000000013 ms
313,2216.6000000000013 ms
313,2235.500000000001 ms
313,2243.4500000000007 ms
313,2245.3500000000004 ms
313,2257.2000000000007 ms
313,2262.8500000000004 ms
313,2278.4500000000007 ms
313,2280.9500000000007 ms
313,2285.9000000000005 ms
313,2289.4000000000005 ms
313,2324.750000000001 ms
313,2327.1500000000005 ms
313,2330.250000000001 ms
313,2331.45 ms
313,2344.2 ms
313,2361.4000000000005 ms
313,2370.7 ms
313,2388.750000000001 ms
313,2390.4000000000005 ms
313,2391.4000000000005 ms
313,2394.8 ms
313,2400.1000000000013 ms
313,2424.05 ms
313,2428.000000000001 ms
313,2442.95 ms
313,2468.250000000001 ms
313,2496.000000000001 ms
313,2519.6000000000004 ms
313,2532.3500000000004 ms
313,2542.55 ms
313,2577.1500000000005 ms
313,2648.8499999999995 ms
313,2660.25 ms
313,2663.1000000000004 ms
313,2669.1000000000004 ms
313,2697.6000000000004 ms
313,2697.8500000000004 ms
313,2698.2999999999993 ms
313,2715.45 ms
313,2736.05 ms
313,2736.1499999999996 ms
313,2759.2 ms
313,2760.5 ms
313,2767.5 ms
313,2769.2 ms
313,2774.8499999999995 ms
313,2777.2 ms
313,2777.6499999999996 ms
313,2780.8999999999996 ms
313,2793.7 ms
313,2808.5 ms
313,2820.1499999999996 ms
313,2829.6000000000004 ms
313,2836.0 ms
313,2847.5 ms
313,2851.6000000000004 ms
313,2876.6000000000004 ms
313,2912.25 ms
313,2919.75 ms
313,2935.25 ms
313,2951.3500000000004 ms
313,2955.7 ms
313,2956.7 ms
313,2970.5999999999995 ms
313,2977.7 ms
313,2990.8499999999995 ms
313,2995.95 ms
313,3042.8 ms
313,3058.1499999999996 ms
313,3083.0999999999995 ms
313,3083.6499999999996 ms
313,3084.8999999999996 ms
313,3100.3499999999995 ms
313,3109.7999999999993 ms
313,3146.2999999999993 ms
313,3148.8499999999995 ms
313,3149.0499999999993 ms
313,3159.2999999999993 ms
313,3163.0499999999993 ms
313,3167.2999999999993 ms
313,3167.8999999999996 ms
313,3178.999999999999 ms
313,3190.499999999999 ms
313,3192.199999999999 ms
313,3205.0999999999985 ms
313,3263.7999999999993 ms
313,3277.449999999999 ms
313,3286.0499999999993 ms
313,3288.7999999999993 ms
313,3289.2999999999993 ms
313,3300.0499999999993 ms
313,3302.3999999999987 ms
313,3352.0999999999985 ms
313,3362.249999999998 ms
313,3371.5499999999993 ms
313,3373.699999999999 ms
313,3396.199999999999 ms
313,3457.5999999999985 ms
313,3458.3999999999996 ms
313,3465.8999999999996 ms
313,3474.0499999999993 ms
313,3511.449999999999 ms
313,3520.0999999999995 ms
313,3537.249999999999 ms
313,3544.3999999999996 ms
313,3562.95 ms
313,3569.6499999999996 ms
313,3599.5 ms
313,3611.0 ms
313,3621.25 ms
313,3627.75 ms
313,3644.1499999999996 ms
313,3649.6499999999996 ms
313,3653.5999999999995 ms
313,3676.5499999999993 ms
313,3678.749999999999 ms
313,3696.199999999999 ms
313,3704.949999999999 ms
313,3752.3999999999987 ms
313,3773.6499999999987 ms
313,3801.449999999999 ms
313,3802.249999999999 ms
313,3818.749999999999 ms
313,3820.3999999999987 ms
313,3827.0499999999993 ms
313,3840.5999999999995 ms
313,3845.7999999999993 ms
313,3850.5999999999995 ms
313,3852.1499999999996 ms
313,3863.95 ms
313,3870.75 ms
313,3879.45 ms
313,3933.25 ms
313,3934.5 ms
313,3945.3999999999996 ms
313,3972.2000000000007 ms
313,3975.25 ms
314,1.4500000000000002 ms
314,23.2 ms
314,32.95 ms
314,34.3 ms
314,35.500000000000014 ms
314,35.85000000000001 ms
314,38.45 ms
314,41.30000000000001 ms
314,52.250000000000014 ms
314,55.500000000000014 ms
314,72.45000000000002 ms
314,77.75000000000003 ms
314,117.35000000000002 ms
314,127.00000000000003 ms
314,150.70000000000002 ms
314,159.55000000000004 ms
314,163.35000000000005 ms
314,196.50000000000009 ms
314,216.40000000000006 ms
314,230.65000000000006 ms
314,261.9000000000001 ms
314,271.20000000000005 ms
314,284.3000000000002 ms
314,311.7500000000001 ms
314,317.7500000000001 ms
314,323.7500000000001 ms
314,338.80000000000007 ms
314,343.30000000000007 ms
314,344.45000000000016 ms
314,351.20000000000016 ms
314,351.6 ms
314,364.20000000000016 ms
314,379.55000000000007 ms
314,380.80000000000007 ms
314,398.95000000000016 ms
314,399.85 ms
314,403.4000000000001 ms
314,404.30000000000007 ms
314,410.9000000000001 ms
314,421.45000000000005 ms
314,422.20000000000005 ms
314,425.1500000000001 ms
314,427.55000000000007 ms
314,449.30000000000007 ms
314,454.4000000000001 ms
314,462.35000000000014 ms
314,468.80000000000007 ms
314,477.30000000000007 ms
314,492.95000000000005 ms
314,513.25 ms
314,527.55 ms
314,529.8 ms
314,532.3499999999999 ms
314,534.75 ms
314,570.8999999999999 ms
314,573.7499999999998 ms
314,579.1499999999999 ms
314,604.9999999999998 ms
314,613.9999999999998 ms
314,617.2499999999998 ms
314,627.9999999999998 ms
314,635.55 ms
314,652.6499999999999 ms
314,665.05 ms
314,672.3999999999999 ms
314,674.5999999999999 ms
314,674.8499999999999 ms
314,682.05 ms
314,682.7 ms
314,690.2499999999998 ms
314,690.45 ms
314,704.55 ms
314,712.8 ms
314,712.95 ms
314,723.45 ms
314,726.6499999999999 ms
314,747.6000000000001 ms
314,749.7 ms
314,756.0 ms
314,758.9000000000001 ms
314,767.4499999999998 ms
314,769.8499999999999 ms
314,773.5999999999999 ms
314,811.05 ms
314,820.45 ms
314,895.3999999999999 ms
314,912.3 ms
314,942.1499999999999 ms
314,960.8 ms
314,961.7 ms
314,981.55 ms
314,1018.5 ms
314,1070.0 ms
314,1083.65 ms
314,1091.15 ms
314,1093.25 ms
314,1095.85 ms
314,1102.0499999999997 ms
314,1108.9500000000003 ms
314,1125.0 ms
314,1143.15 ms
314,1147.25 ms
314,1156.0 ms
314,1157.4 ms
314,1163.0 ms
314,1180.5 ms
314,1181.65 ms
314,1182.0500000000002 ms
314,1203.3000000000002 ms
314,1238.4500000000003 ms
314,1238.8500000000004 ms
314,1263.8000000000002 ms
314,1276.7500000000005 ms
314,1286.2000000000003 ms
314,1291.5500000000006 ms
314,1304.4 ms
314,1309.15 ms
314,1310.0000000000005 ms
314,1313.85 ms
314,1322.4500000000003 ms
314,1331.1 ms
314,1331.4500000000003 ms
314,1331.75 ms
314,1347.4499999999998 ms
314,1361.3000000000002 ms
314,1362.6499999999996 ms
314,1392.1999999999998 ms
314,1399.1499999999996 ms
314,1434.0 ms
314,1441.25 ms
314,1449.3999999999996 ms
314,1452.1 ms
314,1452.65 ms
314,1471.0499999999997 ms
314,1475.5499999999997 ms
314,1500.1 ms
314,1520.65 ms
314,1522.9 ms
314,1531.15 ms
314,1533.4499999999998 ms
314,1555.35 ms
314,1568.9 ms
314,1572.5499999999997 ms
314,1599.2000000000003 ms
314,1608.1 ms
314,1611.5500000000002 ms
314,1629.4500000000003 ms
314,1630.65 ms
314,1632.4 ms
314,1644.2000000000003 ms
314,1650.4500000000003 ms
314,1655.15 ms
314,1658.7500000000005 ms
314,1680.7500000000005 ms
314,1702.5000000000005 ms
314,1704.5000000000005 ms
314,1704.6 ms
314,1706.85 ms
314,1709.8000000000002 ms
314,1714.4 ms
314,1722.3000000000002 ms
314,1741.15 ms
314,1749.0 ms
314,1777.35 ms
314,1818.6999999999998 ms
314,1821.2999999999997 ms
314,1823.8999999999996 ms
314,1857.3999999999996 ms
314,1863.1499999999996 ms
314,1868.2999999999997 ms
314,1873.6999999999998 ms
314,1879.6 ms
314,1902.1 ms
314,1902.4 ms
314,1919.1 ms
314,1925.0499999999997 ms
314,1932.7000000000003 ms
314,1949.85 ms
314,1950.2500000000005 ms
314,1954.9 ms
314,1973.6000000000004 ms
314,1978.6000000000004 ms
314,1989.1000000000004 ms
314,2026.9500000000003 ms
314,2053.5000000000005 ms
314,2058.150000000001 ms
314,2058.9 ms
314,2070.7000000000003 ms
314,2075.8000000000006 ms
314,2097.200000000001 ms
314,2113.2000000000003 ms
314,2114.5000000000005 ms
314,2115.150000000001 ms
314,2126.700000000001 ms
314,2152.650000000001 ms
314,2179.200000000001 ms
314,2213.650000000001 ms
314,2215.8000000000015 ms
314,2227.0500000000006 ms
314,2227.850000000001 ms
314,2230.5500000000006 ms
314,2232.400000000001 ms
314,2237.3000000000015 ms
314,2264.900000000001 ms
314,2284.0500000000015 ms
314,2288.3000000000006 ms
314,2288.850000000001 ms
314,2292.7500000000014 ms
314,2305.2500000000014 ms
314,2325.200000000001 ms
314,2330.450000000001 ms
314,2330.900000000001 ms
314,2338.3000000000015 ms
314,2358.1000000000017 ms
314,2359.0500000000015 ms
314,2361.1000000000017 ms
314,2376.3000000000015 ms
314,2384.700000000001 ms
314,2389.900000000001 ms
314,2418.900000000001 ms
314,2421.950000000001 ms
314,2422.2500000000014 ms
314,2423.0000000000014 ms
314,2440.700000000001 ms
314,2445.8000000000006 ms
314,2446.150000000001 ms
314,2454.5500000000015 ms
314,2455.5000000000014 ms
314,2467.350000000001 ms
314,2478.350000000001 ms
314,2487.7000000000003 ms
314,2488.65 ms
314,2518.0000000000005 ms
314,2564.2500000000005 ms
314,2576.7500000000005 ms
314,2577.0500000000006 ms
314,2593.600000000001 ms
314,2604.0500000000006 ms
314,2605.8000000000006 ms
314,2646.2500000000005 ms
314,2666.3000000000006 ms
314,2681.65 ms
314,2696.2500000000005 ms
314,2744.1 ms
314,2760.9500000000003 ms
314,2761.4 ms
314,2777.35 ms
314,2830.2999999999997 ms
314,2856.85 ms
314,2862.7500000000005 ms
314,2886.7000000000003 ms
314,2922.4499999999994 ms
314,2948.35 ms
314,2953.9 ms
314,2956.65 ms
314,2960.2499999999995 ms
314,2963.85 ms
314,2970.7500000000005 ms
314,2976.9 ms
314,2977.0500000000006 ms
314,2992.0499999999997 ms
314,3001.5500000000006 ms
314,3007.4500000000003 ms
314,3007.9 ms
314,3011.15 ms
314,3026.7499999999995 ms
314,3056.1999999999994 ms
314,3066.9999999999995 ms
314,3094.1 ms
314,3114.9499999999994 ms
314,3117.4500000000003 ms
314,3119.15 ms
314,3138.9999999999995 ms
314,3148.849999999999 ms
314,3153.399999999999 ms
314,3173.4999999999995 ms
314,3198.9 ms
314,3201.7499999999995 ms
314,3208.599999999999 ms
314,3227.2499999999995 ms
314,3273.65 ms
314,3302.399999999999 ms
314,3314.0499999999997 ms
314,3326.7999999999997 ms
314,3361.399999999999 ms
314,3361.7499999999995 ms
314,3372.9 ms
314,3379.7999999999997 ms
314,3415.2000000000003 ms
314,3419.6999999999994 ms
314,3429.4500000000003 ms
314,3432.5000000000005 ms
314,3434.5500000000006 ms
314,3439.4500000000003 ms
314,3451.850000000001 ms
314,3454.35 ms
314,3460.15 ms
314,3489.2000000000003 ms
314,3490.950000000001 ms
314,3496.2500000000014 ms
314,3507.200000000001 ms
314,3539.2000000000003 ms
314,3572.0500000000006 ms
314,3573.0500000000006 ms
314,3610.700000000001 ms
314,3620.900000000001 ms
314,3623.350000000001 ms
314,3627.9500000000003 ms
314,3632.4500000000003 ms
314,3657.4500000000003 ms
314,3668.9 ms
314,3681.4 ms
314,3706.5500000000006 ms
314,3715.7500000000005 ms
314,3731.0500000000006 ms
314,3752.5499999999997 ms
314,3768.35 ms
314,3792.7000000000003 ms
314,3817.0000000000005 ms
314,3835.9500000000003 ms
314,3837.15 ms
314,3839.65 ms
314,3881.9 ms
314,3882.4500000000003 ms
314,3906.65 ms
314,3910.3000000000006 ms
314,3912.7000000000003 ms
314,3915.4500000000003 ms
314,3921.0499999999997 ms
314,3922.4 ms
314,3982.9999999999995 ms
314,3984.1 ms
315,8.6 ms
315,22.200000000000003 ms
315,22.650000000000006 ms
315,31.300000000000004 ms
315,39.800000000000004 ms
315,49.300000000000004 ms
315,61.1 ms
315,89.10000000000002 ms
315,97.15 ms
315,98.5 ms
315,102.15 ms
315,113.5 ms
315,116.1 ms
315,121.0 ms
315,126.75 ms
315,132.35000000000002 ms
315,132.89999999999998 ms
315,133.5 ms
315,136.35000000000002 ms
315,150.89999999999998 ms
315,164.70000000000005 ms
315,196.65000000000003 ms
315,200.70000000000005 ms
315,211.50000000000006 ms
315,215.45000000000005 ms
315,253.55000000000007 ms
315,269.1 ms
315,270.85 ms
315,272.15 ms
315,273.45000000000005 ms
315,276.55000000000007 ms
315,291.95000000000005 ms
315,316.25 ms
315,330.0 ms
315,358.25 ms
315,375.10000000000014 ms
315,396.10000000000014 ms
315,425.05000000000007 ms
315,431.5000000000001 ms
315,436.35 ms
315,438.1 ms
315,438.85 ms
315,443.85 ms
315,478.55000000000007 ms
315,489.1500000000001 ms
315,493.9000000000001 ms
315,509.95000000000005 ms
315,514.55 ms
315,516.4000000000001 ms
315,521.6000000000001 ms
315,522.5000000000002 ms
315,526.8500000000001 ms
315,535.6000000000001 ms
315,544.0500000000002 ms
315,588.5500000000002 ms
315,611.4500000000003 ms
315,625.8000000000002 ms
315,627.9500000000003 ms
315,643.25 ms
315,651.3500000000001 ms
315,706.5000000000002 ms
315,712.1500000000001 ms
315,716.1000000000001 ms
315,721.2500000000002 ms
315,757.0000000000002 ms
315,776.0000000000002 ms
315,816.6500000000001 ms
315,841.8000000000002 ms
315,850.8000000000002 ms
315,881.2 ms
315,899.1000000000001 ms
315,938.0 ms
315,943.9000000000001 ms
315,958.9499999999998 ms
315,966.6500000000001 ms
315,993.4000000000001 ms
315,1011.8499999999999 ms
315,1017.5999999999999 ms
315,1020.5999999999999 ms
315,1025.85 ms
315,1056.35 ms
315,1068.4499999999998 ms
315,1077.5499999999997 ms
315,1101.2999999999997 ms
315,1113.7999999999997 ms
315,1115.1999999999998 ms
315,1116.0 ms
315,1142.5499999999997 ms
315,1142.7499999999995 ms
315,1150.35 ms
315,1166.4999999999995 ms
315,1181.4 ms
315,1222.15 ms
315,1224.2499999999995 ms
315,1249.9499999999998 ms
315,1283.4499999999998 ms
315,1300.35 ms
315,1316.2999999999997 ms
315,1319.15 ms
315,1339.9 ms
315,1346.0499999999997 ms
315,1350.1 ms
315,1365.2999999999997 ms
315,1376.25 ms
315,1376.9499999999998 ms
315,1380.0 ms
315,1384.35 ms
315,1388.7999999999997 ms
315,1401.9500000000003 ms
315,1405.75 ms
315,1418.3000000000002 ms
315,1419.0500000000002 ms
315,1436.1 ms
315,1450.15 ms
315,1453.9 ms
315,1489.7999999999997 ms
315,1494.65 ms
315,1500.9999999999995 ms
315,1531.9 ms
315,1539.5499999999997 ms
315,1573.65 ms
315,1576.0499999999997 ms
315,1577.2999999999997 ms
315,1587.25 ms
315,1588.0 ms
315,1592.15 ms
315,1601.1 ms
315,1628.0000000000005 ms
315,1676.65 ms
315,1679.0000000000005 ms
315,1683.35 ms
315,1692.3000000000002 ms
315,1693.7000000000003 ms
315,1728.1000000000004 ms
315,1746.1500000000005 ms
315,1767.9000000000005 ms
315,1806.5500000000002 ms
315,1842.1000000000004 ms
315,1851.7500000000005 ms
315,1855.8500000000004 ms
315,1882.0000000000005 ms
315,1883.6500000000005 ms
315,1884.4000000000005 ms
315,1888.1000000000004 ms
315,1917.4500000000007 ms
315,1919.2500000000005 ms
315,1925.4500000000003 ms
315,1944.5500000000006 ms
315,1946.3500000000004 ms
315,2017.5500000000002 ms
315,2037.7500000000005 ms
315,2041.3500000000004 ms
315,2059.5 ms
315,2070.0 ms
315,2080.75 ms
315,2092.7000000000007 ms
315,2109.0 ms
315,2127.9000000000005 ms
315,2132.6500000000005 ms
315,2138.4000000000005 ms
315,2149.8 ms
315,2164.250000000001 ms
315,2170.9000000000005 ms
315,2203.3500000000004 ms
315,2223.8500000000004 ms
315,2226.25 ms
315,2274.9000000000005 ms
315,2282.000000000001 ms
315,2284.2 ms
315,2296.6000000000004 ms
315,2328.3500000000004 ms
315,2344.0 ms
315,2347.1000000000004 ms
315,2358.9500000000007 ms
315,2395.2000000000007 ms
315,2396.0 ms
315,2399.25 ms
315,2422.75 ms
315,2426.800000000001 ms
315,2432.4500000000007 ms
315,2450.4500000000007 ms
315,2463.000000000001 ms
315,2476.7000000000007 ms
315,2493.750000000001 ms
315,2506.9000000000005 ms
315,2520.6000000000013 ms
315,2529.750000000001 ms
315,2544.300000000001 ms
315,2555.6000000000013 ms
315,2562.050000000001 ms
315,2582.1000000000013 ms
315,2594.6500000000015 ms
315,2600.2000000000016 ms
315,2614.050000000002 ms
315,2633.550000000002 ms
315,2635.250000000001 ms
315,2648.6000000000013 ms
315,2649.3500000000013 ms
315,2680.750000000001 ms
315,2695.800000000002 ms
315,2708.000000000001 ms
315,2729.300000000002 ms
315,2742.500000000001 ms
315,2751.300000000002 ms
315,2760.6000000000013 ms
315,2763.750000000002 ms
315,2765.4000000000015 ms
315,2776.9000000000015 ms
315,2781.500000000002 ms
315,2804.9500000000016 ms
315,2809.8500000000013 ms
315,2821.4000000000024 ms
315,2861.750000000002 ms
315,2864.9000000000015 ms
315,2868.250000000002 ms
315,2870.000000000002 ms
315,2870.1500000000015 ms
315,2872.100000000002 ms
315,2884.6500000000015 ms
315,2903.850000000002 ms
315,2904.4000000000015 ms
315,2907.050000000002 ms
315,2959.4500000000016 ms
315,2987.9500000000016 ms
315,3024.7500000000027 ms
315,3047.600000000002 ms
315,3080.250000000002 ms
315,3087.9500000000025 ms
315,3093.350000000002 ms
315,3094.600000000002 ms
315,3094.850000000002 ms
315,3122.6500000000024 ms
315,3131.850000000002 ms
315,3133.2000000000025 ms
315,3141.2000000000025 ms
315,3151.350000000002 ms
315,3160.9500000000025 ms
315,3168.050000000002 ms
315,3186.800000000002 ms
315,3191.850000000002 ms
315,3192.500000000002 ms
315,3236.550000000003 ms
315,3244.6500000000024 ms
315,3259.300000000002 ms
315,3283.6500000000024 ms
315,3290.9000000000024 ms
315,3297.550000000002 ms
315,3313.9500000000025 ms
315,3320.300000000003 ms
315,3328.050000000003 ms
315,3340.7000000000025 ms
315,3359.9000000000024 ms
315,3362.6500000000024 ms
315,3367.7500000000027 ms
315,3371.850000000002 ms
315,3376.550000000002 ms
315,3395.350000000002 ms
315,3407.100000000002 ms
315,3419.750000000002 ms
315,3442.7000000000025 ms
315,3472.600000000002 ms
315,3477.9000000000024 ms
315,3505.550000000002 ms
315,3513.9500000000025 ms
315,3521.350000000002 ms
315,3535.300000000003 ms
315,3540.000000000002 ms
315,3541.250000000002 ms
315,3547.4500000000025 ms
315,3574.4500000000025 ms
315,3577.9000000000015 ms
315,3591.300000000002 ms
315,3619.350000000002 ms
315,3623.9000000000024 ms
315,3635.600000000002 ms
315,3642.1500000000024 ms
315,3643.1500000000024 ms
315,3655.800000000002 ms
315,3674.800000000002 ms
315,3682.2000000000025 ms
315,3684.6500000000024 ms
315,3702.800000000002 ms
315,3713.7000000000025 ms
315,3718.550000000003 ms
315,3722.2000000000025 ms
315,3740.6500000000024 ms
315,3748.4000000000024 ms
315,3773.050000000002 ms
315,3782.800000000002 ms
315,3785.600000000003 ms
315,3803.1500000000024 ms
315,3814.1500000000024 ms
315,3847.2500000000027 ms
315,3890.2500000000027 ms
315,3891.6500000000024 ms
315,3893.9500000000035 ms
315,3896.9000000000024 ms
315,3923.600000000003 ms
315,3932.7500000000027 ms
315,3939.7500000000027 ms
315,3940.9500000000025 ms
315,3941.7000000000025 ms
315,3956.9500000000025 ms
315,3959.1500000000024 ms
315,3964.850000000002 ms
315,3970.250000000002 ms
315,3984.600000000002 ms
315,3990.2000000000025 ms
315,3992.4500000000025 ms
316,17.2 ms
316,24.05 ms
316,27.3 ms
316,32.75 ms
316,42.849999999999994 ms
316,59.5 ms
316,63.5 ms
316,67.4 ms
316,74.0 ms
316,83.94999999999999 ms
316,100.44999999999999 ms
316,105.75 ms
316,131.55 ms
316,138.3 ms
316,148.95 ms
316,149.2 ms
316,151.8 ms
316,207.90000000000003 ms
316,209.15000000000003 ms
316,214.65000000000003 ms
316,241.75 ms
316,248.5 ms
316,250.60000000000002 ms
316,263.05000000000007 ms
316,277.15 ms
316,277.6 ms
316,277.95000000000005 ms
316,278.6 ms
316,287.20000000000005 ms
316,291.5 ms
316,331.60000000000014 ms
316,335.6500000000001 ms
316,336.4000000000001 ms
316,346.05000000000007 ms
316,351.95000000000005 ms
316,359.1500000000001 ms
316,366.45000000000005 ms
316,367.95000000000005 ms
316,381.1 ms
316,407.15 ms
316,430.05000000000007 ms
316,435.0 ms
316,442.5 ms
316,470.25 ms
316,473.79999999999995 ms
316,480.5 ms
316,488.35 ms
316,512.25 ms
316,515.05 ms
316,557.45 ms
316,558.2 ms
316,560.95 ms
316,561.8999999999999 ms
316,572.1000000000001 ms
316,574.5 ms
316,578.1500000000001 ms
316,592.9000000000001 ms
316,613.1999999999998 ms
316,616.55 ms
316,619.55 ms
316,642.7 ms
316,693.4999999999998 ms
316,699.95 ms
316,705.45 ms
316,705.8 ms
316,730.0999999999999 ms
316,737.3999999999999 ms
316,739.5999999999999 ms
316,783.3999999999999 ms
316,798.3 ms
316,821.3999999999999 ms
316,829.4999999999998 ms
316,851.05 ms
316,851.8499999999997 ms
316,865.1499999999999 ms
316,867.5499999999997 ms
316,871.4499999999998 ms
316,876.1499999999996 ms
316,884.9499999999998 ms
316,891.1499999999996 ms
316,896.1499999999996 ms
316,899.1499999999996 ms
316,914.5999999999999 ms
316,955.6499999999996 ms
316,981.8499999999999 ms
316,999.4999999999998 ms
316,1000.6499999999999 ms
316,1008.2999999999997 ms
316,1035.7499999999998 ms
316,1044.6499999999999 ms
316,1058.6000000000001 ms
316,1074.8499999999997 ms
316,1081.8500000000001 ms
316,1101.05 ms
316,1133.45 ms
316,1158.6500000000003 ms
316,1159.95 ms
316,1166.2 ms
316,1178.6500000000003 ms
316,1183.0000000000002 ms
316,1187.4999999999998 ms
316,1204.3 ms
316,1213.7 ms
316,1237.45 ms
316,1245.45 ms
316,1246.3500000000001 ms
316,1257.0500000000004 ms
316,1257.7000000000005 ms
316,1274.6500000000003 ms
316,1283.2500000000002 ms
316,1287.55 ms
316,1291.0000000000002 ms
316,1291.3500000000001 ms
316,1305.6000000000001 ms
316,1307.5000000000002 ms
316,1311.5000000000002 ms
316,1313.4500000000005 ms
316,1321.0000000000002 ms
316,1331.2000000000005 ms
316,1332.2 ms
316,1333.55 ms
316,1346.7 ms
316,1360.1500000000003 ms
316,1378.5000000000002 ms
316,1380.9000000000003 ms
316,1382.7500000000002 ms
316,1386.55 ms
316,1394.2500000000002 ms
316,1402.6000000000001 ms
316,1405.45 ms
316,1410.55 ms
316,1417.5999999999997 ms
316,1419.05 ms
316,1426.3499999999997 ms
316,1449.3500000000001 ms
316,1491.95 ms
316,1492.6499999999999 ms
316,1504.55 ms
316,1510.1499999999999 ms
316,1524.1999999999996 ms
316,1561.7499999999998 ms
316,1567.4999999999998 ms
316,1584.0999999999997 ms
316,1594.1999999999996 ms
316,1605.2999999999995 ms
316,1652.5499999999995 ms
316,1665.4499999999996 ms
316,1678.2999999999995 ms
316,1679.2999999999995 ms
316,1693.1999999999996 ms
316,1699.9499999999996 ms
316,1718.8499999999997 ms
316,1724.55 ms
316,1727.2999999999995 ms
316,1727.55 ms
316,1732.7499999999998 ms
316,1735.5999999999997 ms
316,1752.8999999999994 ms
316,1757.4499999999996 ms
316,1764.8499999999997 ms
316,1796.8 ms
316,1815.3999999999999 ms
316,1822.8 ms
316,1825.0499999999995 ms
316,1840.3 ms
316,1840.9999999999998 ms
316,1842.5999999999997 ms
316,1856.1499999999994 ms
316,1896.3499999999997 ms
316,1898.3499999999997 ms
316,1905.8 ms
316,1912.9999999999998 ms
316,1933.0999999999997 ms
316,1936.05 ms
316,1944.7999999999995 ms
316,1960.4499999999996 ms
316,1981.8999999999999 ms
316,2007.55 ms
316,2066.6499999999996 ms
316,2069.2000000000007 ms
316,2080.3500000000004 ms
316,2090.6000000000004 ms
316,2096.4500000000007 ms
316,2098.55 ms
316,2102.8 ms
316,2106.05 ms
316,2115.6500000000005 ms
316,2136.45 ms
316,2138.95 ms
316,2146.55 ms
316,2164.5 ms
316,2164.8500000000004 ms
316,2195.7999999999993 ms
316,2228.2999999999993 ms
316,2231.7 ms
316,2278.5999999999995 ms
316,2287.5999999999995 ms
316,2299.0999999999995 ms
316,2299.8 ms
316,2300.999999999999 ms
316,2306.8 ms
316,2313.3 ms
316,2327.05 ms
316,2335.6499999999996 ms
316,2356.45 ms
316,2356.5999999999995 ms
316,2367.8499999999995 ms
316,2377.0 ms
316,2383.2 ms
316,2403.8 ms
316,2410.3999999999996 ms
316,2421.95 ms
316,2430.05 ms
316,2438.1499999999996 ms
316,2440.45 ms
316,2443.0999999999995 ms
316,2468.25 ms
316,2477.7 ms
316,2496.25 ms
316,2500.3500000000004 ms
316,2501.6499999999996 ms
316,2518.3500000000004 ms
316,2524.8500000000004 ms
316,2561.5499999999993 ms
316,2562.8999999999996 ms
316,2576.2 ms
316,2577.8 ms
316,2585.7 ms
316,2618.2 ms
316,2623.05 ms
316,2624.0999999999995 ms
316,2625.55 ms
316,2671.0999999999995 ms
316,2697.5999999999995 ms
316,2705.95 ms
316,2725.75 ms
316,2761.55 ms
316,2774.4000000000005 ms
316,2774.95 ms
316,2779.750000000001 ms
316,2789.500000000001 ms
316,2811.750000000001 ms
316,2824.6500000000005 ms
316,2830.6500000000005 ms
316,2832.1500000000005 ms
316,2838.55 ms
316,2839.2000000000007 ms
316,2844.250000000001 ms
316,2869.2000000000007 ms
316,2887.050000000001 ms
316,2888.050000000001 ms
316,2888.3500000000004 ms
316,2889.000000000001 ms
316,2890.800000000001 ms
316,2898.6500000000015 ms
316,2900.550000000001 ms
316,2935.800000000001 ms
316,2943.9000000000015 ms
316,2962.000000000001 ms
316,2969.9500000000007 ms
316,2990.300000000001 ms
316,2998.7000000000007 ms
316,3050.550000000001 ms
316,3077.7000000000007 ms
316,3106.9500000000007 ms
316,3137.4500000000007 ms
316,3139.500000000001 ms
316,3159.6500000000005 ms
316,3166.250000000001 ms
316,3170.550000000001 ms
316,3177.4500000000007 ms
316,3184.2000000000007 ms
316,3198.2000000000007 ms
316,3201.3500000000013 ms
316,3209.550000000001 ms
316,3210.6000000000013 ms
316,3225.9500000000016 ms
316,3226.6000000000013 ms
316,3244.800000000001 ms
316,3260.750000000001 ms
316,3261.9000000000005 ms
316,3279.6000000000013 ms
316,3294.8500000000013 ms
316,3295.500000000001 ms
316,3299.250000000001 ms
316,3327.4500000000007 ms
316,3329.7000000000007 ms
316,3336.300000000001 ms
316,3347.1000000000004 ms
316,3348.000000000001 ms
316,3361.9500000000007 ms
316,3372.050000000001 ms
316,3381.2000000000007 ms
316,3383.2000000000007 ms
316,3384.3500000000004 ms
316,3389.4000000000015 ms
316,3397.6500000000015 ms
316,3403.4000000000015 ms
316,3438.3500000000004 ms
316,3455.1500000000015 ms
316,3463.4500000000007 ms
316,3477.4500000000007 ms
316,3485.9000000000015 ms
316,3499.1500000000015 ms
316,3567.4000000000015 ms
316,3571.8500000000004 ms
316,3576.500000000001 ms
316,3585.550000000001 ms
316,3596.250000000001 ms
316,3614.7000000000007 ms
316,3645.8500000000004 ms
316,3659.9500000000007 ms
316,3669.1500000000005 ms
316,3687.55 ms
316,3698.4000000000005 ms
316,3715.6500000000005 ms
316,3721.750000000001 ms
316,3727.500000000001 ms
316,3729.500000000001 ms
316,3733.8 ms
316,3754.3 ms
316,3765.05 ms
316,3785.4500000000007 ms
316,3787.9000000000005 ms
316,3791.8500000000004 ms
316,3812.3500000000004 ms
316,3815.25 ms
316,3816.7000000000007 ms
316,3828.1499999999996 ms
316,3834.05 ms
316,3841.1500000000005 ms
316,3847.3499999999995 ms
316,3847.5999999999995 ms
316,3851.3499999999995 ms
316,3869.9000000000005 ms
316,3872.8499999999995 ms
316,3875.45 ms
316,3876.95 ms
316,3921.45 ms
316,3956.3999999999996 ms
316,3957.8499999999995 ms
316,3961.1499999999996 ms
316,3971.2999999999993 ms
316,3985.25 ms
316,3985.449999999999 ms
316,3986.8999999999996 ms
316,3994.8999999999996 ms
317,12.5 ms
317,13.8 ms
317,26.45 ms
317,33.2 ms
317,38.7 ms
317,60.95 ms
317,61.5 ms
317,92.19999999999999 ms
317,94.25 ms
317,96.35 ms
317,121.94999999999999 ms
317,125.14999999999998 ms
317,126.64999999999998 ms
317,153.5 ms
317,156.3 ms
317,168.10000000000002 ms
317,181.10000000000002 ms
317,182.8 ms
317,185.05 ms
317,197.25 ms
317,208.55 ms
317,221.3 ms
317,240.75 ms
317,241.0 ms
317,243.39999999999998 ms
317,244.8 ms
317,264.55 ms
317,310.45 ms
317,312.55 ms
317,312.8000000000001 ms
317,337.55 ms
317,344.5500000000001 ms
317,345.8 ms
317,365.7 ms
317,381.34999999999997 ms
317,381.95 ms
317,391.7000000000001 ms
317,406.00000000000006 ms
317,410.6000000000001 ms
317,412.4500000000001 ms
317,420.90000000000003 ms
317,434.8 ms
317,440.5500000000001 ms
317,465.25000000000006 ms
317,466.65000000000003 ms
317,483.84999999999997 ms
317,487.74999999999994 ms
317,491.09999999999997 ms
317,493.8500000000001 ms
317,500.59999999999997 ms
317,509.8500000000001 ms
317,511.00000000000006 ms
317,535.8500000000001 ms
317,537.1000000000001 ms
317,538.55 ms
317,555.6500000000001 ms
317,579.7 ms
317,586.3 ms
317,610.1500000000001 ms
317,632.25 ms
317,638.4000000000001 ms
317,670.25 ms
317,683.0 ms
317,689.6500000000001 ms
317,690.3000000000002 ms
317,690.5 ms
317,696.8500000000001 ms
317,738.2 ms
317,759.3000000000002 ms
317,770.3000000000002 ms
317,776.2500000000002 ms
317,787.5500000000002 ms
317,792.6500000000001 ms
317,799.0500000000002 ms
317,807.6500000000001 ms
317,808.5000000000002 ms
317,826.6000000000001 ms
317,828.3000000000004 ms
317,860.7000000000003 ms
317,864.7000000000003 ms
317,879.6500000000003 ms
317,880.2000000000003 ms
317,888.2000000000003 ms
317,912.2500000000002 ms
317,984.3500000000001 ms
317,992.0000000000002 ms
317,998.7500000000002 ms
317,1006.1000000000001 ms
317,1031.0000000000002 ms
317,1041.1500000000003 ms
317,1086.5500000000004 ms
317,1093.0000000000007 ms
317,1108.0000000000002 ms
317,1110.9000000000003 ms
317,1115.2500000000002 ms
317,1126.1000000000001 ms
317,1147.2 ms
317,1164.3 ms
317,1183.8000000000004 ms
317,1187.55 ms
317,1213.1000000000001 ms
317,1220.7500000000002 ms
317,1226.6500000000003 ms
317,1237.4000000000003 ms
317,1250.6500000000003 ms
317,1256.5500000000004 ms
317,1278.2500000000007 ms
317,1294.9000000000008 ms
317,1297.9500000000005 ms
317,1302.9000000000008 ms
317,1319.7500000000007 ms
317,1341.4500000000005 ms
317,1354.7500000000002 ms
317,1355.0000000000007 ms
317,1356.4000000000008 ms
317,1359.7000000000005 ms
317,1383.4000000000008 ms
317,1386.6500000000003 ms
317,1391.2500000000002 ms
317,1396.5000000000007 ms
317,1408.4000000000008 ms
317,1418.2500000000007 ms
317,1466.8500000000006 ms
317,1472.4500000000005 ms
317,1473.1500000000003 ms
317,1475.6000000000006 ms
317,1482.9000000000003 ms
317,1515.7500000000002 ms
317,1524.0000000000002 ms
317,1524.7000000000005 ms
317,1530.9000000000003 ms
317,1544.7500000000002 ms
317,1557.4500000000005 ms
317,1559.45 ms
317,1586.55 ms
317,1618.1499999999999 ms
317,1636.4000000000003 ms
317,1640.8500000000001 ms
317,1643.1000000000001 ms
317,1646.8500000000001 ms
317,1653.0500000000004 ms
317,1666.4500000000005 ms
317,1689.5000000000002 ms
317,1692.7500000000002 ms
317,1694.8500000000001 ms
317,1704.95 ms
317,1765.3 ms
317,1773.8499999999997 ms
317,1778.3999999999999 ms
317,1799.8999999999999 ms
317,1802.8 ms
317,1826.3499999999997 ms
317,1842.05 ms
317,1850.3 ms
317,1903.5999999999997 ms
317,1906.3999999999999 ms
317,1945.6000000000001 ms
317,1975.0000000000002 ms
317,1976.95 ms
317,1992.6500000000003 ms
317,2028.7 ms
317,2035.2499999999998 ms
317,2059.05 ms
317,2068.9000000000005 ms
317,2070.5 ms
317,2100.3500000000004 ms
317,2131.6000000000004 ms
317,2141.6499999999996 ms
317,2152.0 ms
317,2157.3999999999996 ms
317,2163.1499999999996 ms
317,2186.4500000000007 ms
317,2206.55 ms
317,2206.9000000000005 ms
317,2226.3499999999995 ms
317,2243.0999999999995 ms
317,2243.9000000000005 ms
317,2246.8 ms
317,2249.25 ms
317,2257.7 ms
317,2262.7 ms
317,2263.8499999999995 ms
317,2305.45 ms
317,2338.3499999999995 ms
317,2342.75 ms
317,2347.0 ms
317,2362.8500000000004 ms
317,2394.75 ms
317,2395.8999999999996 ms
317,2409.75 ms
317,2410.45 ms
317,2415.45 ms
317,2416.8 ms
317,2419.8999999999996 ms
317,2420.5 ms
317,2429.449999999999 ms
317,2447.3499999999995 ms
317,2448.7 ms
317,2471.5499999999993 ms
317,2472.3999999999996 ms
317,2482.8999999999996 ms
317,2485.449999999999 ms
317,2510.0499999999993 ms
317,2511.2999999999993 ms
317,2516.199999999999 ms
317,2537.3499999999995 ms
317,2569.3499999999995 ms
317,2578.0499999999993 ms
317,2591.999999999999 ms
317,2598.249999999999 ms
317,2630.449999999999 ms
317,2636.749999999999 ms
317,2648.749999999999 ms
317,2649.8499999999995 ms
317,2650.199999999999 ms
317,2661.3999999999987 ms
317,2662.199999999999 ms
317,2700.199999999999 ms
317,2702.999999999999 ms
317,2706.6499999999987 ms
317,2720.2999999999993 ms
317,2723.499999999999 ms
317,2731.3999999999987 ms
317,2772.8999999999987 ms
317,2774.7999999999993 ms
317,2775.449999999999 ms
317,2787.0999999999995 ms
317,2821.7999999999993 ms
317,2825.0499999999993 ms
317,2848.5499999999993 ms
317,2860.5999999999995 ms
317,2881.6499999999996 ms
317,2890.5 ms
317,2903.8499999999995 ms
317,2911.3999999999996 ms
317,2955.0999999999995 ms
317,2955.8499999999995 ms
317,2960.1499999999996 ms
317,2965.0999999999995 ms
317,2972.8499999999995 ms
317,2977.999999999999 ms
317,2987.3999999999996 ms
317,2996.0499999999993 ms
317,3011.3999999999996 ms
317,3029.75 ms
317,3034.699999999999 ms
317,3041.6499999999996 ms
317,3052.499999999999 ms
317,3065.5499999999993 ms
317,3074.8999999999996 ms
317,3077.8999999999996 ms
317,3094.949999999999 ms
317,3098.949999999999 ms
317,3100.7999999999993 ms
317,3111.999999999999 ms
317,3138.3499999999995 ms
317,3142.6499999999987 ms
317,3145.6499999999987 ms
317,3146.6499999999987 ms
317,3152.499999999999 ms
317,3172.999999999999 ms
317,3204.249999999999 ms
317,3219.1499999999987 ms
317,3226.3499999999995 ms
317,3226.7999999999984 ms
317,3234.1499999999987 ms
317,3259.5999999999985 ms
317,3263.499999999998 ms
317,3276.3499999999985 ms
317,3293.6499999999987 ms
317,3298.949999999999 ms
317,3328.2999999999993 ms
317,3386.0999999999985 ms
317,3393.949999999999 ms
317,3413.0999999999985 ms
317,3413.499999999999 ms
317,3450.5499999999993 ms
317,3457.949999999999 ms
317,3466.7999999999993 ms
317,3483.1499999999996 ms
317,3485.8499999999985 ms
317,3486.3999999999996 ms
317,3502.8499999999985 ms
317,3512.1499999999996 ms
317,3516.5999999999985 ms
317,3525.0499999999993 ms
317,3537.3499999999985 ms
317,3540.949999999999 ms
317,3545.999999999999 ms
317,3552.3999999999987 ms
317,3557.0999999999995 ms
317,3558.2999999999984 ms
317,3564.7999999999984 ms
317,3582.6499999999987 ms
317,3638.1499999999987 ms
317,3676.749999999999 ms
317,3677.949999999998 ms
317,3755.3999999999987 ms
317,3788.749999999998 ms
317,3796.8499999999985 ms
317,3804.499999999998 ms
317,3820.149999999998 ms
317,3826.249999999998 ms
317,3828.3499999999985 ms
317,3844.149999999998 ms
317,3845.399999999998 ms
317,3857.199999999999 ms
317,3860.149999999998 ms
317,3865.399999999998 ms
317,3877.3499999999985 ms
317,3879.899999999998 ms
317,3892.2999999999984 ms
317,3896.8499999999985 ms
317,3902.3499999999985 ms
317,3908.499999999998 ms
317,3916.8499999999985 ms
317,3925.0499999999984 ms
317,3932.3499999999985 ms
317,3942.0999999999985 ms
317,3942.3499999999985 ms
317,3946.3499999999985 ms
317,3950.8999999999987 ms
317,3987.0999999999985 ms
318,11.450000000000001 ms
318,15.950000000000001 ms
318,37.900000000000006 ms
318,38.650000000000006 ms
318,38.95 ms
318,50.55 ms
318,55.45 ms
318,72.74999999999999 ms
318,75.3 ms
318,81.05 ms
318,95.59999999999998 ms
318,98.44999999999997 ms
318,121.74999999999999 ms
318,124.29999999999997 ms
318,158.64999999999998 ms
318,161.29999999999995 ms
318,208.29999999999995 ms
318,218.14999999999998 ms
318,230.09999999999997 ms
318,234.99999999999994 ms
318,235.59999999999997 ms
318,253.74999999999994 ms
318,256.59999999999997 ms
318,261.2 ms
318,266.3 ms
318,278.2 ms
318,293.2 ms
318,298.55 ms
318,298.99999999999994 ms
318,327.45 ms
318,351.3 ms
318,361.40000000000003 ms
318,362.50000000000006 ms
318,364.65000000000003 ms
318,372.34999999999997 ms
318,374.65000000000003 ms
318,375.65000000000003 ms
318,379.3 ms
318,380.24999999999994 ms
318,402.8999999999999 ms
318,405.45 ms
318,408.3999999999999 ms
318,414.59999999999997 ms
318,424.09999999999997 ms
318,424.5499999999999 ms
318,450.1999999999999 ms
318,480.2999999999999 ms
318,480.6999999999999 ms
318,496.2 ms
318,502.3999999999999 ms
318,514.75 ms
318,524.8499999999999 ms
318,531.1499999999999 ms
318,541.7499999999998 ms
318,562.0999999999999 ms
318,587.3999999999999 ms
318,603.8499999999999 ms
318,607.5999999999999 ms
318,612.0999999999999 ms
318,617.3999999999999 ms
318,640.05 ms
318,648.05 ms
318,654.05 ms
318,692.3499999999997 ms
318,700.05 ms
318,757.6999999999998 ms
318,757.8999999999999 ms
318,764.1499999999999 ms
318,782.8999999999999 ms
318,783.8999999999999 ms
318,791.8499999999999 ms
318,804.1999999999998 ms
318,804.4499999999998 ms
318,806.5 ms
318,819.0 ms
318,821.9499999999998 ms
318,839.3499999999999 ms
318,850.8999999999999 ms
318,874.3499999999999 ms
318,888.8 ms
318,902.5 ms
318,959.0 ms
318,967.6500000000001 ms
318,986.6999999999998 ms
318,993.8 ms
318,1031.05 ms
318,1042.2500000000002 ms
318,1045.95 ms
318,1051.2 ms
318,1054.2 ms
318,1056.9000000000003 ms
318,1086.45 ms
318,1100.7 ms
318,1102.3 ms
318,1119.8999999999999 ms
318,1122.1499999999999 ms
318,1123.2499999999998 ms
318,1147.9999999999998 ms
318,1173.8499999999997 ms
318,1189.4999999999998 ms
318,1211.2499999999998 ms
318,1304.9999999999998 ms
318,1307.2 ms
318,1312.1999999999996 ms
318,1327.3999999999999 ms
318,1330.3 ms
318,1334.6499999999999 ms
318,1352.1999999999996 ms
318,1365.9999999999998 ms
318,1369.6499999999999 ms
318,1375.3 ms
318,1381.7500000000002 ms
318,1389.1500000000003 ms
318,1390.2500000000002 ms
318,1390.8 ms
318,1414.8499999999997 ms
318,1431.9999999999998 ms
318,1437.7500000000002 ms
318,1444.2 ms
318,1453.4000000000003 ms
318,1476.8999999999999 ms
318,1479.05 ms
318,1487.2 ms
318,1493.1000000000001 ms
318,1508.95 ms
318,1511.1500000000003 ms
318,1562.0000000000002 ms
318,1566.6000000000001 ms
318,1587.8000000000004 ms
318,1592.3500000000001 ms
318,1610.1000000000001 ms
318,1620.8000000000004 ms
318,1627.0000000000002 ms
318,1641.3 ms
318,1657.1499999999999 ms
318,1670.3500000000001 ms
318,1687.5000000000002 ms
318,1692.7500000000002 ms
318,1738.7000000000005 ms
318,1747.4000000000003 ms
318,1776.2500000000002 ms
318,1782.9500000000005 ms
318,1797.45 ms
318,1806.05 ms
318,1808.45 ms
318,1833.4000000000003 ms
318,1837.6000000000006 ms
318,1843.4000000000003 ms
318,1892.1500000000003 ms
318,1912.5500000000004 ms
318,1921.6000000000001 ms
318,1927.7500000000002 ms
318,1939.0000000000007 ms
318,1939.6000000000006 ms
318,1942.9000000000003 ms
318,1955.7500000000002 ms
318,1976.3500000000001 ms
318,1978.0000000000002 ms
318,1990.4000000000003 ms
318,1991.8000000000004 ms
318,1995.7500000000007 ms
318,1999.3000000000004 ms
318,2002.2500000000007 ms
318,2009.4500000000005 ms
318,2020.7500000000002 ms
318,2022.4000000000003 ms
318,2035.9500000000005 ms
318,2041.3000000000004 ms
318,2048.750000000001 ms
318,2052.1500000000005 ms
318,2069.6500000000005 ms
318,2075.9000000000005 ms
318,2090.3 ms
318,2096.4500000000007 ms
318,2104.8500000000004 ms
318,2107.9000000000015 ms
318,2110.050000000001 ms
318,2154.6000000000013 ms
318,2161.8500000000013 ms
318,2164.3500000000013 ms
318,2169.000000000001 ms
318,2170.8500000000013 ms
318,2174.1000000000013 ms
318,2195.7000000000016 ms
318,2203.500000000001 ms
318,2205.800000000002 ms
318,2210.4500000000016 ms
318,2212.750000000002 ms
318,2227.250000000002 ms
318,2227.750000000002 ms
318,2268.750000000002 ms
318,2285.850000000002 ms
318,2315.1500000000015 ms
318,2351.050000000002 ms
318,2357.800000000002 ms
318,2362.750000000002 ms
318,2399.1500000000015 ms
318,2441.9000000000015 ms
318,2454.4500000000025 ms
318,2485.800000000002 ms
318,2509.750000000002 ms
318,2535.100000000002 ms
318,2542.500000000002 ms
318,2557.9000000000015 ms
318,2561.250000000002 ms
318,2566.7000000000016 ms
318,2568.9500000000016 ms
318,2586.2000000000016 ms
318,2593.000000000002 ms
318,2599.000000000002 ms
318,2611.000000000002 ms
318,2661.4000000000015 ms
318,2662.6500000000015 ms
318,2691.9000000000015 ms
318,2721.250000000002 ms
318,2739.300000000002 ms
318,2752.7000000000016 ms
318,2755.2000000000016 ms
318,2771.7000000000016 ms
318,2775.4000000000024 ms
318,2784.750000000002 ms
318,2849.6500000000015 ms
318,2851.550000000002 ms
318,2859.050000000002 ms
318,2900.750000000002 ms
318,2912.4500000000016 ms
318,2917.6500000000015 ms
318,2922.250000000002 ms
318,2938.6500000000015 ms
318,2942.9000000000015 ms
318,2943.9500000000016 ms
318,2953.4500000000016 ms
318,2955.9000000000015 ms
318,2994.000000000002 ms
318,3002.250000000002 ms
318,3005.4000000000015 ms
318,3018.050000000001 ms
318,3021.4000000000015 ms
318,3061.250000000002 ms
318,3061.6500000000015 ms
318,3067.6500000000015 ms
318,3072.6500000000015 ms
318,3077.1500000000015 ms
318,3080.050000000001 ms
318,3097.4500000000016 ms
318,3104.2000000000016 ms
318,3113.4000000000015 ms
318,3130.1000000000013 ms
318,3136.500000000001 ms
318,3137.050000000002 ms
318,3151.000000000001 ms
318,3157.9500000000016 ms
318,3176.6000000000013 ms
318,3186.250000000001 ms
318,3201.6000000000013 ms
318,3203.7000000000016 ms
318,3219.2000000000016 ms
318,3220.8500000000013 ms
318,3224.550000000001 ms
318,3226.4000000000015 ms
318,3261.1500000000015 ms
318,3269.750000000001 ms
318,3281.1500000000005 ms
318,3289.1000000000013 ms
318,3303.750000000001 ms
318,3316.800000000001 ms
318,3326.8500000000013 ms
318,3342.7000000000016 ms
318,3361.800000000001 ms
318,3370.8500000000013 ms
318,3374.000000000001 ms
318,3391.4000000000015 ms
318,3414.7000000000016 ms
318,3419.6500000000015 ms
318,3453.9500000000016 ms
318,3459.9000000000015 ms
318,3461.6000000000013 ms
318,3463.250000000001 ms
318,3484.7000000000016 ms
318,3491.6500000000005 ms
318,3521.500000000001 ms
318,3526.3500000000013 ms
318,3533.000000000001 ms
318,3554.050000000001 ms
318,3557.500000000001 ms
318,3557.750000000001 ms
318,3558.1500000000005 ms
318,3570.4500000000016 ms
318,3578.550000000001 ms
318,3583.2000000000007 ms
318,3583.3500000000013 ms
318,3603.4500000000016 ms
318,3610.4500000000016 ms
318,3628.000000000001 ms
318,3632.1500000000015 ms
318,3642.550000000001 ms
318,3661.750000000002 ms
318,3709.4500000000007 ms
318,3731.9500000000007 ms
318,3741.1500000000015 ms
318,3752.2000000000007 ms
318,3756.750000000002 ms
318,3768.300000000001 ms
318,3778.9000000000015 ms
318,3830.050000000001 ms
318,3839.9000000000015 ms
318,3844.800000000001 ms
318,3857.1500000000015 ms
318,3915.050000000001 ms
318,3940.6500000000015 ms
318,3944.550000000001 ms
318,3945.300000000001 ms
318,3995.4000000000015 ms
318,3998.1500000000015 ms
319,11.75 ms
319,48.25 ms
319,70.6 ms
319,78.69999999999999 ms
319,81.25 ms
319,90.75 ms
319,99.5 ms
319,112.64999999999998 ms
319,118.69999999999999 ms
319,119.29999999999998 ms
319,131.79999999999998 ms
319,143.20000000000002 ms
319,154.6 ms
319,167.85 ms
319,191.85 ms
319,193.35 ms
319,197.65 ms
319,204.74999999999997 ms
319,216.69999999999996 ms
319,220.99999999999997 ms
319,226.4 ms
319,247.65 ms
319,267.0 ms
319,267.15 ms
319,270.69999999999993 ms
319,284.85 ms
319,297.6 ms
319,312.4999999999999 ms
319,313.04999999999995 ms
319,328.8499999999999 ms
319,331.25 ms
319,340.89999999999986 ms
319,352.5 ms
319,356.89999999999986 ms
319,366.5999999999999 ms
319,370.89999999999986 ms
319,382.5999999999999 ms
319,401.5999999999999 ms
319,401.8499999999999 ms
319,408.19999999999993 ms
319,413.9999999999999 ms
319,430.6 ms
319,431.35 ms
319,438.7499999999999 ms
319,442.9 ms
319,464.19999999999993 ms
319,464.54999999999995 ms
319,468.19999999999993 ms
319,491.79999999999995 ms
319,506.0999999999999 ms
319,514.0999999999999 ms
319,519.55 ms
319,526.8999999999999 ms
319,553.7 ms
319,569.7499999999998 ms
319,574.3499999999999 ms
319,577.3 ms
319,593.5999999999999 ms
319,621.05 ms
319,641.0 ms
319,642.0 ms
319,642.0999999999999 ms
319,658.45 ms
319,668.05 ms
319,682.2 ms
319,734.75 ms
319,738.6500000000001 ms
319,740.5999999999999 ms
319,748.6500000000001 ms
319,758.1999999999998 ms
319,777.05 ms
319,804.55 ms
319,832.25 ms
319,838.05 ms
319,842.8499999999999 ms
319,849.9499999999998 ms
319,875.8499999999999 ms
319,959.25 ms
319,966.8499999999999 ms
319,1019.05 ms
319,1031.1499999999999 ms
319,1033.4499999999996 ms
319,1038.8499999999997 ms
319,1053.4499999999996 ms
319,1063.3499999999997 ms
319,1066.8 ms
319,1072.5999999999997 ms
319,1090.4499999999996 ms
319,1097.6499999999999 ms
319,1109.2499999999998 ms
319,1145.8999999999999 ms
319,1173.2499999999998 ms
319,1174.8999999999999 ms
319,1181.7499999999998 ms
319,1192.6499999999999 ms
319,1206.6499999999999 ms
319,1248.4999999999998 ms
319,1262.6499999999999 ms
319,1264.1499999999999 ms
319,1265.9999999999998 ms
319,1268.9999999999998 ms
319,1274.0499999999995 ms
319,1302.2499999999998 ms
319,1317.95 ms
319,1319.1000000000001 ms
319,1320.5000000000002 ms
319,1326.1000000000001 ms
319,1354.7500000000002 ms
319,1365.6500000000003 ms
319,1376.1000000000001 ms
319,1377.3000000000004 ms
319,1389.4000000000003 ms
319,1389.7500000000002 ms
319,1407.55 ms
319,1408.95 ms
319,1422.55 ms
319,1436.7 ms
319,1452.3 ms
319,1467.45 ms
319,1483.3 ms
319,1488.3499999999997 ms
319,1493.4499999999996 ms
319,1496.9999999999998 ms
319,1511.2499999999998 ms
319,1517.3499999999997 ms
319,1529.6999999999996 ms
319,1533.6999999999996 ms
319,1541.1499999999999 ms
319,1543.1999999999996 ms
319,1543.8499999999997 ms
319,1552.05 ms
319,1557.8999999999999 ms
319,1566.2499999999998 ms
319,1579.1999999999996 ms
319,1615.5499999999995 ms
319,1634.1499999999994 ms
319,1643.3499999999997 ms
319,1647.8499999999992 ms
319,1649.3999999999994 ms
319,1656.5499999999995 ms
319,1682.4999999999998 ms
319,1684.8499999999997 ms
319,1686.0499999999995 ms
319,1699.7499999999998 ms
319,1711.7499999999993 ms
319,1712.2499999999998 ms
319,1721.0999999999997 ms
319,1723.0999999999992 ms
319,1732.5999999999997 ms
319,1739.3999999999994 ms
319,1745.6999999999991 ms
319,1748.9999999999993 ms
319,1749.2499999999993 ms
319,1765.8999999999994 ms
319,1802.6999999999991 ms
319,1806.549999999999 ms
319,1851.7999999999995 ms
319,1862.9999999999993 ms
319,1882.799999999999 ms
319,1901.4999999999993 ms
319,1909.5999999999992 ms
319,1956.9499999999991 ms
319,1957.6499999999994 ms
319,1960.7499999999993 ms
319,1961.049999999999 ms
319,1990.8499999999988 ms
319,2047.9499999999987 ms
319,2069.5999999999985 ms
319,2093.2999999999993 ms
319,2112.6499999999987 ms
319,2112.7999999999984 ms
319,2117.199999999999 ms
319,2143.249999999999 ms
319,2143.8999999999987 ms
319,2154.999999999999 ms
319,2171.2999999999993 ms
319,2188.0999999999995 ms
319,2198.2 ms
319,2221.249999999999 ms
319,2276.749999999999 ms
319,2284.1499999999996 ms
319,2288.6499999999996 ms
319,2332.0499999999993 ms
319,2348.95 ms
319,2353.2 ms
319,2357.2 ms
319,2368.7 ms
319,2388.8499999999995 ms
319,2390.5999999999995 ms
319,2402.55 ms
319,2432.8 ms
319,2438.999999999999 ms
319,2441.8499999999995 ms
319,2460.8999999999996 ms
319,2496.8499999999995 ms
319,2500.6499999999996 ms
319,2534.0 ms
319,2567.5999999999995 ms
319,2584.3999999999996 ms
319,2598.8499999999995 ms
319,2599.3499999999995 ms
319,2602.2 ms
319,2619.749999999999 ms
319,2621.8499999999995 ms
319,2629.45 ms
319,2630.0499999999993 ms
319,2668.249999999999 ms
319,2682.8999999999987 ms
319,2697.8499999999995 ms
319,2715.1499999999987 ms
319,2733.3499999999995 ms
319,2737.5499999999984 ms
319,2743.499999999999 ms
319,2755.3499999999985 ms
319,2774.699999999999 ms
319,2782.7999999999984 ms
319,2784.3999999999987 ms
319,2786.949999999998 ms
319,2790.199999999998 ms
319,2805.8999999999987 ms
319,2813.1499999999987 ms
319,2813.249999999998 ms
319,2825.699999999998 ms
319,2873.899999999998 ms
319,2880.8499999999976 ms
319,2884.7499999999973 ms
319,2910.399999999998 ms
319,2926.199999999998 ms
319,2941.899999999998 ms
319,2950.5999999999976 ms
319,2977.9999999999973 ms
319,2978.199999999998 ms
319,3003.149999999997 ms
319,3007.2499999999973 ms
319,3047.5999999999976 ms
319,3061.149999999997 ms
319,3069.949999999998 ms
319,3074.949999999998 ms
319,3078.899999999997 ms
319,3079.7499999999973 ms
319,3126.4999999999973 ms
319,3153.2499999999973 ms
319,3165.449999999997 ms
319,3180.649999999997 ms
319,3187.149999999997 ms
319,3214.399999999997 ms
319,3244.7499999999973 ms
319,3245.0499999999965 ms
319,3254.149999999997 ms
319,3266.5999999999967 ms
319,3267.2999999999965 ms
319,3275.0999999999967 ms
319,3276.149999999997 ms
319,3290.949999999997 ms
319,3306.0999999999967 ms
319,3343.0999999999967 ms
319,3350.149999999998 ms
319,3350.5499999999975 ms
319,3354.949999999997 ms
319,3368.449999999997 ms
319,3388.5499999999975 ms
319,3400.149999999998 ms
319,3414.899999999998 ms
319,3416.3499999999967 ms
319,3443.699999999997 ms
319,3465.5999999999967 ms
319,3495.0499999999975 ms
319,3506.649999999997 ms
319,3523.399999999997 ms
319,3555.5499999999965 ms
319,3561.0999999999976 ms
319,3582.899999999997 ms
319,3583.2499999999973 ms
319,3619.649999999997 ms
319,3630.649999999997 ms
319,3644.2499999999973 ms
319,3655.149999999997 ms
319,3657.4999999999973 ms
319,3672.0999999999976 ms
319,3688.449999999997 ms
319,3693.7999999999975 ms
319,3699.649999999997 ms
319,3700.649999999997 ms
319,3703.4999999999973 ms
319,3708.8499999999967 ms
319,3715.2499999999964 ms
319,3727.699999999997 ms
319,3774.949999999997 ms
319,3788.699999999997 ms
319,3790.199999999997 ms
319,3796.7999999999965 ms
319,3799.8499999999967 ms
319,3802.199999999997 ms
319,3824.399999999996 ms
319,3834.149999999996 ms
319,3837.699999999997 ms
319,3854.899999999996 ms
319,3872.8499999999967 ms
319,3875.2499999999964 ms
319,3885.399999999996 ms
319,3917.5499999999965 ms
319,3931.149999999997 ms
319,3948.2499999999964 ms
319,3995.2499999999964 ms
320,6.4 ms
320,18.450000000000003 ms
320,35.25 ms
320,71.55000000000001 ms
320,84.35000000000002 ms
320,85.80000000000001 ms
320,103.80000000000001 ms
320,105.85000000000002 ms
320,108.60000000000002 ms
320,137.4 ms
320,138.35 ms
320,143.54999999999998 ms
320,151.1 ms
320,158.79999999999998 ms
320,174.35 ms
320,181.04999999999998 ms
320,187.20000000000002 ms
320,198.65 ms
320,216.35 ms
320,218.59999999999994 ms
320,222.89999999999995 ms
320,224.19999999999996 ms
320,239.39999999999995 ms
320,250.99999999999997 ms
320,256.69999999999993 ms
320,276.05000000000007 ms
320,281.15 ms
320,282.15 ms
320,284.55000000000007 ms
320,317.85 ms
320,320.5 ms
320,326.4 ms
320,332.4 ms
320,334.1 ms
320,339.19999999999993 ms
320,345.44999999999993 ms
320,352.35 ms
320,361.79999999999995 ms
320,397.79999999999995 ms
320,405.65 ms
320,432.25 ms
320,432.35 ms
320,438.5 ms
320,447.54999999999995 ms
320,453.79999999999995 ms
320,455.0 ms
320,472.1 ms
320,489.25 ms
320,515.8 ms
320,531.0999999999999 ms
320,556.1999999999998 ms
320,556.3499999999999 ms
320,585.8999999999999 ms
320,586.1999999999998 ms
320,596.0999999999999 ms
320,608.8499999999999 ms
320,622.5499999999997 ms
320,641.0999999999999 ms
320,648.4499999999998 ms
320,668.0999999999999 ms
320,672.3499999999999 ms
320,688.7499999999998 ms
320,693.2499999999998 ms
320,697.6999999999998 ms
320,700.1499999999999 ms
320,701.1999999999998 ms
320,732.4999999999998 ms
320,750.3499999999997 ms
320,751.3499999999997 ms
320,757.5999999999997 ms
320,766.4499999999998 ms
320,769.2499999999998 ms
320,775.8499999999997 ms
320,800.4999999999998 ms
320,824.8499999999997 ms
320,826.7499999999998 ms
320,837.2499999999998 ms
320,846.8499999999997 ms
320,847.8999999999999 ms
320,856.6499999999999 ms
320,869.8499999999997 ms
320,881.1499999999999 ms
320,886.4499999999996 ms
320,900.5499999999997 ms
320,909.4499999999998 ms
320,916.8999999999996 ms
320,920.5999999999999 ms
320,946.6499999999996 ms
320,947.8499999999999 ms
320,950.1499999999996 ms
320,952.9499999999998 ms
320,954.7999999999997 ms
320,965.3499999999997 ms
320,987.3999999999996 ms
320,989.1999999999996 ms
320,990.0999999999997 ms
320,1002.2999999999995 ms
320,1008.8499999999997 ms
320,1019.3499999999997 ms
320,1043.7499999999998 ms
320,1059.6999999999996 ms
320,1073.8999999999999 ms
320,1074.3999999999994 ms
320,1081.0499999999995 ms
320,1096.3 ms
320,1097.7999999999995 ms
320,1099.0999999999997 ms
320,1115.5999999999997 ms
320,1132.3999999999994 ms
320,1141.3499999999997 ms
320,1189.7499999999998 ms
320,1198.0999999999997 ms
320,1201.1999999999996 ms
320,1220.3499999999997 ms
320,1236.7499999999998 ms
320,1244.2 ms
320,1251.8999999999999 ms
320,1258.9499999999996 ms
320,1279.95 ms
320,1285.2499999999998 ms
320,1294.3999999999999 ms
320,1298.3500000000001 ms
320,1301.3 ms
320,1301.7 ms
320,1302.55 ms
320,1321.55 ms
320,1360.8499999999997 ms
320,1365.4999999999998 ms
320,1374.3 ms
320,1390.2 ms
320,1400.3 ms
320,1420.3 ms
320,1430.3499999999997 ms
320,1433.3 ms
320,1445.8499999999997 ms
320,1465.4499999999996 ms
320,1473.4999999999998 ms
320,1497.8499999999997 ms
320,1503.9499999999996 ms
320,1505.8499999999997 ms
320,1506.2499999999998 ms
320,1543.3499999999997 ms
320,1547.9499999999996 ms
320,1548.5499999999995 ms
320,1558.2499999999998 ms
320,1575.2499999999993 ms
320,1577.1999999999996 ms
320,1579.7999999999995 ms
320,1582.4499999999996 ms
320,1590.9499999999996 ms
320,1596.3999999999999 ms
320,1597.0999999999997 ms
320,1640.3 ms
320,1642.7499999999998 ms
320,1644.8999999999999 ms
320,1656.7499999999998 ms
320,1662.7 ms
320,1674.8500000000001 ms
320,1685.95 ms
320,1687.3999999999999 ms
320,1692.1499999999999 ms
320,1702.8999999999999 ms
320,1704.3 ms
320,1704.45 ms
320,1726.3 ms
320,1743.0000000000002 ms
320,1788.3 ms
320,1788.45 ms
320,1793.2 ms
320,1798.1500000000003 ms
320,1832.6499999999999 ms
320,1835.2499999999998 ms
320,1846.3999999999999 ms
320,1869.95 ms
320,1873.9000000000003 ms
320,1883.3999999999999 ms
320,1892.9000000000003 ms
320,1893.6499999999999 ms
320,1896.8500000000001 ms
320,1995.2 ms
320,2000.6000000000001 ms
320,2006.5000000000002 ms
320,2014.0000000000002 ms
320,2042.2000000000005 ms
320,2070.1000000000004 ms
320,2093.0 ms
320,2121.1000000000004 ms
320,2122.8 ms
320,2138.0 ms
320,2143.7 ms
320,2144.95 ms
320,2158.3 ms
320,2165.3 ms
320,2169.0999999999995 ms
320,2180.55 ms
320,2210.3 ms
320,2216.2 ms
320,2233.8 ms
320,2234.3999999999996 ms
320,2238.7 ms
320,2242.0 ms
320,2251.8999999999996 ms
320,2275.55 ms
320,2339.1500000000005 ms
320,2351.8 ms
320,2363.3500000000004 ms
320,2368.1000000000004 ms
320,2409.5 ms
320,2420.3500000000004 ms
320,2475.8500000000004 ms
320,2497.9000000000005 ms
320,2503.250000000001 ms
320,2514.55 ms
320,2549.750000000001 ms
320,2571.250000000001 ms
320,2598.8 ms
320,2646.3500000000013 ms
320,2669.6000000000013 ms
320,2677.3 ms
320,2678.3 ms
320,2693.8 ms
320,2767.250000000001 ms
320,2807.3500000000004 ms
320,2813.75 ms
320,2816.1000000000004 ms
320,2830.75 ms
320,2848.6500000000005 ms
320,2849.8 ms
320,2853.8500000000013 ms
320,2882.4500000000007 ms
320,2912.7000000000007 ms
320,2923.750000000001 ms
320,2954.9500000000007 ms
320,2956.800000000001 ms
320,2957.300000000001 ms
320,2965.6500000000005 ms
320,2982.750000000001 ms
320,2984.7 ms
320,2986.45 ms
320,2993.250000000001 ms
320,3007.9000000000005 ms
320,3015.6500000000005 ms
320,3048.6500000000005 ms
320,3049.55 ms
320,3060.2000000000007 ms
320,3084.6000000000004 ms
320,3102.3500000000004 ms
320,3108.750000000001 ms
320,3118.2000000000007 ms
320,3130.1000000000004 ms
320,3144.2000000000007 ms
320,3144.7000000000007 ms
320,3154.550000000001 ms
320,3168.4000000000005 ms
320,3198.55 ms
320,3240.3500000000013 ms
320,3240.9000000000005 ms
320,3251.6000000000013 ms
320,3262.2000000000007 ms
320,3277.6500000000005 ms
320,3316.05 ms
320,3319.8500000000013 ms
320,3331.1500000000005 ms
320,3346.6000000000013 ms
320,3359.6000000000013 ms
320,3377.55 ms
320,3381.55 ms
320,3491.9000000000005 ms
320,3500.55 ms
320,3509.500000000001 ms
320,3527.000000000001 ms
320,3531.3500000000004 ms
320,3536.8500000000004 ms
320,3554.6500000000005 ms
320,3594.000000000001 ms
320,3598.250000000001 ms
320,3606.95 ms
320,3608.500000000001 ms
320,3618.2 ms
320,3624.6000000000004 ms
320,3634.1000000000004 ms
320,3635.4000000000005 ms
320,3640.250000000001 ms
320,3660.4000000000005 ms
320,3665.2000000000007 ms
320,3673.250000000001 ms
320,3684.800000000001 ms
320,3751.9500000000007 ms
320,3759.7000000000007 ms
320,3765.750000000002 ms
320,3783.3500000000013 ms
320,3788.800000000001 ms
320,3796.250000000001 ms
320,3817.2000000000007 ms
320,3820.6000000000004 ms
320,3822.9500000000007 ms
320,3827.050000000001 ms
320,3833.6000000000004 ms
320,3835.2000000000007 ms
320,3837.300000000001 ms
320,3841.9000000000005 ms
320,3848.4000000000005 ms
320,3865.1000000000004 ms
320,3870.8 ms
320,3874.6000000000004 ms
320,3885.25 ms
320,3887.3500000000004 ms
320,3889.3 ms
320,3904.95 ms
320,3911.55 ms
320,3913.9000000000005 ms
320,3949.1500000000005 ms
320,3961.55 ms
320,3977.2 ms
320,3984.000000000001 ms
320,3997.3500000000004 ms
321,20.75 ms
321,40.55 ms
321,46.45 ms
321,50.349999999999994 ms
321,59.599999999999994 ms
321,73.94999999999999 ms
321,96.25 ms
321,102.04999999999998 ms
321,115.04999999999998 ms
321,126.14999999999998 ms
321,142.2 ms
321,156.84999999999997 ms
321,172.5 ms
321,180.05 ms
321,181.60000000000002 ms
321,189.0 ms
321,193.20000000000005 ms
321,195.5 ms
321,217.30000000000007 ms
321,217.40000000000003 ms
321,221.15000000000003 ms
321,223.45000000000005 ms
321,226.30000000000007 ms
321,238.35000000000002 ms
321,239.35000000000002 ms
321,249.35000000000002 ms
321,259.70000000000005 ms
321,273.0 ms
321,276.45000000000005 ms
321,289.35 ms
321,290.35 ms
321,311.80000000000007 ms
321,331.55000000000007 ms
321,338.19999999999993 ms
321,359.94999999999993 ms
321,369.4 ms
321,374.35 ms
321,397.9 ms
321,404.65 ms
321,407.4 ms
321,416.79999999999995 ms
321,449.5 ms
321,478.75 ms
321,487.04999999999995 ms
321,495.69999999999993 ms
321,497.04999999999995 ms
321,497.79999999999995 ms
321,498.15 ms
321,518.3 ms
321,522.3999999999999 ms
321,540.6000000000001 ms
321,542.8500000000001 ms
321,547.3 ms
321,560.8 ms
321,567.4000000000001 ms
321,602.3000000000002 ms
321,651.2 ms
321,662.3 ms
321,662.55 ms
321,662.8 ms
321,678.2 ms
321,688.9000000000001 ms
321,691.45 ms
321,695.1000000000001 ms
321,698.55 ms
321,702.7 ms
321,720.8500000000001 ms
321,725.8999999999999 ms
321,732.6499999999999 ms
321,746.5 ms
321,749.4000000000001 ms
321,768.0 ms
321,769.8499999999999 ms
321,775.0999999999999 ms
321,803.0999999999999 ms
321,809.95 ms
321,812.6500000000001 ms
321,816.45 ms
321,822.8 ms
321,830.8 ms
321,882.8500000000001 ms
321,900.8500000000001 ms
321,907.7 ms
321,919.95 ms
321,921.25 ms
321,938.8499999999999 ms
321,951.5500000000002 ms
321,953.0999999999999 ms
321,960.75 ms
321,970.3 ms
321,980.55 ms
321,987.25 ms
321,1000.8 ms
321,1014.75 ms
321,1021.5 ms
321,1024.3 ms
321,1085.2500000000002 ms
321,1110.95 ms
321,1112.8500000000001 ms
321,1131.5500000000004 ms
321,1134.4500000000005 ms
321,1138.2 ms
321,1147.05 ms
321,1184.6000000000001 ms
321,1215.3999999999999 ms
321,1218.8500000000001 ms
321,1220.0500000000004 ms
321,1227.4000000000003 ms
321,1240.5500000000004 ms
321,1259.6500000000003 ms
321,1292.7500000000002 ms
321,1362.4000000000003 ms
321,1386.8500000000001 ms
321,1388.95 ms
321,1418.05 ms
321,1424.2 ms
321,1439.9999999999998 ms
321,1443.95 ms
321,1458.95 ms
321,1479.6500000000003 ms
321,1480.0500000000004 ms
321,1483.3 ms
321,1493.6000000000001 ms
321,1512.0500000000004 ms
321,1522.7000000000005 ms
321,1523.2500000000002 ms
321,1526.1000000000001 ms
321,1561.2 ms
321,1565.9000000000003 ms
321,1585.1000000000001 ms
321,1589.8500000000001 ms
321,1590.0500000000004 ms
321,1622.7500000000002 ms
321,1626.55 ms
321,1626.8999999999999 ms
321,1632.9000000000003 ms
321,1638.0000000000002 ms
321,1650.55 ms
321,1695.8999999999999 ms
321,1699.1000000000001 ms
321,1715.3999999999999 ms
321,1720.4499999999996 ms
321,1721.45 ms
321,1735.9499999999996 ms
321,1764.5499999999995 ms
321,1778.3999999999994 ms
321,1782.0499999999995 ms
321,1810.8499999999997 ms
321,1811.1999999999996 ms
321,1811.3499999999997 ms
321,1817.1999999999996 ms
321,1828.2499999999993 ms
321,1834.3499999999992 ms
321,1867.8999999999994 ms
321,1881.2499999999993 ms
321,1884.9499999999996 ms
321,1892.3999999999994 ms
321,1893.8499999999997 ms
321,1902.8499999999992 ms
321,1918.2999999999995 ms
321,1919.0499999999995 ms
321,1946.0499999999995 ms
321,1955.4999999999998 ms
321,1961.7499999999993 ms
321,1962.2999999999995 ms
321,1965.5499999999995 ms
321,1998.6999999999996 ms
321,2019.8999999999999 ms
321,2020.9499999999996 ms
321,2026.0499999999995 ms
321,2026.1999999999996 ms
321,2037.9499999999996 ms
321,2067.749999999999 ms
321,2088.6499999999996 ms
321,2110.5999999999995 ms
321,2128.1499999999996 ms
321,2139.0 ms
321,2144.199999999999 ms
321,2149.5999999999995 ms
321,2159.45 ms
321,2210.7 ms
321,2211.45 ms
321,2239.6499999999987 ms
321,2241.5499999999993 ms
321,2255.999999999999 ms
321,2274.1499999999987 ms
321,2290.499999999999 ms
321,2314.8999999999987 ms
321,2318.0499999999993 ms
321,2333.2999999999993 ms
321,2342.2999999999993 ms
321,2372.699999999999 ms
321,2390.8499999999995 ms
321,2411.6499999999996 ms
321,2413.7999999999993 ms
321,2417.5 ms
321,2426.2999999999993 ms
321,2442.3999999999996 ms
321,2453.45 ms
321,2454.55 ms
321,2460.8499999999995 ms
321,2469.3 ms
321,2486.8499999999995 ms
321,2492.9000000000005 ms
321,2507.25 ms
321,2513.05 ms
321,2534.9000000000005 ms
321,2556.8499999999995 ms
321,2557.5999999999995 ms
321,2559.25 ms
321,2577.8999999999996 ms
321,2581.25 ms
321,2602.75 ms
321,2607.45 ms
321,2617.55 ms
321,2619.7 ms
321,2681.0 ms
321,2704.3500000000004 ms
321,2706.1000000000004 ms
321,2711.8999999999996 ms
321,2714.55 ms
321,2723.2 ms
321,2741.6000000000004 ms
321,2746.55 ms
321,2747.7 ms
321,2775.3 ms
321,2779.2 ms
321,2781.4000000000005 ms
321,2785.1500000000005 ms
321,2785.75 ms
321,2792.55 ms
321,2824.1000000000004 ms
321,2838.3500000000004 ms
321,2842.4500000000007 ms
321,2846.0 ms
321,2852.800000000001 ms
321,2877.7000000000007 ms
321,2893.000000000001 ms
321,2898.050000000001 ms
321,2926.1500000000015 ms
321,2935.8500000000004 ms
321,2937.800000000001 ms
321,2940.6500000000005 ms
321,2948.6500000000005 ms
321,2985.05 ms
321,3025.250000000001 ms
321,3028.2 ms
321,3028.45 ms
321,3047.55 ms
321,3059.05 ms
321,3078.25 ms
321,3084.55 ms
321,3093.55 ms
321,3095.1500000000005 ms
321,3117.0999999999995 ms
321,3121.1500000000005 ms
321,3126.55 ms
321,3137.95 ms
321,3139.000000000001 ms
321,3142.3 ms
321,3156.8 ms
321,3174.7000000000007 ms
321,3185.1000000000004 ms
321,3187.500000000001 ms
321,3198.2000000000007 ms
321,3201.500000000001 ms
321,3203.4500000000007 ms
321,3219.2000000000007 ms
321,3219.800000000001 ms
321,3229.4500000000007 ms
321,3260.050000000001 ms
321,3260.4000000000005 ms
321,3276.3 ms
321,3286.750000000001 ms
321,3305.3500000000004 ms
321,3363.5 ms
321,3368.9000000000005 ms
321,3377.2000000000007 ms
321,3381.1500000000005 ms
321,3388.8500000000004 ms
321,3436.75 ms
321,3439.1000000000004 ms
321,3443.4000000000005 ms
321,3460.4000000000005 ms
321,3460.500000000001 ms
321,3472.95 ms
321,3505.45 ms
321,3533.8500000000004 ms
321,3558.7000000000007 ms
321,3564.8 ms
321,3604.55 ms
321,3635.1500000000005 ms
321,3637.3499999999995 ms
321,3641.9000000000005 ms
321,3642.5 ms
321,3654.8500000000004 ms
321,3698.75 ms
321,3712.5 ms
321,3723.1000000000004 ms
321,3737.25 ms
321,3744.55 ms
321,3751.1000000000004 ms
321,3758.3 ms
321,3790.5 ms
321,3807.3500000000004 ms
321,3824.3999999999996 ms
321,3835.6000000000004 ms
321,3847.25 ms
321,3847.8999999999996 ms
321,3864.8 ms
321,3888.6000000000004 ms
321,3902.8500000000004 ms
321,3913.0 ms
321,3914.8500000000004 ms
321,3925.0 ms
321,3935.75 ms
321,3939.1000000000004 ms
321,3948.05 ms
321,3948.7 ms
321,3953.7 ms
321,3959.9000000000005 ms
321,3974.4000000000005 ms
322,25.05 ms
322,30.249999999999996 ms
322,44.89999999999999 ms
322,48.85000000000001 ms
322,51.95 ms
322,55.3 ms
322,64.30000000000001 ms
322,65.20000000000002 ms
322,82.75000000000003 ms
322,85.15 ms
322,86.80000000000004 ms
322,109.95000000000002 ms
322,115.35000000000005 ms
322,132.15000000000003 ms
322,133.70000000000005 ms
322,140.85000000000002 ms
322,154.35000000000002 ms
322,159.30000000000007 ms
322,175.5 ms
322,177.10000000000002 ms
322,193.65000000000003 ms
322,202.10000000000002 ms
322,207.05 ms
322,215.60000000000002 ms
322,223.10000000000002 ms
322,231.0 ms
322,239.10000000000002 ms
322,244.95000000000005 ms
322,278.79999999999995 ms
322,299.45000000000005 ms
322,313.79999999999995 ms
322,321.6500000000001 ms
322,357.04999999999995 ms
322,364.25 ms
322,372.75 ms
322,395.5 ms
322,405.0 ms
322,439.35 ms
322,442.80000000000007 ms
322,456.4 ms
322,463.05000000000007 ms
322,472.4 ms
322,475.2500000000001 ms
322,477.4 ms
322,485.35 ms
322,504.35 ms
322,517.75 ms
322,572.3 ms
322,577.45 ms
322,586.3 ms
322,591.5999999999999 ms
322,595.3 ms
322,599.5999999999999 ms
322,603.5999999999999 ms
322,623.8499999999999 ms
322,656.3 ms
322,667.25 ms
322,683.4000000000001 ms
322,700.55 ms
322,711.2 ms
322,715.0999999999999 ms
322,721.3999999999999 ms
322,721.55 ms
322,730.55 ms
322,753.2499999999998 ms
322,761.3499999999999 ms
322,770.4499999999998 ms
322,774.4000000000001 ms
322,785.8 ms
322,824.95 ms
322,893.05 ms
322,927.7 ms
322,933.1499999999999 ms
322,935.8500000000001 ms
322,972.0 ms
322,973.05 ms
322,992.05 ms
322,1008.25 ms
322,1023.05 ms
322,1024.3 ms
322,1025.8499999999997 ms
322,1028.3999999999999 ms
322,1037.1999999999996 ms
322,1039.9999999999998 ms
322,1072.1499999999999 ms
322,1097.3999999999999 ms
322,1104.4499999999996 ms
322,1119.5499999999995 ms
322,1147.55 ms
322,1175.4999999999998 ms
322,1180.45 ms
322,1206.6000000000001 ms
322,1220.7 ms
322,1244.8 ms
322,1245.4999999999998 ms
322,1250.3999999999999 ms
322,1277.6499999999999 ms
322,1293.7499999999998 ms
322,1297.0499999999995 ms
322,1302.3499999999997 ms
322,1302.8999999999994 ms
322,1315.8499999999997 ms
322,1325.2499999999998 ms
322,1332.1499999999999 ms
322,1335.3999999999999 ms
322,1385.9999999999998 ms
322,1411.2499999999998 ms
322,1414.8499999999997 ms
322,1441.5999999999997 ms
322,1454.5999999999997 ms
322,1460.6999999999996 ms
322,1461.2499999999993 ms
322,1474.6499999999994 ms
322,1492.5999999999997 ms
322,1526.8 ms
322,1531.7999999999995 ms
322,1539.1999999999996 ms
322,1569.45 ms
322,1581.6999999999996 ms
322,1594.4999999999998 ms
322,1604.2 ms
322,1621.55 ms
322,1638.7999999999995 ms
322,1646.3499999999997 ms
322,1664.4999999999998 ms
322,1690.5999999999997 ms
322,1693.8 ms
322,1697.3999999999999 ms
322,1710.2499999999998 ms
322,1720.2499999999993 ms
322,1751.3999999999994 ms
322,1767.2499999999993 ms
322,1780.7499999999998 ms
322,1796.8999999999999 ms
322,1802.0999999999997 ms
322,1805.4999999999998 ms
322,1817.3499999999997 ms
322,1841.8499999999997 ms
322,1860.6999999999996 ms
322,1860.9999999999993 ms
322,1872.8499999999992 ms
322,1875.3499999999997 ms
322,1897.2999999999995 ms
322,1922.0999999999992 ms
322,1924.4999999999993 ms
322,1932.5999999999992 ms
322,1934.4999999999993 ms
322,1940.8499999999992 ms
322,1949.5499999999995 ms
322,1958.7999999999995 ms
322,1959.2499999999998 ms
322,1963.5999999999997 ms
322,1971.5499999999995 ms
322,1980.6999999999996 ms
322,2011.5499999999995 ms
322,2023.5999999999992 ms
322,2025.1499999999994 ms
322,2045.1999999999991 ms
322,2046.049999999999 ms
322,2052.8499999999995 ms
322,2056.249999999999 ms
322,2059.8 ms
322,2069.3999999999996 ms
322,2074.5 ms
322,2087.3999999999996 ms
322,2091.5499999999993 ms
322,2109.75 ms
322,2111.25 ms
322,2120.199999999999 ms
322,2129.5999999999995 ms
322,2137.749999999999 ms
322,2138.0999999999995 ms
322,2138.999999999999 ms
322,2169.8999999999996 ms
322,2198.5999999999995 ms
322,2198.7 ms
322,2207.2999999999993 ms
322,2215.7999999999993 ms
322,2218.2999999999993 ms
322,2235.7999999999993 ms
322,2235.8999999999996 ms
322,2237.0999999999985 ms
322,2255.3999999999996 ms
322,2255.5999999999985 ms
322,2257.699999999999 ms
322,2261.7999999999993 ms
322,2271.199999999999 ms
322,2277.449999999999 ms
322,2281.7999999999993 ms
322,2289.5999999999985 ms
322,2315.3999999999996 ms
322,2330.0999999999985 ms
322,2332.5499999999993 ms
322,2369.8499999999985 ms
322,2377.699999999999 ms
322,2378.8999999999987 ms
322,2380.1499999999987 ms
322,2381.8499999999985 ms
322,2384.999999999998 ms
322,2392.1499999999987 ms
322,2403.249999999999 ms
322,2426.5999999999985 ms
322,2460.3499999999985 ms
322,2463.6499999999987 ms
322,2464.699999999999 ms
322,2510.5999999999985 ms
322,2513.2999999999993 ms
322,2534.749999999998 ms
322,2541.5999999999985 ms
322,2555.0499999999984 ms
322,2585.5999999999985 ms
322,2617.699999999999 ms
322,2622.199999999999 ms
322,2624.149999999998 ms
322,2627.649999999998 ms
322,2630.149999999998 ms
322,2657.8499999999985 ms
322,2663.2999999999975 ms
322,2666.7999999999975 ms
322,2670.0499999999975 ms
322,2694.2999999999975 ms
322,2726.7999999999975 ms
322,2752.249999999998 ms
322,2757.499999999998 ms
322,2764.0499999999975 ms
322,2769.999999999998 ms
322,2778.3499999999976 ms
322,2820.4999999999973 ms
322,2822.5999999999976 ms
322,2826.7999999999975 ms
322,2848.699999999997 ms
322,2867.899999999998 ms
322,2881.2499999999973 ms
322,2902.899999999997 ms
322,2911.699999999998 ms
322,2925.399999999997 ms
322,2948.0999999999976 ms
322,2951.8499999999976 ms
322,2992.7999999999965 ms
322,2997.949999999997 ms
322,3002.0499999999975 ms
322,3015.0999999999967 ms
322,3037.4999999999973 ms
322,3048.199999999997 ms
322,3054.899999999997 ms
322,3062.8499999999967 ms
322,3075.649999999997 ms
322,3082.9999999999973 ms
322,3110.7999999999965 ms
322,3117.0499999999965 ms
322,3121.0999999999976 ms
322,3128.949999999997 ms
322,3148.949999999997 ms
322,3190.8499999999967 ms
322,3214.449999999997 ms
322,3226.449999999997 ms
322,3237.699999999997 ms
322,3251.5499999999975 ms
322,3271.0999999999967 ms
322,3275.7999999999975 ms
322,3276.149999999997 ms
322,3286.899999999997 ms
322,3294.2499999999973 ms
322,3296.2999999999965 ms
322,3314.449999999997 ms
322,3324.699999999997 ms
322,3327.0999999999967 ms
322,3359.0499999999975 ms
322,3364.3499999999967 ms
322,3389.7499999999973 ms
322,3390.2999999999975 ms
322,3394.949999999997 ms
322,3415.149999999998 ms
322,3417.9999999999973 ms
322,3423.7499999999973 ms
322,3445.0499999999975 ms
322,3475.3499999999976 ms
322,3490.5999999999976 ms
322,3496.449999999998 ms
322,3508.7999999999975 ms
322,3514.0499999999975 ms
322,3535.0499999999975 ms
322,3539.899999999998 ms
322,3542.949999999997 ms
322,3554.199999999997 ms
322,3563.249999999998 ms
322,3575.149999999998 ms
322,3576.949999999998 ms
322,3578.449999999998 ms
322,3589.2999999999984 ms
322,3595.0999999999976 ms
322,3616.0499999999984 ms
322,3628.4999999999973 ms
322,3655.8499999999976 ms
322,3656.8499999999976 ms
322,3657.699999999998 ms
322,3675.949999999998 ms
322,3676.4999999999973 ms
322,3678.2499999999973 ms
322,3697.3499999999976 ms
322,3698.399999999998 ms
322,3706.899999999998 ms
322,3711.749999999998 ms
322,3722.699999999997 ms
322,3742.3499999999976 ms
322,3760.449999999998 ms
322,3784.2999999999975 ms
322,3793.199999999997 ms
322,3797.999999999998 ms
322,3804.0999999999976 ms
322,3821.699999999998 ms
322,3840.449999999998 ms
322,3859.699999999998 ms
322,3890.8499999999976 ms
322,3897.3499999999976 ms
322,3900.199999999998 ms
322,3908.9999999999973 ms
322,3919.0499999999984 ms
322,3926.7499999999973 ms
322,3948.8499999999976 ms
322,3953.5499999999975 ms
322,3963.149999999998 ms
322,3980.9999999999973 ms
322,3982.8499999999976 ms
323,4.25 ms
323,7.35 ms
323,11.35 ms
323,38.7 ms
323,49.55 ms
323,52.8 ms
323,53.95 ms
323,58.25 ms
323,72.35 ms
323,76.1 ms
323,87.9 ms
323,90.85 ms
323,98.6 ms
323,110.04999999999998 ms
323,117.35 ms
323,131.35 ms
323,131.85 ms
323,138.29999999999998 ms
323,143.49999999999997 ms
323,150.99999999999997 ms
323,159.59999999999994 ms
323,160.04999999999993 ms
323,172.74999999999991 ms
323,189.6999999999999 ms
323,215.04999999999993 ms
323,219.44999999999996 ms
323,221.74999999999997 ms
323,257.7499999999999 ms
323,264.9 ms
323,269.19999999999993 ms
323,283.2499999999999 ms
323,296.9999999999999 ms
323,305.15 ms
323,315.9999999999999 ms
323,326.85 ms
323,350.9 ms
323,354.5 ms
323,358.20000000000005 ms
323,360.29999999999995 ms
323,367.54999999999995 ms
323,371.9000000000001 ms
323,379.5 ms
323,381.75 ms
323,383.9000000000001 ms
323,392.54999999999995 ms
323,400.70000000000005 ms
323,415.29999999999995 ms
323,425.6500000000001 ms
323,446.25 ms
323,448.4000000000001 ms
323,458.79999999999995 ms
323,462.04999999999995 ms
323,469.0 ms
323,472.45000000000005 ms
323,514.25 ms
323,538.45 ms
323,576.25 ms
323,576.3499999999999 ms
323,620.2 ms
323,628.5 ms
323,635.55 ms
323,643.8999999999999 ms
323,648.75 ms
323,687.05 ms
323,690.3 ms
323,695.75 ms
323,707.55 ms
323,711.2 ms
323,720.2 ms
323,722.7 ms
323,729.45 ms
323,734.2499999999998 ms
323,739.8999999999999 ms
323,741.5999999999999 ms
323,745.25 ms
323,768.2999999999997 ms
323,768.5999999999999 ms
323,771.5499999999997 ms
323,791.3499999999999 ms
323,801.0999999999999 ms
323,821.2999999999997 ms
323,829.0 ms
323,831.5999999999999 ms
323,838.3999999999999 ms
323,846.3499999999999 ms
323,855.25 ms
323,859.2999999999997 ms
323,868.3999999999999 ms
323,875.05 ms
323,877.8499999999997 ms
323,890.7499999999998 ms
323,903.1999999999998 ms
323,903.2999999999997 ms
323,904.0999999999999 ms
323,928.2499999999998 ms
323,935.1499999999999 ms
323,940.9999999999998 ms
323,950.2999999999997 ms
323,951.0999999999997 ms
323,958.3999999999996 ms
323,972.8999999999996 ms
323,986.8499999999997 ms
323,992.1999999999996 ms
323,1020.8999999999999 ms
323,1033.3499999999997 ms
323,1034.7499999999998 ms
323,1051.4999999999998 ms
323,1073.5499999999995 ms
323,1102.8999999999994 ms
323,1128.4499999999996 ms
323,1158.9499999999996 ms
323,1180.0499999999995 ms
323,1201.1999999999996 ms
323,1209.1499999999999 ms
323,1215.6999999999996 ms
323,1234.8499999999997 ms
323,1260.3999999999994 ms
323,1318.0999999999997 ms
323,1322.6999999999996 ms
323,1331.1999999999996 ms
323,1332.4499999999996 ms
323,1365.7999999999995 ms
323,1385.6999999999996 ms
323,1393.6999999999996 ms
323,1400.7999999999995 ms
323,1417.2999999999995 ms
323,1425.8999999999994 ms
323,1433.2499999999993 ms
323,1475.9499999999996 ms
323,1494.5999999999997 ms
323,1497.5999999999992 ms
323,1499.5999999999997 ms
323,1500.1999999999996 ms
323,1506.3999999999994 ms
323,1507.5499999999995 ms
323,1531.9999999999998 ms
323,1587.6499999999999 ms
323,1589.3999999999994 ms
323,1594.4499999999996 ms
323,1609.4499999999996 ms
323,1629.3999999999999 ms
323,1656.4499999999996 ms
323,1664.9499999999996 ms
323,1678.5499999999995 ms
323,1686.6499999999994 ms
323,1705.8499999999997 ms
323,1729.0999999999992 ms
323,1734.7499999999993 ms
323,1751.5499999999995 ms
323,1773.8499999999992 ms
323,1788.0499999999995 ms
323,1788.4499999999996 ms
323,1792.6999999999996 ms
323,1800.2499999999993 ms
323,1807.7499999999998 ms
323,1829.4999999999993 ms
323,1844.3999999999994 ms
323,1849.4499999999996 ms
323,1901.2999999999995 ms
323,1921.1499999999994 ms
323,1928.4999999999993 ms
323,1936.9499999999996 ms
323,1947.9999999999993 ms
323,1969.3499999999992 ms
323,1982.899999999999 ms
323,1986.8499999999992 ms
323,2017.4499999999991 ms
323,2018.8999999999994 ms
323,2020.9999999999993 ms
323,2022.2499999999989 ms
323,2023.8499999999988 ms
323,2047.3499999999992 ms
323,2059.8499999999985 ms
323,2077.2999999999993 ms
323,2083.5499999999993 ms
323,2092.0499999999993 ms
323,2110.249999999998 ms
323,2113.2999999999993 ms
323,2136.2999999999993 ms
323,2138.5999999999985 ms
323,2142.3999999999996 ms
323,2154.2999999999993 ms
323,2172.6499999999996 ms
323,2174.3499999999985 ms
323,2198.3499999999985 ms
323,2218.3499999999985 ms
323,2243.8499999999985 ms
323,2248.949999999999 ms
323,2265.199999999999 ms
323,2286.3499999999985 ms
323,2292.449999999999 ms
323,2303.199999999999 ms
323,2303.999999999999 ms
323,2304.0999999999995 ms
323,2325.0499999999984 ms
323,2327.0999999999995 ms
323,2357.3999999999987 ms
323,2377.8499999999995 ms
323,2385.1499999999987 ms
323,2388.3499999999995 ms
323,2404.7999999999984 ms
323,2421.249999999999 ms
323,2426.0499999999984 ms
323,2427.5999999999995 ms
323,2433.3499999999995 ms
323,2446.5999999999995 ms
323,2468.8999999999987 ms
323,2545.3499999999995 ms
323,2548.749999999999 ms
323,2562.0999999999995 ms
323,2566.3999999999987 ms
323,2567.8499999999995 ms
323,2581.249999999999 ms
323,2599.499999999999 ms
323,2603.3999999999987 ms
323,2623.999999999999 ms
323,2624.8499999999995 ms
323,2632.3499999999995 ms
323,2644.7999999999984 ms
323,2690.5499999999984 ms
323,2692.199999999999 ms
323,2700.8499999999985 ms
323,2719.5499999999993 ms
323,2766.2999999999993 ms
323,2770.0999999999985 ms
323,2773.249999999999 ms
323,2781.949999999999 ms
323,2792.8499999999985 ms
323,2794.699999999999 ms
323,2834.0499999999993 ms
323,2853.199999999999 ms
323,2899.3499999999985 ms
323,2910.3499999999985 ms
323,2915.949999999999 ms
323,2924.949999999999 ms
323,2935.8499999999985 ms
323,2942.499999999999 ms
323,2946.449999999999 ms
323,2957.8999999999987 ms
323,3025.1499999999987 ms
323,3028.999999999999 ms
323,3047.0999999999985 ms
323,3061.5499999999984 ms
323,3062.199999999998 ms
323,3089.7999999999984 ms
323,3113.0999999999985 ms
323,3128.1499999999987 ms
323,3131.3999999999987 ms
323,3141.5999999999985 ms
323,3141.8999999999987 ms
323,3159.1499999999987 ms
323,3159.999999999999 ms
323,3191.0499999999984 ms
323,3192.8499999999995 ms
323,3221.749999999999 ms
323,3237.3499999999995 ms
323,3241.199999999999 ms
323,3244.0999999999985 ms
323,3258.749999999999 ms
323,3262.499999999999 ms
323,3269.199999999999 ms
323,3271.5499999999993 ms
323,3278.6499999999987 ms
323,3285.8999999999987 ms
323,3295.499999999999 ms
323,3312.2999999999984 ms
323,3326.999999999999 ms
323,3360.8499999999985 ms
323,3394.3999999999987 ms
323,3405.699999999999 ms
323,3450.199999999999 ms
323,3452.699999999999 ms
323,3458.949999999999 ms
323,3469.949999999999 ms
323,3480.7999999999993 ms
323,3481.699999999999 ms
323,3501.2999999999993 ms
323,3510.2999999999993 ms
323,3537.949999999999 ms
323,3559.449999999999 ms
323,3563.249999999999 ms
323,3569.2999999999993 ms
323,3592.0999999999995 ms
323,3622.7 ms
323,3627.249999999999 ms
323,3728.0999999999995 ms
323,3751.5499999999993 ms
323,3772.2999999999993 ms
323,3794.949999999999 ms
323,3809.75 ms
323,3812.0999999999995 ms
323,3839.1499999999996 ms
323,3842.3499999999995 ms
323,3863.249999999999 ms
323,3906.6499999999996 ms
323,3946.0499999999993 ms
323,3950.5499999999993 ms
323,3958.5 ms
323,3963.0999999999995 ms
323,3967.8499999999995 ms
323,3980.8499999999995 ms
323,3993.499999999999 ms
323,3996.249999999999 ms
324,26.5 ms
324,33.1 ms
324,50.70000000000001 ms
324,63.00000000000001 ms
324,68.70000000000002 ms
324,82.65 ms
324,88.35 ms
324,111.00000000000003 ms
324,116.20000000000002 ms
324,120.10000000000002 ms
324,123.10000000000002 ms
324,123.50000000000003 ms
324,126.15000000000003 ms
324,131.20000000000005 ms
324,161.25000000000006 ms
324,161.80000000000007 ms
324,164.4000000000001 ms
324,178.35000000000002 ms
324,181.05000000000007 ms
324,184.0 ms
324,225.85000000000002 ms
324,232.0 ms
324,236.80000000000007 ms
324,248.20000000000005 ms
324,261.6 ms
324,286.85 ms
324,315.20000000000005 ms
324,336.20000000000005 ms
324,343.55000000000007 ms
324,346.05000000000007 ms
324,358.6500000000001 ms
324,386.45000000000005 ms
324,408.85000000000014 ms
324,419.80000000000007 ms
324,430.95000000000005 ms
324,450.85 ms
324,454.35 ms
324,528.2 ms
324,553.6000000000001 ms
324,560.25 ms
324,561.5999999999999 ms
324,599.0500000000002 ms
324,610.75 ms
324,621.8500000000001 ms
324,645.0000000000002 ms
324,645.8500000000001 ms
324,648.2 ms
324,663.2500000000002 ms
324,684.05 ms
324,693.2 ms
324,694.55 ms
324,700.2500000000002 ms
324,711.45 ms
324,717.6500000000003 ms
324,720.0500000000002 ms
324,723.5000000000002 ms
324,729.4500000000003 ms
324,731.8000000000002 ms
324,738.6500000000003 ms
324,747.3500000000004 ms
324,770.8000000000004 ms
324,782.3000000000004 ms
324,788.0000000000005 ms
324,797.3000000000004 ms
324,810.2500000000005 ms
324,815.9500000000005 ms
324,821.9000000000005 ms
324,823.5000000000005 ms
324,835.6000000000006 ms
324,849.3000000000006 ms
324,850.8000000000006 ms
324,856.8500000000006 ms
324,872.4500000000005 ms
324,878.3500000000006 ms
324,880.9500000000005 ms
324,881.2500000000007 ms
324,912.7500000000007 ms
324,920.6500000000005 ms
324,954.9000000000005 ms
324,984.2000000000005 ms
324,986.3500000000006 ms
324,993.7500000000005 ms
324,1018.6500000000005 ms
324,1029.1000000000004 ms
324,1031.2500000000005 ms
324,1032.4000000000005 ms
324,1036.3500000000004 ms
324,1063.000000000001 ms
324,1065.9000000000005 ms
324,1073.7000000000007 ms
324,1120.2000000000007 ms
324,1128.8000000000006 ms
324,1129.0500000000006 ms
324,1138.1000000000008 ms
324,1147.5000000000005 ms
324,1154.6000000000008 ms
324,1171.1000000000008 ms
324,1171.4000000000005 ms
324,1189.6500000000005 ms
324,1233.3500000000004 ms
324,1239.1000000000004 ms
324,1286.1000000000004 ms
324,1290.3000000000006 ms
324,1294.7500000000005 ms
324,1316.2000000000007 ms
324,1335.1000000000008 ms
324,1366.000000000001 ms
324,1367.7000000000007 ms
324,1369.300000000001 ms
324,1378.4500000000007 ms
324,1381.900000000001 ms
324,1383.7000000000012 ms
324,1385.1000000000008 ms
324,1393.900000000001 ms
324,1400.150000000001 ms
324,1459.1000000000008 ms
324,1469.1000000000008 ms
324,1498.8500000000008 ms
324,1532.400000000001 ms
324,1535.500000000001 ms
324,1540.250000000001 ms
324,1540.6000000000008 ms
324,1541.8500000000008 ms
324,1552.6000000000008 ms
324,1556.150000000001 ms
324,1571.5000000000005 ms
324,1585.8000000000006 ms
324,1588.8500000000008 ms
324,1606.4500000000003 ms
324,1648.0500000000006 ms
324,1649.0000000000005 ms
324,1658.1000000000004 ms
324,1660.6000000000004 ms
324,1672.7000000000003 ms
324,1684.1000000000004 ms
324,1704.2500000000005 ms
324,1746.3500000000004 ms
324,1755.5000000000005 ms
324,1766.1000000000004 ms
324,1772.7000000000003 ms
324,1779.5000000000005 ms
324,1784.5000000000005 ms
324,1785.2500000000005 ms
324,1787.0000000000005 ms
324,1791.9 ms
324,1802.9500000000003 ms
324,1810.9500000000003 ms
324,1816.8000000000002 ms
324,1831.9500000000003 ms
324,1843.0500000000002 ms
324,1852.7000000000003 ms
324,1854.3000000000002 ms
324,1865.75 ms
324,1868.8000000000002 ms
324,1883.3000000000002 ms
324,1888.2000000000003 ms
324,1889.0000000000005 ms
324,1894.8000000000002 ms
324,1933.9500000000003 ms
324,1942.15 ms
324,1988.8000000000006 ms
324,1997.7500000000005 ms
324,2009.8500000000004 ms
324,2013.3000000000002 ms
324,2045.8000000000002 ms
324,2050.8 ms
324,2052.95 ms
324,2055.6500000000005 ms
324,2070.2 ms
324,2102.3500000000004 ms
324,2108.3500000000004 ms
324,2108.9500000000007 ms
324,2135.9500000000007 ms
324,2145.8500000000004 ms
324,2146.6500000000005 ms
324,2175.05 ms
324,2175.500000000001 ms
324,2212.95 ms
324,2225.45 ms
324,2263.7 ms
324,2265.6000000000004 ms
324,2299.6500000000005 ms
324,2319.1500000000005 ms
324,2328.3500000000004 ms
324,2330.0 ms
324,2364.9000000000005 ms
324,2371.000000000001 ms
324,2373.55 ms
324,2374.4000000000005 ms
324,2375.8 ms
324,2405.1000000000013 ms
324,2433.05 ms
324,2436.1500000000005 ms
324,2439.4000000000005 ms
324,2466.6000000000004 ms
324,2485.55 ms
324,2489.6000000000004 ms
324,2514.55 ms
324,2548.05 ms
324,2550.8500000000004 ms
324,2552.1500000000005 ms
324,2564.3500000000004 ms
324,2567.55 ms
324,2567.8500000000004 ms
324,2568.9000000000005 ms
324,2573.1000000000004 ms
324,2592.3 ms
324,2651.0 ms
324,2657.0 ms
324,2667.3500000000004 ms
324,2682.8999999999996 ms
324,2691.55 ms
324,2702.4000000000005 ms
324,2714.95 ms
324,2718.45 ms
324,2728.9000000000005 ms
324,2746.8 ms
324,2765.8 ms
324,2766.55 ms
324,2773.8500000000004 ms
324,2788.25 ms
324,2827.0 ms
324,2851.4000000000005 ms
324,2870.4000000000005 ms
324,2880.250000000001 ms
324,2880.750000000001 ms
324,2891.3500000000004 ms
324,2896.4500000000007 ms
324,2901.1499999999996 ms
324,2903.3 ms
324,2904.6000000000004 ms
324,2916.1500000000005 ms
324,2920.8500000000004 ms
324,2923.75 ms
324,2931.5 ms
324,2936.0 ms
324,2947.6000000000004 ms
324,2947.75 ms
324,2947.9500000000007 ms
324,2967.55 ms
324,2973.6000000000004 ms
324,2989.9500000000007 ms
324,3031.8 ms
324,3054.8 ms
324,3206.3500000000004 ms
324,3215.0 ms
324,3219.3500000000004 ms
324,3251.8 ms
324,3272.5 ms
324,3282.3999999999996 ms
324,3307.4500000000007 ms
324,3312.3500000000004 ms
324,3318.2000000000007 ms
324,3328.75 ms
324,3334.1000000000004 ms
324,3336.4500000000007 ms
324,3345.2000000000007 ms
324,3351.6000000000004 ms
324,3354.8 ms
324,3358.45 ms
324,3363.3500000000004 ms
324,3373.1500000000005 ms
324,3374.3500000000004 ms
324,3375.1500000000005 ms
324,3391.250000000001 ms
324,3412.05 ms
324,3414.3 ms
324,3420.7000000000007 ms
324,3431.8500000000004 ms
324,3449.800000000001 ms
324,3452.0 ms
324,3457.7000000000007 ms
324,3458.6499999999996 ms
324,3460.25 ms
324,3469.8999999999996 ms
324,3473.6000000000004 ms
324,3514.7 ms
324,3530.6499999999996 ms
324,3552.95 ms
324,3573.55 ms
324,3595.7 ms
324,3595.95 ms
324,3609.7 ms
324,3627.3999999999996 ms
324,3644.2 ms
324,3650.3499999999995 ms
324,3692.3499999999995 ms
324,3701.25 ms
324,3709.1499999999996 ms
324,3716.5 ms
324,3726.55 ms
324,3732.45 ms
324,3733.250000000001 ms
324,3754.2 ms
324,3763.6000000000004 ms
324,3777.3 ms
324,3781.6000000000004 ms
324,3786.4000000000005 ms
324,3798.05 ms
324,3799.4000000000005 ms
324,3805.3 ms
324,3813.3500000000013 ms
324,3836.2000000000007 ms
324,3867.6000000000004 ms
324,3892.250000000001 ms
324,3894.4500000000007 ms
324,3923.8500000000004 ms
324,3926.050000000001 ms
324,3958.4500000000007 ms
324,3971.7000000000007 ms
324,3971.800000000001 ms
324,3987.300000000001 ms
324,3990.9500000000007 ms
325,9.35 ms
325,13.299999999999999 ms
325,14.550000000000002 ms
325,16.5 ms
325,23.200000000000003 ms
325,43.75 ms
325,50.349999999999994 ms
325,51.75 ms
325,55.05 ms
325,70.15 ms
325,78.20000000000002 ms
325,92.85 ms
325,95.15 ms
325,103.70000000000002 ms
325,105.9 ms
325,107.4 ms
325,124.65 ms
325,132.99999999999997 ms
325,155.6 ms
325,168.65 ms
325,172.99999999999997 ms
325,173.29999999999998 ms
325,222.74999999999997 ms
325,229.15 ms
325,237.15 ms
325,241.45000000000002 ms
325,256.5 ms
325,264.04999999999995 ms
325,271.29999999999995 ms
325,271.75 ms
325,294.20000000000005 ms
325,312.75 ms
325,350.29999999999995 ms
325,354.25 ms
325,362.95000000000005 ms
325,401.4 ms
325,431.54999999999995 ms
325,444.5 ms
325,462.3499999999999 ms
325,466.15 ms
325,473.44999999999993 ms
325,478.19999999999993 ms
325,529.25 ms
325,535.75 ms
325,553.25 ms
325,561.0 ms
325,563.7 ms
325,576.75 ms
325,581.75 ms
325,585.4000000000001 ms
325,608.6500000000001 ms
325,619.55 ms
325,628.25 ms
325,647.05 ms
325,658.0999999999999 ms
325,710.6999999999998 ms
325,719.6500000000001 ms
325,731.1500000000001 ms
325,742.6999999999998 ms
325,749.75 ms
325,751.3999999999999 ms
325,753.8999999999999 ms
325,786.1999999999998 ms
325,800.5999999999999 ms
325,801.6999999999998 ms
325,812.5999999999999 ms
325,829.8499999999999 ms
325,841.2999999999997 ms
325,844.3999999999999 ms
325,850.3499999999999 ms
325,855.1499999999999 ms
325,858.3499999999999 ms
325,858.8499999999999 ms
325,873.0999999999999 ms
325,873.1999999999998 ms
325,919.1999999999998 ms
325,926.0 ms
325,927.25 ms
325,945.6999999999998 ms
325,949.5999999999999 ms
325,975.8999999999999 ms
325,998.8499999999999 ms
325,999.0 ms
325,1000.2999999999997 ms
325,1004.1499999999999 ms
325,1047.3 ms
325,1059.45 ms
325,1074.7 ms
325,1075.1000000000001 ms
325,1089.3500000000001 ms
325,1099.3000000000004 ms
325,1105.4500000000005 ms
325,1106.45 ms
325,1121.7500000000002 ms
325,1127.1500000000003 ms
325,1153.7 ms
325,1180.55 ms
325,1189.8500000000001 ms
325,1225.1000000000001 ms
325,1228.3000000000004 ms
325,1229.6500000000003 ms
325,1240.1000000000001 ms
325,1240.45 ms
325,1242.45 ms
325,1244.1000000000001 ms
325,1247.2 ms
325,1255.4000000000003 ms
325,1307.5500000000004 ms
325,1319.1000000000001 ms
325,1326.95 ms
325,1329.4999999999998 ms
325,1332.6499999999999 ms
325,1334.95 ms
325,1363.6500000000003 ms
325,1366.1499999999999 ms
325,1376.55 ms
325,1406.2500000000002 ms
325,1418.7000000000005 ms
325,1427.0000000000002 ms
325,1456.1000000000001 ms
325,1468.8500000000001 ms
325,1509.2 ms
325,1515.3500000000001 ms
325,1518.1000000000001 ms
325,1536.7 ms
325,1548.3 ms
325,1558.5999999999997 ms
325,1576.1000000000001 ms
325,1580.2 ms
325,1591.7499999999998 ms
325,1603.7999999999995 ms
325,1624.9999999999998 ms
325,1638.5999999999997 ms
325,1646.1499999999994 ms
325,1661.7999999999995 ms
325,1668.8499999999997 ms
325,1669.7499999999998 ms
325,1684.3499999999997 ms
325,1686.6499999999994 ms
325,1707.1499999999999 ms
325,1719.1999999999996 ms
325,1727.9999999999993 ms
325,1734.3999999999994 ms
325,1736.0999999999997 ms
325,1745.55 ms
325,1775.8499999999997 ms
325,1802.0999999999997 ms
325,1808.8999999999994 ms
325,1830.2999999999995 ms
325,1831.5999999999997 ms
325,1840.4999999999998 ms
325,1841.5999999999997 ms
325,1845.2499999999998 ms
325,1858.2 ms
325,1869.6499999999999 ms
325,1872.1499999999999 ms
325,1875.4999999999998 ms
325,1878.5999999999997 ms
325,1900.1999999999996 ms
325,1902.0499999999995 ms
325,1904.7999999999995 ms
325,1913.7999999999995 ms
325,1919.9499999999996 ms
325,1928.4999999999993 ms
325,1929.8999999999994 ms
325,1932.1499999999999 ms
325,1938.7499999999998 ms
325,1941.1499999999999 ms
325,1941.7499999999998 ms
325,1952.9999999999993 ms
325,1975.1999999999996 ms
325,1978.2499999999993 ms
325,1980.0999999999992 ms
325,1982.4499999999991 ms
325,2001.7499999999993 ms
325,2006.8999999999994 ms
325,2026.3999999999994 ms
325,2028.2499999999993 ms
325,2053.95 ms
325,2058.8999999999987 ms
325,2064.8499999999995 ms
325,2088.8999999999987 ms
325,2091.0999999999995 ms
325,2138.1499999999987 ms
325,2157.8499999999995 ms
325,2171.2999999999984 ms
325,2171.6499999999987 ms
325,2185.249999999999 ms
325,2190.2999999999984 ms
325,2196.0499999999984 ms
325,2215.949999999999 ms
325,2258.0499999999993 ms
325,2273.749999999998 ms
325,2290.1499999999987 ms
325,2290.8999999999987 ms
325,2292.0499999999984 ms
325,2313.5999999999995 ms
325,2362.3999999999987 ms
325,2372.749999999999 ms
325,2385.2999999999993 ms
325,2396.749999999999 ms
325,2408.3499999999995 ms
325,2409.999999999999 ms
325,2417.7999999999993 ms
325,2432.999999999999 ms
325,2461.5499999999993 ms
325,2471.2999999999993 ms
325,2472.6499999999996 ms
325,2487.8499999999985 ms
325,2490.949999999999 ms
325,2493.749999999999 ms
325,2494.8499999999995 ms
325,2522.6499999999987 ms
325,2526.8499999999995 ms
325,2530.199999999999 ms
325,2536.499999999999 ms
325,2541.3499999999995 ms
325,2544.2999999999984 ms
325,2548.3499999999995 ms
325,2549.949999999999 ms
325,2566.499999999999 ms
325,2579.0999999999995 ms
325,2591.199999999999 ms
325,2599.5999999999985 ms
325,2623.199999999999 ms
325,2626.8999999999987 ms
325,2627.0499999999984 ms
325,2629.499999999999 ms
325,2656.749999999999 ms
325,2661.699999999998 ms
325,2672.249999999999 ms
325,2688.7999999999984 ms
325,2691.3499999999995 ms
325,2693.3499999999995 ms
325,2703.5499999999984 ms
325,2714.2999999999984 ms
325,2720.7999999999984 ms
325,2724.8499999999995 ms
325,2733.8999999999987 ms
325,2745.7999999999993 ms
325,2758.7999999999993 ms
325,2760.949999999999 ms
325,2785.449999999999 ms
325,2789.1499999999996 ms
325,2805.499999999999 ms
325,2812.3999999999987 ms
325,2838.7 ms
325,2846.749999999999 ms
325,2854.2 ms
325,2857.0999999999995 ms
325,2905.7999999999993 ms
325,2914.699999999999 ms
325,2916.3999999999996 ms
325,2921.2999999999993 ms
325,2932.449999999999 ms
325,2938.8999999999996 ms
325,2943.8999999999996 ms
325,2961.3999999999996 ms
325,2962.0999999999985 ms
325,2973.249999999999 ms
325,2977.7999999999993 ms
325,3005.199999999999 ms
325,3028.5999999999995 ms
325,3056.249999999999 ms
325,3063.05 ms
325,3064.45 ms
325,3065.75 ms
325,3075.55 ms
325,3087.8 ms
325,3105.6000000000004 ms
325,3119.1500000000005 ms
325,3119.4000000000005 ms
325,3121.1500000000005 ms
325,3121.9000000000005 ms
325,3125.9000000000005 ms
325,3131.750000000001 ms
325,3134.750000000001 ms
325,3138.7 ms
325,3155.3500000000004 ms
325,3160.55 ms
325,3166.7 ms
325,3186.9000000000005 ms
325,3193.45 ms
325,3196.1000000000004 ms
325,3196.75 ms
325,3201.7000000000007 ms
325,3209.25 ms
325,3212.5 ms
325,3225.6000000000004 ms
325,3230.6500000000005 ms
325,3255.6000000000004 ms
325,3262.6500000000005 ms
325,3262.9000000000005 ms
325,3265.2000000000007 ms
325,3275.800000000001 ms
325,3277.6000000000004 ms
325,3300.6500000000015 ms
325,3301.1500000000015 ms
325,3304.000000000001 ms
325,3319.9500000000007 ms
325,3330.4500000000007 ms
325,3339.050000000001 ms
325,3339.9000000000005 ms
325,3349.8500000000004 ms
325,3351.4000000000005 ms
325,3357.500000000001 ms
325,3360.8 ms
325,3369.8 ms
325,3405.4000000000005 ms
325,3407.8500000000004 ms
325,3417.4000000000005 ms
325,3423.6000000000004 ms
325,3433.5 ms
325,3446.800000000001 ms
325,3450.1000000000004 ms
325,3467.1500000000015 ms
325,3475.3500000000004 ms
325,3482.1500000000015 ms
325,3489.3500000000004 ms
325,3534.300000000001 ms
325,3534.9000000000005 ms
325,3556.7000000000007 ms
325,3556.9000000000005 ms
325,3565.000000000001 ms
325,3584.3500000000004 ms
325,3595.3500000000004 ms
325,3599.7000000000007 ms
325,3611.5 ms
325,3621.2000000000007 ms
325,3624.6499999999996 ms
325,3632.05 ms
325,3632.95 ms
325,3638.3 ms
325,3649.4000000000005 ms
325,3675.0999999999995 ms
325,3679.55 ms
325,3679.749999999999 ms
325,3687.05 ms
325,3696.249999999999 ms
325,3700.8999999999996 ms
325,3703.7999999999993 ms
325,3749.75 ms
325,3756.5 ms
325,3790.25 ms
325,3819.5999999999995 ms
325,3821.2 ms
325,3831.499999999999 ms
325,3838.8999999999996 ms
325,3842.8999999999996 ms
325,3847.3999999999996 ms
325,3847.75 ms
325,3879.2999999999993 ms
325,3922.2 ms
325,3927.25 ms
325,3940.05 ms
325,3950.95 ms
325,3967.750000000001 ms
325,3983.8 ms
325,3994.9000000000005 ms
325,3998.1500000000005 ms
326,6.7 ms
326,13.2 ms
326,33.8 ms
326,54.89999999999999 ms
326,67.25 ms
326,104.94999999999999 ms
326,111.60000000000002 ms
326,114.10000000000002 ms
326,133.55 ms
326,169.15000000000003 ms
326,190.25 ms
326,193.7 ms
326,202.95 ms
326,285.3 ms
326,286.8500000000001 ms
326,290.09999999999997 ms
326,295.55 ms
326,315.8500000000001 ms
326,344.2000000000001 ms
326,364.2 ms
326,366.25000000000006 ms
326,369.3000000000001 ms
326,371.50000000000006 ms
326,373.65000000000003 ms
326,406.7000000000001 ms
326,413.3000000000001 ms
326,421.50000000000006 ms
326,434.5500000000001 ms
326,435.55 ms
326,436.6000000000001 ms
326,463.40000000000015 ms
326,474.8500000000001 ms
326,481.9500000000001 ms
326,483.15000000000003 ms
326,485.1000000000001 ms
326,501.55 ms
326,517.1500000000001 ms
326,532.0500000000002 ms
326,537.9000000000001 ms
326,566.1000000000001 ms
326,574.4000000000001 ms
326,581.25 ms
326,603.1500000000001 ms
326,622.1500000000001 ms
326,629.8500000000001 ms
326,639.0000000000002 ms
326,643.6000000000001 ms
326,660.0000000000002 ms
326,667.3 ms
326,674.1500000000001 ms
326,690.8500000000001 ms
326,712.4000000000001 ms
326,726.8500000000001 ms
326,731.3000000000002 ms
326,734.3500000000001 ms
326,742.5000000000002 ms
326,755.7 ms
326,759.8000000000002 ms
326,767.6500000000001 ms
326,786.5000000000002 ms
326,788.9000000000003 ms
326,798.6500000000003 ms
326,817.5500000000002 ms
326,837.5000000000002 ms
326,839.7000000000003 ms
326,842.9000000000003 ms
326,850.4500000000003 ms
326,859.6000000000004 ms
326,860.1500000000001 ms
326,875.9500000000003 ms
326,890.8500000000001 ms
326,904.45 ms
326,907.6500000000003 ms
326,919.0000000000002 ms
326,935.0500000000002 ms
326,953.5500000000002 ms
326,953.6500000000001 ms
326,958.3500000000004 ms
326,981.6500000000001 ms
326,990.8500000000004 ms
326,1028.0000000000002 ms
326,1028.1000000000001 ms
326,1032.0000000000002 ms
326,1058.6000000000001 ms
326,1073.6000000000001 ms
326,1108.6499999999999 ms
326,1130.7499999999998 ms
326,1142.95 ms
326,1143.8 ms
326,1179.0999999999997 ms
326,1187.9499999999996 ms
326,1191.95 ms
326,1198.05 ms
326,1201.5499999999995 ms
326,1211.3499999999997 ms
326,1268.05 ms
326,1275.2999999999995 ms
326,1285.0999999999997 ms
326,1306.4999999999998 ms
326,1307.9999999999998 ms
326,1315.4999999999998 ms
326,1332.5499999999995 ms
326,1334.5999999999997 ms
326,1339.4499999999996 ms
326,1369.9499999999996 ms
326,1375.6499999999999 ms
326,1376.4999999999998 ms
326,1440.1999999999996 ms
326,1442.9499999999996 ms
326,1447.9499999999996 ms
326,1460.6999999999996 ms
326,1464.5499999999995 ms
326,1466.7999999999995 ms
326,1478.5999999999992 ms
326,1491.1499999999994 ms
326,1542.2499999999993 ms
326,1545.3999999999994 ms
326,1566.9499999999991 ms
326,1586.1499999999994 ms
326,1602.6499999999994 ms
326,1604.9499999999991 ms
326,1606.7499999999993 ms
326,1633.049999999999 ms
326,1652.7999999999995 ms
326,1664.6499999999994 ms
326,1678.3499999999992 ms
326,1687.5499999999995 ms
326,1714.9499999999996 ms
326,1752.4999999999993 ms
326,1757.3999999999994 ms
326,1761.0999999999997 ms
326,1766.6999999999996 ms
326,1835.8999999999994 ms
326,1842.2999999999995 ms
326,1848.4999999999998 ms
326,1852.9499999999996 ms
326,1855.4999999999993 ms
326,1878.7499999999998 ms
326,1879.2499999999993 ms
326,1906.3499999999992 ms
326,1910.2999999999995 ms
326,1916.7499999999998 ms
326,1925.5999999999997 ms
326,1957.5999999999992 ms
326,1960.6499999999994 ms
326,1984.7499999999993 ms
326,1989.049999999999 ms
326,1991.9999999999993 ms
326,1995.5999999999992 ms
326,1999.9499999999991 ms
326,2017.1999999999991 ms
326,2020.5999999999992 ms
326,2054.949999999999 ms
326,2063.3499999999995 ms
326,2085.5999999999995 ms
326,2090.6499999999996 ms
326,2098.7 ms
326,2103.95 ms
326,2126.5999999999995 ms
326,2129.6500000000005 ms
326,2144.6500000000005 ms
326,2146.1500000000005 ms
326,2149.6500000000005 ms
326,2169.4000000000005 ms
326,2173.95 ms
326,2174.05 ms
326,2184.55 ms
326,2207.3 ms
326,2212.8 ms
326,2236.6500000000005 ms
326,2245.75 ms
326,2252.5 ms
326,2252.7 ms
326,2254.95 ms
326,2266.45 ms
326,2275.05 ms
326,2283.1499999999996 ms
326,2286.2 ms
326,2305.8 ms
326,2332.8 ms
326,2349.249999999999 ms
326,2353.3 ms
326,2377.7 ms
326,2393.0 ms
326,2394.7 ms
326,2405.05 ms
326,2410.3499999999995 ms
326,2411.05 ms
326,2438.8499999999995 ms
326,2439.8499999999995 ms
326,2474.5 ms
326,2479.5 ms
326,2484.7 ms
326,2499.45 ms
326,2511.0 ms
326,2512.8500000000004 ms
326,2526.1499999999996 ms
326,2531.0 ms
326,2534.7 ms
326,2535.7 ms
326,2546.8 ms
326,2579.499999999999 ms
326,2594.249999999999 ms
326,2602.95 ms
326,2611.0999999999995 ms
326,2612.3999999999996 ms
326,2619.5 ms
326,2645.75 ms
326,2648.5999999999995 ms
326,2653.3999999999996 ms
326,2654.7999999999993 ms
326,2692.3500000000004 ms
326,2692.5 ms
326,2712.1000000000004 ms
326,2712.3500000000004 ms
326,2731.2999999999993 ms
326,2747.45 ms
326,2755.55 ms
326,2766.55 ms
326,2795.3499999999995 ms
326,2797.8499999999995 ms
326,2808.0999999999995 ms
326,2814.0 ms
326,2820.6000000000004 ms
326,2823.1499999999996 ms
326,2823.3999999999996 ms
326,2828.8999999999996 ms
326,2833.4500000000007 ms
326,2854.25 ms
326,2878.9000000000005 ms
326,2896.1500000000005 ms
326,2918.4000000000005 ms
326,2921.1000000000004 ms
326,2931.3500000000004 ms
326,2938.0 ms
326,2949.4000000000005 ms
326,2962.6500000000005 ms
326,2967.1500000000005 ms
326,2980.3 ms
326,2984.250000000001 ms
326,2987.45 ms
326,3007.1000000000004 ms
326,3011.7000000000007 ms
326,3032.9500000000007 ms
326,3051.2000000000007 ms
326,3073.05 ms
326,3097.4000000000005 ms
326,3101.75 ms
326,3102.0 ms
326,3113.2 ms
326,3129.8999999999996 ms
326,3136.6499999999996 ms
326,3148.0499999999993 ms
326,3160.3500000000004 ms
326,3177.2 ms
326,3183.3999999999996 ms
326,3214.7 ms
326,3236.45 ms
326,3237.2 ms
326,3246.75 ms
326,3247.05 ms
326,3259.3 ms
326,3265.25 ms
326,3294.5 ms
326,3296.5 ms
326,3306.25 ms
326,3314.1499999999996 ms
326,3326.4500000000007 ms
326,3336.8999999999996 ms
326,3352.6000000000004 ms
326,3356.6000000000004 ms
326,3370.3500000000004 ms
326,3383.3500000000004 ms
326,3384.5499999999993 ms
326,3387.3500000000004 ms
326,3392.6499999999996 ms
326,3403.75 ms
326,3419.1499999999996 ms
326,3421.7000000000007 ms
326,3437.1000000000004 ms
326,3447.7000000000007 ms
326,3450.6499999999996 ms
326,3458.5 ms
326,3460.8999999999996 ms
326,3464.6000000000004 ms
326,3481.0 ms
326,3481.95 ms
326,3485.2 ms
326,3489.95 ms
326,3490.0999999999995 ms
326,3491.05 ms
326,3496.249999999999 ms
326,3497.749999999999 ms
326,3509.55 ms
326,3517.1499999999996 ms
326,3519.0499999999993 ms
326,3521.7 ms
326,3522.3499999999995 ms
326,3529.3499999999995 ms
326,3541.6500000000005 ms
326,3551.55 ms
326,3557.55 ms
326,3558.05 ms
326,3573.9000000000005 ms
326,3599.25 ms
326,3612.8500000000004 ms
326,3617.0499999999993 ms
326,3649.3999999999996 ms
326,3652.7 ms
326,3655.2 ms
326,3689.2 ms
326,3695.1499999999996 ms
326,3708.5 ms
326,3727.75 ms
326,3731.949999999999 ms
326,3749.7999999999993 ms
326,3753.699999999999 ms
326,3776.5999999999995 ms
326,3778.3499999999995 ms
326,3780.7 ms
326,3789.7999999999993 ms
326,3796.2999999999993 ms
326,3806.199999999999 ms
326,3811.8999999999996 ms
326,3839.199999999999 ms
326,3839.449999999999 ms
326,3841.0499999999993 ms
326,3856.199999999999 ms
326,3862.3499999999995 ms
326,3868.0499999999993 ms
326,3882.199999999999 ms
326,3888.3499999999995 ms
326,3888.45 ms
326,3893.5499999999993 ms
326,3901.499999999999 ms
326,3906.499999999999 ms
326,3908.8999999999987 ms
326,3909.1499999999987 ms
326,3912.6499999999987 ms
326,3936.2999999999993 ms
326,3942.0499999999993 ms
326,3953.1499999999996 ms
326,3984.3999999999996 ms
326,3992.6499999999996 ms
326,3998.1499999999996 ms
326,3998.699999999999 ms
327,15.350000000000001 ms
327,33.900000000000006 ms
327,40.2 ms
327,56.35000000000001 ms
327,60.000000000000014 ms
327,62.000000000000014 ms
327,65.99999999999999 ms
327,93.89999999999999 ms
327,94.40000000000002 ms
327,96.55000000000003 ms
327,97.90000000000002 ms
327,103.55000000000003 ms
327,116.50000000000001 ms
327,122.70000000000003 ms
327,160.60000000000002 ms
327,178.3 ms
327,184.25 ms
327,191.5 ms
327,210.14999999999998 ms
327,219.75 ms
327,221.8 ms
327,222.25 ms
327,223.60000000000002 ms
327,245.35000000000002 ms
327,262.15 ms
327,266.79999999999995 ms
327,287.75 ms
327,305.44999999999993 ms
327,332.8499999999999 ms
327,333.29999999999995 ms
327,358.29999999999995 ms
327,367.04999999999995 ms
327,386.04999999999995 ms
327,386.14999999999986 ms
327,389.69999999999993 ms
327,404.8499999999999 ms
327,422.44999999999993 ms
327,439.79999999999995 ms
327,450.0 ms
327,451.79999999999995 ms
327,456.69999999999993 ms
327,479.9999999999999 ms
327,492.1 ms
327,493.54999999999995 ms
327,495.79999999999995 ms
327,496.0 ms
327,504.5999999999999 ms
327,518.75 ms
327,519.2 ms
327,523.8 ms
327,524.6000000000001 ms
327,617.4000000000001 ms
327,712.2 ms
327,715.3 ms
327,761.6000000000001 ms
327,762.75 ms
327,765.5999999999999 ms
327,773.5 ms
327,775.25 ms
327,776.25 ms
327,779.1500000000001 ms
327,780.8499999999999 ms
327,782.1500000000001 ms
327,784.6500000000001 ms
327,786.3499999999999 ms
327,815.8000000000002 ms
327,837.4000000000001 ms
327,856.75 ms
327,870.4500000000003 ms
327,924.4500000000003 ms
327,930.25 ms
327,962.9000000000001 ms
327,1005.3500000000001 ms
327,1056.8500000000001 ms
327,1063.7500000000002 ms
327,1066.8500000000001 ms
327,1075.45 ms
327,1093.4000000000003 ms
327,1094.0500000000004 ms
327,1110.2500000000002 ms
327,1125.4500000000005 ms
327,1126.4000000000003 ms
327,1141.4000000000003 ms
327,1147.3500000000006 ms
327,1179.2500000000007 ms
327,1206.1000000000006 ms
327,1243.3500000000001 ms
327,1251.8500000000006 ms
327,1256.5500000000004 ms
327,1267.0500000000004 ms
327,1306.6500000000003 ms
327,1332.5500000000004 ms
327,1343.1500000000003 ms
327,1346.2 ms
327,1361.7500000000002 ms
327,1363.7500000000002 ms
327,1395.2000000000005 ms
327,1413.6000000000006 ms
327,1419.9000000000003 ms
327,1441.3500000000006 ms
327,1442.0500000000004 ms
327,1489.1500000000003 ms
327,1531.3000000000004 ms
327,1534.6000000000001 ms
327,1557.5500000000004 ms
327,1575.7000000000005 ms
327,1639.5000000000002 ms
327,1642.2500000000007 ms
327,1642.6500000000008 ms
327,1644.2000000000005 ms
327,1647.8500000000006 ms
327,1648.6000000000006 ms
327,1673.0500000000009 ms
327,1674.5500000000004 ms
327,1676.5000000000007 ms
327,1681.5500000000004 ms
327,1696.5500000000009 ms
327,1708.950000000001 ms
327,1712.100000000001 ms
327,1739.3500000000006 ms
327,1760.3000000000009 ms
327,1769.7500000000011 ms
327,1795.1500000000012 ms
327,1800.9000000000008 ms
327,1811.0500000000009 ms
327,1817.950000000001 ms
327,1837.3000000000009 ms
327,1843.0000000000011 ms
327,1865.850000000001 ms
327,1874.6500000000008 ms
327,1887.0500000000009 ms
327,1929.850000000001 ms
327,1953.200000000001 ms
327,1957.350000000001 ms
327,1994.0500000000013 ms
327,2000.3000000000009 ms
327,2006.3000000000013 ms
327,2011.3000000000009 ms
327,2013.8000000000013 ms
327,2018.4500000000014 ms
327,2042.950000000001 ms
327,2047.600000000001 ms
327,2059.3500000000013 ms
327,2080.000000000001 ms
327,2098.9000000000015 ms
327,2114.1500000000015 ms
327,2114.800000000001 ms
327,2118.4000000000015 ms
327,2131.050000000001 ms
327,2139.300000000001 ms
327,2152.500000000002 ms
327,2183.550000000001 ms
327,2184.6500000000015 ms
327,2187.050000000001 ms
327,2198.350000000002 ms
327,2199.750000000002 ms
327,2214.300000000002 ms
327,2265.2000000000016 ms
327,2265.300000000002 ms
327,2267.800000000002 ms
327,2280.300000000002 ms
327,2291.550000000002 ms
327,2291.850000000002 ms
327,2295.550000000002 ms
327,2298.9500000000016 ms
327,2318.2000000000016 ms
327,2335.050000000002 ms
327,2341.300000000002 ms
327,2362.1500000000024 ms
327,2362.7000000000016 ms
327,2374.300000000002 ms
327,2383.1500000000024 ms
327,2385.7000000000016 ms
327,2419.6500000000024 ms
327,2433.500000000002 ms
327,2441.1500000000015 ms
327,2449.2000000000025 ms
327,2461.9000000000015 ms
327,2469.100000000002 ms
327,2473.2000000000016 ms
327,2486.8500000000013 ms
327,2488.550000000002 ms
327,2498.7000000000016 ms
327,2512.000000000002 ms
327,2513.100000000002 ms
327,2517.300000000001 ms
327,2533.4500000000016 ms
327,2554.6000000000013 ms
327,2608.050000000002 ms
327,2613.1000000000013 ms
327,2629.2000000000016 ms
327,2634.3500000000013 ms
327,2639.1000000000013 ms
327,2641.6000000000013 ms
327,2653.7000000000016 ms
327,2680.9500000000016 ms
327,2681.6000000000013 ms
327,2688.550000000002 ms
327,2702.250000000001 ms
327,2768.4000000000015 ms
327,2775.000000000002 ms
327,2785.6000000000013 ms
327,2793.6000000000013 ms
327,2807.9000000000015 ms
327,2815.2000000000016 ms
327,2821.2000000000016 ms
327,2830.500000000002 ms
327,2833.000000000002 ms
327,2838.7000000000016 ms
327,2849.2000000000016 ms
327,2849.8500000000013 ms
327,2871.050000000002 ms
327,2882.2000000000016 ms
327,2897.7000000000016 ms
327,2905.750000000002 ms
327,2923.6500000000015 ms
327,2928.350000000002 ms
327,2932.1500000000015 ms
327,2942.1500000000015 ms
327,2960.600000000002 ms
327,2967.750000000002 ms
327,2978.9000000000015 ms
327,2984.7000000000025 ms
327,2997.2000000000025 ms
327,2997.300000000002 ms
327,3002.9000000000024 ms
327,3028.550000000002 ms
327,3033.9000000000024 ms
327,3035.8500000000013 ms
327,3042.1500000000024 ms
327,3049.6500000000024 ms
327,3059.300000000002 ms
327,3067.4000000000024 ms
327,3071.050000000002 ms
327,3075.4500000000016 ms
327,3085.800000000002 ms
327,3094.9500000000016 ms
327,3103.7500000000027 ms
327,3108.550000000002 ms
327,3120.1500000000024 ms
327,3131.6500000000024 ms
327,3144.300000000002 ms
327,3147.1500000000024 ms
327,3174.100000000002 ms
327,3178.350000000002 ms
327,3182.000000000002 ms
327,3182.4000000000024 ms
327,3189.850000000002 ms
327,3201.2000000000025 ms
327,3251.850000000002 ms
327,3258.350000000002 ms
327,3269.850000000002 ms
327,3285.550000000002 ms
327,3289.050000000002 ms
327,3291.1500000000024 ms
327,3298.250000000002 ms
327,3351.000000000002 ms
327,3355.7000000000016 ms
327,3362.3500000000013 ms
327,3376.4500000000016 ms
327,3380.4000000000015 ms
327,3388.300000000001 ms
327,3420.500000000002 ms
327,3453.500000000002 ms
327,3508.550000000001 ms
327,3514.800000000001 ms
327,3516.7000000000016 ms
327,3520.3500000000013 ms
327,3531.500000000002 ms
327,3555.100000000002 ms
327,3558.4500000000016 ms
327,3567.6500000000015 ms
327,3570.500000000002 ms
327,3612.1000000000013 ms
327,3618.4500000000016 ms
327,3632.300000000001 ms
327,3657.9500000000007 ms
327,3668.800000000001 ms
327,3706.4500000000007 ms
327,3710.2000000000007 ms
327,3735.300000000001 ms
327,3738.2000000000007 ms
327,3744.800000000001 ms
327,3760.000000000001 ms
327,3768.4000000000005 ms
327,3773.800000000001 ms
327,3782.250000000001 ms
327,3808.3500000000013 ms
327,3827.750000000001 ms
327,3830.1000000000013 ms
327,3844.500000000001 ms
327,3873.250000000001 ms
327,3878.8500000000013 ms
327,3882.8 ms
327,3885.6000000000013 ms
327,3897.7000000000007 ms
327,3903.6500000000005 ms
327,3913.4000000000005 ms
327,3924.1500000000005 ms
327,3937.000000000001 ms
327,3942.000000000001 ms
327,3942.55 ms
327,3945.4500000000007 ms
327,3952.3500000000004 ms
327,3956.9500000000007 ms
327,3965.800000000001 ms
327,3994.0 ms
328,24.450000000000003 ms
328,26.85 ms
328,41.45000000000001 ms
328,66.6 ms
328,74.35 ms
328,75.80000000000001 ms
328,82.95000000000002 ms
328,90.15 ms
328,115.05000000000004 ms
328,130.8 ms
328,135.55 ms
328,138.35000000000002 ms
328,142.5 ms
328,160.0 ms
328,167.70000000000005 ms
328,185.25 ms
328,201.35000000000002 ms
328,207.05 ms
328,216.25 ms
328,227.55 ms
328,249.40000000000003 ms
328,269.34999999999997 ms
328,271.3 ms
328,272.74999999999994 ms
328,274.50000000000006 ms
328,275.8500000000001 ms
328,313.75000000000006 ms
328,320.45 ms
328,325.25000000000006 ms
328,339.74999999999994 ms
328,340.50000000000006 ms
328,342.90000000000003 ms
328,348.2 ms
328,424.1499999999999 ms
328,428.7 ms
328,436.05 ms
328,441.24999999999994 ms
328,441.45 ms
328,456.2 ms
328,456.3 ms
328,457.95 ms
328,466.75000000000006 ms
328,483.05 ms
328,486.45 ms
328,493.6499999999999 ms
328,495.7999999999999 ms
328,499.3 ms
328,531.3499999999999 ms
328,542.3 ms
328,544.95 ms
328,547.8 ms
328,587.6499999999999 ms
328,601.5 ms
328,616.45 ms
328,712.55 ms
328,719.8500000000001 ms
328,735.1000000000001 ms
328,736.8999999999999 ms
328,806.8500000000001 ms
328,807.6000000000001 ms
328,817.3999999999999 ms
328,829.1499999999999 ms
328,832.25 ms
328,832.95 ms
328,903.1500000000001 ms
328,921.5500000000002 ms
328,936.25 ms
328,938.6500000000001 ms
328,974.0500000000002 ms
328,990.3499999999999 ms
328,998.3000000000002 ms
328,1012.45 ms
328,1018.1000000000001 ms
328,1019.45 ms
328,1030.2 ms
328,1030.4999999999998 ms
328,1039.0999999999997 ms
328,1044.4499999999996 ms
328,1067.7 ms
328,1068.1000000000001 ms
328,1085.95 ms
328,1109.8500000000001 ms
328,1116.0999999999997 ms
328,1122.8999999999999 ms
328,1132.1000000000001 ms
328,1138.55 ms
328,1153.05 ms
328,1182.6499999999999 ms
328,1196.9999999999998 ms
328,1234.8999999999999 ms
328,1235.3500000000001 ms
328,1246.7500000000002 ms
328,1250.7 ms
328,1252.3500000000001 ms
328,1264.0500000000004 ms
328,1276.6500000000003 ms
328,1278.3000000000004 ms
328,1287.8 ms
328,1295.1000000000001 ms
328,1309.8500000000001 ms
328,1322.5000000000002 ms
328,1327.4000000000003 ms
328,1338.2 ms
328,1346.8 ms
328,1353.45 ms
328,1372.55 ms
328,1414.0500000000004 ms
328,1438.2500000000002 ms
328,1455.7500000000002 ms
328,1467.2500000000002 ms
328,1470.8500000000001 ms
328,1488.6000000000001 ms
328,1496.1499999999999 ms
328,1504.1000000000001 ms
328,1531.8000000000004 ms
328,1558.8 ms
328,1563.8000000000004 ms
328,1572.7500000000002 ms
328,1582.3 ms
328,1585.8999999999999 ms
328,1587.45 ms
328,1588.8 ms
328,1598.8 ms
328,1600.6499999999999 ms
328,1605.7499999999998 ms
328,1612.3499999999997 ms
328,1626.6999999999996 ms
328,1627.8999999999999 ms
328,1666.1999999999996 ms
328,1682.5999999999997 ms
328,1699.6999999999996 ms
328,1702.3999999999999 ms
328,1705.6999999999996 ms
328,1711.9499999999996 ms
328,1718.7999999999995 ms
328,1726.2999999999995 ms
328,1736.3999999999994 ms
328,1742.3999999999994 ms
328,1752.0999999999997 ms
328,1808.8999999999994 ms
328,1822.7999999999995 ms
328,1825.3999999999994 ms
328,1836.8499999999997 ms
328,1839.1499999999994 ms
328,1850.1999999999991 ms
328,1862.4499999999996 ms
328,1884.1499999999994 ms
328,1902.7999999999995 ms
328,1949.9499999999996 ms
328,1972.8999999999999 ms
328,1978.55 ms
328,2013.6499999999999 ms
328,2018.3999999999994 ms
328,2051.3499999999995 ms
328,2056.5499999999993 ms
328,2062.5499999999993 ms
328,2083.999999999999 ms
328,2139.3999999999987 ms
328,2143.249999999999 ms
328,2169.0999999999995 ms
328,2201.249999999999 ms
328,2207.749999999999 ms
328,2210.749999999999 ms
328,2228.999999999999 ms
328,2262.8499999999995 ms
328,2270.0999999999995 ms
328,2290.449999999999 ms
328,2292.2999999999993 ms
328,2304.0999999999985 ms
328,2316.8499999999985 ms
328,2337.999999999999 ms
328,2439.8999999999987 ms
328,2444.95 ms
328,2453.7 ms
328,2455.6499999999987 ms
328,2460.5999999999995 ms
328,2463.5499999999984 ms
328,2472.499999999999 ms
328,2494.999999999999 ms
328,2513.5499999999984 ms
328,2523.999999999999 ms
328,2528.7999999999984 ms
328,2550.8999999999987 ms
328,2559.699999999999 ms
328,2568.0499999999993 ms
328,2583.249999999998 ms
328,2590.699999999999 ms
328,2591.2999999999984 ms
328,2631.3999999999987 ms
328,2682.8499999999976 ms
328,2683.749999999998 ms
328,2694.499999999998 ms
328,2705.7999999999984 ms
328,2727.7999999999984 ms
328,2750.5499999999984 ms
328,2773.5999999999985 ms
328,2773.7999999999984 ms
328,2789.8999999999987 ms
328,2798.699999999998 ms
328,2801.0499999999984 ms
328,2835.8499999999985 ms
328,2873.6499999999987 ms
328,2897.8499999999985 ms
328,2917.1499999999987 ms
328,2918.5999999999985 ms
328,2921.3999999999987 ms
328,2947.0999999999985 ms
328,2958.5999999999985 ms
328,2959.0499999999984 ms
328,2963.8499999999985 ms
328,2982.1499999999987 ms
328,2982.5499999999984 ms
328,2989.199999999999 ms
328,2994.999999999999 ms
328,3054.0499999999993 ms
328,3057.999999999999 ms
328,3059.8999999999987 ms
328,3064.0499999999993 ms
328,3075.199999999999 ms
328,3126.8499999999995 ms
328,3129.45 ms
328,3130.749999999999 ms
328,3142.7 ms
328,3150.0499999999993 ms
328,3156.8999999999996 ms
328,3214.3999999999996 ms
328,3228.0999999999985 ms
328,3232.6499999999996 ms
328,3232.7999999999993 ms
328,3239.199999999999 ms
328,3244.0499999999993 ms
328,3260.949999999999 ms
328,3261.3499999999995 ms
328,3282.5499999999993 ms
328,3303.1499999999996 ms
328,3306.6499999999996 ms
328,3317.699999999999 ms
328,3321.6499999999996 ms
328,3324.6499999999996 ms
328,3378.3499999999985 ms
328,3390.249999999999 ms
328,3400.6499999999987 ms
328,3408.2999999999993 ms
328,3430.3999999999996 ms
328,3446.499999999999 ms
328,3456.3999999999987 ms
328,3500.749999999999 ms
328,3503.949999999999 ms
328,3529.0499999999993 ms
328,3530.499999999998 ms
328,3539.249999999998 ms
328,3541.699999999999 ms
328,3548.699999999999 ms
328,3565.949999999999 ms
328,3582.7999999999984 ms
328,3625.699999999998 ms
328,3635.0499999999984 ms
328,3679.3999999999987 ms
328,3681.2999999999984 ms
328,3682.2999999999984 ms
328,3685.2999999999984 ms
328,3693.8999999999987 ms
328,3698.3999999999987 ms
328,3706.749999999998 ms
328,3712.0499999999984 ms
328,3719.699999999998 ms
328,3725.199999999998 ms
328,3737.5999999999985 ms
328,3746.0999999999985 ms
328,3746.5499999999984 ms
328,3774.499999999998 ms
328,3787.199999999998 ms
328,3820.7999999999984 ms
328,3825.149999999998 ms
328,3856.0999999999976 ms
328,3870.7999999999975 ms
328,3872.7499999999973 ms
328,3884.9999999999973 ms
328,3902.7499999999973 ms
328,3908.0499999999975 ms
328,3924.3499999999976 ms
328,3924.899999999998 ms
328,3926.499999999998 ms
328,3936.249999999998 ms
328,3952.399999999998 ms
328,3960.5999999999976 ms
328,3982.399999999998 ms
328,3993.0499999999975 ms
328,3994.5999999999985 ms
329,0.5 ms
329,3.0 ms
329,11.450000000000001 ms
329,21.75 ms
329,27.049999999999997 ms
329,27.700000000000003 ms
329,49.3 ms
329,50.64999999999999 ms
329,70.4 ms
329,80.85 ms
329,102.55000000000001 ms
329,122.95000000000002 ms
329,123.25000000000003 ms
329,139.45000000000002 ms
329,140.70000000000002 ms
329,153.4 ms
329,168.20000000000002 ms
329,169.65 ms
329,182.70000000000002 ms
329,185.45000000000002 ms
329,202.70000000000002 ms
329,217.50000000000003 ms
329,223.85 ms
329,231.20000000000002 ms
329,253.95000000000002 ms
329,261.1 ms
329,273.30000000000007 ms
329,287.44999999999993 ms
329,305.05000000000007 ms
329,316.35 ms
329,323.0 ms
329,365.5 ms
329,377.75 ms
329,413.9 ms
329,428.35 ms
329,453.19999999999993 ms
329,457.55000000000007 ms
329,490.5 ms
329,498.15 ms
329,502.9 ms
329,513.05 ms
329,514.0 ms
329,532.45 ms
329,541.3500000000001 ms
329,557.25 ms
329,619.1500000000001 ms
329,643.5 ms
329,662.3 ms
329,669.7 ms
329,670.4999999999998 ms
329,674.55 ms
329,677.8 ms
329,680.2499999999998 ms
329,698.3999999999999 ms
329,698.6999999999998 ms
329,711.2499999999998 ms
329,729.0499999999997 ms
329,752.1499999999996 ms
329,754.8499999999999 ms
329,761.5499999999997 ms
329,771.0499999999997 ms
329,771.9499999999998 ms
329,775.6499999999999 ms
329,780.2499999999998 ms
329,798.55 ms
329,798.6499999999999 ms
329,801.1999999999998 ms
329,809.5499999999997 ms
329,812.6499999999999 ms
329,817.7499999999998 ms
329,835.2499999999998 ms
329,868.0999999999999 ms
329,877.1999999999998 ms
329,888.9499999999998 ms
329,900.75 ms
329,908.4499999999998 ms
329,927.6500000000001 ms
329,975.25 ms
329,983.3 ms
329,1001.3499999999999 ms
329,1009.25 ms
329,1009.8499999999999 ms
329,1014.75 ms
329,1026.25 ms
329,1027.85 ms
329,1030.15 ms
329,1058.6999999999998 ms
329,1070.85 ms
329,1089.4499999999998 ms
329,1134.25 ms
329,1144.4499999999998 ms
329,1151.9499999999998 ms
329,1193.8999999999996 ms
329,1202.6 ms
329,1219.25 ms
329,1220.35 ms
329,1229.0 ms
329,1261.0 ms
329,1265.8000000000002 ms
329,1268.85 ms
329,1277.6 ms
329,1296.6 ms
329,1309.0499999999997 ms
329,1324.2999999999997 ms
329,1354.4500000000003 ms
329,1362.65 ms
329,1365.8000000000002 ms
329,1376.25 ms
329,1403.0500000000002 ms
329,1414.75 ms
329,1420.25 ms
329,1421.9500000000003 ms
329,1425.3500000000004 ms
329,1425.6000000000004 ms
329,1432.5000000000005 ms
329,1438.4000000000005 ms
329,1454.2000000000007 ms
329,1458.2000000000007 ms
329,1459.7000000000007 ms
329,1509.7000000000007 ms
329,1516.8000000000002 ms
329,1519.6500000000005 ms
329,1560.25 ms
329,1568.6500000000005 ms
329,1568.9000000000005 ms
329,1574.8500000000004 ms
329,1595.8000000000002 ms
329,1598.8000000000002 ms
329,1627.8000000000002 ms
329,1639.8000000000002 ms
329,1665.2000000000007 ms
329,1668.6000000000004 ms
329,1675.6000000000004 ms
329,1684.6500000000005 ms
329,1709.9000000000005 ms
329,1718.8500000000004 ms
329,1719.9500000000007 ms
329,1723.4000000000005 ms
329,1748.6000000000004 ms
329,1810.000000000001 ms
329,1811.3000000000006 ms
329,1816.1000000000008 ms
329,1826.3000000000006 ms
329,1840.4500000000007 ms
329,1845.4000000000005 ms
329,1852.4500000000007 ms
329,1868.500000000001 ms
329,1885.250000000001 ms
329,1887.3500000000004 ms
329,1924.0500000000006 ms
329,1929.0500000000006 ms
329,1933.3500000000008 ms
329,1936.5500000000006 ms
329,1946.1500000000005 ms
329,1962.0000000000005 ms
329,1964.3000000000006 ms
329,1990.2000000000003 ms
329,2001.9000000000005 ms
329,2006.1500000000005 ms
329,2014.6000000000004 ms
329,2045.3500000000004 ms
329,2046.500000000001 ms
329,2053.8500000000013 ms
329,2067.2000000000007 ms
329,2076.7000000000007 ms
329,2077.6000000000004 ms
329,2106.6000000000004 ms
329,2114.9000000000015 ms
329,2116.500000000001 ms
329,2135.550000000001 ms
329,2137.300000000001 ms
329,2145.9500000000007 ms
329,2161.4000000000015 ms
329,2195.4500000000007 ms
329,2212.1000000000013 ms
329,2213.800000000001 ms
329,2215.2000000000007 ms
329,2230.7000000000007 ms
329,2244.750000000002 ms
329,2249.000000000002 ms
329,2260.4000000000015 ms
329,2262.6000000000013 ms
329,2303.7000000000016 ms
329,2334.2000000000016 ms
329,2353.1000000000013 ms
329,2364.6000000000013 ms
329,2366.9000000000015 ms
329,2378.4000000000015 ms
329,2439.300000000001 ms
329,2460.600000000002 ms
329,2485.300000000001 ms
329,2513.250000000002 ms
329,2515.750000000002 ms
329,2516.550000000001 ms
329,2517.800000000001 ms
329,2520.7000000000016 ms
329,2521.1500000000015 ms
329,2528.7000000000016 ms
329,2537.8500000000013 ms
329,2545.9000000000024 ms
329,2568.2000000000016 ms
329,2589.350000000002 ms
329,2605.850000000002 ms
329,2609.850000000002 ms
329,2616.000000000002 ms
329,2617.4500000000025 ms
329,2631.350000000002 ms
329,2649.100000000002 ms
329,2650.9000000000024 ms
329,2654.5000000000027 ms
329,2675.7000000000016 ms
329,2682.2000000000016 ms
329,2685.9000000000024 ms
329,2692.6000000000013 ms
329,2712.4000000000024 ms
329,2727.6000000000013 ms
329,2733.750000000002 ms
329,2755.550000000002 ms
329,2757.9000000000024 ms
329,2758.9000000000024 ms
329,2764.2000000000016 ms
329,2766.2500000000027 ms
329,2784.550000000002 ms
329,2793.350000000003 ms
329,2800.850000000003 ms
329,2808.550000000002 ms
329,2826.2500000000027 ms
329,2830.7000000000016 ms
329,2835.9000000000024 ms
329,2884.7000000000016 ms
329,2887.850000000002 ms
329,2966.850000000002 ms
329,2971.6500000000024 ms
329,2979.100000000002 ms
329,2990.9000000000024 ms
329,3005.050000000002 ms
329,3028.300000000002 ms
329,3032.9000000000024 ms
329,3056.4500000000025 ms
329,3062.050000000003 ms
329,3074.050000000003 ms
329,3086.550000000003 ms
329,3092.6500000000024 ms
329,3099.2500000000027 ms
329,3110.800000000002 ms
329,3112.5000000000027 ms
329,3118.1500000000024 ms
329,3131.800000000002 ms
329,3156.100000000003 ms
329,3173.6500000000024 ms
329,3177.1500000000024 ms
329,3193.9000000000024 ms
329,3222.1500000000024 ms
329,3239.4500000000035 ms
329,3245.850000000003 ms
329,3252.2000000000035 ms
329,3256.600000000003 ms
329,3265.9000000000033 ms
329,3277.6500000000033 ms
329,3278.5000000000036 ms
329,3280.6500000000033 ms
329,3290.550000000003 ms
329,3294.7000000000035 ms
329,3304.7500000000036 ms
329,3328.800000000004 ms
329,3343.9500000000035 ms
329,3357.2500000000045 ms
329,3357.9500000000035 ms
329,3361.2000000000035 ms
329,3367.850000000004 ms
329,3371.5000000000036 ms
329,3383.2000000000044 ms
329,3427.9500000000044 ms
329,3429.1500000000033 ms
329,3522.9500000000044 ms
329,3528.300000000004 ms
329,3538.5000000000036 ms
329,3540.2000000000035 ms
329,3572.100000000003 ms
329,3575.7000000000035 ms
329,3588.9000000000033 ms
329,3608.300000000003 ms
329,3610.2000000000035 ms
329,3625.9000000000033 ms
329,3626.600000000003 ms
329,3636.4500000000035 ms
329,3644.600000000003 ms
329,3647.9500000000035 ms
329,3648.1500000000024 ms
329,3650.600000000003 ms
329,3670.4500000000025 ms
329,3673.350000000002 ms
329,3674.0000000000027 ms
329,3675.050000000003 ms
329,3687.300000000003 ms
329,3700.300000000003 ms
329,3706.4500000000025 ms
329,3710.1500000000033 ms
329,3725.2500000000027 ms
329,3731.800000000003 ms
329,3748.2500000000027 ms
329,3758.4000000000024 ms
329,3759.9500000000035 ms
329,3789.4500000000035 ms
329,3794.600000000003 ms
329,3800.800000000003 ms
329,3827.6500000000033 ms
329,3844.850000000002 ms
329,3885.4000000000033 ms
329,3946.350000000002 ms
329,3969.050000000003 ms
329,3972.050000000003 ms
329,3979.2000000000025 ms
329,3984.2000000000025 ms
330,2.5500000000000003 ms
330,26.250000000000004 ms
330,67.4 ms
330,80.85 ms
330,103.85 ms
330,115.6 ms
330,191.15 ms
330,198.99999999999997 ms
330,213.69999999999996 ms
330,216.1 ms
330,219.04999999999998 ms
330,236.95000000000002 ms
330,248.25000000000003 ms
330,273.95000000000005 ms
330,285.0 ms
330,286.45000000000005 ms
330,298.65 ms
330,315.69999999999993 ms
330,328.85 ms
330,341.54999999999995 ms
330,346.94999999999993 ms
330,347.7499999999999 ms
330,359.4 ms
330,377.79999999999984 ms
330,377.9999999999999 ms
330,379.3499999999999 ms
330,384.94999999999993 ms
330,400.29999999999995 ms
330,414.3499999999999 ms
330,426.95000000000005 ms
330,427.5999999999999 ms
330,472.15 ms
330,493.54999999999995 ms
330,500.65 ms
330,539.15 ms
330,541.35 ms
330,579.85 ms
330,593.4 ms
330,610.9 ms
330,615.35 ms
330,636.4999999999999 ms
330,641.4499999999999 ms
330,642.4500000000002 ms
330,646.1999999999999 ms
330,654.3000000000001 ms
330,687.0000000000001 ms
330,693.8500000000003 ms
330,694.2000000000002 ms
330,710.1 ms
330,716.3000000000001 ms
330,744.35 ms
330,758.3500000000003 ms
330,766.4000000000002 ms
330,775.15 ms
330,782.4000000000002 ms
330,795.3500000000003 ms
330,797.3000000000003 ms
330,805.5000000000003 ms
330,850.6500000000002 ms
330,851.9500000000002 ms
330,863.1500000000002 ms
330,875.8000000000001 ms
330,881.1500000000002 ms
330,885.1000000000003 ms
330,905.1500000000002 ms
330,911.5500000000001 ms
330,913.5500000000003 ms
330,927.1500000000002 ms
330,946.8500000000003 ms
330,961.5000000000001 ms
330,973.3500000000003 ms
330,978.2000000000004 ms
330,981.4000000000004 ms
330,983.3500000000005 ms
330,988.6500000000004 ms
330,995.6000000000005 ms
330,1007.4500000000004 ms
330,1043.3000000000006 ms
330,1054.2500000000005 ms
330,1073.4500000000003 ms
330,1084.4000000000005 ms
330,1099.0000000000005 ms
330,1099.5000000000005 ms
330,1110.6500000000005 ms
330,1136.1500000000005 ms
330,1143.7000000000007 ms
330,1149.0000000000005 ms
330,1149.6500000000005 ms
330,1152.0500000000006 ms
330,1159.7500000000005 ms
330,1160.0500000000006 ms
330,1189.9000000000005 ms
330,1199.1000000000004 ms
330,1218.7000000000007 ms
330,1251.2500000000005 ms
330,1290.3500000000004 ms
330,1297.2500000000005 ms
330,1298.8500000000004 ms
330,1309.4500000000003 ms
330,1318.5500000000002 ms
330,1320.2000000000003 ms
330,1320.9 ms
330,1386.65 ms
330,1388.7000000000003 ms
330,1394.1000000000004 ms
330,1397.6000000000004 ms
330,1404.9500000000003 ms
330,1415.3500000000004 ms
330,1431.9500000000003 ms
330,1465.15 ms
330,1481.3000000000006 ms
330,1492.8500000000004 ms
330,1497.6500000000005 ms
330,1502.0 ms
330,1519.0500000000002 ms
330,1534.9500000000003 ms
330,1535.1000000000004 ms
330,1555.1000000000004 ms
330,1559.4500000000003 ms
330,1573.5000000000005 ms
330,1580.85 ms
330,1581.0500000000002 ms
330,1591.5 ms
330,1599.6500000000005 ms
330,1616.6500000000005 ms
330,1620.5500000000002 ms
330,1637.1000000000004 ms
330,1641.9500000000003 ms
330,1647.2500000000005 ms
330,1650.3000000000002 ms
330,1678.2000000000003 ms
330,1705.7000000000003 ms
330,1719.7500000000005 ms
330,1730.4 ms
330,1753.7500000000005 ms
330,1782.35 ms
330,1787.0500000000002 ms
330,1824.8000000000002 ms
330,1858.6000000000004 ms
330,1863.9 ms
330,1885.0 ms
330,1898.9 ms
330,1904.9500000000003 ms
330,1914.0 ms
330,1917.4499999999998 ms
330,1928.6999999999998 ms
330,1929.1999999999998 ms
330,1938.25 ms
330,1946.25 ms
330,1951.5500000000002 ms
330,1965.85 ms
330,1980.0 ms
330,1986.15 ms
330,1990.25 ms
330,2004.8000000000002 ms
330,2037.3000000000002 ms
330,2071.75 ms
330,2075.05 ms
330,2078.7 ms
330,2084.7 ms
330,2085.7 ms
330,2099.1000000000004 ms
330,2114.6500000000005 ms
330,2120.2000000000007 ms
330,2123.500000000001 ms
330,2148.550000000001 ms
330,2160.2000000000007 ms
330,2163.9000000000015 ms
330,2176.1000000000004 ms
330,2192.550000000001 ms
330,2197.2000000000007 ms
330,2202.500000000001 ms
330,2210.800000000001 ms
330,2213.8500000000013 ms
330,2231.250000000001 ms
330,2252.4500000000016 ms
330,2272.6500000000005 ms
330,2273.4500000000016 ms
330,2278.050000000001 ms
330,2315.2000000000007 ms
330,2332.1500000000015 ms
330,2347.4000000000015 ms
330,2352.500000000001 ms
330,2370.000000000001 ms
330,2376.7000000000007 ms
330,2406.4500000000007 ms
330,2426.000000000001 ms
330,2439.550000000001 ms
330,2440.050000000001 ms
330,2448.800000000001 ms
330,2449.6500000000015 ms
330,2450.2000000000007 ms
330,2451.7000000000007 ms
330,2453.750000000002 ms
330,2454.7000000000007 ms
330,2456.550000000001 ms
330,2480.4500000000007 ms
330,2505.9000000000015 ms
330,2511.4500000000007 ms
330,2532.4000000000015 ms
330,2544.1000000000004 ms
330,2568.3500000000004 ms
330,2587.4500000000007 ms
330,2589.6000000000004 ms
330,2600.250000000001 ms
330,2600.4000000000005 ms
330,2636.800000000001 ms
330,2651.800000000001 ms
330,2656.1500000000015 ms
330,2688.250000000001 ms
330,2700.4500000000007 ms
330,2730.9000000000005 ms
330,2737.1000000000004 ms
330,2745.8500000000004 ms
330,2748.1500000000005 ms
330,2788.750000000001 ms
330,2799.7 ms
330,2834.000000000001 ms
330,2842.6000000000004 ms
330,2847.0 ms
330,2855.300000000001 ms
330,2856.300000000001 ms
330,2859.6000000000004 ms
330,2870.250000000001 ms
330,2942.9500000000007 ms
330,2959.4000000000005 ms
330,2960.750000000001 ms
330,2974.750000000001 ms
330,2978.6500000000005 ms
330,2987.4000000000005 ms
330,2989.3 ms
330,2997.250000000001 ms
330,3011.7 ms
330,3022.1500000000005 ms
330,3024.8 ms
330,3026.8 ms
330,3028.55 ms
330,3030.5 ms
330,3054.3500000000004 ms
330,3057.5499999999993 ms
330,3111.2999999999993 ms
330,3113.1499999999996 ms
330,3118.7 ms
330,3189.1499999999996 ms
330,3195.3999999999996 ms
330,3208.0499999999993 ms
330,3223.2 ms
330,3227.25 ms
330,3249.3 ms
330,3253.5 ms
330,3257.3 ms
330,3278.1000000000004 ms
330,3320.2000000000007 ms
330,3338.1000000000004 ms
330,3343.3 ms
330,3356.0 ms
330,3369.3500000000004 ms
330,3376.75 ms
330,3383.6499999999996 ms
330,3383.9500000000007 ms
330,3411.6000000000004 ms
330,3436.9500000000007 ms
330,3444.3999999999996 ms
330,3450.1000000000004 ms
330,3453.2999999999993 ms
330,3462.2999999999993 ms
330,3462.5499999999993 ms
330,3476.3999999999996 ms
330,3487.8499999999995 ms
330,3494.0999999999995 ms
330,3512.5499999999993 ms
330,3528.0999999999995 ms
330,3532.1499999999996 ms
330,3545.5999999999995 ms
330,3551.5499999999993 ms
330,3599.0999999999995 ms
330,3611.6499999999996 ms
330,3623.8499999999995 ms
330,3626.8999999999996 ms
330,3652.0999999999995 ms
330,3674.45 ms
330,3685.499999999999 ms
330,3688.8999999999996 ms
330,3698.3499999999995 ms
330,3711.499999999999 ms
330,3730.7 ms
330,3739.3999999999987 ms
330,3745.5499999999993 ms
330,3749.1499999999996 ms
330,3769.3999999999996 ms
330,3776.449999999999 ms
330,3785.5999999999995 ms
330,3792.8999999999996 ms
330,3802.5499999999993 ms
330,3805.7999999999993 ms
330,3806.5499999999993 ms
330,3819.0499999999993 ms
330,3840.5499999999993 ms
330,3849.3500000000004 ms
330,3867.1000000000004 ms
330,3873.6000000000004 ms
330,3875.8999999999996 ms
330,3876.6499999999996 ms
330,3880.3999999999996 ms
330,3891.3999999999996 ms
330,3900.75 ms
330,3927.05 ms
330,3929.45 ms
330,3935.95 ms
330,3943.8500000000004 ms
330,3979.9000000000005 ms
331,10.850000000000001 ms
331,14.55 ms
331,18.150000000000002 ms
331,23.55 ms
331,27.500000000000004 ms
331,31.100000000000005 ms
331,40.05 ms
331,48.55 ms
331,50.150000000000006 ms
331,53.95 ms
331,59.2 ms
331,95.2 ms
331,97.74999999999999 ms
331,108.2 ms
331,108.55 ms
331,142.7 ms
331,155.84999999999997 ms
331,158.59999999999997 ms
331,175.09999999999997 ms
331,220.3 ms
331,231.10000000000002 ms
331,239.70000000000005 ms
331,244.95000000000005 ms
331,250.0 ms
331,276.5 ms
331,288.5 ms
331,338.35 ms
331,340.35 ms
331,360.4 ms
331,362.30000000000007 ms
331,370.25 ms
331,382.45000000000005 ms
331,388.5 ms
331,408.04999999999995 ms
331,442.0 ms
331,444.45000000000005 ms
331,447.15 ms
331,468.15 ms
331,480.54999999999995 ms
331,494.04999999999995 ms
331,512.15 ms
331,531.6999999999999 ms
331,538.5999999999998 ms
331,551.9999999999999 ms
331,572.1 ms
331,577.2499999999999 ms
331,583.9499999999999 ms
331,594.5999999999998 ms
331,606.0499999999998 ms
331,631.5500000000001 ms
331,651.1999999999999 ms
331,659.5500000000001 ms
331,662.5499999999998 ms
331,670.2499999999999 ms
331,673.0499999999998 ms
331,698.0999999999998 ms
331,706.5499999999998 ms
331,709.9 ms
331,721.9499999999999 ms
331,728.5500000000001 ms
331,728.7999999999998 ms
331,735.8000000000001 ms
331,766.4 ms
331,766.5000000000001 ms
331,774.3000000000001 ms
331,788.15 ms
331,806.4499999999999 ms
331,823.5999999999998 ms
331,831.8999999999997 ms
331,850.2999999999998 ms
331,863.5499999999998 ms
331,864.9499999999997 ms
331,870.5999999999998 ms
331,886.0999999999998 ms
331,895.8499999999998 ms
331,896.4499999999999 ms
331,910.7499999999999 ms
331,922.1499999999997 ms
331,926.5999999999998 ms
331,942.3499999999998 ms
331,967.6499999999997 ms
331,971.9999999999999 ms
331,978.6999999999999 ms
331,985.4999999999999 ms
331,987.2999999999998 ms
331,991.0499999999996 ms
331,1013.0499999999998 ms
331,1015.6999999999997 ms
331,1020.2999999999998 ms
331,1029.0499999999997 ms
331,1048.2499999999995 ms
331,1054.65 ms
331,1055.4 ms
331,1056.6999999999998 ms
331,1062.1 ms
331,1070.6 ms
331,1080.15 ms
331,1082.2999999999997 ms
331,1107.25 ms
331,1109.0500000000002 ms
331,1109.8999999999996 ms
331,1123.9499999999998 ms
331,1124.9499999999998 ms
331,1139.25 ms
331,1162.5499999999997 ms
331,1163.1999999999998 ms
331,1179.35 ms
331,1203.1999999999998 ms
331,1216.5 ms
331,1218.0999999999995 ms
331,1225.6499999999996 ms
331,1236.8999999999996 ms
331,1257.5499999999997 ms
331,1261.35 ms
331,1266.85 ms
331,1277.6499999999996 ms
331,1292.8499999999995 ms
331,1296.0 ms
331,1302.5499999999997 ms
331,1303.9999999999995 ms
331,1313.35 ms
331,1340.7499999999995 ms
331,1354.9 ms
331,1370.4 ms
331,1376.2999999999997 ms
331,1383.15 ms
331,1388.4999999999995 ms
331,1390.7999999999997 ms
331,1403.7499999999995 ms
331,1404.9499999999998 ms
331,1415.6 ms
331,1415.75 ms
331,1423.65 ms
331,1442.7000000000003 ms
331,1490.2000000000003 ms
331,1494.1 ms
331,1497.9500000000003 ms
331,1507.5499999999997 ms
331,1536.6 ms
331,1537.0499999999997 ms
331,1545.2000000000003 ms
331,1558.5 ms
331,1570.85 ms
331,1578.1999999999998 ms
331,1592.4499999999998 ms
331,1595.1 ms
331,1602.1999999999998 ms
331,1607.85 ms
331,1619.25 ms
331,1658.0 ms
331,1685.65 ms
331,1686.5500000000002 ms
331,1690.75 ms
331,1707.0500000000002 ms
331,1715.6000000000004 ms
331,1764.4 ms
331,1774.1 ms
331,1774.65 ms
331,1786.75 ms
331,1809.1999999999998 ms
331,1814.9 ms
331,1816.9 ms
331,1817.3000000000002 ms
331,1827.4 ms
331,1843.9 ms
331,1880.3000000000002 ms
331,1901.9 ms
331,1903.1 ms
331,1912.4 ms
331,1928.9 ms
331,1937.0500000000002 ms
331,1949.9500000000003 ms
331,1952.0000000000005 ms
331,1956.2000000000003 ms
331,1979.7000000000003 ms
331,1986.3000000000002 ms
331,2006.75 ms
331,2018.0 ms
331,2047.7000000000003 ms
331,2053.850000000001 ms
331,2066.7000000000003 ms
331,2086.7999999999997 ms
331,2118.4500000000003 ms
331,2126.2999999999997 ms
331,2132.5500000000006 ms
331,2133.100000000001 ms
331,2162.7000000000003 ms
331,2173.2999999999997 ms
331,2174.4 ms
331,2183.15 ms
331,2194.7000000000003 ms
331,2207.0000000000005 ms
331,2218.2500000000005 ms
331,2241.2500000000005 ms
331,2242.8000000000006 ms
331,2254.950000000001 ms
331,2260.600000000001 ms
331,2273.5000000000014 ms
331,2277.2500000000005 ms
331,2294.600000000001 ms
331,2332.7500000000014 ms
331,2334.8000000000015 ms
331,2340.400000000001 ms
331,2349.100000000001 ms
331,2357.2500000000014 ms
331,2362.900000000001 ms
331,2388.2500000000005 ms
331,2409.650000000001 ms
331,2412.600000000001 ms
331,2433.9500000000003 ms
331,2444.950000000001 ms
331,2454.7000000000003 ms
331,2465.200000000001 ms
331,2468.2500000000014 ms
331,2468.7500000000005 ms
331,2515.2000000000003 ms
331,2515.65 ms
331,2518.4500000000003 ms
331,2559.350000000001 ms
331,2562.350000000001 ms
331,2573.600000000001 ms
331,2579.650000000001 ms
331,2586.0500000000015 ms
331,2595.650000000001 ms
331,2601.5000000000005 ms
331,2602.2000000000003 ms
331,2649.100000000001 ms
331,2683.8000000000006 ms
331,2692.600000000001 ms
331,2705.100000000001 ms
331,2719.0000000000014 ms
331,2724.100000000001 ms
331,2727.7000000000003 ms
331,2736.5000000000005 ms
331,2809.5000000000014 ms
331,2863.400000000001 ms
331,2872.450000000001 ms
331,2878.900000000001 ms
331,2902.700000000001 ms
331,2918.5500000000006 ms
331,2933.0500000000015 ms
331,2934.5500000000006 ms
331,2955.100000000001 ms
331,2960.200000000001 ms
331,2984.3000000000006 ms
331,2989.700000000001 ms
331,2994.700000000001 ms
331,3036.1000000000017 ms
331,3048.700000000001 ms
331,3065.8000000000006 ms
331,3070.100000000001 ms
331,3073.450000000001 ms
331,3082.3500000000017 ms
331,3083.150000000002 ms
331,3084.450000000002 ms
331,3089.150000000002 ms
331,3099.7500000000014 ms
331,3106.950000000001 ms
331,3125.3500000000017 ms
331,3135.950000000001 ms
331,3166.2500000000014 ms
331,3172.600000000001 ms
331,3179.0500000000006 ms
331,3183.3000000000015 ms
331,3199.200000000001 ms
331,3203.0000000000014 ms
331,3209.0000000000014 ms
331,3216.900000000002 ms
331,3222.2500000000014 ms
331,3230.150000000002 ms
331,3232.0500000000015 ms
331,3234.8000000000015 ms
331,3235.650000000001 ms
331,3244.2500000000014 ms
331,3251.850000000001 ms
331,3273.900000000001 ms
331,3275.3000000000015 ms
331,3278.900000000001 ms
331,3292.450000000001 ms
331,3322.5500000000015 ms
331,3371.1000000000017 ms
331,3379.7500000000023 ms
331,3382.2500000000014 ms
331,3401.900000000002 ms
331,3410.3500000000017 ms
331,3415.200000000001 ms
331,3422.650000000001 ms
331,3434.0500000000015 ms
331,3442.8000000000015 ms
331,3446.5000000000014 ms
331,3446.650000000002 ms
331,3459.400000000001 ms
331,3461.0500000000015 ms
331,3463.950000000002 ms
331,3468.3500000000017 ms
331,3478.5000000000023 ms
331,3503.3000000000025 ms
331,3507.450000000002 ms
331,3514.1000000000026 ms
331,3526.150000000003 ms
331,3527.2500000000023 ms
331,3529.3500000000017 ms
331,3542.950000000002 ms
331,3554.450000000002 ms
331,3554.8000000000015 ms
331,3555.2500000000014 ms
331,3562.150000000002 ms
331,3568.150000000002 ms
331,3575.8500000000017 ms
331,3596.400000000002 ms
331,3598.700000000002 ms
331,3620.0000000000023 ms
331,3625.700000000002 ms
331,3643.150000000002 ms
331,3643.5000000000014 ms
331,3644.400000000002 ms
331,3665.8500000000017 ms
331,3679.1000000000017 ms
331,3697.0000000000023 ms
331,3710.0500000000025 ms
331,3716.3000000000015 ms
331,3731.0000000000014 ms
331,3736.450000000001 ms
331,3764.700000000002 ms
331,3786.1000000000017 ms
331,3821.950000000001 ms
331,3839.950000000002 ms
331,3845.2500000000023 ms
331,3848.200000000002 ms
331,3848.6000000000017 ms
331,3852.2500000000023 ms
331,3865.700000000002 ms
331,3880.950000000001 ms
331,3881.450000000002 ms
331,3885.450000000001 ms
331,3913.3500000000017 ms
331,3920.7500000000023 ms
331,3938.650000000002 ms
331,3950.7500000000014 ms
331,3954.950000000001 ms
331,3979.0500000000015 ms
331,3990.950000000002 ms
332,2.85 ms
332,8.950000000000001 ms
332,21.700000000000003 ms
332,22.050000000000004 ms
332,36.10000000000001 ms
332,38.85000000000001 ms
332,44.60000000000001 ms
332,45.55000000000001 ms
332,68.20000000000002 ms
332,88.45000000000002 ms
332,112.35000000000002 ms
332,117.45000000000002 ms
332,120.45000000000002 ms
332,147.04999999999998 ms
332,181.15 ms
332,198.65 ms
332,204.6 ms
332,208.44999999999996 ms
332,217.6 ms
332,218.29999999999998 ms
332,232.79999999999998 ms
332,250.49999999999997 ms
332,252.54999999999998 ms
332,252.85 ms
332,258.9 ms
332,260.85 ms
332,268.44999999999993 ms
332,273.65 ms
332,274.44999999999993 ms
332,297.80000000000007 ms
332,302.85 ms
332,304.55000000000007 ms
332,305.05000000000007 ms
332,324.19999999999993 ms
332,342.85 ms
332,352.29999999999995 ms
332,361.15 ms
332,369.15 ms
332,375.65 ms
332,383.25 ms
332,402.6 ms
332,412.5 ms
332,416.0 ms
332,425.35 ms
332,429.1 ms
332,450.80000000000007 ms
332,459.15 ms
332,473.65 ms
332,490.0000000000001 ms
332,495.15 ms
332,506.15 ms
332,525.5000000000001 ms
332,531.9500000000002 ms
332,564.9499999999999 ms
332,566.2000000000002 ms
332,575.9499999999999 ms
332,595.9500000000002 ms
332,603.5500000000001 ms
332,607.3000000000001 ms
332,611.0500000000001 ms
332,637.1 ms
332,665.9 ms
332,672.9499999999999 ms
332,682.6999999999999 ms
332,682.8000000000001 ms
332,694.6999999999999 ms
332,700.5999999999998 ms
332,728.1999999999999 ms
332,733.4999999999999 ms
332,736.6 ms
332,742.2499999999999 ms
332,755.1499999999997 ms
332,796.65 ms
332,806.0499999999998 ms
332,812.0499999999998 ms
332,835.0499999999998 ms
332,866.8499999999998 ms
332,901.4499999999999 ms
332,914.5499999999998 ms
332,929.4 ms
332,953.2999999999998 ms
332,964.2499999999999 ms
332,986.6499999999997 ms
332,998.0499999999998 ms
332,1005.0999999999998 ms
332,1084.85 ms
332,1085.65 ms
332,1108.1 ms
332,1116.4499999999998 ms
332,1127.25 ms
332,1130.5999999999995 ms
332,1144.8999999999996 ms
332,1173.5499999999997 ms
332,1175.7499999999995 ms
332,1234.7499999999995 ms
332,1238.85 ms
332,1268.6999999999994 ms
332,1270.7499999999995 ms
332,1271.8499999999995 ms
332,1272.2999999999993 ms
332,1273.0499999999993 ms
332,1289.9499999999998 ms
332,1290.5999999999995 ms
332,1291.6999999999998 ms
332,1297.1999999999998 ms
332,1310.5999999999995 ms
332,1330.9499999999998 ms
332,1342.4499999999998 ms
332,1394.5999999999995 ms
332,1404.1499999999996 ms
332,1404.2499999999995 ms
332,1409.1999999999994 ms
332,1410.1 ms
332,1418.85 ms
332,1429.1 ms
332,1432.1499999999996 ms
332,1447.5499999999997 ms
332,1461.0499999999997 ms
332,1491.1 ms
332,1499.7499999999995 ms
332,1499.9 ms
332,1529.85 ms
332,1563.4499999999998 ms
332,1573.6 ms
332,1578.9499999999998 ms
332,1581.4499999999998 ms
332,1590.1999999999998 ms
332,1596.75 ms
332,1607.9499999999998 ms
332,1619.5499999999997 ms
332,1622.1999999999998 ms
332,1624.1 ms
332,1629.4 ms
332,1634.9 ms
332,1649.4999999999995 ms
332,1667.65 ms
332,1682.7499999999995 ms
332,1706.9499999999998 ms
332,1719.25 ms
332,1730.2999999999997 ms
332,1737.3999999999996 ms
332,1747.3499999999995 ms
332,1758.0 ms
332,1760.8499999999995 ms
332,1800.5999999999995 ms
332,1803.25 ms
332,1828.5499999999997 ms
332,1836.6 ms
332,1838.6999999999994 ms
332,1906.3999999999996 ms
332,1941.8999999999996 ms
332,1972.3499999999995 ms
332,1983.25 ms
332,1989.75 ms
332,1992.9499999999998 ms
332,2012.4499999999998 ms
332,2015.0499999999997 ms
332,2038.2499999999995 ms
332,2064.35 ms
332,2074.0499999999997 ms
332,2081.2499999999995 ms
332,2085.4999999999995 ms
332,2100.15 ms
332,2147.899999999999 ms
332,2185.7499999999995 ms
332,2194.5499999999997 ms
332,2197.7000000000003 ms
332,2207.0000000000005 ms
332,2217.3000000000006 ms
332,2255.65 ms
332,2258.3000000000006 ms
332,2259.2000000000003 ms
332,2267.100000000001 ms
332,2268.150000000001 ms
332,2309.0000000000005 ms
332,2313.1 ms
332,2324.9 ms
332,2328.650000000001 ms
332,2354.3000000000006 ms
332,2357.0500000000006 ms
332,2370.700000000001 ms
332,2372.9500000000003 ms
332,2408.700000000001 ms
332,2424.650000000001 ms
332,2449.950000000001 ms
332,2452.2000000000003 ms
332,2461.0500000000006 ms
332,2476.5000000000005 ms
332,2476.650000000001 ms
332,2482.2500000000005 ms
332,2484.2000000000003 ms
332,2550.65 ms
332,2573.8000000000006 ms
332,2580.15 ms
332,2582.9500000000003 ms
332,2589.5000000000005 ms
332,2621.8000000000006 ms
332,2627.5000000000005 ms
332,2630.3000000000006 ms
332,2633.8000000000006 ms
332,2661.65 ms
332,2704.6 ms
332,2718.5499999999997 ms
332,2726.3000000000006 ms
332,2735.2000000000003 ms
332,2751.4 ms
332,2754.65 ms
332,2755.1 ms
332,2756.85 ms
332,2794.6999999999994 ms
332,2796.899999999999 ms
332,2800.65 ms
332,2825.9999999999995 ms
332,2843.4499999999994 ms
332,2855.6999999999994 ms
332,2856.1999999999994 ms
332,2890.049999999999 ms
332,2905.4999999999986 ms
332,2909.799999999999 ms
332,2917.7499999999986 ms
332,2928.799999999999 ms
332,2929.5499999999997 ms
332,2947.399999999999 ms
332,2952.349999999999 ms
332,2986.1999999999985 ms
332,2990.549999999999 ms
332,3010.099999999999 ms
332,3018.9499999999985 ms
332,3037.299999999999 ms
332,3067.349999999999 ms
332,3071.549999999999 ms
332,3088.849999999999 ms
332,3089.149999999999 ms
332,3144.2499999999986 ms
332,3164.7499999999995 ms
332,3169.149999999999 ms
332,3190.099999999999 ms
332,3204.4499999999985 ms
332,3224.8999999999983 ms
332,3226.6999999999985 ms
332,3237.549999999999 ms
332,3245.8999999999983 ms
332,3252.099999999998 ms
332,3298.6999999999985 ms
332,3303.4499999999985 ms
332,3324.1499999999983 ms
332,3360.8999999999983 ms
332,3364.099999999998 ms
332,3368.099999999998 ms
332,3392.9999999999986 ms
332,3395.9499999999985 ms
332,3407.1999999999975 ms
332,3415.4499999999985 ms
332,3427.049999999998 ms
332,3434.1499999999974 ms
332,3445.8999999999983 ms
332,3469.6999999999985 ms
332,3472.849999999998 ms
332,3474.599999999998 ms
332,3486.1999999999975 ms
332,3502.849999999998 ms
332,3507.799999999998 ms
332,3527.3999999999974 ms
332,3532.4499999999975 ms
332,3535.099999999998 ms
332,3538.7499999999986 ms
332,3553.299999999999 ms
332,3559.2499999999986 ms
332,3563.2499999999977 ms
332,3575.299999999998 ms
332,3580.4499999999985 ms
332,3602.3999999999983 ms
332,3607.4999999999977 ms
332,3615.599999999998 ms
332,3626.7499999999986 ms
332,3632.849999999998 ms
332,3635.9499999999975 ms
332,3637.049999999998 ms
332,3646.599999999998 ms
332,3664.7499999999986 ms
332,3673.4499999999985 ms
332,3678.049999999998 ms
332,3710.4499999999985 ms
332,3713.4499999999975 ms
332,3714.4999999999977 ms
332,3722.3999999999983 ms
332,3725.4999999999977 ms
332,3730.349999999998 ms
332,3736.4499999999975 ms
332,3765.049999999998 ms
332,3767.1499999999974 ms
332,3781.9999999999977 ms
332,3797.599999999997 ms
332,3801.799999999997 ms
332,3806.249999999997 ms
332,3810.9999999999977 ms
332,3829.1999999999975 ms
332,3835.049999999997 ms
332,3857.9499999999975 ms
332,3882.849999999997 ms
332,3890.1499999999974 ms
332,3896.999999999997 ms
332,3910.9999999999977 ms
332,3925.3999999999974 ms
332,3933.999999999997 ms
332,3938.549999999997 ms
332,3939.6999999999975 ms
332,3942.9499999999975 ms
332,3943.9499999999975 ms
332,3944.8999999999974 ms
332,3949.4499999999975 ms
332,3953.799999999997 ms
332,3957.849999999997 ms
332,3967.849999999998 ms
332,3985.4499999999975 ms
332,3996.9499999999975 ms
333,13.05 ms
333,13.850000000000001 ms
333,15.5 ms
333,34.25 ms
333,50.5 ms
333,53.2 ms
333,55.75 ms
333,79.80000000000001 ms
333,81.39999999999998 ms
333,105.39999999999998 ms
333,138.14999999999998 ms
333,164.5 ms
333,185.54999999999995 ms
333,189.89999999999998 ms
333,220.04999999999995 ms
333,266.2 ms
333,266.8 ms
333,270.3 ms
333,272.49999999999994 ms
333,285.3999999999999 ms
333,306.45 ms
333,319.3 ms
333,328.40000000000003 ms
333,334.90000000000003 ms
333,343.40000000000003 ms
333,362.8 ms
333,381.3 ms
333,422.2 ms
333,446.59999999999997 ms
333,468.99999999999994 ms
333,500.34999999999997 ms
333,507.99999999999994 ms
333,514.95 ms
333,526.7 ms
333,534.5 ms
333,535.25 ms
333,546.25 ms
333,550.0 ms
333,557.8 ms
333,562.5 ms
333,562.75 ms
333,567.0 ms
333,583.95 ms
333,586.3 ms
333,588.05 ms
333,592.6500000000001 ms
333,608.9000000000001 ms
333,609.6500000000001 ms
333,625.1500000000001 ms
333,659.0 ms
333,668.75 ms
333,677.3500000000001 ms
333,679.7500000000002 ms
333,691.55 ms
333,694.7500000000002 ms
333,721.7 ms
333,732.7500000000002 ms
333,756.1000000000001 ms
333,772.6000000000001 ms
333,796.3000000000002 ms
333,797.3000000000002 ms
333,799.5000000000002 ms
333,824.2000000000003 ms
333,835.5500000000002 ms
333,853.0500000000002 ms
333,902.1500000000003 ms
333,904.1500000000003 ms
333,909.0000000000002 ms
333,925.2500000000002 ms
333,935.1500000000003 ms
333,946.8500000000004 ms
333,948.5000000000005 ms
333,958.5000000000005 ms
333,960.4000000000003 ms
333,977.4500000000003 ms
333,990.3000000000002 ms
333,1038.5000000000002 ms
333,1080.8 ms
333,1088.8999999999999 ms
333,1091.9000000000003 ms
333,1094.6000000000001 ms
333,1101.45 ms
333,1102.3 ms
333,1107.0000000000002 ms
333,1110.8 ms
333,1144.7 ms
333,1152.3 ms
333,1160.8999999999999 ms
333,1163.3999999999999 ms
333,1189.55 ms
333,1190.95 ms
333,1193.3500000000001 ms
333,1214.3000000000004 ms
333,1238.3500000000001 ms
333,1239.6000000000001 ms
333,1250.3000000000004 ms
333,1275.3500000000001 ms
333,1287.5000000000002 ms
333,1289.7000000000005 ms
333,1313.8000000000004 ms
333,1330.55 ms
333,1331.95 ms
333,1349.8500000000001 ms
333,1356.6500000000003 ms
333,1367.7500000000002 ms
333,1385.3500000000001 ms
333,1394.8500000000001 ms
333,1400.6000000000001 ms
333,1405.0000000000002 ms
333,1411.8 ms
333,1420.2500000000002 ms
333,1440.2500000000002 ms
333,1443.9500000000005 ms
333,1448.45 ms
333,1451.6000000000001 ms
333,1489.0500000000004 ms
333,1499.1000000000001 ms
333,1503.0000000000002 ms
333,1507.3500000000001 ms
333,1512.95 ms
333,1521.8 ms
333,1528.2 ms
333,1548.5000000000002 ms
333,1551.7000000000005 ms
333,1554.5000000000002 ms
333,1564.1500000000003 ms
333,1590.8500000000006 ms
333,1615.6000000000001 ms
333,1617.7 ms
333,1638.7000000000005 ms
333,1650.2500000000002 ms
333,1693.3 ms
333,1731.2 ms
333,1751.6500000000003 ms
333,1763.5500000000004 ms
333,1765.4000000000003 ms
333,1797.4000000000003 ms
333,1826.1500000000003 ms
333,1853.8000000000004 ms
333,1855.8000000000004 ms
333,1857.3500000000001 ms
333,1859.5000000000002 ms
333,1899.1000000000001 ms
333,1907.3000000000004 ms
333,1911.9500000000005 ms
333,1912.4500000000005 ms
333,1915.2500000000002 ms
333,1923.9000000000003 ms
333,1946.1000000000006 ms
333,1947.8500000000006 ms
333,1958.8500000000006 ms
333,1987.0500000000009 ms
333,1988.0000000000007 ms
333,1994.8000000000004 ms
333,2002.0000000000007 ms
333,2028.0500000000004 ms
333,2030.8500000000006 ms
333,2046.1500000000003 ms
333,2049.7000000000007 ms
333,2064.6500000000005 ms
333,2080.4500000000007 ms
333,2091.550000000001 ms
333,2099.1500000000005 ms
333,2114.55 ms
333,2115.8 ms
333,2127.05 ms
333,2130.05 ms
333,2145.250000000001 ms
333,2147.55 ms
333,2151.8 ms
333,2155.4000000000005 ms
333,2180.6500000000005 ms
333,2185.250000000001 ms
333,2193.8500000000004 ms
333,2201.2000000000007 ms
333,2224.6499999999996 ms
333,2243.3500000000004 ms
333,2265.6000000000004 ms
333,2284.1499999999996 ms
333,2285.3 ms
333,2310.8500000000004 ms
333,2311.4500000000007 ms
333,2312.3999999999996 ms
333,2355.3 ms
333,2372.5 ms
333,2377.95 ms
333,2409.95 ms
333,2428.55 ms
333,2430.55 ms
333,2445.999999999999 ms
333,2446.249999999999 ms
333,2479.95 ms
333,2497.95 ms
333,2531.8999999999987 ms
333,2535.95 ms
333,2546.5499999999993 ms
333,2552.949999999999 ms
333,2568.0 ms
333,2570.699999999999 ms
333,2599.199999999999 ms
333,2599.75 ms
333,2603.7999999999993 ms
333,2671.7999999999993 ms
333,2693.2999999999993 ms
333,2700.25 ms
333,2713.0499999999993 ms
333,2713.25 ms
333,2742.5999999999995 ms
333,2776.1499999999996 ms
333,2776.7 ms
333,2779.95 ms
333,2795.7 ms
333,2800.3 ms
333,2833.249999999999 ms
333,2852.3499999999995 ms
333,2865.7999999999993 ms
333,2871.5499999999993 ms
333,2894.0499999999993 ms
333,2895.3499999999995 ms
333,2914.0999999999995 ms
333,2937.3499999999995 ms
333,2954.5999999999995 ms
333,2992.45 ms
333,3005.2999999999993 ms
333,3027.949999999999 ms
333,3031.8499999999995 ms
333,3033.95 ms
333,3052.45 ms
333,3057.5499999999993 ms
333,3062.6499999999996 ms
333,3067.1499999999996 ms
333,3103.0499999999993 ms
333,3143.949999999999 ms
333,3155.449999999999 ms
333,3159.449999999999 ms
333,3161.8499999999995 ms
333,3162.999999999999 ms
333,3204.499999999999 ms
333,3240.6499999999996 ms
333,3260.0499999999993 ms
333,3262.7999999999993 ms
333,3294.25 ms
333,3297.5999999999995 ms
333,3313.8999999999996 ms
333,3315.0999999999995 ms
333,3329.5999999999995 ms
333,3335.5999999999995 ms
333,3335.95 ms
333,3336.8999999999987 ms
333,3338.3499999999995 ms
333,3338.499999999999 ms
333,3338.749999999999 ms
333,3346.499999999999 ms
333,3349.3499999999995 ms
333,3363.1499999999987 ms
333,3375.0999999999995 ms
333,3400.749999999999 ms
333,3407.0999999999995 ms
333,3411.749999999999 ms
333,3414.0499999999993 ms
333,3424.949999999999 ms
333,3478.0999999999995 ms
333,3483.45 ms
333,3489.45 ms
333,3497.8499999999995 ms
333,3512.3999999999996 ms
333,3527.25 ms
333,3536.6499999999996 ms
333,3539.25 ms
333,3550.5499999999993 ms
333,3556.0 ms
333,3560.1499999999996 ms
333,3567.7 ms
333,3569.0999999999995 ms
333,3578.4000000000005 ms
333,3579.25 ms
333,3582.05 ms
333,3586.25 ms
333,3597.3500000000004 ms
333,3608.7999999999993 ms
333,3613.3500000000004 ms
333,3628.45 ms
333,3634.45 ms
333,3659.1499999999996 ms
333,3692.25 ms
333,3733.8499999999995 ms
333,3734.6499999999996 ms
333,3735.3499999999995 ms
333,3735.45 ms
333,3736.749999999999 ms
333,3751.5999999999995 ms
333,3751.7999999999993 ms
333,3763.999999999999 ms
333,3770.8999999999987 ms
333,3800.7 ms
333,3806.8499999999995 ms
333,3814.45 ms
333,3818.2 ms
333,3821.8499999999995 ms
333,3828.6499999999996 ms
333,3842.2 ms
333,3843.5999999999995 ms
333,3856.95 ms
333,3888.2 ms
333,3918.55 ms
333,3926.249999999999 ms
333,3940.749999999999 ms
333,3953.2 ms
333,3972.5999999999995 ms
333,3981.8999999999996 ms
333,3983.25 ms
334,0.8500000000000001 ms
334,49.1 ms
334,59.74999999999999 ms
334,62.54999999999999 ms
334,80.1 ms
334,117.25 ms
334,124.0 ms
334,124.5 ms
334,126.1 ms
334,158.79999999999998 ms
334,165.49999999999997 ms
334,169.19999999999996 ms
334,185.04999999999998 ms
334,202.99999999999997 ms
334,219.15 ms
334,220.45000000000002 ms
334,220.54999999999998 ms
334,224.95000000000002 ms
334,233.6 ms
334,234.25000000000003 ms
334,235.80000000000004 ms
334,248.9 ms
334,258.4 ms
334,263.1 ms
334,266.4999999999999 ms
334,270.15 ms
334,289.9999999999999 ms
334,295.79999999999995 ms
334,335.5999999999999 ms
334,340.0999999999999 ms
334,365.8499999999999 ms
334,367.75 ms
334,368.5 ms
334,395.5 ms
334,402.69999999999993 ms
334,413.5999999999999 ms
334,417.44999999999993 ms
334,418.5999999999999 ms
334,419.79999999999995 ms
334,429.89999999999986 ms
334,448.5 ms
334,454.14999999999986 ms
334,454.5999999999999 ms
334,463.7499999999999 ms
334,474.2499999999999 ms
334,480.04999999999984 ms
334,499.65 ms
334,501.44999999999993 ms
334,504.3499999999999 ms
334,513.9499999999999 ms
334,555.6999999999999 ms
334,557.9499999999999 ms
334,561.15 ms
334,569.2999999999998 ms
334,586.15 ms
334,600.9 ms
334,609.7500000000001 ms
334,610.0500000000001 ms
334,636.0499999999998 ms
334,676.8000000000001 ms
334,691.6999999999999 ms
334,714.4499999999999 ms
334,729.5500000000001 ms
334,752.9 ms
334,756.1 ms
334,765.2499999999999 ms
334,769.1999999999999 ms
334,774.9999999999999 ms
334,785.65 ms
334,806.0499999999998 ms
334,830.0500000000001 ms
334,872.4499999999999 ms
334,876.2499999999999 ms
334,908.4499999999999 ms
334,951.9999999999999 ms
334,961.2499999999999 ms
334,975.9499999999999 ms
334,985.65 ms
334,986.5499999999998 ms
334,994.65 ms
334,997.2500000000001 ms
334,1011.0500000000001 ms
334,1013.0000000000001 ms
334,1013.7499999999999 ms
334,1041.15 ms
334,1055.3000000000002 ms
334,1061.0500000000002 ms
334,1068.9 ms
334,1076.4500000000003 ms
334,1082.15 ms
334,1083.85 ms
334,1090.3000000000002 ms
334,1112.4 ms
334,1112.5 ms
334,1137.5 ms
334,1149.35 ms
334,1149.5499999999997 ms
334,1150.35 ms
334,1152.1 ms
334,1169.7999999999997 ms
334,1180.0499999999997 ms
334,1183.25 ms
334,1211.85 ms
334,1215.75 ms
334,1235.1999999999998 ms
334,1242.5500000000002 ms
334,1258.6 ms
334,1264.9 ms
334,1325.6999999999998 ms
334,1330.1 ms
334,1345.6 ms
334,1357.4499999999998 ms
334,1370.6999999999998 ms
334,1374.6 ms
334,1394.35 ms
334,1396.5 ms
334,1400.3000000000002 ms
334,1400.8999999999996 ms
334,1401.1 ms
334,1401.65 ms
334,1403.6999999999998 ms
334,1429.0499999999997 ms
334,1472.5499999999997 ms
334,1474.2499999999995 ms
334,1479.4499999999998 ms
334,1482.1499999999996 ms
334,1487.3999999999996 ms
334,1487.6499999999996 ms
334,1505.5 ms
334,1513.4499999999998 ms
334,1514.5499999999997 ms
334,1523.35 ms
334,1540.5499999999997 ms
334,1557.85 ms
334,1588.2499999999995 ms
334,1588.9999999999995 ms
334,1596.1 ms
334,1616.1 ms
334,1651.1499999999996 ms
334,1656.1999999999998 ms
334,1658.0499999999993 ms
334,1658.6499999999996 ms
334,1672.0999999999995 ms
334,1680.7999999999993 ms
334,1683.2999999999993 ms
334,1709.8499999999995 ms
334,1714.0499999999993 ms
334,1714.7499999999995 ms
334,1729.1999999999994 ms
334,1729.4499999999994 ms
334,1743.7499999999995 ms
334,1750.8999999999996 ms
334,1778.1999999999998 ms
334,1778.7999999999993 ms
334,1786.4499999999998 ms
334,1798.4499999999998 ms
334,1801.8999999999996 ms
334,1815.9499999999998 ms
334,1846.6499999999996 ms
334,1846.7999999999997 ms
334,1854.6499999999996 ms
334,1856.9999999999995 ms
334,1859.4499999999994 ms
334,1868.1 ms
334,1870.6499999999996 ms
334,1881.2999999999997 ms
334,1892.5499999999997 ms
334,1906.85 ms
334,1927.6499999999996 ms
334,1941.7499999999995 ms
334,1986.4999999999995 ms
334,1999.6999999999994 ms
334,2008.85 ms
334,2024.6999999999994 ms
334,2025.9999999999995 ms
334,2035.2999999999997 ms
334,2035.8999999999992 ms
334,2036.7999999999997 ms
334,2044.5499999999997 ms
334,2045.3999999999992 ms
334,2068.5499999999997 ms
334,2070.85 ms
334,2078.6999999999994 ms
334,2113.85 ms
334,2143.4 ms
334,2147.35 ms
334,2151.6999999999994 ms
334,2154.4499999999994 ms
334,2176.35 ms
334,2176.7999999999997 ms
334,2188.2499999999995 ms
334,2193.5499999999997 ms
334,2197.049999999999 ms
334,2201.0499999999997 ms
334,2204.799999999999 ms
334,2224.2999999999997 ms
334,2257.1 ms
334,2261.65 ms
334,2274.2000000000003 ms
334,2284.9 ms
334,2293.7000000000003 ms
334,2336.6 ms
334,2341.2999999999997 ms
334,2386.4500000000003 ms
334,2418.5499999999997 ms
334,2452.5499999999997 ms
334,2460.85 ms
334,2481.15 ms
334,2488.85 ms
334,2491.9 ms
334,2503.85 ms
334,2511.85 ms
334,2532.7999999999997 ms
334,2550.35 ms
334,2554.15 ms
334,2586.4500000000003 ms
334,2621.5499999999997 ms
334,2647.2000000000003 ms
334,2650.7999999999997 ms
334,2661.4500000000003 ms
334,2672.0000000000005 ms
334,2687.650000000001 ms
334,2712.3000000000006 ms
334,2714.3000000000006 ms
334,2735.850000000001 ms
334,2737.5500000000006 ms
334,2741.450000000001 ms
334,2747.4500000000003 ms
334,2753.200000000001 ms
334,2756.2500000000014 ms
334,2765.650000000001 ms
334,2770.950000000001 ms
334,2787.950000000001 ms
334,2814.5500000000006 ms
334,2818.950000000001 ms
334,2827.450000000001 ms
334,2832.200000000001 ms
334,2833.5500000000006 ms
334,2836.2500000000005 ms
334,2842.150000000001 ms
334,2853.400000000001 ms
334,2864.5500000000015 ms
334,2878.650000000001 ms
334,2883.650000000001 ms
334,2891.200000000001 ms
334,2933.650000000001 ms
334,2945.650000000001 ms
334,2949.450000000001 ms
334,2953.5000000000014 ms
334,2959.200000000001 ms
334,2964.6000000000017 ms
334,2974.5500000000015 ms
334,3017.3000000000006 ms
334,3030.5000000000005 ms
334,3050.400000000001 ms
334,3114.350000000001 ms
334,3115.3000000000006 ms
334,3130.3000000000006 ms
334,3130.65 ms
334,3132.4500000000003 ms
334,3148.9 ms
334,3171.0500000000006 ms
334,3180.65 ms
334,3181.2000000000003 ms
334,3182.0000000000005 ms
334,3195.400000000001 ms
334,3208.350000000001 ms
334,3223.5500000000006 ms
334,3238.8000000000006 ms
334,3263.4 ms
334,3268.35 ms
334,3274.4500000000003 ms
334,3277.9 ms
334,3294.5500000000006 ms
334,3298.65 ms
334,3299.65 ms
334,3315.3000000000006 ms
334,3318.2500000000005 ms
334,3329.8000000000006 ms
334,3334.5499999999997 ms
334,3339.2499999999995 ms
334,3352.5499999999997 ms
334,3361.7000000000003 ms
334,3391.850000000001 ms
334,3408.7000000000003 ms
334,3429.7999999999997 ms
334,3433.5500000000006 ms
334,3467.0000000000005 ms
334,3467.9999999999995 ms
334,3485.5499999999997 ms
334,3489.9500000000003 ms
334,3509.0499999999997 ms
334,3509.6 ms
334,3512.2500000000005 ms
334,3516.1 ms
334,3532.5000000000005 ms
334,3545.150000000001 ms
334,3575.700000000001 ms
334,3577.100000000001 ms
334,3582.850000000001 ms
334,3584.4500000000003 ms
334,3585.65 ms
334,3595.650000000001 ms
334,3622.65 ms
334,3677.6 ms
334,3678.350000000001 ms
334,3680.1 ms
334,3698.15 ms
334,3698.35 ms
334,3728.100000000001 ms
334,3743.0500000000006 ms
334,3751.4 ms
334,3752.35 ms
334,3755.0000000000005 ms
334,3765.4999999999995 ms
334,3793.0499999999997 ms
334,3812.7499999999995 ms
334,3853.7999999999997 ms
334,3857.8000000000006 ms
334,3865.7999999999997 ms
334,3868.0500000000006 ms
334,3947.100000000001 ms
334,3960.2500000000005 ms
334,3962.8000000000006 ms
334,3968.2500000000005 ms
334,3978.0000000000005 ms
334,3978.650000000001 ms
335,3.8000000000000003 ms
335,8.25 ms
335,26.25 ms
335,34.9 ms
335,40.949999999999996 ms
335,81.35000000000002 ms
335,101.0 ms
335,103.10000000000002 ms
335,103.5 ms
335,123.70000000000002 ms
335,124.20000000000002 ms
335,152.79999999999998 ms
335,177.55000000000004 ms
335,189.00000000000003 ms
335,190.30000000000004 ms
335,192.65 ms
335,220.99999999999997 ms
335,221.6 ms
335,233.65 ms
335,236.80000000000004 ms
335,252.54999999999998 ms
335,270.95000000000005 ms
335,271.70000000000005 ms
335,277.70000000000005 ms
335,287.54999999999995 ms
335,334.5 ms
335,367.0 ms
335,383.70000000000005 ms
335,385.65 ms
335,395.94999999999993 ms
335,397.44999999999993 ms
335,402.6 ms
335,418.79999999999995 ms
335,428.9 ms
335,432.15 ms
335,439.69999999999993 ms
335,446.94999999999993 ms
335,447.4 ms
335,453.65 ms
335,487.25 ms
335,492.15 ms
335,508.4 ms
335,516.7500000000001 ms
335,522.3000000000001 ms
335,539.4 ms
335,557.5499999999998 ms
335,565.0999999999998 ms
335,580.4999999999999 ms
335,590.2499999999999 ms
335,594.0499999999998 ms
335,607.0499999999998 ms
335,611.7999999999998 ms
335,617.15 ms
335,669.4999999999999 ms
335,672.6999999999999 ms
335,682.9499999999999 ms
335,687.3499999999998 ms
335,687.4499999999999 ms
335,695.15 ms
335,712.9499999999999 ms
335,736.9999999999999 ms
335,747.3999999999997 ms
335,758.15 ms
335,760.7499999999999 ms
335,763.9499999999999 ms
335,771.0999999999998 ms
335,772.2499999999999 ms
335,781.8999999999997 ms
335,791.65 ms
335,802.1 ms
335,803.3000000000001 ms
335,828.85 ms
335,837.1999999999999 ms
335,868.5999999999998 ms
335,876.1999999999999 ms
335,894.9 ms
335,917.0499999999998 ms
335,921.15 ms
335,927.7500000000001 ms
335,944.5500000000001 ms
335,956.2500000000001 ms
335,983.9999999999999 ms
335,998.15 ms
335,1005.5000000000001 ms
335,1011.8000000000001 ms
335,1028.3999999999996 ms
335,1036.6999999999998 ms
335,1058.35 ms
335,1058.6 ms
335,1079.5 ms
335,1083.5 ms
335,1084.0500000000002 ms
335,1089.1999999999998 ms
335,1089.3500000000004 ms
335,1105.8500000000004 ms
335,1108.1999999999998 ms
335,1121.8500000000004 ms
335,1142.9 ms
335,1152.35 ms
335,1164.6 ms
335,1184.15 ms
335,1189.0500000000002 ms
335,1206.9 ms
335,1242.0500000000002 ms
335,1263.0 ms
335,1277.5500000000002 ms
335,1279.0 ms
335,1293.2000000000003 ms
335,1297.8000000000002 ms
335,1322.7000000000003 ms
335,1323.7500000000005 ms
335,1330.35 ms
335,1381.9500000000003 ms
335,1385.5499999999997 ms
335,1400.25 ms
335,1408.9499999999998 ms
335,1440.65 ms
335,1450.3000000000002 ms
335,1480.75 ms
335,1487.6000000000004 ms
335,1499.8000000000002 ms
335,1510.0500000000002 ms
335,1529.3500000000004 ms
335,1530.3500000000004 ms
335,1532.5500000000002 ms
335,1543.9 ms
335,1550.65 ms
335,1585.15 ms
335,1641.1 ms
335,1652.0000000000005 ms
335,1676.2500000000005 ms
335,1679.7500000000005 ms
335,1683.3000000000002 ms
335,1687.3000000000002 ms
335,1698.4500000000003 ms
335,1701.4 ms
335,1739.9500000000003 ms
335,1745.9500000000003 ms
335,1749.2000000000003 ms
335,1751.7000000000003 ms
335,1757.0500000000002 ms
335,1761.7000000000003 ms
335,1767.7000000000003 ms
335,1773.15 ms
335,1792.5000000000005 ms
335,1837.9500000000003 ms
335,1869.2000000000003 ms
335,1872.9500000000003 ms
335,1943.8000000000002 ms
335,1948.2000000000003 ms
335,1951.7000000000003 ms
335,1980.8500000000004 ms
335,2005.0000000000005 ms
335,2008.5000000000005 ms
335,2017.7000000000003 ms
335,2019.3500000000008 ms
335,2048.8000000000006 ms
335,2089.350000000001 ms
335,2108.600000000001 ms
335,2114.850000000001 ms
335,2158.4500000000003 ms
335,2162.3000000000006 ms
335,2188.100000000001 ms
335,2189.5500000000006 ms
335,2203.9 ms
335,2233.900000000001 ms
335,2249.350000000001 ms
335,2261.2000000000003 ms
335,2268.7000000000003 ms
335,2281.0000000000005 ms
335,2283.7000000000003 ms
335,2323.9500000000003 ms
335,2335.100000000001 ms
335,2352.400000000001 ms
335,2383.3000000000006 ms
335,2388.850000000001 ms
335,2396.4500000000003 ms
335,2403.850000000001 ms
335,2418.400000000001 ms
335,2451.5000000000005 ms
335,2465.9500000000003 ms
335,2473.5500000000006 ms
335,2474.3000000000006 ms
335,2474.5000000000005 ms
335,2474.7000000000003 ms
335,2491.100000000001 ms
335,2492.400000000001 ms
335,2536.700000000001 ms
335,2560.100000000001 ms
335,2564.400000000001 ms
335,2577.350000000001 ms
335,2596.0000000000014 ms
335,2596.950000000001 ms
335,2617.8000000000006 ms
335,2641.700000000001 ms
335,2644.9500000000003 ms
335,2651.0000000000005 ms
335,2652.2000000000003 ms
335,2652.700000000001 ms
335,2658.5000000000014 ms
335,2676.8000000000015 ms
335,2688.0500000000006 ms
335,2689.2500000000005 ms
335,2726.400000000001 ms
335,2742.3000000000015 ms
335,2759.3000000000006 ms
335,2762.100000000001 ms
335,2786.2500000000014 ms
335,2786.450000000001 ms
335,2797.6000000000017 ms
335,2812.5500000000015 ms
335,2814.2500000000014 ms
335,2815.700000000001 ms
335,2828.9500000000003 ms
335,2833.5500000000006 ms
335,2860.600000000001 ms
335,2870.600000000001 ms
335,2879.0000000000014 ms
335,2883.450000000001 ms
335,2891.9500000000003 ms
335,2945.850000000001 ms
335,2946.400000000001 ms
335,2968.0000000000005 ms
335,2985.150000000001 ms
335,2993.900000000001 ms
335,3017.7500000000005 ms
335,3036.5000000000014 ms
335,3057.700000000001 ms
335,3058.0500000000006 ms
335,3059.850000000001 ms
335,3083.150000000001 ms
335,3106.900000000001 ms
335,3148.950000000001 ms
335,3155.2500000000014 ms
335,3173.0000000000014 ms
335,3175.850000000001 ms
335,3188.0500000000006 ms
335,3227.150000000001 ms
335,3243.7500000000005 ms
335,3256.850000000001 ms
335,3260.900000000001 ms
335,3263.5500000000015 ms
335,3296.8000000000006 ms
335,3308.7500000000005 ms
335,3314.150000000001 ms
335,3350.700000000001 ms
335,3365.700000000001 ms
335,3377.700000000001 ms
335,3400.7500000000014 ms
335,3407.3000000000015 ms
335,3409.2500000000014 ms
335,3416.150000000002 ms
335,3442.3000000000015 ms
335,3464.900000000001 ms
335,3491.2500000000014 ms
335,3524.100000000001 ms
335,3524.6000000000017 ms
335,3541.850000000001 ms
335,3556.5000000000014 ms
335,3569.600000000001 ms
335,3587.8500000000017 ms
335,3588.5000000000014 ms
335,3590.900000000002 ms
335,3599.5500000000015 ms
335,3610.7500000000014 ms
335,3613.900000000002 ms
335,3635.150000000001 ms
335,3642.8000000000015 ms
335,3655.5000000000014 ms
335,3732.3000000000015 ms
335,3735.150000000001 ms
335,3736.0000000000014 ms
335,3737.8000000000015 ms
335,3755.5000000000014 ms
335,3791.150000000002 ms
335,3806.0000000000014 ms
335,3809.700000000001 ms
335,3826.8500000000017 ms
335,3850.5500000000015 ms
335,3855.2500000000014 ms
335,3862.600000000001 ms
335,3866.5500000000006 ms
335,3868.5000000000005 ms
335,3872.7500000000005 ms
335,3907.0000000000005 ms
335,3908.400000000001 ms
335,3924.9 ms
335,3928.0500000000006 ms
335,3935.5000000000005 ms
335,3942.4500000000003 ms
335,3967.2000000000003 ms
335,3979.2500000000005 ms
335,3979.900000000001 ms
335,3994.850000000001 ms
335,3999.400000000001 ms
336,39.95 ms
336,42.5 ms
336,48.55 ms
336,69.15 ms
336,69.80000000000001 ms
336,95.9 ms
336,103.30000000000001 ms
336,107.35000000000002 ms
336,109.0 ms
336,112.60000000000002 ms
336,123.80000000000001 ms
336,132.95 ms
336,154.35000000000002 ms
336,156.3 ms
336,160.05 ms
336,164.55 ms
336,165.8 ms
336,166.15000000000003 ms
336,167.45 ms
336,168.85000000000002 ms
336,212.60000000000002 ms
336,234.0 ms
336,239.55000000000007 ms
336,261.15000000000003 ms
336,272.34999999999997 ms
336,272.45 ms
336,303.09999999999997 ms
336,318.40000000000003 ms
336,330.25000000000006 ms
336,333.50000000000006 ms
336,334.8000000000001 ms
336,360.65000000000015 ms
336,362.00000000000017 ms
336,434.7000000000001 ms
336,476.5500000000001 ms
336,479.50000000000006 ms
336,502.4500000000001 ms
336,532.6500000000001 ms
336,546.3500000000001 ms
336,574.1500000000001 ms
336,591.6000000000001 ms
336,608.7500000000002 ms
336,642.9000000000001 ms
336,645.5500000000002 ms
336,650.2 ms
336,674.3500000000001 ms
336,676.8999999999999 ms
336,686.8999999999999 ms
336,696.8999999999999 ms
336,721.6000000000001 ms
336,757.05 ms
336,760.45 ms
336,761.3500000000001 ms
336,772.3999999999999 ms
336,793.7 ms
336,795.8 ms
336,805.95 ms
336,823.55 ms
336,826.0999999999999 ms
336,826.75 ms
336,827.6999999999998 ms
336,833.1999999999998 ms
336,838.6999999999998 ms
336,845.3499999999999 ms
336,845.4499999999998 ms
336,864.0 ms
336,866.6499999999999 ms
336,884.4499999999998 ms
336,895.9999999999998 ms
336,899.0999999999997 ms
336,902.1999999999998 ms
336,907.3999999999999 ms
336,932.05 ms
336,937.1999999999998 ms
336,941.0499999999997 ms
336,959.25 ms
336,959.75 ms
336,991.0999999999999 ms
336,1033.1999999999998 ms
336,1040.2999999999997 ms
336,1041.5499999999997 ms
336,1047.3999999999996 ms
336,1065.0999999999995 ms
336,1071.9499999999998 ms
336,1080.2499999999995 ms
336,1089.2999999999997 ms
336,1089.3999999999992 ms
336,1094.9999999999995 ms
336,1100.2499999999995 ms
336,1117.2999999999993 ms
336,1139.8499999999995 ms
336,1140.0499999999993 ms
336,1145.1999999999994 ms
336,1147.2499999999995 ms
336,1149.3999999999992 ms
336,1172.1499999999992 ms
336,1183.0999999999995 ms
336,1183.9499999999994 ms
336,1211.6499999999992 ms
336,1240.0999999999995 ms
336,1252.3999999999996 ms
336,1265.8999999999996 ms
336,1280.8499999999995 ms
336,1295.4499999999994 ms
336,1315.7999999999993 ms
336,1326.249999999999 ms
336,1340.8999999999996 ms
336,1379.249999999999 ms
336,1391.749999999999 ms
336,1391.9499999999994 ms
336,1392.7999999999993 ms
336,1397.1499999999992 ms
336,1424.4499999999994 ms
336,1438.6499999999992 ms
336,1445.749999999999 ms
336,1457.449999999999 ms
336,1467.3499999999995 ms
336,1468.8499999999995 ms
336,1480.3999999999992 ms
336,1508.7999999999993 ms
336,1528.3499999999995 ms
336,1535.949999999999 ms
336,1541.949999999999 ms
336,1549.5999999999995 ms
336,1560.999999999999 ms
336,1601.3499999999995 ms
336,1621.699999999999 ms
336,1631.5999999999995 ms
336,1648.7999999999993 ms
336,1655.7999999999993 ms
336,1691.3499999999995 ms
336,1695.749999999999 ms
336,1726.1499999999996 ms
336,1727.9499999999994 ms
336,1732.1499999999992 ms
336,1762.8499999999995 ms
336,1769.3499999999995 ms
336,1838.6999999999994 ms
336,1866.8499999999995 ms
336,1874.1999999999994 ms
336,1893.1499999999992 ms
336,1896.5499999999997 ms
336,1898.8499999999995 ms
336,1904.5999999999995 ms
336,1924.9499999999994 ms
336,1930.7499999999995 ms
336,1943.4499999999994 ms
336,1952.7499999999995 ms
336,1967.8999999999992 ms
336,1971.1999999999994 ms
336,1983.7999999999993 ms
336,2017.1999999999994 ms
336,2052.5499999999993 ms
336,2108.5499999999993 ms
336,2117.8499999999995 ms
336,2123.2 ms
336,2127.0499999999993 ms
336,2145.199999999999 ms
336,2163.8499999999995 ms
336,2168.0999999999995 ms
336,2170.2999999999993 ms
336,2186.0999999999995 ms
336,2202.7999999999993 ms
336,2207.199999999999 ms
336,2214.7999999999993 ms
336,2227.199999999999 ms
336,2228.3999999999996 ms
336,2237.5999999999985 ms
336,2248.8499999999985 ms
336,2252.5999999999985 ms
336,2254.699999999999 ms
336,2258.199999999999 ms
336,2258.5999999999985 ms
336,2265.749999999999 ms
336,2289.699999999999 ms
336,2291.8999999999987 ms
336,2292.8499999999985 ms
336,2315.949999999999 ms
336,2316.149999999998 ms
336,2322.7999999999984 ms
336,2327.1499999999987 ms
336,2332.1499999999987 ms
336,2353.3499999999976 ms
336,2381.6499999999987 ms
336,2392.199999999998 ms
336,2400.3499999999985 ms
336,2404.949999999999 ms
336,2418.2999999999984 ms
336,2466.499999999998 ms
336,2479.149999999998 ms
336,2479.749999999998 ms
336,2504.5999999999985 ms
336,2522.749999999998 ms
336,2583.899999999998 ms
336,2585.149999999998 ms
336,2608.649999999998 ms
336,2611.949999999999 ms
336,2624.249999999998 ms
336,2631.0499999999993 ms
336,2633.199999999999 ms
336,2635.2999999999993 ms
336,2638.5999999999985 ms
336,2639.749999999999 ms
336,2662.699999999999 ms
336,2673.3499999999985 ms
336,2680.5499999999993 ms
336,2680.8999999999987 ms
336,2689.5499999999984 ms
336,2692.8499999999995 ms
336,2712.0499999999984 ms
336,2747.0999999999995 ms
336,2765.949999999999 ms
336,2774.3999999999987 ms
336,2796.699999999999 ms
336,2804.749999999999 ms
336,2834.6499999999987 ms
336,2838.0999999999995 ms
336,2847.8499999999995 ms
336,2848.449999999999 ms
336,2852.0499999999993 ms
336,2855.5999999999985 ms
336,2856.949999999999 ms
336,2857.199999999999 ms
336,2858.6499999999987 ms
336,2861.0999999999985 ms
336,2879.0499999999984 ms
336,2905.0999999999985 ms
336,2945.949999999999 ms
336,2966.399999999998 ms
336,2968.0499999999984 ms
336,2986.0999999999985 ms
336,2989.749999999998 ms
336,2996.6499999999987 ms
336,2997.749999999999 ms
336,3007.7999999999984 ms
336,3011.949999999999 ms
336,3012.8499999999985 ms
336,3063.949999999999 ms
336,3075.249999999999 ms
336,3086.449999999999 ms
336,3100.999999999999 ms
336,3104.3499999999995 ms
336,3105.8499999999995 ms
336,3107.699999999999 ms
336,3109.199999999999 ms
336,3110.3999999999987 ms
336,3112.2999999999984 ms
336,3147.1499999999987 ms
336,3180.249999999999 ms
336,3181.699999999998 ms
336,3181.7999999999984 ms
336,3188.449999999998 ms
336,3190.5499999999984 ms
336,3194.199999999998 ms
336,3203.749999999999 ms
336,3229.199999999998 ms
336,3242.6499999999987 ms
336,3248.8999999999987 ms
336,3260.3999999999987 ms
336,3266.7999999999984 ms
336,3298.6499999999987 ms
336,3305.8999999999987 ms
336,3316.999999999998 ms
336,3320.5999999999985 ms
336,3356.249999999998 ms
336,3364.7999999999984 ms
336,3380.2999999999984 ms
336,3388.499999999998 ms
336,3402.199999999998 ms
336,3421.0999999999976 ms
336,3428.2999999999984 ms
336,3436.3499999999976 ms
336,3449.499999999998 ms
336,3457.749999999998 ms
336,3468.149999999998 ms
336,3471.0999999999985 ms
336,3481.499999999998 ms
336,3487.249999999998 ms
336,3501.2999999999984 ms
336,3526.1499999999987 ms
336,3527.0999999999976 ms
336,3529.0499999999984 ms
336,3531.2999999999984 ms
336,3549.0999999999976 ms
336,3568.0999999999976 ms
336,3572.6499999999987 ms
336,3609.5499999999984 ms
336,3610.7999999999984 ms
336,3618.199999999998 ms
336,3624.3499999999985 ms
336,3626.1499999999987 ms
336,3632.6499999999987 ms
336,3675.5999999999985 ms
336,3676.7999999999984 ms
336,3696.449999999998 ms
336,3729.199999999998 ms
336,3745.449999999998 ms
336,3767.3999999999987 ms
336,3786.449999999998 ms
336,3800.2999999999984 ms
336,3813.3499999999985 ms
336,3833.0999999999985 ms
336,3857.949999999999 ms
336,3871.0999999999985 ms
336,3877.8499999999985 ms
336,3883.5999999999985 ms
336,3890.2999999999984 ms
336,3914.3999999999987 ms
336,3947.199999999998 ms
336,3954.199999999998 ms
336,3956.0999999999985 ms
336,3968.999999999998 ms
336,3975.0499999999993 ms
336,3983.3999999999987 ms
336,3987.6499999999987 ms
337,19.8 ms
337,24.900000000000002 ms
337,31.500000000000004 ms
337,49.75 ms
337,67.4 ms
337,70.0 ms
337,93.55000000000001 ms
337,98.05000000000001 ms
337,101.6 ms
337,105.44999999999999 ms
337,148.0 ms
337,168.85000000000002 ms
337,180.95 ms
337,215.55 ms
337,220.59999999999997 ms
337,223.2 ms
337,231.75 ms
337,256.75 ms
337,269.6 ms
337,275.80000000000007 ms
337,277.35 ms
337,327.9 ms
337,333.0000000000001 ms
337,355.15 ms
337,370.20000000000005 ms
337,403.1500000000001 ms
337,407.54999999999995 ms
337,433.5 ms
337,439.1 ms
337,452.70000000000005 ms
337,454.05000000000007 ms
337,464.5000000000001 ms
337,466.9 ms
337,469.7500000000001 ms
337,487.70000000000005 ms
337,498.9000000000001 ms
337,508.1 ms
337,509.85 ms
337,524.0500000000001 ms
337,532.5000000000001 ms
337,548.2000000000002 ms
337,560.2000000000002 ms
337,561.4000000000002 ms
337,565.2000000000002 ms
337,572.2000000000002 ms
337,588.6 ms
337,590.5000000000001 ms
337,602.4500000000002 ms
337,618.0500000000003 ms
337,624.1500000000002 ms
337,637.1000000000003 ms
337,643.4500000000004 ms
337,700.3500000000003 ms
337,716.0500000000003 ms
337,751.8000000000003 ms
337,762.7000000000002 ms
337,764.1000000000003 ms
337,773.0000000000001 ms
337,806.2500000000003 ms
337,834.3500000000003 ms
337,837.3000000000003 ms
337,847.2500000000003 ms
337,869.8500000000005 ms
337,877.0500000000005 ms
337,892.8000000000003 ms
337,900.4000000000004 ms
337,924.7000000000004 ms
337,955.0000000000003 ms
337,980.2000000000004 ms
337,982.6500000000004 ms
337,990.6500000000004 ms
337,1005.2500000000006 ms
337,1009.8000000000005 ms
337,1013.8000000000003 ms
337,1014.7500000000003 ms
337,1062.9500000000003 ms
337,1072.7500000000005 ms
337,1086.2500000000005 ms
337,1086.9500000000003 ms
337,1097.1000000000008 ms
337,1099.1000000000008 ms
337,1105.6000000000008 ms
337,1123.3500000000008 ms
337,1131.8500000000008 ms
337,1133.4000000000005 ms
337,1144.2000000000007 ms
337,1154.9500000000007 ms
337,1166.4000000000005 ms
337,1181.8000000000006 ms
337,1182.2000000000007 ms
337,1197.6000000000008 ms
337,1199.6000000000008 ms
337,1217.400000000001 ms
337,1219.400000000001 ms
337,1226.3000000000006 ms
337,1230.0500000000006 ms
337,1258.9500000000012 ms
337,1272.150000000001 ms
337,1291.150000000001 ms
337,1295.000000000001 ms
337,1328.400000000001 ms
337,1329.900000000001 ms
337,1341.800000000001 ms
337,1396.9500000000012 ms
337,1411.050000000001 ms
337,1440.550000000001 ms
337,1445.1000000000013 ms
337,1445.800000000001 ms
337,1476.1000000000013 ms
337,1499.6000000000013 ms
337,1509.650000000001 ms
337,1520.6000000000008 ms
337,1541.9500000000012 ms
337,1545.400000000001 ms
337,1550.400000000001 ms
337,1551.9500000000012 ms
337,1575.5500000000006 ms
337,1577.1000000000008 ms
337,1579.0500000000006 ms
337,1580.250000000001 ms
337,1587.6000000000008 ms
337,1590.900000000001 ms
337,1594.150000000001 ms
337,1604.0000000000005 ms
337,1605.2500000000005 ms
337,1629.5500000000006 ms
337,1640.0000000000005 ms
337,1660.6000000000008 ms
337,1678.9000000000005 ms
337,1680.7000000000007 ms
337,1688.0500000000002 ms
337,1688.2500000000005 ms
337,1689.5000000000005 ms
337,1691.4000000000005 ms
337,1719.4000000000005 ms
337,1722.4000000000005 ms
337,1732.8500000000004 ms
337,1753.1000000000004 ms
337,1771.4500000000007 ms
337,1782.5000000000005 ms
337,1787.1500000000005 ms
337,1788.7000000000007 ms
337,1801.9500000000007 ms
337,1802.8500000000004 ms
337,1825.3500000000004 ms
337,1829.5500000000006 ms
337,1836.9500000000007 ms
337,1843.250000000001 ms
337,1860.2000000000007 ms
337,1866.500000000001 ms
337,1880.9000000000005 ms
337,1901.300000000001 ms
337,1906.6000000000008 ms
337,1909.0500000000006 ms
337,1913.000000000001 ms
337,1925.500000000001 ms
337,1931.150000000001 ms
337,1941.050000000001 ms
337,1944.250000000001 ms
337,1950.6000000000013 ms
337,1987.000000000001 ms
337,1993.300000000001 ms
337,2026.9500000000012 ms
337,2042.800000000001 ms
337,2056.300000000001 ms
337,2057.050000000001 ms
337,2062.800000000001 ms
337,2090.4500000000007 ms
337,2090.550000000001 ms
337,2097.6000000000013 ms
337,2154.000000000001 ms
337,2187.050000000002 ms
337,2191.550000000002 ms
337,2231.4000000000015 ms
337,2243.8500000000013 ms
337,2253.9000000000015 ms
337,2262.9000000000015 ms
337,2263.6000000000013 ms
337,2322.800000000001 ms
337,2334.500000000001 ms
337,2335.6000000000013 ms
337,2376.3 ms
337,2404.55 ms
337,2418.500000000001 ms
337,2429.05 ms
337,2521.4000000000005 ms
337,2533.2000000000007 ms
337,2549.2000000000007 ms
337,2593.050000000001 ms
337,2593.8500000000004 ms
337,2596.4000000000015 ms
337,2603.000000000001 ms
337,2615.8500000000013 ms
337,2618.05 ms
337,2620.9000000000005 ms
337,2654.250000000001 ms
337,2667.7 ms
337,2668.000000000001 ms
337,2699.1500000000005 ms
337,2708.3 ms
337,2714.4500000000007 ms
337,2720.1500000000005 ms
337,2728.4000000000005 ms
337,2732.55 ms
337,2733.250000000001 ms
337,2740.6000000000004 ms
337,2793.9500000000007 ms
337,2797.4500000000007 ms
337,2805.3 ms
337,2808.25 ms
337,2820.3 ms
337,2822.05 ms
337,2844.05 ms
337,2854.75 ms
337,2874.95 ms
337,2875.5 ms
337,2891.8 ms
337,2895.25 ms
337,2915.3999999999996 ms
337,2925.9500000000007 ms
337,2955.6499999999996 ms
337,2969.1499999999996 ms
337,2995.6499999999996 ms
337,2999.8 ms
337,3002.1000000000004 ms
337,3005.2000000000007 ms
337,3009.1499999999996 ms
337,3017.5 ms
337,3048.7 ms
337,3066.25 ms
337,3072.2 ms
337,3082.75 ms
337,3087.5 ms
337,3088.5 ms
337,3095.8500000000004 ms
337,3097.1000000000004 ms
337,3099.75 ms
337,3128.55 ms
337,3132.1000000000004 ms
337,3134.3500000000004 ms
337,3134.8500000000004 ms
337,3138.5 ms
337,3141.550000000001 ms
337,3141.9500000000007 ms
337,3162.9000000000005 ms
337,3172.9500000000007 ms
337,3182.1500000000005 ms
337,3199.3 ms
337,3223.6000000000013 ms
337,3235.250000000001 ms
337,3238.6500000000005 ms
337,3239.3500000000013 ms
337,3247.1000000000013 ms
337,3253.1500000000005 ms
337,3258.3500000000013 ms
337,3271.8500000000013 ms
337,3303.750000000001 ms
337,3304.6000000000013 ms
337,3304.7000000000007 ms
337,3308.800000000001 ms
337,3323.3500000000004 ms
337,3339.4000000000015 ms
337,3341.4500000000007 ms
337,3344.300000000001 ms
337,3382.050000000001 ms
337,3403.500000000001 ms
337,3445.3500000000013 ms
337,3446.4500000000007 ms
337,3463.4000000000005 ms
337,3515.4000000000005 ms
337,3529.2000000000007 ms
337,3550.750000000001 ms
337,3560.2000000000007 ms
337,3563.2000000000007 ms
337,3563.6500000000005 ms
337,3586.1500000000005 ms
337,3594.4000000000005 ms
337,3599.4500000000007 ms
337,3648.3500000000004 ms
337,3651.250000000001 ms
337,3667.800000000001 ms
337,3689.8500000000013 ms
337,3690.6500000000015 ms
337,3702.300000000001 ms
337,3729.500000000002 ms
337,3760.7000000000007 ms
337,3770.2000000000007 ms
337,3778.800000000001 ms
337,3792.500000000001 ms
337,3795.1000000000013 ms
337,3814.3500000000013 ms
337,3816.4000000000005 ms
337,3836.500000000001 ms
337,3841.2000000000007 ms
337,3843.800000000001 ms
337,3887.550000000001 ms
337,3911.4000000000005 ms
337,3921.4500000000007 ms
337,3955.1000000000004 ms
337,3989.550000000001 ms
337,3989.800000000001 ms
338,8.8 ms
338,41.75 ms
338,60.75 ms
338,72.6 ms
338,111.1 ms
338,129.95 ms
338,154.09999999999997 ms
338,170.25 ms
338,173.25 ms
338,177.45 ms
338,178.75 ms
338,233.64999999999998 ms
338,240.64999999999998 ms
338,260.4 ms
338,261.5 ms
338,271.5 ms
338,290.65 ms
338,298.79999999999995 ms
338,301.69999999999993 ms
338,317.15 ms
338,361.8499999999999 ms
338,391.54999999999995 ms
338,398.8499999999999 ms
338,434.7499999999999 ms
338,436.79999999999984 ms
338,474.94999999999993 ms
338,483.14999999999986 ms
338,489.29999999999984 ms
338,519.3999999999999 ms
338,522.1999999999998 ms
338,535.6499999999999 ms
338,539.4499999999998 ms
338,562.5499999999997 ms
338,566.5 ms
338,570.3499999999999 ms
338,572.05 ms
338,576.75 ms
338,578.0999999999999 ms
338,589.6500000000001 ms
338,596.55 ms
338,597.8 ms
338,599.0 ms
338,606.1500000000001 ms
338,620.8 ms
338,650.25 ms
338,673.5 ms
338,683.25 ms
338,694.6500000000001 ms
338,701.6500000000001 ms
338,704.0 ms
338,716.3 ms
338,747.6499999999999 ms
338,752.8500000000001 ms
338,757.0 ms
338,765.5 ms
338,809.55 ms
338,819.5 ms
338,836.0 ms
338,842.7 ms
338,854.7 ms
338,854.95 ms
338,856.1500000000001 ms
338,873.8500000000001 ms
338,879.1000000000001 ms
338,899.6500000000001 ms
338,903.25 ms
338,907.75 ms
338,915.0 ms
338,921.75 ms
338,926.7000000000003 ms
338,956.6000000000001 ms
338,970.5000000000002 ms
338,972.1000000000001 ms
338,991.7500000000002 ms
338,998.3 ms
338,998.5000000000002 ms
338,1006.7 ms
338,1042.7500000000002 ms
338,1044.3 ms
338,1055.45 ms
338,1089.9000000000003 ms
338,1127.3500000000006 ms
338,1148.5000000000007 ms
338,1149.4500000000005 ms
338,1150.2500000000002 ms
338,1151.0500000000004 ms
338,1156.4000000000003 ms
338,1221.6500000000003 ms
338,1234.95 ms
338,1236.05 ms
338,1241.8000000000004 ms
338,1253.2500000000002 ms
338,1267.0000000000002 ms
338,1273.1000000000001 ms
338,1279.3500000000001 ms
338,1303.0500000000004 ms
338,1311.6000000000001 ms
338,1332.7 ms
338,1359.3 ms
338,1362.6499999999999 ms
338,1370.7499999999998 ms
338,1420.2 ms
338,1425.9499999999996 ms
338,1430.7499999999998 ms
338,1460.7 ms
338,1463.4499999999996 ms
338,1472.3499999999997 ms
338,1492.8 ms
338,1497.55 ms
338,1500.8 ms
338,1516.3 ms
338,1551.0999999999997 ms
338,1552.3500000000001 ms
338,1552.8999999999999 ms
338,1556.05 ms
338,1591.2500000000002 ms
338,1603.55 ms
338,1635.3499999999997 ms
338,1664.3500000000001 ms
338,1664.45 ms
338,1682.2499999999998 ms
338,1695.4999999999998 ms
338,1698.2499999999998 ms
338,1723.0999999999997 ms
338,1730.5999999999997 ms
338,1747.5999999999997 ms
338,1764.3 ms
338,1788.7999999999995 ms
338,1813.1999999999996 ms
338,1826.7 ms
338,1830.7499999999998 ms
338,1833.2499999999998 ms
338,1848.3999999999999 ms
338,1866.6499999999999 ms
338,1892.55 ms
338,1895.6499999999999 ms
338,1932.7499999999998 ms
338,1933.3999999999999 ms
338,1936.3500000000001 ms
338,1952.7500000000002 ms
338,1964.6500000000003 ms
338,1975.0000000000002 ms
338,1994.3500000000001 ms
338,1998.6499999999999 ms
338,2020.8999999999999 ms
338,2060.6000000000004 ms
338,2083.1499999999996 ms
338,2090.8 ms
338,2091.3 ms
338,2091.75 ms
338,2144.6000000000004 ms
338,2147.1000000000004 ms
338,2149.5499999999993 ms
338,2152.0499999999993 ms
338,2155.25 ms
338,2160.8999999999996 ms
338,2170.5999999999995 ms
338,2192.0499999999993 ms
338,2207.6499999999996 ms
338,2210.1499999999996 ms
338,2216.699999999999 ms
338,2228.6499999999996 ms
338,2234.449999999999 ms
338,2234.699999999999 ms
338,2273.7999999999993 ms
338,2298.249999999999 ms
338,2324.949999999999 ms
338,2326.199999999999 ms
338,2342.5999999999985 ms
338,2360.3999999999996 ms
338,2388.999999999999 ms
338,2436.8499999999995 ms
338,2467.5999999999995 ms
338,2471.699999999999 ms
338,2497.749999999999 ms
338,2500.1499999999987 ms
338,2504.0499999999993 ms
338,2513.0499999999993 ms
338,2546.5999999999995 ms
338,2559.95 ms
338,2577.1499999999987 ms
338,2611.2999999999993 ms
338,2659.0999999999995 ms
338,2659.45 ms
338,2672.999999999999 ms
338,2674.1499999999996 ms
338,2684.0499999999993 ms
338,2685.8500000000004 ms
338,2709.0 ms
338,2714.3999999999996 ms
338,2730.3500000000004 ms
338,2730.45 ms
338,2743.6499999999996 ms
338,2752.45 ms
338,2777.45 ms
338,2801.8 ms
338,2812.8 ms
338,2817.8 ms
338,2818.8 ms
338,2819.05 ms
338,2822.45 ms
338,2854.05 ms
338,2864.3 ms
338,2866.249999999999 ms
338,2880.3 ms
338,2884.1499999999996 ms
338,2884.3999999999996 ms
338,2889.6499999999996 ms
338,2891.95 ms
338,2912.6499999999996 ms
338,2923.5999999999995 ms
338,2930.8999999999996 ms
338,2940.1499999999996 ms
338,2956.0499999999993 ms
338,2967.5499999999993 ms
338,2980.6499999999996 ms
338,2988.7999999999993 ms
338,2999.2 ms
338,3003.5999999999995 ms
338,3008.55 ms
338,3029.749999999999 ms
338,3032.3499999999995 ms
338,3034.2 ms
338,3050.2999999999993 ms
338,3056.2999999999993 ms
338,3059.449999999999 ms
338,3066.699999999999 ms
338,3080.0499999999993 ms
338,3082.499999999999 ms
338,3098.6499999999987 ms
338,3112.8999999999987 ms
338,3115.7999999999993 ms
338,3116.3499999999995 ms
338,3128.5499999999993 ms
338,3134.0499999999993 ms
338,3139.499999999999 ms
338,3186.7999999999993 ms
338,3195.1499999999996 ms
338,3222.699999999999 ms
338,3227.699999999999 ms
338,3236.3999999999996 ms
338,3253.3999999999996 ms
338,3284.6499999999996 ms
338,3288.7999999999993 ms
338,3290.999999999999 ms
338,3296.2999999999993 ms
338,3298.6499999999996 ms
338,3299.749999999999 ms
338,3308.949999999999 ms
338,3320.749999999999 ms
338,3334.0999999999995 ms
338,3338.949999999999 ms
338,3339.2999999999993 ms
338,3345.8999999999987 ms
338,3355.749999999999 ms
338,3367.3999999999987 ms
338,3369.3999999999987 ms
338,3370.199999999999 ms
338,3373.249999999999 ms
338,3394.949999999999 ms
338,3426.449999999999 ms
338,3436.0999999999985 ms
338,3443.3499999999985 ms
338,3445.749999999999 ms
338,3480.5499999999993 ms
338,3497.1499999999996 ms
338,3515.6499999999996 ms
338,3525.199999999999 ms
338,3534.0999999999995 ms
338,3540.95 ms
338,3544.1499999999987 ms
338,3544.499999999999 ms
338,3552.199999999999 ms
338,3556.6499999999987 ms
338,3558.8999999999987 ms
338,3601.7999999999984 ms
338,3618.5999999999995 ms
338,3637.6499999999987 ms
338,3651.8499999999995 ms
338,3654.1499999999987 ms
338,3702.0499999999993 ms
338,3706.499999999999 ms
338,3711.3999999999987 ms
338,3726.45 ms
338,3736.5499999999993 ms
338,3745.199999999999 ms
338,3747.0499999999993 ms
338,3786.249999999999 ms
338,3802.6499999999987 ms
338,3809.5999999999995 ms
338,3834.449999999999 ms
338,3840.8499999999985 ms
338,3841.449999999999 ms
338,3849.499999999999 ms
338,3854.2999999999993 ms
338,3867.0999999999995 ms
338,3919.2999999999993 ms
338,3921.0999999999995 ms
338,3927.3999999999996 ms
338,3928.1499999999996 ms
338,3981.0999999999995 ms
338,3982.7999999999993 ms
339,1.75 ms
339,11.75 ms
339,16.25 ms
339,29.5 ms
339,32.1 ms
339,33.050000000000004 ms
339,37.35 ms
339,40.4 ms
339,47.04999999999999 ms
339,47.199999999999996 ms
339,73.25 ms
339,75.19999999999999 ms
339,93.15 ms
339,94.9 ms
339,98.85 ms
339,113.15 ms
339,114.95000000000002 ms
339,122.70000000000002 ms
339,129.1 ms
339,141.35 ms
339,152.1 ms
339,155.65 ms
339,158.6 ms
339,182.04999999999998 ms
339,183.15 ms
339,199.4 ms
339,212.05000000000004 ms
339,216.79999999999998 ms
339,253.1 ms
339,282.15 ms
339,296.45000000000005 ms
339,299.80000000000007 ms
339,310.20000000000005 ms
339,341.35 ms
339,353.1 ms
339,360.25 ms
339,378.4 ms
339,411.29999999999995 ms
339,418.8499999999999 ms
339,422.04999999999995 ms
339,427.54999999999995 ms
339,442.69999999999993 ms
339,443.15 ms
339,443.4999999999999 ms
339,452.9999999999999 ms
339,475.54999999999995 ms
339,488.04999999999995 ms
339,508.15 ms
339,550.7999999999998 ms
339,562.1999999999999 ms
339,590.8000000000001 ms
339,593.6999999999999 ms
339,609.4499999999999 ms
339,609.7499999999999 ms
339,616.1499999999997 ms
339,623.7999999999998 ms
339,625.9999999999999 ms
339,644.1999999999999 ms
339,645.1999999999999 ms
339,646.3000000000001 ms
339,650.7500000000001 ms
339,676.7000000000002 ms
339,679.35 ms
339,680.6 ms
339,693.35 ms
339,699.4999999999999 ms
339,706.0499999999998 ms
339,733.8000000000001 ms
339,769.35 ms
339,786.5999999999998 ms
339,789.1499999999997 ms
339,796.1999999999997 ms
339,798.5499999999998 ms
339,802.9 ms
339,841.3999999999997 ms
339,849.0499999999998 ms
339,864.9499999999997 ms
339,870.4999999999997 ms
339,871.9999999999999 ms
339,876.2999999999998 ms
339,895.5499999999996 ms
339,897.3999999999997 ms
339,897.7999999999996 ms
339,913.9999999999997 ms
339,920.3999999999997 ms
339,946.5499999999996 ms
339,972.6499999999997 ms
339,980.3499999999998 ms
339,992.3499999999998 ms
339,1027.9499999999998 ms
339,1031.75 ms
339,1044.6999999999998 ms
339,1051.85 ms
339,1058.9 ms
339,1060.7999999999997 ms
339,1068.5499999999997 ms
339,1099.75 ms
339,1122.5500000000002 ms
339,1124.0 ms
339,1146.3000000000002 ms
339,1157.8999999999996 ms
339,1187.85 ms
339,1190.25 ms
339,1210.4499999999998 ms
339,1225.4 ms
339,1251.1 ms
339,1263.9500000000003 ms
339,1283.7999999999997 ms
339,1327.9 ms
339,1345.4999999999995 ms
339,1354.4 ms
339,1365.2499999999995 ms
339,1369.0499999999997 ms
339,1375.1499999999996 ms
339,1382.3499999999995 ms
339,1383.7999999999997 ms
339,1387.4999999999995 ms
339,1390.4499999999998 ms
339,1395.5499999999997 ms
339,1403.85 ms
339,1417.2499999999995 ms
339,1423.6 ms
339,1430.4499999999994 ms
339,1439.7499999999995 ms
339,1453.0499999999997 ms
339,1484.5999999999995 ms
339,1493.9999999999995 ms
339,1538.5499999999997 ms
339,1544.7499999999995 ms
339,1547.6499999999996 ms
339,1549.6499999999996 ms
339,1561.0999999999995 ms
339,1583.8499999999995 ms
339,1584.8499999999995 ms
339,1597.8999999999996 ms
339,1620.2499999999995 ms
339,1626.5499999999997 ms
339,1627.1999999999994 ms
339,1640.6499999999996 ms
339,1669.4499999999998 ms
339,1687.4999999999995 ms
339,1696.6499999999996 ms
339,1708.2499999999995 ms
339,1718.0499999999997 ms
339,1743.2499999999995 ms
339,1759.5999999999995 ms
339,1761.1499999999996 ms
339,1767.9499999999994 ms
339,1810.0499999999993 ms
339,1820.1499999999992 ms
339,1822.8999999999992 ms
339,1855.0499999999993 ms
339,1866.2999999999993 ms
339,1925.8999999999992 ms
339,1939.249999999999 ms
339,1961.099999999999 ms
339,1964.199999999999 ms
339,1972.849999999999 ms
339,1999.3999999999992 ms
339,2000.349999999999 ms
339,2057.149999999999 ms
339,2061.2999999999997 ms
339,2067.899999999999 ms
339,2079.4499999999994 ms
339,2089.2499999999995 ms
339,2091.2499999999995 ms
339,2094.9999999999995 ms
339,2097.2999999999997 ms
339,2103.2999999999997 ms
339,2139.1 ms
339,2139.7999999999997 ms
339,2152.5499999999997 ms
339,2154.7499999999995 ms
339,2169.2999999999997 ms
339,2174.1 ms
339,2181.2999999999997 ms
339,2191.6 ms
339,2275.7999999999997 ms
339,2276.1 ms
339,2294.7999999999997 ms
339,2297.7999999999997 ms
339,2337.149999999999 ms
339,2375.2499999999995 ms
339,2410.2499999999995 ms
339,2417.2499999999995 ms
339,2420.7499999999995 ms
339,2423.4499999999994 ms
339,2447.4499999999994 ms
339,2451.7499999999995 ms
339,2454.349999999999 ms
339,2458.1999999999994 ms
339,2472.6999999999994 ms
339,2482.899999999999 ms
339,2493.2499999999986 ms
339,2542.6999999999985 ms
339,2544.549999999999 ms
339,2571.799999999999 ms
339,2574.599999999999 ms
339,2586.9999999999995 ms
339,2615.9999999999986 ms
339,2616.549999999999 ms
339,2619.4499999999994 ms
339,2636.9499999999994 ms
339,2641.1 ms
339,2658.5499999999997 ms
339,2692.399999999999 ms
339,2743.899999999999 ms
339,2760.9999999999986 ms
339,2777.7499999999995 ms
339,2782.2499999999986 ms
339,2789.049999999999 ms
339,2791.1999999999994 ms
339,2817.299999999999 ms
339,2824.2499999999986 ms
339,2855.299999999999 ms
339,2873.9499999999994 ms
339,2881.1999999999994 ms
339,2893.85 ms
339,2922.7499999999995 ms
339,2937.5499999999997 ms
339,2940.6 ms
339,2942.35 ms
339,2952.35 ms
339,2964.7500000000005 ms
339,2971.4 ms
339,2982.6 ms
339,2991.6999999999994 ms
339,3008.35 ms
339,3018.6 ms
339,3022.4 ms
339,3030.1 ms
339,3035.35 ms
339,3045.9 ms
339,3050.85 ms
339,3090.9499999999994 ms
339,3122.149999999999 ms
339,3130.2999999999997 ms
339,3132.2499999999995 ms
339,3135.4499999999994 ms
339,3137.6999999999994 ms
339,3146.1999999999994 ms
339,3149.1999999999994 ms
339,3169.549999999999 ms
339,3170.9499999999994 ms
339,3185.7499999999995 ms
339,3226.0499999999997 ms
339,3251.7999999999997 ms
339,3267.1 ms
339,3280.7999999999997 ms
339,3286.4500000000003 ms
339,3290.0000000000005 ms
339,3304.9999999999995 ms
339,3308.4 ms
339,3315.85 ms
339,3321.5000000000005 ms
339,3332.5500000000006 ms
339,3343.600000000001 ms
339,3362.4500000000003 ms
339,3398.7999999999997 ms
339,3405.4 ms
339,3426.0500000000006 ms
339,3453.9500000000003 ms
339,3455.850000000001 ms
339,3472.7500000000005 ms
339,3482.7500000000005 ms
339,3488.8000000000006 ms
339,3492.8000000000006 ms
339,3529.0500000000006 ms
339,3531.200000000001 ms
339,3535.100000000001 ms
339,3571.0500000000006 ms
339,3599.4 ms
339,3613.5000000000005 ms
339,3626.2000000000003 ms
339,3655.4500000000003 ms
339,3687.7500000000005 ms
339,3703.2500000000005 ms
339,3722.5000000000005 ms
339,3727.400000000001 ms
339,3730.3000000000006 ms
339,3752.2500000000005 ms
339,3776.5000000000005 ms
339,3791.400000000001 ms
339,3796.0000000000005 ms
339,3810.4500000000003 ms
339,3869.850000000001 ms
339,3879.400000000001 ms
339,3879.5500000000006 ms
339,3885.350000000001 ms
339,3898.0000000000014 ms
339,3898.650000000001 ms
339,3899.2500000000005 ms
339,3907.7500000000014 ms
339,3915.5000000000005 ms
339,3932.0000000000014 ms
339,3932.5500000000015 ms
339,3940.950000000001 ms
339,3942.0000000000014 ms
339,3950.5000000000014 ms
339,3958.0500000000015 ms
339,3960.3000000000015 ms
339,3967.3500000000017 ms
339,3971.7500000000023 ms
340,1.6500000000000001 ms
340,3.7 ms
340,4.900000000000001 ms
340,6.250000000000001 ms
340,20.55 ms
340,29.3 ms
340,35.60000000000001 ms
340,44.8 ms
340,76.30000000000001 ms
340,77.65 ms
340,81.80000000000001 ms
340,84.55000000000001 ms
340,91.85000000000002 ms
340,92.19999999999999 ms
340,102.0 ms
340,107.25 ms
340,118.05000000000001 ms
340,122.94999999999999 ms
340,149.2 ms
340,151.34999999999997 ms
340,156.25 ms
340,166.75 ms
340,175.14999999999998 ms
340,182.5 ms
340,220.39999999999998 ms
340,233.89999999999998 ms
340,290.4 ms
340,305.44999999999993 ms
340,312.9 ms
340,377.1 ms
340,388.29999999999995 ms
340,402.5 ms
340,402.69999999999993 ms
340,420.94999999999993 ms
340,432.19999999999993 ms
340,433.15 ms
340,442.4999999999999 ms
340,463.69999999999993 ms
340,465.94999999999993 ms
340,494.8499999999999 ms
340,499.44999999999993 ms
340,505.7499999999999 ms
340,512.55 ms
340,531.2 ms
340,538.6499999999999 ms
340,547.45 ms
340,550.7499999999998 ms
340,563.4999999999998 ms
340,566.0999999999999 ms
340,567.75 ms
340,575.0 ms
340,598.8999999999999 ms
340,599.55 ms
340,604.4999999999998 ms
340,604.8499999999999 ms
340,617.4499999999998 ms
340,635.5999999999999 ms
340,638.0999999999999 ms
340,643.9499999999998 ms
340,651.4000000000001 ms
340,653.9000000000001 ms
340,670.25 ms
340,672.25 ms
340,692.0 ms
340,700.6500000000001 ms
340,715.0 ms
340,716.6500000000001 ms
340,736.3499999999999 ms
340,745.8499999999999 ms
340,747.75 ms
340,754.95 ms
340,767.8 ms
340,802.1500000000001 ms
340,814.8500000000001 ms
340,815.2 ms
340,820.1500000000003 ms
340,836.9000000000003 ms
340,840.9000000000003 ms
340,862.1000000000001 ms
340,863.1500000000003 ms
340,864.2 ms
340,866.4000000000003 ms
340,914.8500000000001 ms
340,919.8000000000004 ms
340,950.4500000000003 ms
340,953.9000000000003 ms
340,1037.8000000000004 ms
340,1049.5500000000004 ms
340,1050.3500000000001 ms
340,1051.1500000000003 ms
340,1052.1000000000006 ms
340,1059.3000000000004 ms
340,1060.6500000000003 ms
340,1068.5000000000002 ms
340,1087.9000000000003 ms
340,1093.5000000000002 ms
340,1094.4500000000005 ms
340,1103.1500000000003 ms
340,1133.9000000000003 ms
340,1167.2500000000002 ms
340,1175.0000000000002 ms
340,1182.05 ms
340,1225.5000000000002 ms
340,1250.9000000000003 ms
340,1254.2500000000002 ms
340,1254.8 ms
340,1279.2 ms
340,1285.7000000000005 ms
340,1293.9000000000003 ms
340,1317.9000000000003 ms
340,1318.95 ms
340,1344.4500000000005 ms
340,1355.5500000000004 ms
340,1361.2000000000005 ms
340,1367.5000000000002 ms
340,1370.5000000000002 ms
340,1370.7500000000002 ms
340,1378.7500000000002 ms
340,1386.4500000000005 ms
340,1428.3000000000004 ms
340,1460.1000000000001 ms
340,1462.3000000000004 ms
340,1476.6500000000003 ms
340,1483.2 ms
340,1496.9999999999998 ms
340,1508.05 ms
340,1528.45 ms
340,1540.2 ms
340,1562.3500000000001 ms
340,1587.8000000000004 ms
340,1609.3500000000001 ms
340,1613.0000000000002 ms
340,1616.2500000000002 ms
340,1616.7500000000002 ms
340,1624.1000000000001 ms
340,1646.95 ms
340,1654.55 ms
340,1658.0000000000002 ms
340,1669.2499999999998 ms
340,1671.1499999999999 ms
340,1677.3500000000001 ms
340,1678.7 ms
340,1680.05 ms
340,1680.55 ms
340,1685.1499999999999 ms
340,1687.4999999999998 ms
340,1687.8499999999997 ms
340,1693.9999999999998 ms
340,1699.1499999999999 ms
340,1719.4499999999996 ms
340,1721.0499999999995 ms
340,1723.8 ms
340,1726.0499999999995 ms
340,1745.3499999999997 ms
340,1750.05 ms
340,1758.1499999999999 ms
340,1759.2499999999998 ms
340,1763.9999999999993 ms
340,1769.3999999999994 ms
340,1786.7999999999995 ms
340,1792.8499999999997 ms
340,1817.3999999999994 ms
340,1830.3499999999997 ms
340,1858.6999999999996 ms
340,1861.6499999999999 ms
340,1895.0999999999997 ms
340,1905.9999999999998 ms
340,1910.2 ms
340,1916.3 ms
340,1920.0499999999995 ms
340,1963.3499999999997 ms
340,1991.7499999999998 ms
340,1992.2 ms
340,1992.3 ms
340,2011.6499999999999 ms
340,2012.6999999999996 ms
340,2027.2499999999993 ms
340,2036.8999999999994 ms
340,2056.0999999999995 ms
340,2078.95 ms
340,2082.3999999999987 ms
340,2157.45 ms
340,2160.0499999999993 ms
340,2165.5999999999995 ms
340,2248.0999999999995 ms
340,2255.0499999999993 ms
340,2263.749999999999 ms
340,2266.199999999999 ms
340,2272.949999999999 ms
340,2284.2999999999993 ms
340,2292.749999999998 ms
340,2305.749999999998 ms
340,2307.5499999999993 ms
340,2314.949999999999 ms
340,2315.2999999999993 ms
340,2316.2999999999993 ms
340,2323.199999999999 ms
340,2335.949999999999 ms
340,2337.249999999999 ms
340,2337.3499999999995 ms
340,2339.1499999999987 ms
340,2348.45 ms
340,2348.8499999999995 ms
340,2349.7999999999993 ms
340,2351.2999999999993 ms
340,2359.7999999999993 ms
340,2368.499999999999 ms
340,2377.449999999999 ms
340,2386.699999999999 ms
340,2390.5999999999985 ms
340,2393.0499999999993 ms
340,2425.1499999999987 ms
340,2435.499999999999 ms
340,2436.199999999998 ms
340,2437.199999999998 ms
340,2467.5499999999984 ms
340,2471.199999999998 ms
340,2482.6499999999987 ms
340,2495.6499999999987 ms
340,2495.8999999999987 ms
340,2497.499999999998 ms
340,2498.449999999998 ms
340,2551.449999999998 ms
340,2552.199999999998 ms
340,2561.7999999999984 ms
340,2567.649999999998 ms
340,2569.5499999999975 ms
340,2574.0999999999985 ms
340,2579.0999999999985 ms
340,2587.5499999999975 ms
340,2617.149999999998 ms
340,2620.449999999998 ms
340,2632.649999999998 ms
340,2648.499999999998 ms
340,2653.749999999998 ms
340,2654.8499999999976 ms
340,2681.4999999999973 ms
340,2686.8499999999976 ms
340,2706.449999999998 ms
340,2731.149999999997 ms
340,2737.5999999999976 ms
340,2764.2499999999973 ms
340,2765.0499999999975 ms
340,2796.699999999997 ms
340,2797.7999999999975 ms
340,2798.7999999999975 ms
340,2804.7499999999973 ms
340,2815.649999999997 ms
340,2820.399999999997 ms
340,2821.3499999999976 ms
340,2824.699999999997 ms
340,2828.8499999999967 ms
340,2830.699999999997 ms
340,2842.3499999999967 ms
340,2849.2999999999975 ms
340,2855.9999999999964 ms
340,2874.199999999997 ms
340,2889.7999999999965 ms
340,2889.899999999997 ms
340,2915.949999999996 ms
340,2922.4999999999973 ms
340,2928.899999999997 ms
340,2931.3499999999967 ms
340,2933.649999999997 ms
340,2942.7999999999965 ms
340,2959.5499999999965 ms
340,2960.399999999997 ms
340,2967.199999999997 ms
340,2971.4999999999973 ms
340,2991.199999999997 ms
340,3001.2999999999975 ms
340,3035.899999999997 ms
340,3048.149999999997 ms
340,3048.899999999997 ms
340,3067.8499999999967 ms
340,3079.949999999997 ms
340,3105.199999999997 ms
340,3121.199999999997 ms
340,3131.7499999999964 ms
340,3162.5999999999967 ms
340,3181.0499999999965 ms
340,3183.3499999999967 ms
340,3194.149999999997 ms
340,3222.149999999997 ms
340,3233.2499999999973 ms
340,3246.7999999999965 ms
340,3269.199999999997 ms
340,3271.149999999997 ms
340,3276.199999999997 ms
340,3283.5999999999967 ms
340,3301.899999999998 ms
340,3330.4999999999973 ms
340,3338.5999999999976 ms
340,3345.7499999999973 ms
340,3348.2999999999975 ms
340,3355.0999999999976 ms
340,3356.8499999999976 ms
340,3363.0999999999976 ms
340,3367.399999999998 ms
340,3367.5499999999975 ms
340,3367.899999999998 ms
340,3373.5499999999975 ms
340,3380.5499999999975 ms
340,3388.999999999998 ms
340,3424.0999999999976 ms
340,3433.8499999999976 ms
340,3448.4999999999973 ms
340,3449.949999999998 ms
340,3454.399999999997 ms
340,3456.4999999999973 ms
340,3466.0499999999975 ms
340,3467.449999999997 ms
340,3472.5499999999975 ms
340,3475.0999999999976 ms
340,3477.899999999998 ms
340,3481.199999999998 ms
340,3481.399999999998 ms
340,3481.8499999999976 ms
340,3485.7499999999973 ms
340,3493.649999999998 ms
340,3496.149999999998 ms
340,3501.949999999998 ms
340,3502.949999999998 ms
340,3522.199999999998 ms
340,3538.149999999998 ms
340,3555.249999999998 ms
340,3558.249999999998 ms
340,3569.649999999998 ms
340,3576.499999999998 ms
340,3585.949999999997 ms
340,3595.499999999998 ms
340,3602.2999999999975 ms
340,3617.0999999999985 ms
340,3620.699999999998 ms
340,3625.0999999999976 ms
340,3627.199999999998 ms
340,3639.3499999999976 ms
340,3640.8499999999976 ms
340,3654.5499999999984 ms
340,3674.9999999999973 ms
340,3682.5999999999976 ms
340,3684.5999999999976 ms
340,3687.149999999998 ms
340,3701.8499999999976 ms
340,3702.899999999998 ms
340,3717.449999999998 ms
340,3722.199999999998 ms
340,3726.699999999998 ms
340,3730.8499999999976 ms
340,3730.999999999998 ms
340,3753.3499999999985 ms
340,3756.399999999998 ms
340,3757.149999999998 ms
340,3764.5999999999985 ms
340,3775.999999999998 ms
340,3780.5999999999985 ms
340,3807.2999999999975 ms
340,3822.999999999998 ms
340,3833.749999999998 ms
340,3840.149999999998 ms
340,3846.399999999998 ms
340,3847.249999999998 ms
340,3853.249999999998 ms
340,3863.749999999998 ms
340,3868.8499999999976 ms
340,3884.5499999999975 ms
340,3892.8499999999976 ms
340,3897.5499999999975 ms
340,3920.199999999997 ms
340,3930.149999999998 ms
340,3932.449999999997 ms
340,3948.8499999999976 ms
340,3950.699999999998 ms
340,3958.8499999999976 ms
340,3965.699999999998 ms
340,3977.4999999999973 ms
340,3980.199999999998 ms
340,3988.7999999999975 ms
341,5.0 ms
341,30.900000000000006 ms
341,60.35000000000001 ms
341,66.7 ms
341,80.15000000000002 ms
341,86.05000000000003 ms
341,110.50000000000001 ms
341,110.90000000000002 ms
341,129.85000000000002 ms
341,168.60000000000002 ms
341,172.95000000000005 ms
341,201.65000000000003 ms
341,207.15000000000003 ms
341,225.40000000000003 ms
341,233.85000000000002 ms
341,239.0 ms
341,268.0 ms
341,270.25 ms
341,292.1 ms
341,298.9 ms
341,353.6 ms
341,364.0 ms
341,430.9 ms
341,442.69999999999993 ms
341,446.05000000000007 ms
341,462.25 ms
341,470.6 ms
341,481.9 ms
341,485.2500000000001 ms
341,490.6 ms
341,491.70000000000016 ms
341,498.5000000000001 ms
341,509.2500000000001 ms
341,518.9500000000002 ms
341,520.2500000000001 ms
341,527.9500000000002 ms
341,533.5500000000003 ms
341,538.3500000000003 ms
341,543.7000000000002 ms
341,581.3000000000003 ms
341,585.8500000000003 ms
341,587.85 ms
341,598.3500000000003 ms
341,625.8000000000003 ms
341,632.0000000000003 ms
341,671.5500000000003 ms
341,686.4500000000002 ms
341,700.9500000000002 ms
341,719.8000000000003 ms
341,722.9000000000002 ms
341,734.8500000000003 ms
341,749.7500000000001 ms
341,761.1000000000003 ms
341,767.0500000000003 ms
341,776.4000000000004 ms
341,781.6000000000005 ms
341,783.9000000000004 ms
341,818.8000000000003 ms
341,821.7000000000002 ms
341,916.2000000000004 ms
341,934.7000000000002 ms
341,965.9000000000002 ms
341,988.0500000000003 ms
341,989.4500000000002 ms
341,1000.0000000000001 ms
341,1018.8000000000001 ms
341,1019.1 ms
341,1020.2000000000002 ms
341,1021.0500000000003 ms
341,1037.2000000000003 ms
341,1048.3000000000002 ms
341,1048.9500000000003 ms
341,1051.7000000000003 ms
341,1051.8000000000002 ms
341,1058.8500000000004 ms
341,1063.75 ms
341,1082.4500000000003 ms
341,1090.6000000000004 ms
341,1090.8000000000002 ms
341,1094.1500000000005 ms
341,1100.9000000000005 ms
341,1105.6000000000004 ms
341,1113.9500000000003 ms
341,1167.2500000000005 ms
341,1168.4500000000003 ms
341,1193.65 ms
341,1200.6000000000004 ms
341,1204.7500000000005 ms
341,1209.2000000000003 ms
341,1217.8000000000006 ms
341,1219.8500000000004 ms
341,1275.9000000000005 ms
341,1291.4500000000003 ms
341,1306.5500000000002 ms
341,1321.8500000000004 ms
341,1330.25 ms
341,1339.3000000000002 ms
341,1348.7000000000003 ms
341,1358.8000000000002 ms
341,1402.25 ms
341,1406.1000000000004 ms
341,1420.8000000000002 ms
341,1422.3500000000004 ms
341,1432.1000000000004 ms
341,1433.6999999999998 ms
341,1450.9499999999998 ms
341,1474.4 ms
341,1502.7000000000003 ms
341,1518.5499999999997 ms
341,1522.5 ms
341,1534.5500000000002 ms
341,1571.5 ms
341,1571.6 ms
341,1577.9 ms
341,1580.85 ms
341,1603.4499999999998 ms
341,1607.75 ms
341,1626.4499999999998 ms
341,1634.6999999999998 ms
341,1639.5499999999997 ms
341,1646.0499999999997 ms
341,1661.1999999999998 ms
341,1676.2999999999997 ms
341,1690.9499999999998 ms
341,1698.2999999999997 ms
341,1699.7499999999995 ms
341,1702.6999999999998 ms
341,1710.0 ms
341,1714.0499999999997 ms
341,1732.85 ms
341,1759.3999999999996 ms
341,1759.7999999999997 ms
341,1760.0499999999997 ms
341,1786.4999999999995 ms
341,1800.2499999999995 ms
341,1818.7499999999995 ms
341,1824.2499999999995 ms
341,1831.4499999999998 ms
341,1843.2999999999997 ms
341,1844.1499999999996 ms
341,1857.3999999999996 ms
341,1898.6499999999996 ms
341,1924.8499999999995 ms
341,1947.4499999999998 ms
341,1947.5499999999993 ms
341,1951.6999999999998 ms
341,1969.7499999999995 ms
341,1989.5499999999997 ms
341,1991.3499999999995 ms
341,2007.0999999999995 ms
341,2007.1999999999994 ms
341,2034.0999999999995 ms
341,2050.0499999999993 ms
341,2053.949999999999 ms
341,2058.8499999999995 ms
341,2068.1499999999996 ms
341,2078.1499999999996 ms
341,2080.25 ms
341,2094.0 ms
341,2115.699999999999 ms
341,2119.0999999999995 ms
341,2148.8499999999995 ms
341,2163.8999999999996 ms
341,2166.0999999999995 ms
341,2190.999999999999 ms
341,2206.999999999999 ms
341,2216.3999999999996 ms
341,2263.0999999999995 ms
341,2277.6499999999996 ms
341,2283.1499999999996 ms
341,2289.3999999999996 ms
341,2301.25 ms
341,2302.7999999999993 ms
341,2320.25 ms
341,2321.8499999999995 ms
341,2322.6499999999996 ms
341,2330.2999999999993 ms
341,2336.75 ms
341,2338.3499999999995 ms
341,2338.999999999999 ms
341,2366.1499999999996 ms
341,2366.2999999999993 ms
341,2387.5 ms
341,2399.5 ms
341,2404.0 ms
341,2408.0999999999995 ms
341,2412.249999999999 ms
341,2413.45 ms
341,2429.2 ms
341,2434.1499999999987 ms
341,2446.749999999999 ms
341,2469.8999999999987 ms
341,2484.3499999999995 ms
341,2492.2999999999984 ms
341,2494.0999999999995 ms
341,2506.3999999999987 ms
341,2507.5999999999995 ms
341,2548.699999999999 ms
341,2576.199999999999 ms
341,2591.999999999999 ms
341,2607.0999999999995 ms
341,2613.8499999999995 ms
341,2623.5999999999995 ms
341,2628.5999999999995 ms
341,2641.6499999999987 ms
341,2648.6499999999987 ms
341,2651.0999999999995 ms
341,2656.949999999999 ms
341,2688.699999999999 ms
341,2702.3999999999987 ms
341,2706.0499999999984 ms
341,2707.5499999999984 ms
341,2711.199999999999 ms
341,2711.699999999999 ms
341,2718.249999999999 ms
341,2740.449999999999 ms
341,2749.3999999999987 ms
341,2750.5499999999984 ms
341,2778.699999999999 ms
341,2789.5499999999993 ms
341,2791.1499999999987 ms
341,2794.699999999999 ms
341,2826.0499999999993 ms
341,2826.8999999999987 ms
341,2840.0999999999985 ms
341,2853.449999999999 ms
341,2854.449999999999 ms
341,2856.699999999999 ms
341,2869.899999999998 ms
341,2897.399999999998 ms
341,2901.899999999998 ms
341,2940.499999999998 ms
341,2952.449999999998 ms
341,2953.3499999999976 ms
341,2954.7999999999984 ms
341,2969.0499999999984 ms
341,2985.8499999999976 ms
341,3034.949999999998 ms
341,3040.8499999999976 ms
341,3045.8499999999976 ms
341,3048.1499999999987 ms
341,3058.1499999999987 ms
341,3064.249999999998 ms
341,3092.949999999998 ms
341,3132.199999999998 ms
341,3142.649999999998 ms
341,3142.999999999998 ms
341,3148.7999999999975 ms
341,3164.649999999998 ms
341,3180.199999999998 ms
341,3231.149999999998 ms
341,3240.499999999998 ms
341,3245.249999999998 ms
341,3275.149999999998 ms
341,3277.749999999998 ms
341,3283.199999999997 ms
341,3292.3499999999976 ms
341,3301.399999999998 ms
341,3316.7999999999975 ms
341,3323.249999999998 ms
341,3323.8499999999976 ms
341,3329.7999999999975 ms
341,3342.949999999997 ms
341,3343.649999999998 ms
341,3367.9999999999973 ms
341,3373.9999999999973 ms
341,3379.449999999997 ms
341,3382.2999999999975 ms
341,3386.449999999997 ms
341,3386.8499999999967 ms
341,3413.199999999997 ms
341,3417.5499999999975 ms
341,3428.449999999997 ms
341,3449.899999999997 ms
341,3462.949999999997 ms
341,3470.8499999999967 ms
341,3475.149999999998 ms
341,3475.399999999998 ms
341,3484.5999999999967 ms
341,3507.2999999999975 ms
341,3508.399999999997 ms
341,3521.899999999997 ms
341,3552.4999999999973 ms
341,3571.899999999997 ms
341,3575.399999999997 ms
341,3578.3499999999967 ms
341,3584.2499999999964 ms
341,3601.0999999999967 ms
341,3608.3499999999967 ms
341,3609.699999999997 ms
341,3648.149999999996 ms
341,3677.949999999997 ms
341,3693.5999999999967 ms
341,3694.7999999999965 ms
341,3713.399999999997 ms
341,3732.699999999996 ms
341,3759.7999999999965 ms
341,3799.449999999996 ms
341,3809.4999999999973 ms
341,3828.0499999999965 ms
341,3833.899999999997 ms
341,3834.949999999997 ms
341,3835.8499999999967 ms
341,3845.449999999997 ms
341,3865.449999999997 ms
341,3867.5499999999975 ms
341,3877.5499999999975 ms
341,3882.4999999999964 ms
341,3893.4999999999964 ms
341,3896.2499999999964 ms
341,3901.7999999999975 ms
341,3910.199999999997 ms
341,3925.5999999999967 ms
341,3932.5499999999975 ms
341,3941.7499999999964 ms
341,3943.399999999997 ms
341,3944.8499999999967 ms
341,3969.899999999997 ms
341,3972.4999999999973 ms
341,3990.5499999999965 ms
342,7.5 ms
342,10.05 ms
342,32.45 ms
342,37.3 ms
342,39.500000000000014 ms
342,54.500000000000014 ms
342,65.85000000000001 ms
342,76.00000000000001 ms
342,88.15000000000002 ms
342,89.55000000000003 ms
342,92.70000000000003 ms
342,100.15000000000005 ms
342,101.30000000000005 ms
342,116.70000000000006 ms
342,138.40000000000003 ms
342,171.50000000000006 ms
342,172.60000000000002 ms
342,215.5 ms
342,218.20000000000005 ms
342,233.75 ms
342,248.25 ms
342,251.35000000000002 ms
342,274.55000000000007 ms
342,282.85 ms
342,287.25 ms
342,296.25 ms
342,311.65 ms
342,319.79999999999995 ms
342,324.69999999999993 ms
342,337.94999999999993 ms
342,361.5999999999999 ms
342,382.94999999999993 ms
342,406.5999999999999 ms
342,428.3499999999999 ms
342,437.14999999999986 ms
342,439.25 ms
342,450.0999999999999 ms
342,457.25 ms
342,458.0 ms
342,493.44999999999993 ms
342,502.79999999999995 ms
342,532.8 ms
342,544.75 ms
342,569.95 ms
342,572.9000000000001 ms
342,581.5500000000002 ms
342,582.5 ms
342,598.1000000000001 ms
342,622.5500000000002 ms
342,623.1500000000001 ms
342,636.3000000000002 ms
342,638.6000000000001 ms
342,671.5500000000002 ms
342,678.4000000000001 ms
342,682.3000000000002 ms
342,705.1500000000001 ms
342,715.9500000000003 ms
342,723.9000000000001 ms
342,735.1000000000004 ms
342,738.4500000000003 ms
342,753.7000000000003 ms
342,763.2500000000002 ms
342,769.6500000000003 ms
342,789.2500000000002 ms
342,791.7500000000002 ms
342,795.7500000000002 ms
342,830.8000000000002 ms
342,848.4500000000003 ms
342,867.25 ms
342,871.7000000000003 ms
342,872.1000000000001 ms
342,887.3000000000002 ms
342,901.4000000000001 ms
342,905.1000000000004 ms
342,907.7000000000003 ms
342,936.7500000000002 ms
342,940.6500000000003 ms
342,953.8500000000001 ms
342,970.9000000000003 ms
342,1019.2500000000002 ms
342,1035.7000000000005 ms
342,1040.3000000000004 ms
342,1063.8 ms
342,1094.1000000000001 ms
342,1101.7 ms
342,1115.3 ms
342,1122.2 ms
342,1126.9000000000003 ms
342,1145.0000000000002 ms
342,1165.55 ms
342,1174.45 ms
342,1185.9000000000003 ms
342,1202.6499999999999 ms
342,1214.9000000000003 ms
342,1283.1499999999999 ms
342,1301.6500000000003 ms
342,1304.5500000000004 ms
342,1320.8500000000001 ms
342,1328.1499999999999 ms
342,1335.6500000000003 ms
342,1337.1000000000001 ms
342,1347.2 ms
342,1349.4999999999998 ms
342,1379.2500000000002 ms
342,1386.7499999999998 ms
342,1389.8499999999997 ms
342,1409.1999999999996 ms
342,1414.9999999999998 ms
342,1449.8999999999999 ms
342,1451.6999999999996 ms
342,1458.8499999999997 ms
342,1460.6000000000001 ms
342,1465.2 ms
342,1467.9999999999998 ms
342,1479.0999999999997 ms
342,1521.8 ms
342,1534.2 ms
342,1545.3999999999999 ms
342,1549.4499999999996 ms
342,1572.3999999999999 ms
342,1589.7499999999998 ms
342,1593.8999999999999 ms
342,1596.05 ms
342,1629.0000000000002 ms
342,1646.4000000000003 ms
342,1674.8500000000001 ms
342,1689.95 ms
342,1698.3500000000001 ms
342,1699.7 ms
342,1701.2 ms
342,1707.8500000000001 ms
342,1724.8500000000001 ms
342,1736.6000000000001 ms
342,1754.6499999999999 ms
342,1756.7 ms
342,1794.9999999999998 ms
342,1801.45 ms
342,1815.45 ms
342,1825.7499999999998 ms
342,1828.3 ms
342,1829.95 ms
342,1830.8 ms
342,1847.6499999999999 ms
342,1851.7499999999998 ms
342,1861.2999999999995 ms
342,1886.8499999999997 ms
342,1900.55 ms
342,1903.4999999999998 ms
342,1911.7 ms
342,1921.8999999999999 ms
342,1928.4999999999998 ms
342,1931.1499999999999 ms
342,1938.1499999999999 ms
342,1942.8500000000001 ms
342,1945.95 ms
342,1955.4499999999996 ms
342,1959.2499999999998 ms
342,1978.8999999999999 ms
342,1983.6000000000001 ms
342,1994.45 ms
342,1995.4999999999998 ms
342,2009.3499999999997 ms
342,2041.4499999999996 ms
342,2043.6499999999999 ms
342,2043.8499999999997 ms
342,2073.0999999999995 ms
342,2080.45 ms
342,2080.95 ms
342,2086.5999999999995 ms
342,2123.999999999999 ms
342,2129.95 ms
342,2215.5999999999995 ms
342,2216.749999999999 ms
342,2225.3999999999996 ms
342,2225.5499999999993 ms
342,2233.7 ms
342,2240.05 ms
342,2246.8499999999995 ms
342,2250.05 ms
342,2265.1499999999996 ms
342,2268.2999999999993 ms
342,2275.1499999999996 ms
342,2305.5 ms
342,2319.0999999999995 ms
342,2332.999999999999 ms
342,2358.3499999999995 ms
342,2365.8999999999996 ms
342,2370.75 ms
342,2396.0 ms
342,2398.6499999999996 ms
342,2401.95 ms
342,2436.45 ms
342,2446.8999999999996 ms
342,2448.8999999999996 ms
342,2464.5 ms
342,2468.25 ms
342,2488.6499999999996 ms
342,2498.7999999999993 ms
342,2505.6000000000004 ms
342,2513.75 ms
342,2517.2 ms
342,2517.8499999999995 ms
342,2523.95 ms
342,2538.25 ms
342,2548.1000000000004 ms
342,2561.1499999999996 ms
342,2579.3500000000004 ms
342,2589.5 ms
342,2602.55 ms
342,2610.6000000000004 ms
342,2619.4500000000007 ms
342,2645.6000000000004 ms
342,2652.9500000000007 ms
342,2661.05 ms
342,2661.45 ms
342,2679.55 ms
342,2702.7 ms
342,2704.55 ms
342,2710.1000000000004 ms
342,2718.2000000000007 ms
342,2722.6499999999996 ms
342,2730.8500000000004 ms
342,2734.6499999999996 ms
342,2734.9500000000007 ms
342,2749.1499999999996 ms
342,2760.25 ms
342,2770.5 ms
342,2822.2 ms
342,2828.8499999999995 ms
342,2829.95 ms
342,2840.0 ms
342,2890.05 ms
342,2890.55 ms
342,2909.55 ms
342,2924.95 ms
342,2925.2 ms
342,2927.55 ms
342,2954.8500000000004 ms
342,2963.7000000000007 ms
342,2974.8999999999996 ms
342,2986.4500000000007 ms
342,2990.6499999999996 ms
342,2991.2000000000007 ms
342,2992.4500000000007 ms
342,3001.3999999999996 ms
342,3030.6499999999996 ms
342,3053.1499999999996 ms
342,3058.8500000000004 ms
342,3081.1000000000004 ms
342,3099.7999999999993 ms
342,3100.0499999999993 ms
342,3101.45 ms
342,3109.0 ms
342,3113.75 ms
342,3132.1499999999996 ms
342,3135.8500000000004 ms
342,3143.8500000000004 ms
342,3153.2999999999993 ms
342,3164.6000000000004 ms
342,3171.0 ms
342,3171.3500000000004 ms
342,3188.8500000000004 ms
342,3192.8999999999996 ms
342,3193.2000000000007 ms
342,3200.55 ms
342,3200.8500000000004 ms
342,3233.9500000000007 ms
342,3242.55 ms
342,3253.8 ms
342,3301.55 ms
342,3301.8500000000004 ms
342,3346.4500000000007 ms
342,3358.2000000000007 ms
342,3360.3500000000004 ms
342,3369.0 ms
342,3379.25 ms
342,3385.6000000000004 ms
342,3387.6500000000005 ms
342,3393.1000000000004 ms
342,3404.6500000000005 ms
342,3426.55 ms
342,3431.3 ms
342,3445.1000000000013 ms
342,3461.05 ms
342,3469.250000000001 ms
342,3486.3500000000004 ms
342,3493.9000000000005 ms
342,3496.6000000000004 ms
342,3503.25 ms
342,3510.8500000000004 ms
342,3528.75 ms
342,3532.4000000000005 ms
342,3535.4000000000005 ms
342,3561.4000000000005 ms
342,3565.8 ms
342,3566.55 ms
342,3579.9500000000007 ms
342,3582.000000000001 ms
342,3583.550000000001 ms
342,3597.9000000000015 ms
342,3603.800000000001 ms
342,3606.800000000001 ms
342,3618.8500000000013 ms
342,3655.050000000001 ms
342,3655.9500000000007 ms
342,3659.2000000000007 ms
342,3676.550000000001 ms
342,3689.9500000000007 ms
342,3709.4000000000015 ms
342,3713.9500000000007 ms
342,3721.1500000000015 ms
342,3740.300000000001 ms
342,3764.1000000000013 ms
342,3771.300000000001 ms
342,3771.9000000000015 ms
342,3777.550000000001 ms
342,3795.6000000000013 ms
342,3817.2000000000016 ms
342,3848.550000000001 ms
342,3861.300000000001 ms
342,3881.750000000001 ms
342,3890.9000000000005 ms
342,3903.9000000000005 ms
342,3904.050000000001 ms
342,3907.3500000000013 ms
342,3913.750000000001 ms
342,3927.800000000002 ms
342,3929.500000000001 ms
342,3952.8500000000013 ms
342,3955.250000000001 ms
342,3979.500000000001 ms
342,3985.1000000000013 ms
342,3989.1000000000013 ms
343,38.0 ms
343,41.150000000000006 ms
343,43.150000000000006 ms
343,85.70000000000002 ms
343,113.70000000000002 ms
343,121.20000000000002 ms
343,133.3 ms
343,137.40000000000003 ms
343,140.84999999999997 ms
343,151.09999999999997 ms
343,156.45 ms
343,181.7 ms
343,204.3 ms
343,234.09999999999997 ms
343,234.45 ms
343,244.0 ms
343,244.10000000000002 ms
343,246.25 ms
343,248.8 ms
343,257.25 ms
343,292.54999999999995 ms
343,304.70000000000005 ms
343,306.20000000000005 ms
343,307.95000000000005 ms
343,328.3499999999999 ms
343,347.45000000000005 ms
343,369.75 ms
343,370.75 ms
343,375.0 ms
343,398.04999999999995 ms
343,406.85 ms
343,409.70000000000005 ms
343,416.1500000000001 ms
343,420.35 ms
343,448.55000000000007 ms
343,449.6 ms
343,461.55000000000007 ms
343,470.4 ms
343,472.5000000000001 ms
343,486.15 ms
343,487.7500000000001 ms
343,499.65 ms
343,501.70000000000005 ms
343,520.1 ms
343,522.4500000000002 ms
343,532.2500000000001 ms
343,535.4 ms
343,536.4499999999999 ms
343,539.9999999999999 ms
343,542.9999999999999 ms
343,557.9999999999999 ms
343,631.35 ms
343,652.1999999999999 ms
343,661.3000000000001 ms
343,669.6999999999999 ms
343,678.4499999999999 ms
343,695.0500000000001 ms
343,722.7999999999998 ms
343,723.0999999999998 ms
343,733.2499999999999 ms
343,736.5499999999998 ms
343,763.0499999999998 ms
343,777.2999999999998 ms
343,789.8499999999998 ms
343,803.0499999999998 ms
343,808.8499999999998 ms
343,818.4499999999999 ms
343,826.6999999999997 ms
343,848.3499999999998 ms
343,851.8499999999998 ms
343,852.4999999999997 ms
343,856.6999999999997 ms
343,868.7499999999997 ms
343,873.5499999999996 ms
343,887.6999999999997 ms
343,900.0999999999996 ms
343,907.4499999999997 ms
343,932.5999999999996 ms
343,944.2999999999996 ms
343,944.5499999999998 ms
343,957.1499999999997 ms
343,977.2499999999999 ms
343,982.1499999999997 ms
343,988.5499999999996 ms
343,1004.2499999999997 ms
343,1011.9999999999999 ms
343,1024.4999999999995 ms
343,1026.65 ms
343,1027.7499999999995 ms
343,1082.35 ms
343,1099.0499999999997 ms
343,1099.1999999999998 ms
343,1101.6 ms
343,1109.25 ms
343,1109.4 ms
343,1133.65 ms
343,1139.5500000000002 ms
343,1144.4500000000003 ms
343,1149.4500000000003 ms
343,1156.15 ms
343,1163.65 ms
343,1166.0500000000006 ms
343,1186.2000000000003 ms
343,1187.1500000000005 ms
343,1191.2000000000007 ms
343,1226.1500000000005 ms
343,1228.3000000000006 ms
343,1234.3000000000006 ms
343,1239.5500000000006 ms
343,1248.9000000000005 ms
343,1259.5500000000006 ms
343,1292.8500000000008 ms
343,1295.5500000000006 ms
343,1305.3500000000008 ms
343,1324.2000000000003 ms
343,1327.9000000000005 ms
343,1329.7500000000005 ms
343,1330.2500000000005 ms
343,1334.8500000000004 ms
343,1345.4500000000003 ms
343,1346.3500000000004 ms
343,1350.5000000000005 ms
343,1354.4500000000003 ms
343,1385.9000000000005 ms
343,1390.3000000000006 ms
343,1396.9000000000005 ms
343,1398.5500000000006 ms
343,1435.6500000000005 ms
343,1439.9000000000005 ms
343,1463.1000000000004 ms
343,1486.000000000001 ms
343,1508.250000000001 ms
343,1514.0500000000006 ms
343,1514.4500000000007 ms
343,1520.1000000000008 ms
343,1537.650000000001 ms
343,1547.2500000000005 ms
343,1564.650000000001 ms
343,1576.3000000000006 ms
343,1581.2000000000012 ms
343,1598.1000000000008 ms
343,1598.2500000000014 ms
343,1619.150000000001 ms
343,1630.650000000001 ms
343,1640.150000000001 ms
343,1645.8000000000015 ms
343,1690.5000000000014 ms
343,1698.7000000000012 ms
343,1733.4000000000015 ms
343,1734.0000000000014 ms
343,1745.5500000000015 ms
343,1764.0500000000015 ms
343,1783.2500000000014 ms
343,1804.8000000000015 ms
343,1815.7000000000012 ms
343,1819.1500000000015 ms
343,1822.1000000000013 ms
343,1863.1000000000013 ms
343,1887.2500000000018 ms
343,1889.0000000000018 ms
343,1890.0500000000015 ms
343,1896.2500000000014 ms
343,1897.2000000000016 ms
343,1898.7500000000018 ms
343,1911.0500000000015 ms
343,1913.2000000000016 ms
343,1918.1500000000015 ms
343,1937.7000000000016 ms
343,1943.6000000000017 ms
343,1954.2500000000018 ms
343,1956.2500000000018 ms
343,1961.800000000002 ms
343,1968.9500000000016 ms
343,1971.900000000002 ms
343,1981.1000000000017 ms
343,1989.150000000002 ms
343,1990.700000000002 ms
343,2017.5000000000018 ms
343,2030.9500000000016 ms
343,2035.7500000000018 ms
343,2041.050000000002 ms
343,2049.8500000000017 ms
343,2056.2500000000023 ms
343,2058.400000000002 ms
343,2061.8500000000017 ms
343,2077.450000000001 ms
343,2082.3500000000017 ms
343,2117.7500000000023 ms
343,2173.1000000000017 ms
343,2173.650000000002 ms
343,2180.650000000002 ms
343,2210.1000000000017 ms
343,2228.200000000001 ms
343,2243.5000000000014 ms
343,2243.8500000000017 ms
343,2246.950000000001 ms
343,2256.8000000000015 ms
343,2271.3000000000015 ms
343,2280.7500000000014 ms
343,2297.150000000002 ms
343,2305.1000000000017 ms
343,2354.950000000001 ms
343,2369.400000000001 ms
343,2370.200000000001 ms
343,2377.3000000000006 ms
343,2393.5000000000005 ms
343,2414.0000000000014 ms
343,2430.3000000000015 ms
343,2430.6000000000017 ms
343,2431.400000000002 ms
343,2461.200000000002 ms
343,2463.3500000000017 ms
343,2464.400000000002 ms
343,2480.150000000002 ms
343,2487.3500000000017 ms
343,2495.650000000002 ms
343,2510.3000000000025 ms
343,2514.8000000000015 ms
343,2526.150000000002 ms
343,2527.900000000002 ms
343,2530.650000000002 ms
343,2540.700000000002 ms
343,2542.3000000000015 ms
343,2552.0500000000025 ms
343,2568.400000000002 ms
343,2569.5000000000014 ms
343,2592.7500000000023 ms
343,2603.8000000000025 ms
343,2609.6000000000026 ms
343,2610.5500000000025 ms
343,2616.450000000002 ms
343,2650.950000000002 ms
343,2654.650000000002 ms
343,2660.0500000000025 ms
343,2678.8000000000015 ms
343,2698.450000000002 ms
343,2700.950000000002 ms
343,2706.6000000000026 ms
343,2718.1000000000017 ms
343,2720.5500000000015 ms
343,2745.150000000002 ms
343,2745.450000000002 ms
343,2751.8000000000015 ms
343,2763.3500000000017 ms
343,2778.5000000000023 ms
343,2778.650000000003 ms
343,2778.8000000000025 ms
343,2785.450000000003 ms
343,2836.400000000003 ms
343,2844.5500000000025 ms
343,2860.450000000003 ms
343,2861.650000000003 ms
343,2876.150000000002 ms
343,2878.5000000000023 ms
343,2883.1000000000017 ms
343,2890.8500000000026 ms
343,2915.150000000003 ms
343,2915.8000000000025 ms
343,2943.2500000000023 ms
343,2944.650000000003 ms
343,2955.8500000000026 ms
343,2962.7500000000023 ms
343,2992.900000000003 ms
343,2994.8000000000025 ms
343,3036.8000000000025 ms
343,3042.450000000003 ms
343,3049.450000000002 ms
343,3069.0500000000025 ms
343,3070.150000000002 ms
343,3109.950000000002 ms
343,3110.8500000000026 ms
343,3127.950000000002 ms
343,3141.8500000000026 ms
343,3152.650000000003 ms
343,3164.6000000000026 ms
343,3184.1000000000026 ms
343,3186.6000000000026 ms
343,3188.700000000002 ms
343,3188.8500000000026 ms
343,3197.250000000003 ms
343,3200.0500000000034 ms
343,3200.200000000003 ms
343,3200.3000000000025 ms
343,3216.8000000000034 ms
343,3225.000000000003 ms
343,3225.5000000000023 ms
343,3227.500000000003 ms
343,3229.2500000000023 ms
343,3254.750000000003 ms
343,3259.1000000000026 ms
343,3263.500000000003 ms
343,3304.1000000000026 ms
343,3315.950000000002 ms
343,3370.650000000002 ms
343,3375.400000000003 ms
343,3405.650000000002 ms
343,3408.900000000003 ms
343,3409.3000000000025 ms
343,3422.8000000000025 ms
343,3429.200000000003 ms
343,3441.450000000002 ms
343,3488.3000000000025 ms
343,3492.450000000003 ms
343,3492.6000000000026 ms
343,3523.250000000003 ms
343,3545.700000000003 ms
343,3569.500000000003 ms
343,3575.6000000000026 ms
343,3581.8000000000025 ms
343,3627.450000000003 ms
343,3650.000000000003 ms
343,3655.3500000000026 ms
343,3707.400000000003 ms
343,3710.700000000003 ms
343,3714.950000000003 ms
343,3728.000000000003 ms
343,3738.8500000000026 ms
343,3743.900000000003 ms
343,3749.000000000003 ms
343,3763.5500000000034 ms
343,3780.6000000000035 ms
343,3797.4000000000037 ms
343,3801.950000000004 ms
343,3803.1000000000045 ms
343,3803.700000000004 ms
343,3839.8000000000034 ms
343,3845.200000000004 ms
343,3846.8000000000034 ms
343,3887.700000000004 ms
343,3902.000000000004 ms
343,3904.1500000000046 ms
343,3904.250000000004 ms
343,3917.1000000000035 ms
343,3922.9000000000037 ms
343,3929.1500000000046 ms
343,3948.450000000005 ms
343,3969.950000000004 ms
343,3980.250000000004 ms
343,3987.8000000000043 ms
343,3990.500000000004 ms
344,11.25 ms
344,24.15 ms
344,34.65 ms
344,45.65 ms
344,47.15 ms
344,53.04999999999999 ms
344,72.6 ms
344,82.9 ms
344,89.69999999999999 ms
344,93.19999999999999 ms
344,103.14999999999998 ms
344,112.19999999999999 ms
344,138.85 ms
344,146.19999999999996 ms
344,160.54999999999998 ms
344,165.1 ms
344,219.15 ms
344,267.85 ms
344,270.45000000000005 ms
344,270.70000000000005 ms
344,271.5 ms
344,278.4000000000001 ms
344,285.25 ms
344,291.95000000000005 ms
344,298.95000000000005 ms
344,325.70000000000005 ms
344,336.05000000000007 ms
344,349.55000000000007 ms
344,356.0000000000001 ms
344,362.95000000000005 ms
344,398.75 ms
344,401.70000000000005 ms
344,404.85 ms
344,413.20000000000005 ms
344,460.0 ms
344,467.75 ms
344,506.6500000000001 ms
344,510.6500000000001 ms
344,511.85000000000014 ms
344,515.1500000000001 ms
344,520.5500000000002 ms
344,534.75 ms
344,536.8500000000001 ms
344,543.2 ms
344,549.0000000000002 ms
344,555.1000000000001 ms
344,563.0500000000002 ms
344,626.0000000000002 ms
344,640.3000000000002 ms
344,643.0500000000002 ms
344,646.1000000000001 ms
344,647.2 ms
344,691.9000000000003 ms
344,738.8000000000002 ms
344,740.9000000000001 ms
344,781.8000000000002 ms
344,783.2000000000003 ms
344,786.5500000000002 ms
344,793.5000000000002 ms
344,796.0000000000002 ms
344,827.3500000000001 ms
344,827.7000000000003 ms
344,841.2500000000002 ms
344,876.8500000000001 ms
344,891.4500000000003 ms
344,908.5500000000002 ms
344,926.1500000000003 ms
344,927.2000000000003 ms
344,952.3500000000004 ms
344,965.5500000000002 ms
344,975.1500000000003 ms
344,979.2000000000003 ms
344,999.3000000000002 ms
344,1011.7500000000005 ms
344,1019.6000000000004 ms
344,1021.6500000000003 ms
344,1054.5500000000004 ms
344,1055.3000000000004 ms
344,1065.6500000000003 ms
344,1099.0000000000002 ms
344,1127.2500000000002 ms
344,1181.8 ms
344,1198.3999999999999 ms
344,1209.45 ms
344,1216.3 ms
344,1222.5000000000002 ms
344,1225.9000000000003 ms
344,1228.6499999999999 ms
344,1229.3500000000001 ms
344,1232.5500000000004 ms
344,1239.7000000000005 ms
344,1244.6500000000003 ms
344,1246.3000000000004 ms
344,1252.1500000000003 ms
344,1255.0000000000002 ms
344,1256.8500000000001 ms
344,1270.2500000000002 ms
344,1279.6500000000003 ms
344,1312.0000000000002 ms
344,1314.4500000000005 ms
344,1334.3000000000004 ms
344,1340.7000000000005 ms
344,1344.6500000000003 ms
344,1352.1000000000006 ms
344,1363.1000000000001 ms
344,1363.2500000000002 ms
344,1364.3500000000001 ms
344,1398.5000000000002 ms
344,1399.6500000000003 ms
344,1417.6500000000008 ms
344,1419.3500000000006 ms
344,1422.7500000000007 ms
344,1454.6500000000008 ms
344,1468.2000000000005 ms
344,1469.950000000001 ms
344,1488.1500000000008 ms
344,1511.350000000001 ms
344,1526.950000000001 ms
344,1547.4500000000005 ms
344,1559.700000000001 ms
344,1563.600000000001 ms
344,1593.9000000000008 ms
344,1600.0000000000007 ms
344,1611.5000000000007 ms
344,1629.5000000000007 ms
344,1640.0500000000004 ms
344,1650.0500000000009 ms
344,1651.950000000001 ms
344,1652.9000000000008 ms
344,1685.4500000000005 ms
344,1695.0000000000007 ms
344,1695.9000000000008 ms
344,1703.4500000000005 ms
344,1723.0000000000007 ms
344,1732.9000000000008 ms
344,1739.9000000000008 ms
344,1768.850000000001 ms
344,1771.8000000000009 ms
344,1772.450000000001 ms
344,1793.700000000001 ms
344,1800.450000000001 ms
344,1804.350000000001 ms
344,1814.950000000001 ms
344,1839.200000000001 ms
344,1839.350000000001 ms
344,1856.850000000001 ms
344,1884.4000000000008 ms
344,1887.850000000001 ms
344,1890.1500000000008 ms
344,1897.5000000000007 ms
344,1906.9000000000008 ms
344,1907.4000000000012 ms
344,1937.0000000000011 ms
344,1959.6500000000012 ms
344,1995.450000000001 ms
344,2000.950000000001 ms
344,2016.0000000000007 ms
344,2019.450000000001 ms
344,2022.450000000001 ms
344,2035.0000000000007 ms
344,2037.1500000000008 ms
344,2038.5500000000009 ms
344,2060.9500000000007 ms
344,2068.250000000002 ms
344,2068.4000000000015 ms
344,2078.750000000002 ms
344,2086.9500000000007 ms
344,2102.050000000001 ms
344,2114.8500000000013 ms
344,2124.9500000000016 ms
344,2135.750000000001 ms
344,2138.6000000000013 ms
344,2180.8500000000013 ms
344,2181.250000000001 ms
344,2214.500000000001 ms
344,2222.800000000002 ms
344,2225.3500000000013 ms
344,2270.7000000000016 ms
344,2276.300000000002 ms
344,2282.750000000001 ms
344,2290.1000000000013 ms
344,2306.800000000001 ms
344,2316.7000000000007 ms
344,2318.3500000000013 ms
344,2328.4000000000015 ms
344,2365.3500000000013 ms
344,2366.6500000000015 ms
344,2375.550000000001 ms
344,2400.1500000000015 ms
344,2402.9500000000016 ms
344,2423.000000000002 ms
344,2432.500000000002 ms
344,2434.000000000002 ms
344,2435.7000000000016 ms
344,2449.300000000002 ms
344,2493.050000000002 ms
344,2494.9000000000015 ms
344,2524.6000000000013 ms
344,2602.800000000001 ms
344,2603.7000000000007 ms
344,2612.050000000001 ms
344,2648.7000000000007 ms
344,2657.050000000001 ms
344,2657.550000000001 ms
344,2672.800000000001 ms
344,2710.500000000001 ms
344,2739.6500000000005 ms
344,2744.1500000000005 ms
344,2775.4500000000016 ms
344,2778.800000000001 ms
344,2791.6500000000015 ms
344,2800.000000000001 ms
344,2802.6500000000005 ms
344,2817.550000000001 ms
344,2818.300000000001 ms
344,2824.9500000000007 ms
344,2836.4500000000007 ms
344,2836.9500000000007 ms
344,2871.9500000000007 ms
344,2898.4500000000007 ms
344,2905.8500000000013 ms
344,2909.800000000001 ms
344,2928.1500000000015 ms
344,2933.3500000000004 ms
344,2937.000000000001 ms
344,2940.9000000000005 ms
344,2959.3500000000013 ms
344,2962.4000000000005 ms
344,2965.6500000000005 ms
344,2979.9500000000016 ms
344,3004.4500000000016 ms
344,3009.9500000000016 ms
344,3062.500000000001 ms
344,3111.800000000002 ms
344,3113.9500000000016 ms
344,3114.300000000002 ms
344,3118.6000000000013 ms
344,3155.300000000002 ms
344,3174.1000000000013 ms
344,3187.9500000000016 ms
344,3213.800000000002 ms
344,3222.300000000002 ms
344,3226.4500000000016 ms
344,3269.4500000000016 ms
344,3273.8500000000013 ms
344,3353.8500000000013 ms
344,3373.000000000002 ms
344,3374.100000000002 ms
344,3381.4500000000016 ms
344,3435.3500000000013 ms
344,3446.1000000000013 ms
344,3452.6500000000024 ms
344,3454.300000000002 ms
344,3468.500000000002 ms
344,3488.350000000002 ms
344,3488.9500000000016 ms
344,3494.300000000002 ms
344,3494.7000000000016 ms
344,3509.500000000002 ms
344,3512.050000000002 ms
344,3521.600000000002 ms
344,3529.100000000002 ms
344,3534.350000000002 ms
344,3576.050000000002 ms
344,3596.850000000002 ms
344,3617.4000000000024 ms
344,3620.600000000002 ms
344,3632.6500000000024 ms
344,3639.550000000002 ms
344,3654.4000000000024 ms
344,3660.6500000000024 ms
344,3670.6500000000024 ms
344,3684.600000000002 ms
344,3696.800000000002 ms
344,3699.1500000000024 ms
344,3720.6000000000013 ms
344,3730.050000000002 ms
344,3743.050000000002 ms
344,3747.7000000000016 ms
344,3754.500000000002 ms
344,3758.850000000002 ms
344,3762.4500000000016 ms
344,3768.500000000002 ms
344,3776.850000000002 ms
344,3778.350000000002 ms
344,3810.7000000000016 ms
344,3832.8500000000013 ms
344,3854.1500000000024 ms
344,3869.4000000000024 ms
344,3870.750000000002 ms
344,3879.050000000002 ms
344,3885.6500000000024 ms
344,3894.9500000000016 ms
344,3924.7000000000016 ms
344,3931.4000000000024 ms
344,3951.2000000000016 ms
344,3958.4000000000024 ms
344,3960.4000000000024 ms
344,3963.2000000000016 ms
344,3969.550000000002 ms
344,3990.2000000000016 ms
344,3999.9500000000016 ms
345,17.55 ms
345,22.749999999999996 ms
345,31.849999999999998 ms
345,54.5 ms
345,63.25 ms
345,67.6 ms
345,120.85 ms
345,138.00000000000003 ms
345,148.95000000000002 ms
345,152.29999999999998 ms
345,171.29999999999998 ms
345,177.89999999999995 ms
345,178.15 ms
345,187.49999999999997 ms
345,193.94999999999996 ms
345,202.04999999999993 ms
345,211.74999999999991 ms
345,213.39999999999995 ms
345,243.99999999999991 ms
345,252.84999999999994 ms
345,253.04999999999993 ms
345,276.64999999999986 ms
345,278.94999999999993 ms
345,286.8499999999999 ms
345,288.19999999999993 ms
345,312.79999999999995 ms
345,313.9 ms
345,325.0 ms
345,335.95000000000005 ms
345,356.75 ms
345,358.35 ms
345,366.05000000000007 ms
345,395.55000000000007 ms
345,396.9 ms
345,402.80000000000007 ms
345,433.5 ms
345,444.6 ms
345,478.0 ms
345,480.95000000000005 ms
345,483.9 ms
345,504.1 ms
345,505.04999999999995 ms
345,519.8 ms
345,533.55 ms
345,534.45 ms
345,555.45 ms
345,557.7499999999998 ms
345,573.95 ms
345,582.3 ms
345,645.0 ms
345,645.0999999999999 ms
345,651.5 ms
345,653.45 ms
345,673.6000000000001 ms
345,694.8 ms
345,698.1500000000001 ms
345,698.4000000000001 ms
345,703.1000000000001 ms
345,708.5500000000002 ms
345,720.0000000000002 ms
345,722.4500000000003 ms
345,751.1000000000004 ms
345,752.0000000000002 ms
345,759.8000000000002 ms
345,771.3500000000001 ms
345,788.3000000000002 ms
345,793.6000000000001 ms
345,802.2500000000002 ms
345,802.6500000000001 ms
345,834.3500000000001 ms
345,848.0000000000002 ms
345,854.9000000000001 ms
345,889.95 ms
345,913.95 ms
345,920.3 ms
345,926.1500000000001 ms
345,956.5500000000002 ms
345,957.6500000000001 ms
345,964.1000000000001 ms
345,966.6000000000001 ms
345,973.0500000000002 ms
345,981.9000000000001 ms
345,994.3500000000004 ms
345,1001.0000000000002 ms
345,1002.2500000000002 ms
345,1013.4500000000003 ms
345,1018.5500000000002 ms
345,1019.5000000000005 ms
345,1024.0500000000004 ms
345,1037.7000000000005 ms
345,1041.8500000000006 ms
345,1053.0500000000009 ms
345,1089.0000000000007 ms
345,1092.3000000000004 ms
345,1092.9000000000003 ms
345,1094.3500000000006 ms
345,1113.6000000000006 ms
345,1119.1000000000006 ms
345,1124.5000000000007 ms
345,1124.950000000001 ms
345,1139.3000000000009 ms
345,1148.4000000000008 ms
345,1175.8000000000009 ms
345,1201.3500000000006 ms
345,1213.1000000000006 ms
345,1216.6000000000006 ms
345,1220.2500000000007 ms
345,1242.6000000000006 ms
345,1251.2500000000007 ms
345,1282.0500000000004 ms
345,1287.9000000000003 ms
345,1311.4000000000008 ms
345,1343.0500000000009 ms
345,1349.4000000000008 ms
345,1356.0000000000007 ms
345,1358.2000000000005 ms
345,1360.8500000000006 ms
345,1419.5000000000007 ms
345,1421.5500000000004 ms
345,1423.5000000000007 ms
345,1427.3000000000004 ms
345,1430.4000000000003 ms
345,1431.9000000000008 ms
345,1448.1000000000006 ms
345,1462.2000000000005 ms
345,1463.2500000000002 ms
345,1505.4500000000005 ms
345,1534.6500000000008 ms
345,1535.6500000000003 ms
345,1539.1500000000008 ms
345,1558.1000000000006 ms
345,1572.4000000000003 ms
345,1582.4000000000008 ms
345,1589.0500000000009 ms
345,1600.0500000000004 ms
345,1614.1000000000006 ms
345,1617.4000000000003 ms
345,1635.3500000000006 ms
345,1659.8000000000009 ms
345,1660.200000000001 ms
345,1666.100000000001 ms
345,1682.6500000000008 ms
345,1687.1500000000008 ms
345,1687.350000000001 ms
345,1714.5000000000011 ms
345,1722.600000000001 ms
345,1740.0500000000009 ms
345,1747.3500000000006 ms
345,1765.6500000000008 ms
345,1771.2500000000007 ms
345,1818.6500000000008 ms
345,1851.100000000001 ms
345,1879.950000000001 ms
345,1880.9000000000008 ms
345,1886.600000000001 ms
345,1889.3000000000009 ms
345,1890.5000000000011 ms
345,1908.5500000000009 ms
345,1924.8000000000009 ms
345,1931.1000000000006 ms
345,1947.7500000000007 ms
345,1951.0500000000009 ms
345,1952.3000000000009 ms
345,1954.950000000001 ms
345,1959.200000000001 ms
345,1980.5500000000009 ms
345,1989.0000000000011 ms
345,1990.0500000000009 ms
345,1995.950000000001 ms
345,1997.0000000000007 ms
345,2018.0000000000011 ms
345,2018.850000000001 ms
345,2024.3500000000006 ms
345,2066.6500000000015 ms
345,2067.4500000000007 ms
345,2067.6500000000015 ms
345,2070.1000000000004 ms
345,2077.3500000000004 ms
345,2088.050000000001 ms
345,2111.8500000000004 ms
345,2125.250000000001 ms
345,2139.050000000001 ms
345,2182.6000000000013 ms
345,2187.4500000000016 ms
345,2199.1500000000005 ms
345,2217.250000000001 ms
345,2229.4500000000007 ms
345,2241.2000000000007 ms
345,2247.6500000000005 ms
345,2249.6500000000005 ms
345,2257.05 ms
345,2257.4500000000007 ms
345,2285.2000000000007 ms
345,2294.7000000000007 ms
345,2303.500000000001 ms
345,2318.800000000001 ms
345,2323.750000000001 ms
345,2325.7000000000007 ms
345,2336.750000000001 ms
345,2339.800000000001 ms
345,2349.6000000000013 ms
345,2366.4500000000016 ms
345,2403.2000000000016 ms
345,2405.8500000000013 ms
345,2411.9000000000015 ms
345,2423.4500000000016 ms
345,2432.050000000002 ms
345,2436.300000000002 ms
345,2461.8500000000013 ms
345,2462.800000000002 ms
345,2465.750000000001 ms
345,2469.550000000002 ms
345,2484.7000000000016 ms
345,2560.1000000000013 ms
345,2571.7000000000016 ms
345,2572.550000000002 ms
345,2592.4500000000016 ms
345,2611.4500000000016 ms
345,2612.2000000000016 ms
345,2615.9500000000016 ms
345,2640.3500000000013 ms
345,2641.4000000000024 ms
345,2656.500000000002 ms
345,2683.4500000000016 ms
345,2697.750000000002 ms
345,2697.9500000000016 ms
345,2721.750000000002 ms
345,2728.9500000000016 ms
345,2758.050000000002 ms
345,2764.800000000002 ms
345,2768.7000000000016 ms
345,2777.550000000002 ms
345,2781.6500000000015 ms
345,2783.750000000002 ms
345,2802.9000000000015 ms
345,2804.500000000002 ms
345,2811.250000000002 ms
345,2845.550000000001 ms
345,2857.9000000000015 ms
345,2890.050000000001 ms
345,2926.1500000000015 ms
345,2959.500000000002 ms
345,2962.7000000000007 ms
345,2967.500000000002 ms
345,2969.2000000000007 ms
345,2996.8500000000013 ms
345,3002.050000000001 ms
345,3021.2000000000007 ms
345,3034.9000000000015 ms
345,3057.7000000000007 ms
345,3060.8500000000013 ms
345,3092.7000000000016 ms
345,3121.4000000000005 ms
345,3126.8500000000013 ms
345,3135.8500000000013 ms
345,3165.2000000000007 ms
345,3165.800000000001 ms
345,3212.800000000001 ms
345,3224.9000000000005 ms
345,3226.9500000000007 ms
345,3240.8500000000004 ms
345,3252.3500000000004 ms
345,3262.4500000000007 ms
345,3266.6000000000004 ms
345,3278.800000000001 ms
345,3287.050000000001 ms
345,3302.6500000000005 ms
345,3305.500000000001 ms
345,3329.1500000000005 ms
345,3334.9500000000007 ms
345,3360.1000000000004 ms
345,3366.7000000000007 ms
345,3367.1500000000005 ms
345,3371.750000000001 ms
345,3377.4000000000005 ms
345,3386.1500000000005 ms
345,3391.750000000001 ms
345,3404.4000000000005 ms
345,3421.8 ms
345,3424.6500000000005 ms
345,3430.55 ms
345,3438.9500000000007 ms
345,3450.9000000000005 ms
345,3499.9500000000007 ms
345,3512.500000000001 ms
345,3512.6500000000005 ms
345,3532.500000000001 ms
345,3537.8500000000013 ms
345,3560.55 ms
345,3564.9000000000005 ms
345,3573.9500000000007 ms
345,3578.9500000000007 ms
345,3585.8500000000004 ms
345,3586.550000000001 ms
345,3599.9500000000007 ms
345,3603.500000000001 ms
345,3609.6500000000005 ms
345,3614.1500000000005 ms
345,3619.4000000000005 ms
345,3623.8500000000013 ms
345,3632.250000000001 ms
345,3657.1000000000013 ms
345,3661.500000000001 ms
345,3702.3500000000013 ms
345,3713.6500000000005 ms
345,3732.800000000001 ms
345,3743.750000000001 ms
345,3751.1000000000013 ms
345,3758.750000000001 ms
345,3767.4000000000005 ms
345,3799.6000000000013 ms
345,3802.500000000001 ms
345,3824.6500000000005 ms
345,3838.6500000000005 ms
345,3846.4500000000016 ms
345,3859.9500000000016 ms
345,3869.7000000000016 ms
345,3885.6000000000013 ms
345,3923.9000000000015 ms
345,3941.550000000001 ms
345,3957.100000000002 ms
345,3965.100000000002 ms
345,3974.600000000002 ms
345,3975.350000000002 ms
345,3976.9000000000015 ms
345,3984.050000000002 ms
345,3991.9000000000024 ms
346,7.5 ms
346,17.05 ms
346,17.900000000000002 ms
346,48.60000000000001 ms
346,56.60000000000001 ms
346,62.30000000000001 ms
346,62.55000000000001 ms
346,75.30000000000001 ms
346,79.30000000000001 ms
346,113.65 ms
346,142.20000000000002 ms
346,152.95000000000002 ms
346,154.79999999999998 ms
346,156.4 ms
346,172.30000000000004 ms
346,190.25000000000003 ms
346,192.05000000000004 ms
346,196.25000000000003 ms
346,246.95000000000002 ms
346,251.69999999999996 ms
346,251.99999999999997 ms
346,268.9 ms
346,277.15 ms
346,293.19999999999993 ms
346,307.6 ms
346,312.4999999999999 ms
346,322.54999999999995 ms
346,323.94999999999993 ms
346,326.4999999999999 ms
346,342.4 ms
346,352.65 ms
346,374.7499999999999 ms
346,394.79999999999995 ms
346,429.94999999999993 ms
346,430.69999999999993 ms
346,440.9999999999999 ms
346,460.69999999999993 ms
346,467.29999999999995 ms
346,525.0999999999999 ms
346,538.5 ms
346,538.6999999999998 ms
346,545.6500000000001 ms
346,554.1500000000001 ms
346,558.3 ms
346,560.3 ms
346,563.45 ms
346,581.95 ms
346,656.0999999999999 ms
346,677.55 ms
346,684.1499999999999 ms
346,696.6499999999999 ms
346,707.1000000000001 ms
346,718.7 ms
346,719.0 ms
346,724.55 ms
346,728.8999999999999 ms
346,732.8 ms
346,739.55 ms
346,750.8499999999999 ms
346,761.8999999999999 ms
346,781.3 ms
346,793.9999999999998 ms
346,794.8 ms
346,798.7499999999998 ms
346,802.3999999999999 ms
346,827.3999999999999 ms
346,855.5999999999999 ms
346,856.4499999999998 ms
346,857.6500000000001 ms
346,873.9000000000001 ms
346,889.3 ms
346,915.75 ms
346,932.55 ms
346,945.3499999999999 ms
346,950.6999999999998 ms
346,973.75 ms
346,974.8999999999999 ms
346,997.3499999999999 ms
346,1008.5 ms
346,1019.1499999999999 ms
346,1022.0999999999999 ms
346,1033.4 ms
346,1041.7999999999997 ms
346,1045.2000000000003 ms
346,1047.2000000000003 ms
346,1052.7000000000003 ms
346,1053.85 ms
346,1061.4500000000003 ms
346,1087.85 ms
346,1100.85 ms
346,1101.3000000000002 ms
346,1109.8000000000002 ms
346,1112.4500000000003 ms
346,1132.8500000000004 ms
346,1142.2000000000003 ms
346,1143.7000000000003 ms
346,1176.3500000000004 ms
346,1196.3000000000002 ms
346,1208.3500000000004 ms
346,1215.2500000000005 ms
346,1232.6500000000005 ms
346,1246.3500000000004 ms
346,1288.3500000000004 ms
346,1301.3500000000004 ms
346,1328.4500000000007 ms
346,1395.2000000000007 ms
346,1402.6500000000005 ms
346,1421.9500000000007 ms
346,1427.7500000000005 ms
346,1439.5500000000006 ms
346,1442.15 ms
346,1443.3000000000006 ms
346,1448.7500000000005 ms
346,1463.3000000000006 ms
346,1469.0500000000006 ms
346,1477.7000000000003 ms
346,1485.2500000000005 ms
346,1485.4000000000005 ms
346,1515.3000000000006 ms
346,1520.3500000000008 ms
346,1532.7500000000005 ms
346,1535.2000000000007 ms
346,1553.000000000001 ms
346,1559.5500000000006 ms
346,1580.2500000000005 ms
346,1591.3000000000006 ms
346,1613.5000000000005 ms
346,1622.8000000000006 ms
346,1630.5500000000006 ms
346,1640.8500000000008 ms
346,1654.1000000000008 ms
346,1667.1500000000005 ms
346,1706.2500000000005 ms
346,1713.5000000000005 ms
346,1719.9000000000005 ms
346,1721.1000000000004 ms
346,1739.6500000000005 ms
346,1740.7500000000005 ms
346,1748.7500000000005 ms
346,1750.9000000000005 ms
346,1765.8000000000006 ms
346,1818.0500000000006 ms
346,1828.8500000000008 ms
346,1830.1500000000005 ms
346,1846.6500000000005 ms
346,1848.7000000000007 ms
346,1854.2500000000005 ms
346,1855.3000000000006 ms
346,1876.3000000000006 ms
346,1877.8500000000004 ms
346,1900.1500000000005 ms
346,1921.6000000000004 ms
346,1923.9500000000003 ms
346,1950.5500000000002 ms
346,1954.5 ms
346,1966.5500000000002 ms
346,2019.4 ms
346,2029.35 ms
346,2044.85 ms
346,2079.5499999999997 ms
346,2091.6 ms
346,2098.7000000000003 ms
346,2098.850000000001 ms
346,2109.150000000001 ms
346,2112.15 ms
346,2120.5500000000006 ms
346,2125.5500000000006 ms
346,2130.7500000000005 ms
346,2132.9500000000003 ms
346,2168.9 ms
346,2171.15 ms
346,2186.9500000000003 ms
346,2193.2000000000003 ms
346,2224.7999999999997 ms
346,2261.8000000000006 ms
346,2310.9 ms
346,2327.4500000000003 ms
346,2335.9500000000003 ms
346,2345.5499999999997 ms
346,2362.4999999999995 ms
346,2404.85 ms
346,2432.0000000000005 ms
346,2439.3000000000006 ms
346,2450.65 ms
346,2474.4 ms
346,2477.65 ms
346,2516.9 ms
346,2519.2499999999995 ms
346,2529.2999999999997 ms
346,2537.0500000000006 ms
346,2545.100000000001 ms
346,2546.7500000000005 ms
346,2553.650000000001 ms
346,2566.5000000000005 ms
346,2587.150000000001 ms
346,2606.600000000001 ms
346,2609.7000000000003 ms
346,2610.850000000001 ms
346,2619.5000000000005 ms
346,2636.150000000001 ms
346,2645.3000000000006 ms
346,2646.100000000001 ms
346,2647.4500000000003 ms
346,2664.850000000001 ms
346,2683.0500000000006 ms
346,2688.850000000001 ms
346,2708.100000000001 ms
346,2714.7000000000003 ms
346,2721.5500000000006 ms
346,2722.3000000000006 ms
346,2725.850000000001 ms
346,2742.400000000001 ms
346,2747.950000000001 ms
346,2762.900000000001 ms
346,2764.600000000001 ms
346,2772.4500000000003 ms
346,2775.7500000000005 ms
346,2779.400000000001 ms
346,2780.5500000000015 ms
346,2786.1000000000017 ms
346,2809.0500000000015 ms
346,2832.0000000000014 ms
346,2855.100000000001 ms
346,2857.150000000001 ms
346,2872.2500000000005 ms
346,2892.0500000000006 ms
346,2918.100000000001 ms
346,2918.2500000000014 ms
346,2919.600000000001 ms
346,2940.7500000000014 ms
346,3000.2500000000014 ms
346,3003.0500000000015 ms
346,3004.1000000000017 ms
346,3012.8500000000017 ms
346,3016.6000000000017 ms
346,3017.400000000002 ms
346,3018.3000000000025 ms
346,3045.400000000002 ms
346,3047.200000000002 ms
346,3050.2500000000023 ms
346,3053.200000000002 ms
346,3106.400000000002 ms
346,3115.3500000000017 ms
346,3116.200000000001 ms
346,3126.0500000000015 ms
346,3128.3000000000015 ms
346,3161.5500000000015 ms
346,3166.8500000000017 ms
346,3175.0000000000023 ms
346,3185.150000000002 ms
346,3193.8500000000017 ms
346,3235.450000000001 ms
346,3236.8500000000017 ms
346,3239.8500000000017 ms
346,3244.650000000002 ms
346,3261.6000000000017 ms
346,3282.7500000000023 ms
346,3283.5500000000025 ms
346,3294.950000000002 ms
346,3310.7500000000023 ms
346,3337.900000000003 ms
346,3351.0000000000023 ms
346,3359.650000000003 ms
346,3361.450000000003 ms
346,3424.3000000000025 ms
346,3432.1000000000026 ms
346,3449.500000000003 ms
346,3467.200000000003 ms
346,3495.400000000003 ms
346,3506.200000000003 ms
346,3510.0500000000025 ms
346,3522.0500000000025 ms
346,3522.5000000000023 ms
346,3532.0500000000025 ms
346,3543.7500000000023 ms
346,3549.3000000000025 ms
346,3582.8500000000026 ms
346,3583.6000000000026 ms
346,3598.3500000000026 ms
346,3619.0500000000025 ms
346,3633.6000000000026 ms
346,3640.8000000000025 ms
346,3666.450000000003 ms
346,3676.250000000003 ms
346,3693.700000000003 ms
346,3707.3000000000025 ms
346,3721.1000000000026 ms
346,3729.200000000002 ms
346,3731.900000000002 ms
346,3751.200000000002 ms
346,3800.7500000000023 ms
346,3802.900000000003 ms
346,3807.150000000003 ms
346,3809.8000000000034 ms
346,3829.1000000000035 ms
346,3846.3000000000034 ms
346,3850.950000000003 ms
346,3872.950000000003 ms
346,3888.8000000000025 ms
346,3908.3000000000034 ms
346,3914.5500000000025 ms
346,3979.0000000000023 ms
346,3997.250000000003 ms
347,19.200000000000003 ms
347,28.25 ms
347,45.10000000000001 ms
347,49.000000000000014 ms
347,54.35000000000001 ms
347,59.250000000000014 ms
347,65.25 ms
347,65.55000000000001 ms
347,88.05000000000001 ms
347,91.69999999999999 ms
347,98.0 ms
347,102.35 ms
347,133.2 ms
347,146.95 ms
347,148.75 ms
347,152.0 ms
347,193.3 ms
347,195.95 ms
347,201.55 ms
347,205.75 ms
347,212.05 ms
347,233.65000000000003 ms
347,242.95 ms
347,244.05 ms
347,244.40000000000003 ms
347,258.4 ms
347,264.19999999999993 ms
347,275.55000000000007 ms
347,314.15 ms
347,323.95000000000005 ms
347,333.1 ms
347,335.95000000000005 ms
347,346.6500000000001 ms
347,362.5 ms
347,366.45000000000005 ms
347,413.80000000000007 ms
347,416.45000000000005 ms
347,419.20000000000005 ms
347,422.35 ms
347,434.05000000000007 ms
347,449.15 ms
347,451.9 ms
347,454.65 ms
347,457.0000000000001 ms
347,461.95000000000005 ms
347,473.80000000000007 ms
347,488.7500000000001 ms
347,519.9000000000001 ms
347,557.5 ms
347,558.8000000000002 ms
347,570.0 ms
347,585.4500000000003 ms
347,599.9000000000001 ms
347,606.7000000000003 ms
347,626.3000000000002 ms
347,640.5000000000002 ms
347,646.6500000000003 ms
347,655.95 ms
347,660.8500000000001 ms
347,665.3500000000001 ms
347,683.3000000000002 ms
347,693.0000000000002 ms
347,697.7500000000002 ms
347,716.3500000000001 ms
347,718.6500000000003 ms
347,731.8500000000001 ms
347,734.1000000000001 ms
347,739.7500000000002 ms
347,742.0000000000002 ms
347,745.5500000000002 ms
347,746.6000000000001 ms
347,748.0500000000002 ms
347,755.2500000000002 ms
347,779.9000000000003 ms
347,783.5500000000002 ms
347,784.2000000000003 ms
347,814.5500000000002 ms
347,824.1000000000001 ms
347,833.4000000000001 ms
347,847.6000000000001 ms
347,859.3500000000001 ms
347,865.1500000000001 ms
347,868.2 ms
347,883.25 ms
347,883.5999999999999 ms
347,884.1500000000001 ms
347,884.3499999999999 ms
347,892.95 ms
347,897.25 ms
347,916.3 ms
347,943.5999999999999 ms
347,946.25 ms
347,947.5 ms
347,953.3999999999999 ms
347,956.55 ms
347,959.8499999999997 ms
347,964.9999999999998 ms
347,999.6499999999999 ms
347,1018.2499999999998 ms
347,1039.4999999999998 ms
347,1052.3999999999999 ms
347,1058.1999999999996 ms
347,1067.9999999999998 ms
347,1108.7999999999995 ms
347,1154.0999999999997 ms
347,1154.8499999999997 ms
347,1174.5999999999997 ms
347,1187.8999999999994 ms
347,1198.5999999999997 ms
347,1201.55 ms
347,1206.9999999999998 ms
347,1231.95 ms
347,1233.8 ms
347,1245.2499999999998 ms
347,1250.0999999999997 ms
347,1255.9999999999998 ms
347,1265.6499999999999 ms
347,1267.9499999999996 ms
347,1299.0499999999995 ms
347,1299.3499999999997 ms
347,1310.55 ms
347,1327.9999999999998 ms
347,1329.95 ms
347,1341.4499999999996 ms
347,1349.2 ms
347,1377.1499999999999 ms
347,1385.8 ms
347,1412.7 ms
347,1426.1500000000003 ms
347,1429.8999999999999 ms
347,1440.4999999999998 ms
347,1472.6499999999999 ms
347,1536.05 ms
347,1536.1499999999999 ms
347,1553.2499999999998 ms
347,1560.8999999999999 ms
347,1568.95 ms
347,1590.7 ms
347,1618.3 ms
347,1629.3999999999999 ms
347,1630.9999999999998 ms
347,1648.5499999999995 ms
347,1650.8999999999994 ms
347,1676.7999999999995 ms
347,1681.4499999999996 ms
347,1686.3999999999999 ms
347,1688.6000000000001 ms
347,1697.7 ms
347,1699.1499999999999 ms
347,1703.6499999999999 ms
347,1725.8999999999999 ms
347,1745.3500000000001 ms
347,1751.5000000000002 ms
347,1770.6500000000003 ms
347,1777.3500000000001 ms
347,1785.7 ms
347,1817.3 ms
347,1830.3499999999997 ms
347,1843.1499999999999 ms
347,1845.8500000000001 ms
347,1868.05 ms
347,1870.3999999999999 ms
347,1882.3999999999999 ms
347,1888.6999999999996 ms
347,1896.8999999999999 ms
347,1898.3500000000001 ms
347,1909.2 ms
347,1923.8999999999999 ms
347,1936.9999999999998 ms
347,1944.2 ms
347,1948.6999999999996 ms
347,1954.2499999999998 ms
347,1958.7499999999998 ms
347,1960.5999999999997 ms
347,1991.4499999999996 ms
347,2004.8499999999997 ms
347,2006.8 ms
347,2012.4999999999998 ms
347,2022.5499999999995 ms
347,2044.3499999999997 ms
347,2053.1499999999996 ms
347,2062.7 ms
347,2071.8 ms
347,2101.5999999999995 ms
347,2122.0 ms
347,2129.8500000000004 ms
347,2139.2 ms
347,2144.05 ms
347,2162.749999999999 ms
347,2181.3999999999996 ms
347,2206.0499999999993 ms
347,2210.75 ms
347,2212.699999999999 ms
347,2217.5999999999995 ms
347,2226.5999999999995 ms
347,2227.6499999999996 ms
347,2235.2999999999993 ms
347,2240.7999999999993 ms
347,2253.5499999999993 ms
347,2264.25 ms
347,2268.6499999999996 ms
347,2312.5 ms
347,2317.5999999999995 ms
347,2322.1499999999996 ms
347,2326.5499999999993 ms
347,2333.6000000000004 ms
347,2343.7999999999993 ms
347,2353.2 ms
347,2371.8 ms
347,2396.749999999999 ms
347,2414.45 ms
347,2464.7 ms
347,2475.7 ms
347,2541.749999999999 ms
347,2567.749999999999 ms
347,2571.3 ms
347,2576.8999999999996 ms
347,2601.75 ms
347,2615.7999999999993 ms
347,2628.0499999999993 ms
347,2640.1499999999996 ms
347,2644.5999999999995 ms
347,2648.8499999999995 ms
347,2658.5999999999995 ms
347,2673.5999999999995 ms
347,2679.7999999999993 ms
347,2740.0499999999993 ms
347,2747.0999999999995 ms
347,2748.95 ms
347,2755.1499999999987 ms
347,2768.499999999999 ms
347,2784.1499999999987 ms
347,2786.7 ms
347,2790.999999999999 ms
347,2812.8499999999995 ms
347,2829.3999999999996 ms
347,2842.8499999999995 ms
347,2858.3499999999995 ms
347,2861.7 ms
347,2875.749999999999 ms
347,2877.8999999999996 ms
347,2878.2 ms
347,2898.8499999999995 ms
347,2909.3 ms
347,2915.7 ms
347,2928.5999999999995 ms
347,2940.75 ms
347,2981.3500000000004 ms
347,2983.5499999999993 ms
347,2998.2 ms
347,3005.1499999999996 ms
347,3018.45 ms
347,3049.05 ms
347,3058.499999999999 ms
347,3074.05 ms
347,3074.3499999999995 ms
347,3076.2 ms
347,3080.3499999999995 ms
347,3089.8499999999995 ms
347,3095.6500000000005 ms
347,3130.0999999999995 ms
347,3149.4000000000005 ms
347,3150.7 ms
347,3158.1000000000004 ms
347,3165.7000000000007 ms
347,3170.3999999999996 ms
347,3176.2000000000007 ms
347,3176.3 ms
347,3179.25 ms
347,3189.7 ms
347,3192.8499999999995 ms
347,3201.5999999999995 ms
347,3218.25 ms
347,3224.6000000000004 ms
347,3234.5499999999993 ms
347,3244.95 ms
347,3258.95 ms
347,3265.3499999999995 ms
347,3317.95 ms
347,3321.5999999999995 ms
347,3354.25 ms
347,3356.3 ms
347,3357.5 ms
347,3367.2 ms
347,3379.25 ms
347,3404.8999999999996 ms
347,3408.6000000000004 ms
347,3443.7 ms
347,3445.05 ms
347,3461.999999999999 ms
347,3484.55 ms
347,3492.3999999999996 ms
347,3495.45 ms
347,3501.0999999999995 ms
347,3520.45 ms
347,3520.6499999999996 ms
347,3525.0499999999993 ms
347,3535.5499999999993 ms
347,3569.3500000000004 ms
347,3577.2 ms
347,3603.8499999999995 ms
347,3612.05 ms
347,3613.8999999999996 ms
347,3619.5 ms
347,3629.3999999999996 ms
347,3634.7 ms
347,3653.05 ms
347,3653.5999999999995 ms
347,3653.8499999999995 ms
347,3655.2 ms
347,3670.5999999999995 ms
347,3672.95 ms
347,3685.8499999999995 ms
347,3700.4000000000005 ms
347,3715.7 ms
347,3716.2 ms
347,3717.250000000001 ms
347,3738.45 ms
347,3738.750000000001 ms
347,3745.000000000001 ms
347,3763.1500000000005 ms
347,3775.2000000000007 ms
347,3784.7000000000007 ms
347,3801.550000000001 ms
347,3802.2000000000007 ms
347,3803.550000000001 ms
347,3808.1000000000004 ms
347,3847.4000000000015 ms
347,3879.1000000000004 ms
347,3880.1500000000015 ms
347,3895.050000000001 ms
347,3958.7000000000007 ms
347,3960.2000000000007 ms
347,3994.6000000000013 ms
347,3998.2000000000016 ms
348,28.1 ms
348,35.300000000000004 ms
348,53.199999999999996 ms
348,61.9 ms
348,68.6 ms
348,72.30000000000001 ms
348,106.5 ms
348,108.75 ms
348,113.90000000000003 ms
348,114.5 ms
348,127.0 ms
348,155.70000000000005 ms
348,163.89999999999998 ms
348,177.05 ms
348,194.8 ms
348,212.65000000000003 ms
348,236.60000000000002 ms
348,252.95000000000005 ms
348,255.25 ms
348,256.5 ms
348,257.54999999999995 ms
348,265.54999999999995 ms
348,270.6500000000001 ms
348,314.6 ms
348,326.95000000000005 ms
348,327.05000000000007 ms
348,350.80000000000007 ms
348,350.9000000000001 ms
348,369.20000000000005 ms
348,424.1500000000001 ms
348,431.9000000000001 ms
348,440.10000000000014 ms
348,453.20000000000005 ms
348,476.85000000000014 ms
348,486.30000000000007 ms
348,493.80000000000007 ms
348,496.55000000000007 ms
348,498.20000000000005 ms
348,500.6500000000001 ms
348,502.1500000000001 ms
348,507.04999999999995 ms
348,507.4000000000001 ms
348,511.35 ms
348,512.0 ms
348,518.3 ms
348,519.95 ms
348,535.6499999999999 ms
348,536.7 ms
348,569.7499999999998 ms
348,586.3499999999999 ms
348,589.05 ms
348,591.95 ms
348,595.4999999999998 ms
348,596.1499999999999 ms
348,608.4999999999998 ms
348,616.6499999999999 ms
348,622.4499999999998 ms
348,626.5499999999997 ms
348,628.0 ms
348,643.5999999999999 ms
348,644.4499999999998 ms
348,651.6500000000001 ms
348,654.75 ms
348,695.4000000000001 ms
348,733.4000000000001 ms
348,736.25 ms
348,743.0 ms
348,764.9000000000001 ms
348,765.5999999999999 ms
348,768.2 ms
348,768.6500000000001 ms
348,770.8000000000002 ms
348,801.9000000000001 ms
348,804.4000000000001 ms
348,827.6500000000001 ms
348,828.95 ms
348,840.25 ms
348,845.95 ms
348,857.75 ms
348,859.5999999999999 ms
348,861.4000000000001 ms
348,862.8 ms
348,865.3999999999999 ms
348,869.55 ms
348,871.8 ms
348,877.3499999999999 ms
348,897.3 ms
348,911.3999999999999 ms
348,914.8 ms
348,931.5 ms
348,939.0999999999999 ms
348,949.5999999999999 ms
348,972.0 ms
348,978.3499999999999 ms
348,983.4000000000001 ms
348,987.0 ms
348,989.8499999999999 ms
348,1001.95 ms
348,1002.95 ms
348,1013.2 ms
348,1052.2499999999998 ms
348,1053.45 ms
348,1056.2 ms
348,1086.05 ms
348,1137.5000000000002 ms
348,1182.1500000000003 ms
348,1182.6499999999999 ms
348,1207.95 ms
348,1208.3 ms
348,1223.0999999999997 ms
348,1236.3999999999999 ms
348,1242.7499999999998 ms
348,1247.7 ms
348,1247.8999999999999 ms
348,1273.1499999999999 ms
348,1289.55 ms
348,1316.2500000000002 ms
348,1324.9000000000003 ms
348,1326.5500000000004 ms
348,1328.05 ms
348,1347.45 ms
348,1357.4500000000005 ms
348,1364.3000000000004 ms
348,1367.8500000000001 ms
348,1368.6499999999999 ms
348,1373.95 ms
348,1379.2 ms
348,1456.3500000000001 ms
348,1466.8999999999999 ms
348,1479.8500000000001 ms
348,1502.95 ms
348,1517.1000000000001 ms
348,1518.1499999999999 ms
348,1520.4999999999998 ms
348,1531.7 ms
348,1544.9999999999998 ms
348,1549.5000000000002 ms
348,1558.05 ms
348,1572.8999999999999 ms
348,1575.1000000000001 ms
348,1583.2 ms
348,1589.3999999999999 ms
348,1617.2499999999998 ms
348,1620.9999999999998 ms
348,1622.95 ms
348,1628.1999999999996 ms
348,1630.6499999999999 ms
348,1634.55 ms
348,1649.8999999999999 ms
348,1678.7499999999998 ms
348,1700.6499999999999 ms
348,1710.7499999999998 ms
348,1714.6499999999999 ms
348,1715.9999999999998 ms
348,1728.4999999999998 ms
348,1741.45 ms
348,1753.8999999999999 ms
348,1759.3 ms
348,1788.0999999999997 ms
348,1806.3 ms
348,1848.45 ms
348,1848.7 ms
348,1861.4999999999998 ms
348,1866.5000000000002 ms
348,1871.9999999999998 ms
348,1882.1499999999999 ms
348,1882.9999999999998 ms
348,1884.1499999999999 ms
348,1888.2499999999998 ms
348,1897.5999999999997 ms
348,1925.55 ms
348,1951.2 ms
348,1969.3500000000001 ms
348,1976.0000000000002 ms
348,1989.1500000000003 ms
348,1996.95 ms
348,1999.8 ms
348,2006.7 ms
348,2011.1500000000003 ms
348,2014.2500000000002 ms
348,2020.05 ms
348,2039.5000000000002 ms
348,2042.3 ms
348,2045.0500000000004 ms
348,2049.8 ms
348,2051.75 ms
348,2061.05 ms
348,2061.4000000000005 ms
348,2067.95 ms
348,2074.95 ms
348,2098.3 ms
348,2117.45 ms
348,2146.6500000000005 ms
348,2148.0 ms
348,2161.1000000000004 ms
348,2169.5499999999993 ms
348,2184.7 ms
348,2209.1499999999996 ms
348,2216.1499999999996 ms
348,2233.25 ms
348,2324.6499999999996 ms
348,2339.0499999999993 ms
348,2350.0499999999993 ms
348,2385.7999999999993 ms
348,2402.1000000000004 ms
348,2421.1499999999996 ms
348,2426.55 ms
348,2434.1500000000005 ms
348,2436.25 ms
348,2447.45 ms
348,2462.8 ms
348,2491.55 ms
348,2494.749999999999 ms
348,2498.8 ms
348,2499.3499999999995 ms
348,2524.5999999999995 ms
348,2525.9000000000005 ms
348,2538.1500000000005 ms
348,2567.25 ms
348,2581.55 ms
348,2584.95 ms
348,2587.3500000000004 ms
348,2588.25 ms
348,2605.1500000000005 ms
348,2610.9500000000007 ms
348,2616.7000000000007 ms
348,2637.000000000001 ms
348,2654.3500000000013 ms
348,2660.250000000001 ms
348,2669.9500000000007 ms
348,2670.4000000000005 ms
348,2674.1500000000005 ms
348,2708.6000000000004 ms
348,2712.2000000000007 ms
348,2734.3500000000004 ms
348,2769.1500000000005 ms
348,2784.7000000000007 ms
348,2788.550000000001 ms
348,2788.800000000001 ms
348,2811.2000000000007 ms
348,2816.550000000001 ms
348,2820.6000000000004 ms
348,2838.4000000000015 ms
348,2856.1000000000004 ms
348,2881.7000000000007 ms
348,2902.7000000000007 ms
348,2906.800000000001 ms
348,2930.300000000001 ms
348,2941.6000000000004 ms
348,2964.750000000001 ms
348,2976.500000000001 ms
348,2989.000000000001 ms
348,2991.1000000000013 ms
348,2993.2000000000007 ms
348,2999.9500000000007 ms
348,3002.1500000000005 ms
348,3012.2000000000007 ms
348,3024.050000000001 ms
348,3025.1500000000005 ms
348,3026.7000000000007 ms
348,3033.9000000000005 ms
348,3051.3 ms
348,3056.3 ms
348,3057.8 ms
348,3065.3500000000013 ms
348,3071.000000000001 ms
348,3075.250000000001 ms
348,3078.050000000001 ms
348,3106.8500000000013 ms
348,3125.6500000000015 ms
348,3143.750000000002 ms
348,3161.250000000002 ms
348,3172.6500000000015 ms
348,3175.300000000001 ms
348,3200.1500000000015 ms
348,3214.800000000001 ms
348,3265.100000000002 ms
348,3267.350000000002 ms
348,3290.500000000002 ms
348,3330.300000000002 ms
348,3331.9000000000024 ms
348,3345.9500000000016 ms
348,3346.2000000000016 ms
348,3362.100000000002 ms
348,3371.250000000002 ms
348,3381.2000000000025 ms
348,3384.7000000000025 ms
348,3397.850000000002 ms
348,3398.600000000002 ms
348,3413.9000000000024 ms
348,3421.550000000002 ms
348,3423.350000000003 ms
348,3448.350000000003 ms
348,3456.050000000002 ms
348,3461.4000000000024 ms
348,3464.600000000002 ms
348,3466.9500000000025 ms
348,3478.9000000000015 ms
348,3486.000000000002 ms
348,3493.6500000000015 ms
348,3495.4000000000015 ms
348,3501.4500000000025 ms
348,3504.100000000002 ms
348,3507.800000000002 ms
348,3517.2000000000016 ms
348,3532.100000000002 ms
348,3555.6500000000024 ms
348,3557.4500000000025 ms
348,3559.600000000002 ms
348,3564.550000000003 ms
348,3569.600000000002 ms
348,3576.550000000003 ms
348,3586.750000000002 ms
348,3621.550000000003 ms
348,3629.4000000000024 ms
348,3644.4500000000025 ms
348,3675.9000000000024 ms
348,3681.350000000002 ms
348,3681.4500000000025 ms
348,3688.100000000002 ms
348,3691.6500000000024 ms
348,3693.100000000002 ms
348,3696.500000000002 ms
348,3700.850000000002 ms
348,3703.050000000002 ms
348,3712.350000000002 ms
348,3728.250000000002 ms
348,3735.4000000000024 ms
348,3746.800000000002 ms
348,3763.5000000000027 ms
348,3774.350000000002 ms
348,3781.250000000002 ms
348,3796.050000000003 ms
348,3801.6500000000024 ms
348,3853.800000000002 ms
348,3882.600000000003 ms
348,3883.5000000000027 ms
348,3899.7000000000025 ms
348,3905.2500000000027 ms
348,3907.550000000003 ms
348,3913.7000000000025 ms
348,3973.9000000000033 ms
348,3975.4500000000025 ms
348,3988.600000000003 ms
348,3997.2000000000035 ms
349,18.85 ms
349,32.550000000000004 ms
349,32.949999999999996 ms
349,57.24999999999999 ms
349,81.29999999999998 ms
349,94.75 ms
349,95.0 ms
349,98.9 ms
349,106.05000000000001 ms
349,112.30000000000001 ms
349,125.05000000000001 ms
349,164.2 ms
349,186.65000000000003 ms
349,211.40000000000003 ms
349,214.70000000000005 ms
349,227.40000000000003 ms
349,247.35000000000002 ms
349,251.20000000000005 ms
349,256.90000000000003 ms
349,263.75000000000006 ms
349,268.95 ms
349,323.2000000000001 ms
349,328.25000000000006 ms
349,341.5500000000001 ms
349,351.2000000000001 ms
349,357.0500000000001 ms
349,357.25000000000006 ms
349,359.6000000000001 ms
349,373.55 ms
349,380.00000000000006 ms
349,388.00000000000006 ms
349,412.3500000000001 ms
349,416.00000000000006 ms
349,416.1000000000001 ms
349,425.75000000000006 ms
349,436.5500000000001 ms
349,453.90000000000015 ms
349,462.65000000000003 ms
349,466.8 ms
349,473.3500000000001 ms
349,473.75000000000006 ms
349,485.25000000000006 ms
349,496.6000000000001 ms
349,509.25000000000006 ms
349,521.95 ms
349,537.2 ms
349,543.0 ms
349,552.55 ms
349,561.8499999999999 ms
349,570.3 ms
349,578.6499999999999 ms
349,598.95 ms
349,599.3 ms
349,600.95 ms
349,613.1499999999999 ms
349,629.7 ms
349,647.45 ms
349,649.0999999999999 ms
349,655.3 ms
349,700.2 ms
349,713.45 ms
349,729.45 ms
349,741.0999999999999 ms
349,758.4499999999998 ms
349,764.5 ms
349,766.25 ms
349,782.0999999999999 ms
349,783.4499999999998 ms
349,797.8499999999999 ms
349,800.25 ms
349,803.0499999999997 ms
349,807.3499999999999 ms
349,820.2499999999998 ms
349,861.8999999999999 ms
349,892.1999999999996 ms
349,897.5999999999997 ms
349,935.0499999999997 ms
349,936.7999999999997 ms
349,937.4499999999998 ms
349,951.7999999999997 ms
349,970.5999999999997 ms
349,981.8999999999996 ms
349,990.3999999999996 ms
349,1003.7999999999997 ms
349,1010.2999999999997 ms
349,1026.8499999999997 ms
349,1028.3999999999994 ms
349,1030.9999999999993 ms
349,1050.1999999999996 ms
349,1059.9999999999993 ms
349,1062.3499999999992 ms
349,1080.1499999999994 ms
349,1086.6499999999994 ms
349,1095.0499999999995 ms
349,1110.3999999999994 ms
349,1123.7999999999995 ms
349,1149.2499999999998 ms
349,1175.4999999999993 ms
349,1176.4499999999996 ms
349,1186.4499999999996 ms
349,1216.4999999999993 ms
349,1222.6999999999996 ms
349,1229.5999999999997 ms
349,1247.6999999999996 ms
349,1256.3999999999999 ms
349,1270.2499999999998 ms
349,1272.3999999999999 ms
349,1289.6499999999994 ms
349,1299.9499999999996 ms
349,1305.6499999999999 ms
349,1314.9499999999996 ms
349,1315.7499999999993 ms
349,1332.9999999999998 ms
349,1378.3999999999999 ms
349,1380.9499999999996 ms
349,1414.4999999999993 ms
349,1426.4999999999998 ms
349,1429.9999999999993 ms
349,1431.4999999999998 ms
349,1434.0499999999995 ms
349,1437.5999999999992 ms
349,1452.9499999999991 ms
349,1468.5999999999992 ms
349,1477.8999999999994 ms
349,1481.9999999999993 ms
349,1485.9499999999996 ms
349,1500.3499999999997 ms
349,1502.8999999999994 ms
349,1515.6999999999991 ms
349,1531.3499999999992 ms
349,1557.5499999999995 ms
349,1565.5499999999995 ms
349,1588.5999999999992 ms
349,1601.3499999999997 ms
349,1602.1499999999994 ms
349,1633.5499999999995 ms
349,1652.1499999999994 ms
349,1662.7499999999993 ms
349,1675.0999999999992 ms
349,1678.7499999999993 ms
349,1683.5999999999992 ms
349,1705.399999999999 ms
349,1708.2499999999989 ms
349,1711.899999999999 ms
349,1721.3499999999992 ms
349,1759.0999999999992 ms
349,1761.7999999999995 ms
349,1769.5999999999992 ms
349,1771.3499999999992 ms
349,1781.4499999999991 ms
349,1786.1999999999991 ms
349,1795.799999999999 ms
349,1819.149999999999 ms
349,1831.049999999999 ms
349,1848.7499999999993 ms
349,1858.3999999999994 ms
349,1860.0999999999992 ms
349,1864.6999999999991 ms
349,1866.0999999999992 ms
349,1901.5999999999992 ms
349,1915.399999999999 ms
349,1934.5999999999992 ms
349,1940.5999999999992 ms
349,1962.9999999999993 ms
349,1978.6499999999994 ms
349,1987.9999999999993 ms
349,1989.9999999999993 ms
349,2054.999999999999 ms
349,2069.5999999999995 ms
349,2078.1499999999987 ms
349,2109.5499999999993 ms
349,2117.699999999999 ms
349,2146.6499999999996 ms
349,2159.5999999999985 ms
349,2172.999999999999 ms
349,2177.449999999999 ms
349,2205.0999999999985 ms
349,2208.999999999999 ms
349,2254.749999999999 ms
349,2294.0999999999995 ms
349,2339.0499999999984 ms
349,2346.999999999999 ms
349,2364.0499999999984 ms
349,2373.0999999999995 ms
349,2386.5499999999984 ms
349,2396.449999999999 ms
349,2401.3999999999987 ms
349,2429.0999999999985 ms
349,2439.499999999998 ms
349,2442.999999999998 ms
349,2499.699999999999 ms
349,2505.999999999998 ms
349,2507.199999999999 ms
349,2541.899999999998 ms
349,2552.5999999999985 ms
349,2559.899999999998 ms
349,2563.949999999999 ms
349,2565.999999999998 ms
349,2567.3499999999985 ms
349,2569.1499999999987 ms
349,2585.249999999999 ms
349,2618.3999999999987 ms
349,2619.5499999999984 ms
349,2630.7999999999984 ms
349,2631.449999999999 ms
349,2672.1499999999987 ms
349,2676.249999999999 ms
349,2685.3499999999985 ms
349,2687.0499999999984 ms
349,2687.8499999999985 ms
349,2695.3999999999987 ms
349,2698.5499999999984 ms
349,2731.0499999999984 ms
349,2737.199999999999 ms
349,2772.449999999999 ms
349,2810.5499999999993 ms
349,2813.1499999999987 ms
349,2820.749999999999 ms
349,2831.6499999999987 ms
349,2849.6499999999987 ms
349,2852.699999999999 ms
349,2858.749999999999 ms
349,2874.8999999999987 ms
349,2884.6499999999987 ms
349,2897.249999999999 ms
349,2905.699999999999 ms
349,2916.8999999999987 ms
349,2948.449999999999 ms
349,2962.7999999999993 ms
349,2998.499999999998 ms
349,3016.0999999999985 ms
349,3016.6499999999987 ms
349,3017.6499999999987 ms
349,3022.199999999999 ms
349,3027.0499999999993 ms
349,3036.999999999998 ms
349,3042.3499999999985 ms
349,3047.949999999999 ms
349,3051.199999999999 ms
349,3067.0499999999984 ms
349,3114.449999999998 ms
349,3123.699999999998 ms
349,3126.3499999999985 ms
349,3142.499999999998 ms
349,3159.949999999999 ms
349,3169.149999999998 ms
349,3199.0999999999985 ms
349,3230.649999999998 ms
349,3239.749999999998 ms
349,3249.999999999998 ms
349,3264.249999999998 ms
349,3264.699999999998 ms
349,3271.0499999999984 ms
349,3282.949999999998 ms
349,3304.7999999999984 ms
349,3331.899999999998 ms
349,3336.449999999998 ms
349,3339.3499999999976 ms
349,3370.7999999999984 ms
349,3398.949999999998 ms
349,3434.649999999998 ms
349,3457.2999999999975 ms
349,3485.899999999998 ms
349,3540.5999999999976 ms
349,3555.649999999998 ms
349,3582.5499999999975 ms
349,3600.5499999999975 ms
349,3600.899999999998 ms
349,3602.449999999998 ms
349,3618.999999999998 ms
349,3622.5999999999985 ms
349,3632.649999999998 ms
349,3642.149999999998 ms
349,3644.899999999998 ms
349,3655.749999999998 ms
349,3667.699999999998 ms
349,3679.0499999999984 ms
349,3680.399999999998 ms
349,3695.7999999999975 ms
349,3714.0999999999985 ms
349,3744.899999999998 ms
349,3745.0999999999985 ms
349,3746.699999999998 ms
349,3775.7999999999984 ms
349,3783.899999999998 ms
349,3797.5999999999976 ms
349,3829.2999999999975 ms
349,3837.949999999997 ms
349,3851.3499999999976 ms
349,3865.4999999999973 ms
349,3884.899999999998 ms
349,3889.5499999999975 ms
349,3903.699999999998 ms
349,3946.2999999999984 ms
349,3959.0999999999976 ms
349,3962.199999999998 ms
349,3985.0999999999976 ms
350,20.400000000000002 ms
350,31.8 ms
350,53.80000000000001 ms
350,58.80000000000001 ms
350,80.30000000000001 ms
350,106.4 ms
350,116.20000000000002 ms
350,129.5 ms
350,144.64999999999998 ms
350,177.10000000000002 ms
350,179.3 ms
350,181.60000000000002 ms
350,209.65000000000003 ms
350,210.15000000000003 ms
350,218.05 ms
350,228.10000000000008 ms
350,247.00000000000006 ms
350,264.80000000000007 ms
350,277.6 ms
350,300.1500000000001 ms
350,305.4000000000001 ms
350,324.30000000000007 ms
350,340.80000000000007 ms
350,344.1500000000001 ms
350,364.0000000000001 ms
350,385.4000000000001 ms
350,394.05000000000007 ms
350,444.20000000000005 ms
350,451.55000000000007 ms
350,459.35 ms
350,462.95000000000016 ms
350,468.6500000000001 ms
350,504.05000000000007 ms
350,515.35 ms
350,516.2499999999999 ms
350,519.5000000000001 ms
350,528.9500000000002 ms
350,531.6 ms
350,546.5500000000001 ms
350,548.4000000000002 ms
350,557.8000000000001 ms
350,559.4000000000002 ms
350,567.6000000000003 ms
350,570.5000000000001 ms
350,574.0500000000001 ms
350,575.9499999999999 ms
350,610.3000000000001 ms
350,624.8000000000001 ms
350,628.0500000000001 ms
350,639.1500000000002 ms
350,644.1000000000003 ms
350,645.9000000000002 ms
350,662.7500000000001 ms
350,673.6000000000003 ms
350,677.9500000000002 ms
350,691.1 ms
350,697.8000000000001 ms
350,732.1 ms
350,757.3000000000001 ms
350,764.6 ms
350,768.9500000000002 ms
350,781.9000000000002 ms
350,782.1500000000002 ms
350,782.5000000000003 ms
350,795.7500000000001 ms
350,802.3500000000003 ms
350,816.4000000000002 ms
350,817.6500000000002 ms
350,835.1500000000002 ms
350,845.3000000000001 ms
350,849.0000000000001 ms
350,888.3500000000003 ms
350,906.4500000000004 ms
350,927.9000000000004 ms
350,933.0500000000003 ms
350,936.5500000000003 ms
350,949.7000000000002 ms
350,960.0000000000001 ms
350,969.1500000000002 ms
350,969.6000000000003 ms
350,972.3000000000003 ms
350,985.9000000000004 ms
350,1005.0000000000003 ms
350,1017.6000000000005 ms
350,1030.2500000000005 ms
350,1045.0000000000005 ms
350,1045.1500000000005 ms
350,1051.5500000000006 ms
350,1061.9500000000007 ms
350,1064.4000000000005 ms
350,1080.6500000000005 ms
350,1087.8500000000008 ms
350,1094.650000000001 ms
350,1103.6000000000008 ms
350,1122.750000000001 ms
350,1124.400000000001 ms
350,1129.000000000001 ms
350,1138.6000000000008 ms
350,1140.4500000000007 ms
350,1167.500000000001 ms
350,1176.8500000000004 ms
350,1189.000000000001 ms
350,1194.0500000000006 ms
350,1202.0000000000005 ms
350,1204.650000000001 ms
350,1246.1000000000008 ms
350,1257.3500000000008 ms
350,1259.0500000000006 ms
350,1293.2000000000012 ms
350,1302.400000000001 ms
350,1306.3500000000008 ms
350,1313.2000000000012 ms
350,1323.1000000000008 ms
350,1328.150000000001 ms
350,1350.650000000001 ms
350,1370.250000000001 ms
350,1385.550000000001 ms
350,1392.050000000001 ms
350,1411.4500000000007 ms
350,1429.150000000001 ms
350,1430.3500000000008 ms
350,1473.5000000000014 ms
350,1475.300000000001 ms
350,1481.800000000001 ms
350,1483.900000000001 ms
350,1502.550000000001 ms
350,1510.250000000001 ms
350,1514.6000000000013 ms
350,1527.650000000001 ms
350,1531.000000000001 ms
350,1542.3500000000008 ms
350,1546.150000000001 ms
350,1580.0500000000006 ms
350,1596.750000000001 ms
350,1615.4500000000007 ms
350,1619.900000000001 ms
350,1630.4500000000012 ms
350,1636.750000000001 ms
350,1651.3500000000008 ms
350,1666.8500000000008 ms
350,1680.7000000000007 ms
350,1712.000000000001 ms
350,1718.8000000000006 ms
350,1742.5000000000005 ms
350,1743.1000000000008 ms
350,1762.2000000000003 ms
350,1776.5500000000006 ms
350,1800.6000000000004 ms
350,1801.0500000000002 ms
350,1818.7500000000005 ms
350,1819.4500000000003 ms
350,1819.9000000000005 ms
350,1838.1500000000005 ms
350,1838.4500000000007 ms
350,1839.7000000000007 ms
350,1843.0500000000002 ms
350,1858.9500000000007 ms
350,1862.9000000000005 ms
350,1874.1500000000005 ms
350,1883.3000000000006 ms
350,1885.7500000000005 ms
350,1892.4500000000007 ms
350,1950.2000000000007 ms
350,1970.9500000000007 ms
350,1972.5500000000006 ms
350,1980.2000000000007 ms
350,2011.7000000000007 ms
350,2014.2000000000007 ms
350,2048.8000000000006 ms
350,2054.600000000001 ms
350,2099.7000000000003 ms
350,2109.15 ms
350,2117.35 ms
350,2139.9500000000003 ms
350,2158.350000000001 ms
350,2162.85 ms
350,2164.9500000000003 ms
350,2193.9 ms
350,2204.35 ms
350,2207.6 ms
350,2216.9499999999994 ms
350,2236.149999999999 ms
350,2242.7999999999997 ms
350,2254.4500000000003 ms
350,2273.5000000000005 ms
350,2279.65 ms
350,2284.7499999999995 ms
350,2298.0000000000005 ms
350,2316.0500000000006 ms
350,2318.5499999999997 ms
350,2366.7499999999995 ms
350,2375.35 ms
350,2377.5000000000005 ms
350,2392.4999999999995 ms
350,2396.9 ms
350,2402.7499999999995 ms
350,2404.85 ms
350,2406.7999999999997 ms
350,2409.7499999999995 ms
350,2429.9 ms
350,2435.899999999999 ms
350,2438.9499999999994 ms
350,2445.0499999999997 ms
350,2448.85 ms
350,2454.4499999999994 ms
350,2466.2999999999997 ms
350,2477.1 ms
350,2494.0499999999997 ms
350,2497.399999999999 ms
350,2545.1999999999994 ms
350,2545.649999999999 ms
350,2597.349999999999 ms
350,2606.799999999999 ms
350,2619.5499999999997 ms
350,2626.7499999999995 ms
350,2652.0499999999997 ms
350,2656.6999999999994 ms
350,2664.4499999999994 ms
350,2666.7499999999995 ms
350,2669.4999999999995 ms
350,2678.099999999999 ms
350,2686.35 ms
350,2689.1999999999994 ms
350,2692.2499999999995 ms
350,2693.2999999999997 ms
350,2716.399999999999 ms
350,2728.2999999999997 ms
350,2733.2999999999997 ms
350,2766.649999999999 ms
350,2784.4 ms
350,2784.7000000000003 ms
350,2785.1999999999994 ms
350,2811.2499999999995 ms
350,2814.2999999999997 ms
350,2825.65 ms
350,2830.3000000000006 ms
350,2832.350000000001 ms
350,2843.5500000000006 ms
350,2862.9500000000003 ms
350,2863.5000000000005 ms
350,2876.900000000001 ms
350,2910.850000000001 ms
350,2936.5000000000005 ms
350,2944.6 ms
350,2977.350000000001 ms
350,2985.35 ms
350,3025.850000000001 ms
350,3037.5500000000006 ms
350,3041.0499999999997 ms
350,3082.7000000000003 ms
350,3091.850000000001 ms
350,3130.0000000000005 ms
350,3142.1 ms
350,3144.5000000000005 ms
350,3161.2000000000003 ms
350,3188.15 ms
350,3207.4999999999995 ms
350,3260.4499999999994 ms
350,3277.7999999999997 ms
350,3282.9500000000003 ms
350,3299.85 ms
350,3312.6999999999994 ms
350,3316.2000000000003 ms
350,3347.9 ms
350,3359.649999999999 ms
350,3373.4499999999994 ms
350,3391.649999999999 ms
350,3394.4999999999995 ms
350,3406.7999999999997 ms
350,3425.149999999999 ms
350,3427.5499999999997 ms
350,3430.4999999999995 ms
350,3442.349999999999 ms
350,3443.35 ms
350,3462.6999999999994 ms
350,3469.6999999999994 ms
350,3471.049999999999 ms
350,3472.7999999999997 ms
350,3476.299999999999 ms
350,3482.899999999999 ms
350,3488.9499999999994 ms
350,3496.9999999999995 ms
350,3514.15 ms
350,3528.6 ms
350,3545.65 ms
350,3565.649999999999 ms
350,3577.099999999999 ms
350,3580.4499999999994 ms
350,3591.9999999999995 ms
350,3597.9 ms
350,3601.2999999999997 ms
350,3606.5499999999997 ms
350,3617.4500000000003 ms
350,3629.2500000000005 ms
350,3638.9500000000003 ms
350,3648.2500000000005 ms
350,3666.1 ms
350,3685.9 ms
350,3697.35 ms
350,3700.4499999999994 ms
350,3707.85 ms
350,3712.4499999999994 ms
350,3724.2999999999997 ms
350,3754.2499999999995 ms
350,3755.7999999999997 ms
350,3770.35 ms
350,3778.9 ms
350,3801.85 ms
350,3857.5000000000005 ms
350,3857.7000000000003 ms
350,3868.6999999999994 ms
350,3871.4500000000003 ms
350,3881.9499999999994 ms
350,3894.899999999999 ms
350,3901.9499999999994 ms
350,3943.149999999999 ms
350,3946.0499999999997 ms
350,3952.4999999999995 ms
350,3982.7999999999997 ms
350,3993.399999999999 ms
351,11.100000000000001 ms
351,28.450000000000003 ms
351,29.0 ms
351,40.150000000000006 ms
351,69.05000000000001 ms
351,83.60000000000002 ms
351,88.05000000000001 ms
351,93.65 ms
351,107.70000000000002 ms
351,111.79999999999998 ms
351,142.15 ms
351,181.30000000000004 ms
351,196.4 ms
351,208.85 ms
351,217.04999999999998 ms
351,223.14999999999995 ms
351,230.19999999999996 ms
351,235.49999999999997 ms
351,248.00000000000003 ms
351,280.70000000000005 ms
351,284.9 ms
351,302.35 ms
351,313.6 ms
351,367.1 ms
351,372.29999999999995 ms
351,373.54999999999995 ms
351,392.79999999999995 ms
351,423.8499999999999 ms
351,428.25 ms
351,458.8499999999999 ms
351,458.95000000000005 ms
351,487.70000000000005 ms
351,504.25 ms
351,525.3499999999999 ms
351,528.5999999999999 ms
351,549.4000000000001 ms
351,552.9000000000001 ms
351,563.8499999999999 ms
351,572.5999999999999 ms
351,584.8499999999999 ms
351,601.0 ms
351,603.1500000000001 ms
351,631.1999999999998 ms
351,633.75 ms
351,661.5499999999997 ms
351,670.9499999999998 ms
351,679.9999999999998 ms
351,687.5499999999997 ms
351,694.5499999999997 ms
351,708.3499999999997 ms
351,722.7999999999997 ms
351,725.9999999999998 ms
351,728.9499999999998 ms
351,741.6499999999999 ms
351,758.05 ms
351,759.9999999999998 ms
351,768.3999999999999 ms
351,771.3499999999999 ms
351,788.6499999999999 ms
351,797.5999999999999 ms
351,800.3499999999999 ms
351,808.05 ms
351,817.45 ms
351,824.2499999999998 ms
351,824.45 ms
351,852.6499999999999 ms
351,860.8999999999999 ms
351,875.75 ms
351,885.05 ms
351,903.1499999999999 ms
351,912.45 ms
351,917.9999999999998 ms
351,921.4999999999998 ms
351,926.95 ms
351,930.8 ms
351,945.75 ms
351,946.3499999999999 ms
351,946.8000000000002 ms
351,949.3000000000002 ms
351,966.8000000000002 ms
351,1031.65 ms
351,1032.4500000000003 ms
351,1036.0499999999997 ms
351,1051.25 ms
351,1052.85 ms
351,1096.2999999999997 ms
351,1097.0499999999997 ms
351,1097.75 ms
351,1099.0 ms
351,1113.0 ms
351,1155.6 ms
351,1157.6 ms
351,1162.6 ms
351,1167.65 ms
351,1169.65 ms
351,1193.6999999999998 ms
351,1202.9499999999998 ms
351,1214.75 ms
351,1246.5499999999997 ms
351,1249.1999999999998 ms
351,1307.0 ms
351,1320.3499999999995 ms
351,1326.2999999999997 ms
351,1347.35 ms
351,1354.0499999999997 ms
351,1357.1999999999998 ms
351,1362.2999999999997 ms
351,1373.1999999999998 ms
351,1392.3999999999996 ms
351,1463.1999999999998 ms
351,1481.1 ms
351,1493.25 ms
351,1499.8000000000002 ms
351,1512.3000000000002 ms
351,1516.3000000000002 ms
351,1519.4499999999998 ms
351,1538.65 ms
351,1549.4 ms
351,1553.5 ms
351,1575.6999999999998 ms
351,1581.8500000000004 ms
351,1653.6000000000004 ms
351,1672.4499999999998 ms
351,1685.3500000000004 ms
351,1691.8000000000002 ms
351,1712.8500000000004 ms
351,1718.5500000000002 ms
351,1747.8500000000004 ms
351,1749.6999999999998 ms
351,1756.8500000000004 ms
351,1768.25 ms
351,1771.3500000000004 ms
351,1779.65 ms
351,1794.0 ms
351,1811.0 ms
351,1812.8000000000002 ms
351,1813.25 ms
351,1825.5500000000002 ms
351,1825.75 ms
351,1836.9499999999998 ms
351,1844.75 ms
351,1857.4499999999998 ms
351,1863.5 ms
351,1877.3000000000002 ms
351,1878.8000000000002 ms
351,1881.5500000000002 ms
351,1885.1 ms
351,1897.1 ms
351,1904.9 ms
351,1910.4499999999998 ms
351,1911.2999999999997 ms
351,1916.1999999999998 ms
351,1933.6499999999996 ms
351,1949.3999999999996 ms
351,1949.75 ms
351,1997.7999999999997 ms
351,2009.5499999999997 ms
351,2022.35 ms
351,2026.6999999999994 ms
351,2026.7999999999997 ms
351,2042.4499999999994 ms
351,2042.8999999999996 ms
351,2054.0999999999995 ms
351,2059.5499999999993 ms
351,2074.699999999999 ms
351,2081.449999999999 ms
351,2083.0 ms
351,2119.25 ms
351,2128.5499999999993 ms
351,2137.6499999999996 ms
351,2143.8499999999995 ms
351,2170.0499999999993 ms
351,2181.699999999999 ms
351,2208.449999999999 ms
351,2225.0999999999995 ms
351,2251.499999999999 ms
351,2261.8999999999996 ms
351,2267.0 ms
351,2295.0 ms
351,2302.75 ms
351,2320.3499999999995 ms
351,2333.5999999999995 ms
351,2346.6499999999996 ms
351,2356.0999999999995 ms
351,2356.749999999999 ms
351,2375.05 ms
351,2426.3499999999995 ms
351,2427.2 ms
351,2427.55 ms
351,2438.55 ms
351,2488.999999999999 ms
351,2504.5999999999995 ms
351,2526.8999999999996 ms
351,2527.1499999999996 ms
351,2533.7 ms
351,2547.1499999999996 ms
351,2565.3499999999995 ms
351,2574.249999999999 ms
351,2576.95 ms
351,2577.8499999999995 ms
351,2582.8999999999996 ms
351,2617.2999999999993 ms
351,2646.7 ms
351,2651.55 ms
351,2664.55 ms
351,2665.749999999999 ms
351,2681.8999999999996 ms
351,2698.0499999999993 ms
351,2724.7 ms
351,2727.5999999999995 ms
351,2732.3 ms
351,2745.3999999999996 ms
351,2766.7999999999993 ms
351,2767.0499999999993 ms
351,2783.0 ms
351,2826.5499999999993 ms
351,2829.1499999999996 ms
351,2839.8499999999995 ms
351,2840.249999999999 ms
351,2846.8999999999996 ms
351,2860.3999999999996 ms
351,2862.3499999999995 ms
351,2882.95 ms
351,2932.95 ms
351,2935.8999999999987 ms
351,2943.749999999999 ms
351,2979.0499999999993 ms
351,2991.3999999999996 ms
351,3014.2999999999993 ms
351,3015.199999999999 ms
351,3022.199999999999 ms
351,3027.8499999999995 ms
351,3033.8499999999995 ms
351,3035.1499999999996 ms
351,3041.5999999999995 ms
351,3052.3999999999996 ms
351,3068.25 ms
351,3080.199999999999 ms
351,3080.3999999999996 ms
351,3083.0999999999985 ms
351,3088.3499999999985 ms
351,3103.749999999999 ms
351,3105.999999999999 ms
351,3153.0999999999995 ms
351,3178.499999999999 ms
351,3202.0999999999995 ms
351,3228.749999999999 ms
351,3239.5999999999995 ms
351,3240.2999999999984 ms
351,3242.999999999999 ms
351,3243.8999999999987 ms
351,3248.8999999999987 ms
351,3252.449999999999 ms
351,3259.3999999999987 ms
351,3313.3999999999987 ms
351,3338.699999999999 ms
351,3349.0999999999985 ms
351,3352.7999999999993 ms
351,3361.3499999999985 ms
351,3362.3499999999985 ms
351,3383.5999999999985 ms
351,3384.3999999999996 ms
351,3395.3499999999985 ms
351,3425.749999999999 ms
351,3425.8999999999987 ms
351,3469.6499999999987 ms
351,3476.8499999999995 ms
351,3498.5499999999984 ms
351,3499.7999999999984 ms
351,3519.5999999999995 ms
351,3519.8499999999995 ms
351,3522.449999999999 ms
351,3531.1499999999987 ms
351,3548.449999999999 ms
351,3552.5499999999993 ms
351,3596.499999999998 ms
351,3597.0499999999993 ms
351,3617.449999999999 ms
351,3622.0999999999985 ms
351,3648.449999999999 ms
351,3652.499999999999 ms
351,3654.949999999999 ms
351,3665.0499999999993 ms
351,3688.5999999999985 ms
351,3705.0999999999985 ms
351,3706.5499999999993 ms
351,3711.5999999999985 ms
351,3715.1499999999996 ms
351,3725.999999999999 ms
351,3730.3499999999995 ms
351,3741.249999999999 ms
351,3762.7999999999993 ms
351,3768.5499999999993 ms
351,3792.7999999999993 ms
351,3794.0499999999993 ms
351,3826.449999999999 ms
351,3832.8999999999996 ms
351,3865.749999999999 ms
351,3872.6499999999987 ms
351,3910.499999999999 ms
351,3914.8999999999987 ms
351,3916.6499999999987 ms
351,3929.1499999999987 ms
351,3929.3499999999995 ms
351,3941.199999999999 ms
351,3962.5499999999993 ms
351,3971.749999999998 ms
351,3989.2999999999993 ms
352,8.5 ms
352,18.4 ms
352,23.9 ms
352,40.4 ms
352,45.65 ms
352,55.65 ms
352,68.0 ms
352,70.94999999999999 ms
352,76.0 ms
352,83.35 ms
352,83.65 ms
352,99.6 ms
352,106.35 ms
352,115.0 ms
352,117.0 ms
352,119.9 ms
352,150.95000000000002 ms
352,151.15 ms
352,166.6 ms
352,171.29999999999998 ms
352,216.45000000000002 ms
352,247.35 ms
352,251.1 ms
352,272.19999999999993 ms
352,277.1 ms
352,293.9999999999999 ms
352,297.85 ms
352,317.79999999999995 ms
352,320.4 ms
352,330.5 ms
352,333.20000000000005 ms
352,350.8499999999999 ms
352,360.5 ms
352,375.0 ms
352,379.5 ms
352,408.5999999999999 ms
352,418.75 ms
352,445.04999999999995 ms
352,451.9 ms
352,475.04999999999995 ms
352,477.0999999999999 ms
352,490.8499999999999 ms
352,498.15 ms
352,506.5 ms
352,519.5999999999999 ms
352,524.1500000000001 ms
352,537.0 ms
352,544.7 ms
352,546.05 ms
352,549.7 ms
352,552.3500000000001 ms
352,574.8500000000001 ms
352,594.8 ms
352,640.05 ms
352,646.2500000000002 ms
352,647.5000000000002 ms
352,656.55 ms
352,666.7500000000002 ms
352,674.95 ms
352,690.7500000000002 ms
352,709.1500000000001 ms
352,714.2 ms
352,736.3500000000001 ms
352,751.7 ms
352,758.8500000000001 ms
352,761.8 ms
352,791.2500000000002 ms
352,811.4000000000001 ms
352,818.1500000000001 ms
352,898.2 ms
352,899.4000000000001 ms
352,900.1500000000001 ms
352,906.25 ms
352,926.5 ms
352,932.6500000000001 ms
352,942.3000000000002 ms
352,943.95 ms
352,945.4000000000001 ms
352,952.1500000000001 ms
352,957.9000000000001 ms
352,966.9000000000001 ms
352,969.6000000000001 ms
352,1004.2 ms
352,1033.5000000000002 ms
352,1034.6500000000003 ms
352,1034.8000000000004 ms
352,1048.5000000000007 ms
352,1051.6500000000008 ms
352,1052.7500000000007 ms
352,1053.0000000000002 ms
352,1072.5500000000004 ms
352,1090.4000000000003 ms
352,1095.9000000000003 ms
352,1097.7 ms
352,1098.2500000000002 ms
352,1111.6500000000003 ms
352,1112.8500000000006 ms
352,1139.4500000000005 ms
352,1157.0000000000002 ms
352,1175.0000000000002 ms
352,1176.55 ms
352,1199.1499999999999 ms
352,1216.9000000000003 ms
352,1222.6000000000001 ms
352,1261.8000000000004 ms
352,1270.4000000000003 ms
352,1282.7500000000002 ms
352,1291.4999999999998 ms
352,1293.0999999999997 ms
352,1307.1999999999996 ms
352,1309.2499999999998 ms
352,1331.6499999999999 ms
352,1353.9999999999998 ms
352,1361.3499999999997 ms
352,1366.3999999999994 ms
352,1384.2999999999995 ms
352,1385.1499999999994 ms
352,1389.3499999999997 ms
352,1402.9499999999996 ms
352,1445.8499999999997 ms
352,1450.8999999999994 ms
352,1457.9999999999993 ms
352,1459.1499999999994 ms
352,1471.9999999999993 ms
352,1495.0999999999992 ms
352,1501.8499999999997 ms
352,1513.6999999999996 ms
352,1527.2499999999993 ms
352,1539.4499999999996 ms
352,1565.4499999999991 ms
352,1582.8499999999992 ms
352,1610.7999999999995 ms
352,1611.8999999999994 ms
352,1616.0499999999995 ms
352,1632.8499999999992 ms
352,1644.9999999999993 ms
352,1657.4499999999996 ms
352,1668.7999999999995 ms
352,1686.8499999999992 ms
352,1689.8499999999997 ms
352,1696.0999999999992 ms
352,1704.6999999999991 ms
352,1733.4499999999996 ms
352,1742.4999999999993 ms
352,1749.6499999999994 ms
352,1791.6999999999991 ms
352,1821.799999999999 ms
352,1831.4999999999993 ms
352,1845.299999999999 ms
352,1846.5499999999995 ms
352,1867.8499999999992 ms
352,1875.5999999999992 ms
352,1894.4999999999993 ms
352,1917.299999999999 ms
352,1919.1999999999991 ms
352,1925.799999999999 ms
352,1964.2999999999995 ms
352,1979.049999999999 ms
352,1980.5499999999995 ms
352,1981.6999999999996 ms
352,1987.9499999999991 ms
352,1989.3499999999992 ms
352,2036.8499999999997 ms
352,2042.3999999999994 ms
352,2050.949999999999 ms
352,2053.0999999999995 ms
352,2065.5499999999993 ms
352,2068.5999999999995 ms
352,2072.499999999999 ms
352,2075.2 ms
352,2083.249999999999 ms
352,2085.55 ms
352,2089.6499999999996 ms
352,2100.0999999999995 ms
352,2111.5499999999993 ms
352,2129.0999999999995 ms
352,2149.2 ms
352,2173.749999999999 ms
352,2175.1499999999996 ms
352,2184.5999999999995 ms
352,2190.6499999999996 ms
352,2191.0499999999993 ms
352,2204.1000000000004 ms
352,2210.1000000000004 ms
352,2224.6000000000004 ms
352,2241.0 ms
352,2243.45 ms
352,2255.75 ms
352,2259.55 ms
352,2270.6000000000004 ms
352,2293.6500000000005 ms
352,2312.3 ms
352,2330.1000000000013 ms
352,2362.750000000001 ms
352,2373.3500000000013 ms
352,2381.8 ms
352,2417.4500000000007 ms
352,2427.6500000000005 ms
352,2438.000000000001 ms
352,2442.6500000000005 ms
352,2446.500000000001 ms
352,2447.6000000000004 ms
352,2449.1000000000004 ms
352,2464.6000000000004 ms
352,2477.9000000000005 ms
352,2486.2000000000007 ms
352,2493.750000000001 ms
352,2547.300000000001 ms
352,2553.7000000000007 ms
352,2581.9000000000015 ms
352,2599.3500000000004 ms
352,2631.550000000001 ms
352,2644.1500000000005 ms
352,2649.9500000000007 ms
352,2676.300000000001 ms
352,2677.050000000001 ms
352,2701.8500000000004 ms
352,2731.9000000000015 ms
352,2751.500000000001 ms
352,2754.000000000001 ms
352,2764.9500000000007 ms
352,2775.2000000000007 ms
352,2858.2000000000007 ms
352,2861.050000000001 ms
352,2867.1500000000005 ms
352,2878.750000000001 ms
352,2884.1000000000004 ms
352,2887.0 ms
352,2888.4500000000007 ms
352,2899.75 ms
352,2904.9000000000005 ms
352,2910.3 ms
352,2912.7000000000007 ms
352,2982.300000000001 ms
352,2983.75 ms
352,2985.2000000000007 ms
352,2993.3999999999996 ms
352,3011.75 ms
352,3016.2 ms
352,3020.8499999999995 ms
352,3031.7 ms
352,3044.5999999999995 ms
352,3065.0 ms
352,3091.25 ms
352,3100.5 ms
352,3100.6499999999996 ms
352,3126.6000000000004 ms
352,3137.5499999999993 ms
352,3139.25 ms
352,3140.0999999999995 ms
352,3188.499999999999 ms
352,3192.3999999999996 ms
352,3194.75 ms
352,3197.8499999999995 ms
352,3206.2999999999993 ms
352,3206.8999999999996 ms
352,3212.6499999999996 ms
352,3213.0999999999985 ms
352,3216.8999999999996 ms
352,3226.0999999999985 ms
352,3226.999999999999 ms
352,3247.449999999999 ms
352,3261.249999999999 ms
352,3306.999999999999 ms
352,3320.249999999999 ms
352,3375.1499999999987 ms
352,3381.2 ms
352,3384.3499999999995 ms
352,3392.749999999999 ms
352,3399.2 ms
352,3428.0999999999995 ms
352,3428.249999999999 ms
352,3433.95 ms
352,3461.3999999999987 ms
352,3470.999999999999 ms
352,3476.249999999999 ms
352,3491.0499999999993 ms
352,3520.7999999999993 ms
352,3529.8999999999996 ms
352,3558.0999999999985 ms
352,3573.5499999999993 ms
352,3574.0499999999993 ms
352,3584.749999999998 ms
352,3601.3999999999987 ms
352,3602.499999999999 ms
352,3603.8499999999985 ms
352,3607.3499999999985 ms
352,3615.5499999999984 ms
352,3621.999999999998 ms
352,3689.0999999999985 ms
352,3696.999999999998 ms
352,3700.749999999998 ms
352,3714.749999999998 ms
352,3716.199999999998 ms
352,3721.249999999998 ms
352,3739.749999999998 ms
352,3754.499999999998 ms
352,3766.5499999999984 ms
352,3777.0499999999984 ms
352,3794.0499999999984 ms
352,3794.2999999999984 ms
352,3804.3999999999987 ms
352,3810.449999999998 ms
352,3826.0499999999984 ms
352,3826.249999999998 ms
352,3826.699999999998 ms
352,3827.649999999998 ms
352,3841.8499999999976 ms
352,3846.8499999999976 ms
352,3876.699999999998 ms
352,3886.199999999998 ms
352,3890.0999999999976 ms
352,3916.149999999998 ms
352,3920.0499999999975 ms
352,3921.449999999998 ms
352,3935.149999999998 ms
352,3939.749999999998 ms
352,3946.0999999999976 ms
352,3946.899999999998 ms
352,3959.749999999998 ms
352,3962.5499999999975 ms
352,3994.5499999999975 ms
353,3.7 ms
353,8.95 ms
353,10.05 ms
353,33.05 ms
353,43.349999999999994 ms
353,61.099999999999994 ms
353,69.5 ms
353,73.30000000000001 ms
353,73.39999999999998 ms
353,87.19999999999999 ms
353,98.85 ms
353,104.75 ms
353,182.89999999999998 ms
353,231.89999999999998 ms
353,248.95000000000005 ms
353,260.5 ms
353,264.25 ms
353,288.4 ms
353,305.04999999999995 ms
353,336.44999999999993 ms
353,343.04999999999995 ms
353,348.04999999999995 ms
353,370.69999999999993 ms
353,373.19999999999993 ms
353,380.3499999999999 ms
353,423.8499999999999 ms
353,425.64999999999986 ms
353,433.25 ms
353,470.39999999999986 ms
353,486.64999999999986 ms
353,537.45 ms
353,578.5999999999999 ms
353,579.05 ms
353,579.55 ms
353,580.0999999999999 ms
353,585.6499999999999 ms
353,588.3499999999999 ms
353,594.3499999999999 ms
353,601.6999999999998 ms
353,612.6500000000001 ms
353,616.6500000000001 ms
353,625.4000000000001 ms
353,640.9000000000001 ms
353,662.1500000000001 ms
353,671.25 ms
353,676.45 ms
353,711.5 ms
353,716.75 ms
353,739.05 ms
353,748.45 ms
353,750.7 ms
353,778.45 ms
353,779.2499999999998 ms
353,783.05 ms
353,802.3499999999997 ms
353,819.5999999999997 ms
353,829.8499999999997 ms
353,855.2499999999998 ms
353,855.7499999999998 ms
353,859.6999999999998 ms
353,861.2999999999997 ms
353,863.75 ms
353,868.8499999999999 ms
353,869.4499999999998 ms
353,888.0999999999999 ms
353,894.5 ms
353,914.5 ms
353,929.9499999999998 ms
353,935.0 ms
353,945.0499999999997 ms
353,1017.2999999999997 ms
353,1033.15 ms
353,1080.4499999999998 ms
353,1091.4499999999998 ms
353,1109.85 ms
353,1120.85 ms
353,1127.1 ms
353,1132.4 ms
353,1139.2999999999997 ms
353,1146.0499999999997 ms
353,1151.75 ms
353,1171.5 ms
353,1177.85 ms
353,1182.6999999999998 ms
353,1194.1499999999996 ms
353,1212.6999999999998 ms
353,1214.2999999999997 ms
353,1255.35 ms
353,1258.3999999999996 ms
353,1283.6499999999996 ms
353,1310.9999999999995 ms
353,1316.8499999999995 ms
353,1336.2499999999995 ms
353,1337.9999999999995 ms
353,1339.1499999999996 ms
353,1342.2999999999997 ms
353,1343.5499999999997 ms
353,1371.6499999999996 ms
353,1371.9999999999995 ms
353,1374.2499999999995 ms
353,1380.7499999999995 ms
353,1390.9499999999994 ms
353,1412.1 ms
353,1419.1999999999994 ms
353,1429.6499999999996 ms
353,1436.8999999999996 ms
353,1463.4499999999998 ms
353,1519.1499999999996 ms
353,1523.9499999999998 ms
353,1577.6499999999996 ms
353,1628.9999999999995 ms
353,1650.6499999999996 ms
353,1679.8999999999996 ms
353,1691.0999999999995 ms
353,1699.3999999999996 ms
353,1757.9999999999995 ms
353,1766.9499999999994 ms
353,1782.4999999999995 ms
353,1784.4999999999995 ms
353,1784.9999999999995 ms
353,1795.3499999999995 ms
353,1813.4499999999994 ms
353,1822.3499999999995 ms
353,1851.9499999999994 ms
353,1856.8999999999992 ms
353,1859.4499999999994 ms
353,1863.6499999999992 ms
353,1897.1499999999992 ms
353,1902.1499999999992 ms
353,1906.5499999999997 ms
353,1923.6499999999992 ms
353,1960.7999999999997 ms
353,1979.7499999999995 ms
353,1988.8999999999996 ms
353,2030.8999999999996 ms
353,2095.25 ms
353,2122.449999999999 ms
353,2136.25 ms
353,2138.0 ms
353,2150.7999999999993 ms
353,2155.8999999999996 ms
353,2162.1499999999996 ms
353,2163.25 ms
353,2164.5 ms
353,2179.5 ms
353,2184.8499999999995 ms
353,2197.5999999999995 ms
353,2202.45 ms
353,2241.249999999999 ms
353,2243.55 ms
353,2246.0999999999995 ms
353,2246.55 ms
353,2263.95 ms
353,2269.8499999999995 ms
353,2281.8 ms
353,2293.7 ms
353,2338.3999999999996 ms
353,2346.25 ms
353,2352.5 ms
353,2362.3499999999995 ms
353,2381.0999999999995 ms
353,2388.5999999999995 ms
353,2405.7999999999993 ms
353,2412.5999999999995 ms
353,2416.999999999999 ms
353,2461.1499999999996 ms
353,2499.95 ms
353,2503.55 ms
353,2509.45 ms
353,2511.8 ms
353,2529.749999999999 ms
353,2539.0999999999995 ms
353,2539.95 ms
353,2559.5499999999993 ms
353,2567.949999999999 ms
353,2574.5999999999995 ms
353,2588.6499999999996 ms
353,2596.0999999999995 ms
353,2598.7 ms
353,2651.749999999999 ms
353,2681.45 ms
353,2682.3499999999995 ms
353,2697.5999999999995 ms
353,2699.999999999999 ms
353,2721.6499999999996 ms
353,2730.75 ms
353,2735.449999999999 ms
353,2747.0 ms
353,2802.699999999999 ms
353,2817.8999999999996 ms
353,2828.5499999999993 ms
353,2833.3499999999995 ms
353,2898.95 ms
353,2905.749999999999 ms
353,2909.45 ms
353,2927.0999999999995 ms
353,2969.8999999999996 ms
353,2980.95 ms
353,2984.75 ms
353,2988.6499999999996 ms
353,2998.1499999999996 ms
353,2998.9500000000007 ms
353,3005.1000000000004 ms
353,3028.25 ms
353,3032.4000000000005 ms
353,3073.750000000001 ms
353,3085.8500000000004 ms
353,3086.3500000000004 ms
353,3088.2000000000007 ms
353,3093.3 ms
353,3095.1000000000004 ms
353,3103.4500000000007 ms
353,3104.0 ms
353,3116.9000000000005 ms
353,3133.9000000000005 ms
353,3148.9000000000005 ms
353,3186.1000000000004 ms
353,3192.1000000000004 ms
353,3195.2000000000007 ms
353,3196.6499999999996 ms
353,3238.05 ms
353,3240.3500000000004 ms
353,3283.3 ms
353,3305.4000000000005 ms
353,3311.0999999999995 ms
353,3335.8499999999995 ms
353,3337.9000000000005 ms
353,3341.8499999999995 ms
353,3349.5999999999995 ms
353,3361.0999999999995 ms
353,3375.6500000000005 ms
353,3378.75 ms
353,3413.0 ms
353,3438.95 ms
353,3444.45 ms
353,3446.8999999999996 ms
353,3461.1499999999996 ms
353,3462.3499999999995 ms
353,3475.7999999999993 ms
353,3512.449999999999 ms
353,3539.699999999999 ms
353,3547.8999999999996 ms
353,3558.1499999999996 ms
353,3572.449999999999 ms
353,3592.699999999999 ms
353,3595.949999999999 ms
353,3600.5 ms
353,3616.25 ms
353,3619.699999999999 ms
353,3622.25 ms
353,3643.2999999999993 ms
353,3679.6499999999996 ms
353,3686.5999999999995 ms
353,3692.3999999999996 ms
353,3712.0499999999993 ms
353,3719.45 ms
353,3721.5999999999995 ms
353,3728.0 ms
353,3728.7 ms
353,3731.0 ms
353,3757.3 ms
353,3758.6500000000005 ms
353,3781.75 ms
353,3784.6000000000004 ms
353,3787.45 ms
353,3790.3 ms
353,3807.0999999999995 ms
353,3813.5 ms
353,3816.05 ms
353,3828.95 ms
353,3844.8 ms
353,3880.9000000000005 ms
353,3885.95 ms
353,3890.250000000001 ms
353,3907.750000000001 ms
353,3935.000000000001 ms
353,3939.7 ms
353,3964.500000000001 ms
353,3973.250000000001 ms
353,3976.95 ms
353,3979.55 ms
353,3981.8 ms
353,3982.6000000000004 ms
354,0.9500000000000001 ms
354,12.55 ms
354,15.350000000000001 ms
354,20.450000000000003 ms
354,20.75 ms
354,59.7 ms
354,66.05 ms
354,79.8 ms
354,91.84999999999998 ms
354,104.19999999999997 ms
354,104.39999999999999 ms
354,113.39999999999999 ms
354,140.2 ms
354,141.59999999999997 ms
354,163.55 ms
354,171.85000000000002 ms
354,176.65000000000003 ms
354,192.10000000000002 ms
354,202.3 ms
354,204.75 ms
354,228.95 ms
354,250.84999999999997 ms
354,255.7 ms
354,277.84999999999997 ms
354,293.74999999999994 ms
354,301.6999999999999 ms
354,302.1499999999999 ms
354,310.59999999999985 ms
354,315.7999999999999 ms
354,316.8999999999999 ms
354,319.99999999999994 ms
354,336.6499999999999 ms
354,347.45 ms
354,353.09999999999997 ms
354,373.2 ms
354,390.3999999999999 ms
354,407.2 ms
354,411.3 ms
354,446.7 ms
354,448.34999999999997 ms
354,448.84999999999985 ms
354,452.6999999999999 ms
354,463.45 ms
354,467.3999999999999 ms
354,469.7 ms
354,521.9499999999998 ms
354,535.05 ms
354,543.2 ms
354,571.3999999999999 ms
354,578.3500000000001 ms
354,589.45 ms
354,632.7 ms
354,650.8 ms
354,663.95 ms
354,678.8500000000001 ms
354,711.7 ms
354,726.6500000000001 ms
354,730.75 ms
354,731.1500000000001 ms
354,734.8500000000001 ms
354,735.9000000000001 ms
354,749.75 ms
354,777.25 ms
354,832.1000000000001 ms
354,839.6000000000001 ms
354,853.1000000000001 ms
354,891.8000000000002 ms
354,905.2000000000003 ms
354,910.8500000000001 ms
354,943.3500000000001 ms
354,952.1500000000001 ms
354,952.9000000000001 ms
354,974.0500000000002 ms
354,987.8000000000002 ms
354,995.7 ms
354,999.3 ms
354,1000.55 ms
354,1025.25 ms
354,1031.85 ms
354,1033.0 ms
354,1041.75 ms
354,1067.85 ms
354,1075.75 ms
354,1092.1 ms
354,1099.7999999999997 ms
354,1112.9 ms
354,1114.1 ms
354,1125.1 ms
354,1131.0499999999997 ms
354,1134.0499999999997 ms
354,1150.4 ms
354,1154.7999999999997 ms
354,1172.15 ms
354,1172.7499999999995 ms
354,1182.4 ms
354,1205.2999999999997 ms
354,1216.2000000000003 ms
354,1219.9 ms
354,1223.85 ms
354,1225.5000000000005 ms
354,1234.5500000000002 ms
354,1252.0 ms
354,1253.3500000000004 ms
354,1285.1000000000004 ms
354,1356.75 ms
354,1370.5 ms
354,1384.6000000000004 ms
354,1390.9499999999998 ms
354,1398.0500000000002 ms
354,1411.4499999999998 ms
354,1413.9499999999998 ms
354,1464.1999999999998 ms
354,1467.9 ms
354,1473.4500000000003 ms
354,1483.35 ms
354,1492.35 ms
354,1492.5000000000005 ms
354,1522.1 ms
354,1525.7000000000003 ms
354,1576.15 ms
354,1580.6 ms
354,1589.6 ms
354,1621.2000000000003 ms
354,1622.4500000000003 ms
354,1624.75 ms
354,1625.65 ms
354,1628.9 ms
354,1644.3000000000002 ms
354,1674.5500000000002 ms
354,1675.4500000000003 ms
354,1692.1000000000004 ms
354,1758.2500000000005 ms
354,1762.6000000000004 ms
354,1772.7500000000005 ms
354,1773.3000000000006 ms
354,1780.9 ms
354,1797.7000000000003 ms
354,1803.8000000000002 ms
354,1808.5500000000002 ms
354,1812.6000000000004 ms
354,1822.1999999999998 ms
354,1823.4499999999998 ms
354,1828.4499999999998 ms
354,1831.1000000000004 ms
354,1838.0500000000002 ms
354,1838.5500000000002 ms
354,1850.1000000000004 ms
354,1892.9499999999998 ms
354,1893.0500000000002 ms
354,1899.6999999999998 ms
354,1901.9499999999998 ms
354,1905.6999999999998 ms
354,1911.5500000000002 ms
354,1915.8000000000002 ms
354,1920.1999999999998 ms
354,1932.65 ms
354,1946.1 ms
354,1961.8000000000002 ms
354,1995.6000000000004 ms
354,2002.6000000000004 ms
354,2015.1000000000004 ms
354,2036.4499999999998 ms
354,2041.8000000000002 ms
354,2045.25 ms
354,2053.6000000000004 ms
354,2098.25 ms
354,2103.3 ms
354,2121.4000000000005 ms
354,2124.5 ms
354,2125.55 ms
354,2134.6500000000005 ms
354,2149.3499999999995 ms
354,2164.3 ms
354,2164.7 ms
354,2168.95 ms
354,2178.6499999999996 ms
354,2185.5 ms
354,2226.3999999999996 ms
354,2229.6499999999996 ms
354,2254.8499999999995 ms
354,2266.1499999999996 ms
354,2281.8499999999995 ms
354,2287.7999999999993 ms
354,2288.3499999999995 ms
354,2288.5499999999993 ms
354,2313.249999999999 ms
354,2320.0499999999993 ms
354,2340.449999999999 ms
354,2343.2999999999993 ms
354,2351.5999999999995 ms
354,2354.95 ms
354,2373.8999999999987 ms
354,2377.2 ms
354,2390.249999999999 ms
354,2398.95 ms
354,2412.95 ms
354,2414.95 ms
354,2415.499999999999 ms
354,2422.3999999999996 ms
354,2424.1499999999996 ms
354,2433.5999999999995 ms
354,2445.6499999999996 ms
354,2474.5999999999995 ms
354,2491.5999999999995 ms
354,2492.999999999999 ms
354,2496.2 ms
354,2497.45 ms
354,2510.749999999999 ms
354,2529.3999999999996 ms
354,2541.8499999999995 ms
354,2571.5499999999993 ms
354,2576.749999999999 ms
354,2595.1499999999987 ms
354,2601.8499999999995 ms
354,2603.3999999999987 ms
354,2609.3499999999995 ms
354,2621.3499999999995 ms
354,2625.3999999999987 ms
354,2629.45 ms
354,2637.2999999999993 ms
354,2647.0999999999995 ms
354,2658.999999999999 ms
354,2661.1499999999996 ms
354,2670.7 ms
354,2674.75 ms
354,2676.2 ms
354,2680.8999999999996 ms
354,2709.95 ms
354,2714.8 ms
354,2739.3 ms
354,2748.55 ms
354,2752.999999999999 ms
354,2756.95 ms
354,2772.7999999999993 ms
354,2816.8999999999996 ms
354,2833.199999999999 ms
354,2861.0 ms
354,2903.3999999999996 ms
354,2930.6499999999996 ms
354,2933.3499999999995 ms
354,2938.249999999999 ms
354,2941.45 ms
354,2942.45 ms
354,2943.7999999999993 ms
354,2962.3999999999996 ms
354,2986.0499999999993 ms
354,2990.249999999999 ms
354,3032.6499999999987 ms
354,3047.7 ms
354,3048.8999999999987 ms
354,3067.0999999999995 ms
354,3071.1499999999987 ms
354,3078.2999999999993 ms
354,3078.8499999999995 ms
354,3134.5499999999993 ms
354,3139.999999999999 ms
354,3141.499999999999 ms
354,3153.449999999999 ms
354,3156.949999999999 ms
354,3169.249999999999 ms
354,3173.249999999999 ms
354,3188.499999999999 ms
354,3192.2999999999993 ms
354,3244.8499999999995 ms
354,3254.8999999999996 ms
354,3256.8499999999995 ms
354,3259.249999999999 ms
354,3315.6499999999996 ms
354,3327.5499999999993 ms
354,3341.7999999999993 ms
354,3344.8500000000004 ms
354,3360.75 ms
354,3390.3 ms
354,3399.95 ms
354,3400.8500000000004 ms
354,3405.6500000000005 ms
354,3441.6500000000005 ms
354,3503.55 ms
354,3523.4500000000007 ms
354,3529.1000000000004 ms
354,3535.4500000000007 ms
354,3547.6500000000005 ms
354,3569.4500000000007 ms
354,3569.9000000000005 ms
354,3574.750000000001 ms
354,3586.6500000000005 ms
354,3597.6500000000005 ms
354,3617.9000000000005 ms
354,3624.05 ms
354,3627.9000000000005 ms
354,3646.8 ms
354,3678.8 ms
354,3681.7000000000007 ms
354,3684.3500000000004 ms
354,3688.1500000000015 ms
354,3689.1500000000015 ms
354,3696.6000000000004 ms
354,3708.3500000000004 ms
354,3723.550000000001 ms
354,3732.5 ms
354,3735.9000000000005 ms
354,3745.3500000000004 ms
354,3766.1000000000004 ms
354,3776.25 ms
354,3777.25 ms
354,3792.9500000000007 ms
354,3796.05 ms
354,3830.75 ms
354,3851.8 ms
354,3852.6500000000005 ms
354,3876.05 ms
354,3895.2 ms
354,3910.8500000000004 ms
354,3968.7000000000007 ms
354,3968.8 ms
354,3983.1500000000005 ms
355,14.75 ms
355,88.55 ms
355,112.84999999999998 ms
355,114.60000000000001 ms
355,117.75000000000001 ms
355,122.74999999999999 ms
355,122.89999999999999 ms
355,135.25 ms
355,181.5 ms
355,182.89999999999998 ms
355,188.95000000000005 ms
355,200.35000000000002 ms
355,208.45000000000005 ms
355,249.05 ms
355,250.2 ms
355,255.15000000000003 ms
355,258.84999999999997 ms
355,266.24999999999994 ms
355,300.3999999999999 ms
355,301.2999999999999 ms
355,304.59999999999997 ms
355,307.45 ms
355,310.34999999999997 ms
355,332.95 ms
355,350.05 ms
355,354.99999999999994 ms
355,377.8 ms
355,378.49999999999994 ms
355,387.05 ms
355,389.7 ms
355,433.7 ms
355,453.7 ms
355,458.00000000000006 ms
355,466.45 ms
355,474.00000000000006 ms
355,485.05 ms
355,491.8500000000001 ms
355,496.3 ms
355,498.8 ms
355,504.2 ms
355,545.8499999999999 ms
355,548.1500000000001 ms
355,552.8499999999999 ms
355,563.25 ms
355,575.55 ms
355,597.6499999999999 ms
355,604.55 ms
355,610.5 ms
355,617.8499999999999 ms
355,627.3499999999999 ms
355,640.3499999999999 ms
355,652.45 ms
355,656.1000000000001 ms
355,660.45 ms
355,661.1000000000001 ms
355,691.0 ms
355,694.6500000000001 ms
355,715.4000000000001 ms
355,716.55 ms
355,718.0999999999999 ms
355,719.75 ms
355,749.25 ms
355,801.6499999999999 ms
355,810.6999999999998 ms
355,820.7999999999997 ms
355,821.3499999999999 ms
355,836.5999999999999 ms
355,843.9999999999998 ms
355,865.3999999999999 ms
355,875.0499999999997 ms
355,894.5499999999997 ms
355,929.8999999999996 ms
355,939.7999999999997 ms
355,945.2499999999998 ms
355,952.5999999999997 ms
355,953.6499999999999 ms
355,956.0499999999997 ms
355,965.3499999999997 ms
355,974.4999999999998 ms
355,996.6999999999996 ms
355,1001.2999999999997 ms
355,1002.9499999999998 ms
355,1019.6499999999996 ms
355,1046.5499999999997 ms
355,1047.4999999999995 ms
355,1048.85 ms
355,1053.7999999999997 ms
355,1055.1499999999996 ms
355,1070.8499999999995 ms
355,1071.7999999999997 ms
355,1096.7499999999995 ms
355,1127.35 ms
355,1138.3999999999996 ms
355,1143.2999999999997 ms
355,1162.5499999999997 ms
355,1165.8999999999996 ms
355,1187.3499999999995 ms
355,1205.9499999999998 ms
355,1206.5999999999995 ms
355,1222.25 ms
355,1225.0999999999995 ms
355,1239.0499999999997 ms
355,1241.9499999999998 ms
355,1242.1499999999996 ms
355,1252.4499999999998 ms
355,1280.35 ms
355,1298.5499999999997 ms
355,1299.6 ms
355,1347.0 ms
355,1347.5500000000002 ms
355,1351.1 ms
355,1352.0 ms
355,1365.0 ms
355,1366.75 ms
355,1368.3000000000002 ms
355,1370.5500000000002 ms
355,1373.0500000000002 ms
355,1374.5500000000002 ms
355,1381.8000000000002 ms
355,1395.8999999999996 ms
355,1406.6499999999996 ms
355,1407.5 ms
355,1438.5 ms
355,1448.2999999999997 ms
355,1471.9999999999995 ms
355,1477.9999999999995 ms
355,1485.4 ms
355,1491.85 ms
355,1497.15 ms
355,1503.65 ms
355,1534.1 ms
355,1540.7999999999997 ms
355,1546.1 ms
355,1550.0 ms
355,1559.0 ms
355,1560.15 ms
355,1610.85 ms
355,1631.5000000000005 ms
355,1665.7000000000003 ms
355,1670.6000000000004 ms
355,1683.3000000000002 ms
355,1688.0500000000002 ms
355,1688.4000000000005 ms
355,1690.3000000000002 ms
355,1693.9500000000007 ms
355,1695.0000000000005 ms
355,1701.0500000000006 ms
355,1724.2000000000003 ms
355,1728.4500000000003 ms
355,1741.4000000000005 ms
355,1742.4500000000007 ms
355,1760.1500000000005 ms
355,1761.8000000000006 ms
355,1765.9000000000005 ms
355,1767.3500000000004 ms
355,1770.6000000000004 ms
355,1778.2000000000007 ms
355,1783.7500000000005 ms
355,1786.8500000000004 ms
355,1801.1000000000004 ms
355,1805.1000000000004 ms
355,1808.0000000000005 ms
355,1810.8500000000004 ms
355,1835.5500000000002 ms
355,1845.0500000000002 ms
355,1860.6500000000005 ms
355,1878.7000000000003 ms
355,1888.0500000000002 ms
355,1891.8000000000002 ms
355,1910.5 ms
355,1916.1000000000004 ms
355,1946.1000000000004 ms
355,1950.1999999999998 ms
355,1953.9 ms
355,1961.75 ms
355,1964.4 ms
355,1969.75 ms
355,1974.1999999999998 ms
355,1982.4499999999998 ms
355,1988.1000000000004 ms
355,1996.6999999999998 ms
355,2000.3500000000004 ms
355,2003.3500000000004 ms
355,2032.6999999999998 ms
355,2037.4499999999998 ms
355,2041.9 ms
355,2042.5 ms
355,2084.1000000000004 ms
355,2085.6000000000004 ms
355,2094.8999999999996 ms
355,2116.1000000000004 ms
355,2122.1000000000004 ms
355,2140.1000000000004 ms
355,2143.3999999999996 ms
355,2146.1499999999996 ms
355,2167.0 ms
355,2187.55 ms
355,2189.6500000000005 ms
355,2205.55 ms
355,2225.7 ms
355,2227.8500000000004 ms
355,2247.0 ms
355,2249.550000000001 ms
355,2255.300000000001 ms
355,2268.800000000001 ms
355,2325.8500000000004 ms
355,2327.9500000000007 ms
355,2333.9000000000005 ms
355,2334.9500000000007 ms
355,2335.3500000000004 ms
355,2338.750000000001 ms
355,2353.550000000001 ms
355,2366.1500000000015 ms
355,2367.6000000000004 ms
355,2368.4500000000007 ms
355,2368.6000000000004 ms
355,2376.2000000000007 ms
355,2386.1000000000004 ms
355,2400.000000000001 ms
355,2400.7000000000007 ms
355,2425.6500000000005 ms
355,2438.4500000000007 ms
355,2454.6500000000005 ms
355,2476.05 ms
355,2477.8500000000013 ms
355,2488.3500000000013 ms
355,2496.250000000001 ms
355,2516.8500000000013 ms
355,2539.500000000001 ms
355,2549.050000000001 ms
355,2553.300000000001 ms
355,2557.9000000000015 ms
355,2591.9000000000015 ms
355,2599.500000000001 ms
355,2600.9500000000007 ms
355,2616.800000000001 ms
355,2622.8500000000004 ms
355,2627.6000000000004 ms
355,2635.1000000000004 ms
355,2660.050000000001 ms
355,2665.800000000001 ms
355,2682.25 ms
355,2695.5 ms
355,2696.6500000000005 ms
355,2710.9000000000005 ms
355,2731.7000000000007 ms
355,2731.8500000000004 ms
355,2813.550000000001 ms
355,2826.4500000000007 ms
355,2827.9000000000005 ms
355,2840.6000000000004 ms
355,2843.8 ms
355,2849.55 ms
355,2860.1500000000005 ms
355,2865.0 ms
355,2869.25 ms
355,2874.3500000000004 ms
355,2879.2999999999993 ms
355,2887.7 ms
355,2892.1499999999996 ms
355,2893.5499999999993 ms
355,2896.2999999999993 ms
355,2936.5 ms
355,2939.2999999999993 ms
355,2945.6499999999996 ms
355,2946.25 ms
355,2971.8999999999996 ms
355,2973.25 ms
355,2981.199999999999 ms
355,2990.3999999999996 ms
355,3011.249999999999 ms
355,3022.5499999999993 ms
355,3023.2999999999993 ms
355,3023.8499999999995 ms
355,3037.2 ms
355,3045.499999999999 ms
355,3049.999999999999 ms
355,3054.8499999999995 ms
355,3056.0499999999993 ms
355,3056.1499999999996 ms
355,3065.749999999999 ms
355,3081.1499999999987 ms
355,3092.749999999999 ms
355,3095.999999999999 ms
355,3099.3999999999987 ms
355,3170.3499999999995 ms
355,3174.6499999999987 ms
355,3196.0999999999995 ms
355,3198.3999999999987 ms
355,3202.2 ms
355,3214.999999999999 ms
355,3215.249999999999 ms
355,3221.499999999999 ms
355,3236.0999999999995 ms
355,3246.5999999999995 ms
355,3255.2999999999993 ms
355,3260.2999999999993 ms
355,3265.8999999999996 ms
355,3267.449999999999 ms
355,3283.199999999999 ms
355,3291.0 ms
355,3300.5 ms
355,3345.449999999999 ms
355,3346.25 ms
355,3349.0999999999995 ms
355,3360.45 ms
355,3368.0999999999995 ms
355,3380.499999999999 ms
355,3408.3 ms
355,3411.1499999999996 ms
355,3412.8999999999996 ms
355,3418.2 ms
355,3483.05 ms
355,3511.55 ms
355,3513.999999999999 ms
355,3524.999999999999 ms
355,3528.1499999999996 ms
355,3563.0 ms
355,3566.199999999999 ms
355,3587.3999999999996 ms
355,3591.2999999999993 ms
355,3606.749999999999 ms
355,3614.3499999999995 ms
355,3628.249999999999 ms
355,3628.999999999999 ms
355,3629.5499999999993 ms
355,3635.999999999999 ms
355,3638.199999999999 ms
355,3664.5499999999993 ms
355,3708.999999999998 ms
355,3728.199999999999 ms
355,3737.5999999999985 ms
355,3770.8999999999987 ms
355,3801.1499999999987 ms
355,3808.199999999999 ms
355,3818.3999999999987 ms
355,3822.8999999999987 ms
355,3842.699999999999 ms
355,3900.0499999999993 ms
355,3905.199999999999 ms
355,3919.8499999999985 ms
355,3945.8999999999996 ms
355,3950.449999999999 ms
355,3985.699999999999 ms
355,3985.949999999999 ms
356,15.8 ms
356,18.55 ms
356,20.150000000000002 ms
356,21.650000000000002 ms
356,31.200000000000006 ms
356,49.400000000000006 ms
356,52.650000000000006 ms
356,55.650000000000006 ms
356,80.6 ms
356,94.15 ms
356,96.45000000000002 ms
356,103.79999999999998 ms
356,107.04999999999998 ms
356,109.0 ms
356,116.35 ms
356,121.44999999999999 ms
356,128.6 ms
356,132.04999999999998 ms
356,145.49999999999997 ms
356,147.65 ms
356,159.79999999999998 ms
356,175.20000000000002 ms
356,177.44999999999996 ms
356,186.99999999999997 ms
356,199.1 ms
356,208.04999999999998 ms
356,217.99999999999997 ms
356,223.99999999999997 ms
356,229.4 ms
356,236.45000000000002 ms
356,247.00000000000003 ms
356,262.6 ms
356,281.80000000000007 ms
356,294.6 ms
356,298.65 ms
356,300.0000000000001 ms
356,321.80000000000007 ms
356,329.20000000000005 ms
356,330.85 ms
356,339.0 ms
356,350.70000000000005 ms
356,356.0 ms
356,358.20000000000005 ms
356,396.75 ms
356,403.6 ms
356,412.95000000000005 ms
356,432.1500000000001 ms
356,439.95000000000005 ms
356,445.20000000000005 ms
356,452.35 ms
356,458.20000000000005 ms
356,492.5 ms
356,497.5 ms
356,526.4000000000001 ms
356,570.3000000000002 ms
356,584.4000000000001 ms
356,586.5500000000002 ms
356,596.5999999999999 ms
356,618.3000000000002 ms
356,627.8000000000002 ms
356,632.6500000000001 ms
356,636.9000000000001 ms
356,643.9000000000001 ms
356,645.7 ms
356,651.8 ms
356,655.95 ms
356,658.6500000000001 ms
356,659.5 ms
356,681.25 ms
356,684.6000000000001 ms
356,687.9000000000001 ms
356,715.1000000000001 ms
356,715.45 ms
356,734.2500000000002 ms
356,742.95 ms
356,743.5000000000002 ms
356,762.05 ms
356,787.3 ms
356,837.05 ms
356,843.55 ms
356,860.3 ms
356,870.55 ms
356,883.05 ms
356,895.8500000000001 ms
356,899.45 ms
356,901.3500000000001 ms
356,914.6499999999999 ms
356,921.8999999999999 ms
356,929.1499999999999 ms
356,938.1499999999999 ms
356,951.8 ms
356,967.8 ms
356,979.8 ms
356,990.3 ms
356,1002.3999999999999 ms
356,1009.1499999999999 ms
356,1013.95 ms
356,1026.55 ms
356,1030.1499999999999 ms
356,1032.2499999999998 ms
356,1034.8499999999997 ms
356,1035.3999999999994 ms
356,1056.2999999999995 ms
356,1059.9999999999998 ms
356,1095.9999999999998 ms
356,1097.5499999999995 ms
356,1100.3999999999994 ms
356,1100.9499999999996 ms
356,1109.9499999999996 ms
356,1112.0999999999997 ms
356,1157.55 ms
356,1163.5999999999997 ms
356,1180.6999999999996 ms
356,1203.6999999999996 ms
356,1211.4999999999993 ms
356,1262.9499999999996 ms
356,1321.3999999999999 ms
356,1325.05 ms
356,1333.2499999999998 ms
356,1333.7499999999998 ms
356,1339.2 ms
356,1375.6000000000001 ms
356,1387.55 ms
356,1419.1499999999999 ms
356,1439.3999999999999 ms
356,1440.3999999999999 ms
356,1447.9499999999996 ms
356,1454.7999999999995 ms
356,1499.55 ms
356,1503.3499999999997 ms
356,1507.05 ms
356,1526.0999999999997 ms
356,1544.3999999999994 ms
356,1549.9499999999996 ms
356,1605.4999999999993 ms
356,1623.8999999999994 ms
356,1636.6499999999999 ms
356,1663.7499999999998 ms
356,1669.1999999999996 ms
356,1674.9499999999996 ms
356,1681.1999999999996 ms
356,1705.1499999999999 ms
356,1730.8499999999997 ms
356,1740.6999999999996 ms
356,1758.7499999999993 ms
356,1761.4999999999998 ms
356,1765.3499999999997 ms
356,1781.7499999999998 ms
356,1787.6999999999996 ms
356,1809.1499999999999 ms
356,1821.5999999999997 ms
356,1826.8 ms
356,1834.2499999999998 ms
356,1858.7999999999995 ms
356,1879.4499999999996 ms
356,1883.2499999999998 ms
356,1905.6499999999999 ms
356,1917.3500000000001 ms
356,1945.0000000000002 ms
356,1947.6500000000003 ms
356,1963.7 ms
356,1969.3 ms
356,1995.3499999999997 ms
356,2018.6499999999999 ms
356,2037.05 ms
356,2059.95 ms
356,2065.95 ms
356,2077.45 ms
356,2100.0 ms
356,2102.3500000000004 ms
356,2144.2999999999993 ms
356,2149.7 ms
356,2176.8999999999996 ms
356,2186.6499999999996 ms
356,2205.0999999999995 ms
356,2240.8499999999995 ms
356,2245.8499999999995 ms
356,2258.2 ms
356,2263.0999999999995 ms
356,2265.8499999999995 ms
356,2281.95 ms
356,2301.749999999999 ms
356,2308.3999999999996 ms
356,2330.5499999999993 ms
356,2333.2999999999993 ms
356,2362.95 ms
356,2387.8999999999996 ms
356,2407.2 ms
356,2425.5 ms
356,2429.6000000000004 ms
356,2479.1499999999996 ms
356,2485.6499999999996 ms
356,2502.55 ms
356,2520.0 ms
356,2522.05 ms
356,2534.9000000000005 ms
356,2539.95 ms
356,2545.8500000000004 ms
356,2546.9000000000005 ms
356,2561.2000000000007 ms
356,2564.250000000001 ms
356,2586.300000000001 ms
356,2592.4500000000007 ms
356,2596.000000000002 ms
356,2605.9000000000015 ms
356,2609.4000000000015 ms
356,2636.3500000000013 ms
356,2640.000000000001 ms
356,2643.1500000000015 ms
356,2644.6500000000015 ms
356,2666.000000000002 ms
356,2669.000000000002 ms
356,2678.800000000001 ms
356,2680.9000000000015 ms
356,2725.8500000000013 ms
356,2748.4500000000016 ms
356,2764.4000000000005 ms
356,2766.4000000000005 ms
356,2784.1500000000005 ms
356,2806.3500000000013 ms
356,2818.05 ms
356,2829.2000000000007 ms
356,2844.750000000001 ms
356,2859.4000000000005 ms
356,2860.2000000000016 ms
356,2865.750000000001 ms
356,2868.250000000001 ms
356,2875.800000000002 ms
356,2882.8500000000013 ms
356,2891.250000000002 ms
356,2916.9000000000015 ms
356,2921.800000000002 ms
356,2936.000000000002 ms
356,2952.550000000002 ms
356,2960.850000000002 ms
356,2987.600000000002 ms
356,3009.350000000002 ms
356,3011.000000000002 ms
356,3018.800000000003 ms
356,3025.7000000000025 ms
356,3038.9000000000024 ms
356,3045.4000000000024 ms
356,3058.9500000000025 ms
356,3074.1500000000024 ms
356,3089.100000000002 ms
356,3089.350000000002 ms
356,3093.6500000000024 ms
356,3101.4500000000025 ms
356,3103.1500000000024 ms
356,3125.4000000000024 ms
356,3183.7000000000025 ms
356,3186.2500000000027 ms
356,3191.100000000003 ms
356,3195.1500000000024 ms
356,3200.2000000000035 ms
356,3204.6500000000024 ms
356,3213.0000000000027 ms
356,3250.050000000003 ms
356,3250.2000000000025 ms
356,3252.1500000000033 ms
356,3256.100000000002 ms
356,3262.7000000000025 ms
356,3277.9500000000025 ms
356,3281.7000000000025 ms
356,3297.7000000000025 ms
356,3305.9500000000025 ms
356,3312.7000000000025 ms
356,3327.1500000000024 ms
356,3332.550000000002 ms
356,3356.100000000003 ms
356,3374.7500000000027 ms
356,3418.4000000000024 ms
356,3447.2500000000027 ms
356,3455.9000000000024 ms
356,3458.2000000000035 ms
356,3465.4500000000035 ms
356,3497.1500000000024 ms
356,3505.800000000003 ms
356,3507.6500000000033 ms
356,3510.5000000000027 ms
356,3524.350000000003 ms
356,3531.600000000003 ms
356,3551.2000000000025 ms
356,3551.800000000003 ms
356,3568.2000000000025 ms
356,3587.550000000003 ms
356,3604.050000000003 ms
356,3614.750000000002 ms
356,3620.4000000000024 ms
356,3636.550000000002 ms
356,3638.0000000000027 ms
356,3657.600000000002 ms
356,3663.800000000002 ms
356,3667.050000000002 ms
356,3667.600000000002 ms
356,3674.600000000002 ms
356,3675.500000000002 ms
356,3684.350000000002 ms
356,3707.050000000002 ms
356,3721.750000000002 ms
356,3724.6500000000015 ms
356,3731.750000000002 ms
356,3735.050000000002 ms
356,3736.1500000000024 ms
356,3770.000000000002 ms
356,3790.600000000002 ms
356,3800.800000000001 ms
356,3821.750000000002 ms
356,3822.1000000000013 ms
356,3835.500000000001 ms
356,3843.1000000000013 ms
356,3892.1500000000015 ms
356,3915.550000000001 ms
356,3957.800000000001 ms
356,3981.6500000000015 ms
356,3990.500000000002 ms
356,3994.1000000000013 ms
356,3994.6000000000013 ms
357,8.25 ms
357,20.6 ms
357,23.950000000000003 ms
357,40.35000000000001 ms
357,55.45 ms
357,59.80000000000001 ms
357,61.650000000000006 ms
357,75.85 ms
357,97.05000000000001 ms
357,101.20000000000002 ms
357,138.90000000000003 ms
357,146.75000000000006 ms
357,180.95000000000005 ms
357,202.30000000000007 ms
357,214.15000000000003 ms
357,222.75000000000006 ms
357,232.75000000000006 ms
357,247.25000000000006 ms
357,278.24999999999994 ms
357,285.2 ms
357,286.8999999999999 ms
357,306.7 ms
357,316.7 ms
357,321.84999999999997 ms
357,344.99999999999994 ms
357,346.4499999999999 ms
357,367.59999999999985 ms
357,373.9499999999999 ms
357,416.34999999999985 ms
357,424.6499999999999 ms
357,438.0499999999999 ms
357,464.7999999999999 ms
357,472.8999999999999 ms
357,481.7999999999999 ms
357,482.74999999999983 ms
357,489.0499999999999 ms
357,500.1999999999999 ms
357,506.59999999999985 ms
357,512.0999999999999 ms
357,524.1999999999998 ms
357,527.55 ms
357,532.8 ms
357,551.3 ms
357,556.8 ms
357,557.0999999999999 ms
357,562.3999999999999 ms
357,570.8499999999999 ms
357,580.1499999999999 ms
357,585.55 ms
357,587.4499999999998 ms
357,589.9499999999998 ms
357,603.3999999999999 ms
357,612.4999999999998 ms
357,628.55 ms
357,644.1999999999998 ms
357,645.2499999999998 ms
357,645.7499999999998 ms
357,652.1499999999999 ms
357,663.5499999999997 ms
357,665.4499999999998 ms
357,667.7499999999995 ms
357,674.2499999999995 ms
357,675.7999999999997 ms
357,676.9999999999995 ms
357,684.7499999999995 ms
357,691.0999999999997 ms
357,698.0499999999997 ms
357,701.0499999999997 ms
357,703.9999999999998 ms
357,753.7999999999997 ms
357,777.5999999999997 ms
357,783.0499999999997 ms
357,783.9499999999998 ms
357,800.5499999999997 ms
357,808.7999999999997 ms
357,812.3999999999996 ms
357,843.6499999999996 ms
357,845.1499999999996 ms
357,862.4499999999998 ms
357,877.2499999999995 ms
357,897.6999999999998 ms
357,902.5499999999997 ms
357,905.0499999999997 ms
357,905.2999999999997 ms
357,920.7499999999998 ms
357,923.6499999999999 ms
357,930.9499999999996 ms
357,933.0999999999997 ms
357,955.5999999999997 ms
357,966.8499999999997 ms
357,988.2499999999998 ms
357,990.3999999999996 ms
357,990.7499999999995 ms
357,995.1999999999998 ms
357,1021.0999999999997 ms
357,1045.8499999999997 ms
357,1047.1999999999996 ms
357,1059.5999999999997 ms
357,1060.3 ms
357,1061.7 ms
357,1068.8500000000001 ms
357,1078.7500000000002 ms
357,1082.1000000000001 ms
357,1093.2500000000002 ms
357,1094.8 ms
357,1099.1499999999999 ms
357,1122.3 ms
357,1142.5000000000002 ms
357,1160.3500000000001 ms
357,1166.55 ms
357,1167.0999999999997 ms
357,1187.55 ms
357,1187.8499999999997 ms
357,1205.2499999999998 ms
357,1210.1499999999999 ms
357,1223.9999999999998 ms
357,1235.7 ms
357,1254.4000000000003 ms
357,1266.3999999999999 ms
357,1268.05 ms
357,1271.1499999999999 ms
357,1278.9000000000003 ms
357,1282.5500000000004 ms
357,1298.9500000000005 ms
357,1318.0500000000004 ms
357,1318.1500000000003 ms
357,1320.2 ms
357,1324.7499999999998 ms
357,1339.7 ms
357,1340.95 ms
357,1348.8 ms
357,1374.5000000000002 ms
357,1383.1500000000003 ms
357,1400.5000000000002 ms
357,1411.1000000000001 ms
357,1415.1499999999999 ms
357,1420.05 ms
357,1437.5999999999997 ms
357,1438.9499999999996 ms
357,1441.45 ms
357,1450.4499999999996 ms
357,1457.9999999999998 ms
357,1486.2 ms
357,1487.4499999999996 ms
357,1535.0999999999997 ms
357,1535.8999999999999 ms
357,1538.05 ms
357,1543.2 ms
357,1545.6000000000001 ms
357,1566.7500000000002 ms
357,1570.3 ms
357,1580.95 ms
357,1582.5000000000002 ms
357,1611.2000000000005 ms
357,1617.5500000000004 ms
357,1620.5000000000002 ms
357,1639.1000000000001 ms
357,1648.5000000000002 ms
357,1659.4000000000003 ms
357,1669.6000000000006 ms
357,1686.0500000000004 ms
357,1701.7000000000005 ms
357,1717.5500000000004 ms
357,1734.6000000000001 ms
357,1739.95 ms
357,1765.5000000000002 ms
357,1776.05 ms
357,1780.3500000000001 ms
357,1788.8999999999999 ms
357,1796.05 ms
357,1798.6000000000001 ms
357,1806.3999999999999 ms
357,1810.8500000000001 ms
357,1831.5500000000004 ms
357,1847.1000000000001 ms
357,1847.3000000000004 ms
357,1864.9500000000005 ms
357,1865.95 ms
357,1866.2500000000002 ms
357,1875.0000000000002 ms
357,1890.3 ms
357,1911.5000000000002 ms
357,1913.3500000000001 ms
357,1913.6499999999999 ms
357,1919.6500000000003 ms
357,1945.3500000000001 ms
357,1947.3999999999999 ms
357,1985.8 ms
357,2002.6000000000001 ms
357,2023.3500000000001 ms
357,2039.8500000000001 ms
357,2048.2 ms
357,2072.3 ms
357,2075.45 ms
357,2079.000000000001 ms
357,2081.7 ms
357,2082.6000000000004 ms
357,2111.9500000000007 ms
357,2146.6000000000004 ms
357,2164.3 ms
357,2175.6500000000005 ms
357,2188.95 ms
357,2211.8 ms
357,2223.3500000000004 ms
357,2223.8 ms
357,2234.45 ms
357,2246.55 ms
357,2278.3500000000004 ms
357,2285.05 ms
357,2356.55 ms
357,2362.1500000000005 ms
357,2368.3 ms
357,2393.2 ms
357,2393.7 ms
357,2395.3 ms
357,2402.4000000000005 ms
357,2402.8499999999995 ms
357,2412.95 ms
357,2430.25 ms
357,2431.95 ms
357,2455.8 ms
357,2470.55 ms
357,2504.55 ms
357,2538.55 ms
357,2562.3 ms
357,2564.6499999999996 ms
357,2565.3499999999995 ms
357,2568.45 ms
357,2593.1499999999987 ms
357,2614.7999999999993 ms
357,2616.6499999999996 ms
357,2637.749999999999 ms
357,2643.3999999999987 ms
357,2646.45 ms
357,2652.2999999999993 ms
357,2664.949999999999 ms
357,2667.449999999999 ms
357,2699.0 ms
357,2700.0999999999995 ms
357,2702.5999999999995 ms
357,2728.7999999999993 ms
357,2738.749999999999 ms
357,2743.0499999999993 ms
357,2757.949999999999 ms
357,2759.0499999999993 ms
357,2768.499999999999 ms
357,2768.8499999999995 ms
357,2785.749999999999 ms
357,2795.1499999999987 ms
357,2796.45 ms
357,2812.5499999999993 ms
357,2837.5999999999995 ms
357,2841.5499999999993 ms
357,2841.699999999999 ms
357,2852.75 ms
357,2872.75 ms
357,2902.6499999999996 ms
357,2913.0499999999993 ms
357,2980.75 ms
357,3019.0 ms
357,3022.1499999999996 ms
357,3032.1499999999996 ms
357,3033.8999999999996 ms
357,3045.75 ms
357,3046.199999999999 ms
357,3048.2999999999993 ms
357,3051.499999999999 ms
357,3054.449999999999 ms
357,3055.249999999999 ms
357,3065.499999999999 ms
357,3087.0999999999995 ms
357,3094.699999999999 ms
357,3097.5499999999993 ms
357,3108.3499999999985 ms
357,3111.2999999999993 ms
357,3117.8999999999987 ms
357,3121.2999999999984 ms
357,3134.5499999999984 ms
357,3146.3999999999987 ms
357,3151.999999999999 ms
357,3181.7999999999984 ms
357,3183.699999999999 ms
357,3194.699999999999 ms
357,3198.3999999999987 ms
357,3223.499999999999 ms
357,3236.449999999998 ms
357,3250.5499999999984 ms
357,3281.8499999999985 ms
357,3286.8999999999987 ms
357,3289.5499999999984 ms
357,3300.699999999999 ms
357,3306.2999999999993 ms
357,3322.949999999999 ms
357,3349.499999999999 ms
357,3466.8999999999987 ms
357,3471.5999999999995 ms
357,3475.499999999999 ms
357,3502.699999999999 ms
357,3505.6499999999987 ms
357,3515.699999999999 ms
357,3528.2999999999993 ms
357,3545.3499999999985 ms
357,3553.5499999999993 ms
357,3556.5999999999985 ms
357,3556.949999999999 ms
357,3562.249999999999 ms
357,3576.8499999999995 ms
357,3595.999999999999 ms
357,3601.199999999999 ms
357,3646.749999999999 ms
357,3648.3999999999987 ms
357,3696.5499999999993 ms
357,3730.3499999999995 ms
357,3732.3999999999996 ms
357,3739.0 ms
357,3739.2999999999993 ms
357,3748.5499999999993 ms
357,3749.5499999999993 ms
357,3769.6499999999996 ms
357,3778.0 ms
357,3784.6499999999996 ms
357,3808.0 ms
357,3821.0 ms
357,3825.0999999999995 ms
357,3833.8499999999995 ms
357,3862.5499999999993 ms
357,3866.949999999999 ms
357,3872.5499999999993 ms
357,3890.8999999999996 ms
357,3893.949999999999 ms
357,3899.7999999999993 ms
357,3907.0499999999993 ms
357,3912.3499999999995 ms
357,3921.6499999999996 ms
357,3934.8499999999995 ms
357,3959.749999999999 ms
357,3981.749999999999 ms
357,3996.6499999999996 ms
358,2.4000000000000004 ms
358,25.700000000000003 ms
358,30.5 ms
358,70.15 ms
358,74.30000000000001 ms
358,77.85000000000002 ms
358,102.20000000000002 ms
358,107.15 ms
358,114.60000000000002 ms
358,123.85000000000002 ms
358,125.75000000000003 ms
358,139.55000000000004 ms
358,157.85000000000005 ms
358,192.30000000000004 ms
358,196.10000000000005 ms
358,208.90000000000006 ms
358,234.75000000000009 ms
358,239.75000000000009 ms
358,255.3000000000001 ms
358,269.6500000000001 ms
358,292.7500000000001 ms
358,299.80000000000007 ms
358,301.1500000000002 ms
358,321.5000000000001 ms
358,324.9000000000002 ms
358,351.2500000000001 ms
358,362.5000000000001 ms
358,365.35000000000025 ms
358,366.0500000000002 ms
358,378.5000000000002 ms
358,380.0500000000002 ms
358,383.0500000000002 ms
358,396.4000000000002 ms
358,404.35000000000025 ms
358,414.2500000000001 ms
358,418.5500000000002 ms
358,429.95000000000016 ms
358,430.45000000000016 ms
358,433.35000000000014 ms
358,436.35000000000014 ms
358,442.3000000000002 ms
358,457.5500000000002 ms
358,467.60000000000014 ms
358,482.10000000000014 ms
358,482.60000000000014 ms
358,483.1500000000001 ms
358,493.8000000000002 ms
358,512.5000000000001 ms
358,519.0000000000001 ms
358,521.7000000000002 ms
358,542.5500000000003 ms
358,570.9500000000002 ms
358,583.6500000000002 ms
358,593.5500000000001 ms
358,597.2500000000001 ms
358,610.5000000000003 ms
358,623.6000000000003 ms
358,640.9500000000004 ms
358,641.9000000000004 ms
358,660.9000000000002 ms
358,663.0000000000003 ms
358,672.3500000000005 ms
358,680.1500000000004 ms
358,698.7500000000003 ms
358,701.9500000000004 ms
358,712.5000000000003 ms
358,721.4500000000004 ms
358,721.9000000000004 ms
358,731.8500000000005 ms
358,733.0500000000005 ms
358,736.2000000000004 ms
358,740.2500000000003 ms
358,741.8000000000003 ms
358,756.9500000000004 ms
358,760.5500000000005 ms
358,771.0500000000003 ms
358,773.6000000000003 ms
358,778.8500000000005 ms
358,789.1000000000003 ms
358,804.7000000000004 ms
358,809.5000000000003 ms
358,831.8000000000003 ms
358,871.5500000000003 ms
358,875.8000000000003 ms
358,876.0000000000003 ms
358,900.0500000000003 ms
358,915.2000000000002 ms
358,915.4500000000004 ms
358,915.7000000000002 ms
358,942.7500000000001 ms
358,953.3500000000003 ms
358,959.6500000000002 ms
358,984.6500000000002 ms
358,991.9000000000002 ms
358,993.5000000000003 ms
358,1004.7000000000004 ms
358,1016.1000000000003 ms
358,1019.6000000000003 ms
358,1021.7500000000001 ms
358,1023.0000000000003 ms
358,1030.0 ms
358,1032.0 ms
358,1032.4500000000003 ms
358,1037.5000000000005 ms
358,1038.2000000000003 ms
358,1048.5500000000002 ms
358,1118.9 ms
358,1127.35 ms
358,1133.1 ms
358,1174.15 ms
358,1235.8000000000002 ms
358,1236.8500000000004 ms
358,1246.9499999999998 ms
358,1275.8500000000004 ms
358,1296.15 ms
358,1298.9500000000003 ms
358,1311.4500000000003 ms
358,1348.7000000000003 ms
358,1350.5499999999997 ms
358,1351.1 ms
358,1361.7999999999997 ms
358,1364.4 ms
358,1370.85 ms
358,1372.35 ms
358,1379.4499999999998 ms
358,1382.25 ms
358,1388.2999999999997 ms
358,1413.0499999999997 ms
358,1425.1999999999998 ms
358,1454.85 ms
358,1484.4 ms
358,1509.35 ms
358,1516.1999999999998 ms
358,1518.9499999999998 ms
358,1551.9499999999998 ms
358,1557.35 ms
358,1561.4 ms
358,1566.65 ms
358,1577.4 ms
358,1582.5499999999997 ms
358,1599.5499999999997 ms
358,1602.15 ms
358,1644.6 ms
358,1651.1999999999998 ms
358,1653.1999999999998 ms
358,1710.3999999999996 ms
358,1726.3000000000002 ms
358,1745.6499999999996 ms
358,1750.6999999999998 ms
358,1753.2999999999997 ms
358,1759.1999999999998 ms
358,1768.0499999999997 ms
358,1768.35 ms
358,1770.9499999999994 ms
358,1795.35 ms
358,1834.3999999999996 ms
358,1856.4499999999998 ms
358,1859.6999999999998 ms
358,1896.5499999999993 ms
358,1902.9499999999998 ms
358,1927.3999999999996 ms
358,1934.8499999999995 ms
358,1992.25 ms
358,2014.75 ms
358,2024.7999999999997 ms
358,2027.9999999999995 ms
358,2028.9 ms
358,2083.649999999999 ms
358,2084.4499999999994 ms
358,2100.7999999999997 ms
358,2123.4500000000003 ms
358,2151.0000000000005 ms
358,2162.9 ms
358,2167.65 ms
358,2175.15 ms
358,2194.2000000000003 ms
358,2219.850000000001 ms
358,2222.650000000001 ms
358,2223.8000000000006 ms
358,2241.2500000000005 ms
358,2251.9500000000003 ms
358,2256.9 ms
358,2262.8000000000006 ms
358,2266.65 ms
358,2286.65 ms
358,2287.35 ms
358,2307.2999999999997 ms
358,2319.0499999999997 ms
358,2321.9999999999995 ms
358,2357.9 ms
358,2366.7999999999997 ms
358,2380.9500000000003 ms
358,2390.6 ms
358,2401.0499999999997 ms
358,2411.2000000000003 ms
358,2422.4499999999994 ms
358,2457.1 ms
358,2463.5499999999997 ms
358,2486.85 ms
358,2491.5000000000005 ms
358,2512.5500000000006 ms
358,2518.9500000000003 ms
358,2571.7999999999997 ms
358,2578.7499999999995 ms
358,2578.9 ms
358,2595.1 ms
358,2598.1999999999994 ms
358,2627.6 ms
358,2635.1 ms
358,2638.65 ms
358,2651.85 ms
358,2653.1999999999994 ms
358,2677.6 ms
358,2684.9499999999994 ms
358,2693.149999999999 ms
358,2722.2999999999997 ms
358,2722.4999999999995 ms
358,2725.1999999999994 ms
358,2757.649999999999 ms
358,2780.099999999999 ms
358,2780.9499999999985 ms
358,2787.7499999999986 ms
358,2790.299999999999 ms
358,2805.349999999999 ms
358,2819.6999999999994 ms
358,2822.149999999999 ms
358,2832.2499999999986 ms
358,2833.4999999999995 ms
358,2874.1999999999994 ms
358,2882.149999999999 ms
358,2885.9999999999986 ms
358,2903.4999999999986 ms
358,2920.849999999998 ms
358,2937.799999999998 ms
358,2956.4499999999985 ms
358,2957.8999999999983 ms
358,2973.299999999999 ms
358,2983.099999999999 ms
358,2984.2499999999986 ms
358,2991.599999999998 ms
358,2992.9499999999985 ms
358,3016.6499999999983 ms
358,3018.3999999999983 ms
358,3026.599999999998 ms
358,3047.4999999999986 ms
358,3048.4999999999977 ms
358,3067.6999999999975 ms
358,3069.4999999999977 ms
358,3070.6999999999975 ms
358,3073.1999999999985 ms
358,3082.299999999998 ms
358,3088.7499999999977 ms
358,3097.4999999999977 ms
358,3127.1499999999983 ms
358,3147.6999999999985 ms
358,3148.349999999998 ms
358,3151.3999999999983 ms
358,3153.9999999999977 ms
358,3183.8999999999983 ms
358,3188.8999999999983 ms
358,3208.6999999999985 ms
358,3218.1499999999983 ms
358,3238.2499999999977 ms
358,3251.7499999999986 ms
358,3268.549999999999 ms
358,3270.099999999999 ms
358,3279.899999999999 ms
358,3289.6999999999994 ms
358,3291.9999999999995 ms
358,3305.399999999999 ms
358,3306.899999999999 ms
358,3307.4999999999986 ms
358,3363.7499999999995 ms
358,3366.9999999999986 ms
358,3389.6999999999985 ms
358,3396.4499999999994 ms
358,3403.7499999999995 ms
358,3405.0499999999997 ms
358,3417.4499999999994 ms
358,3437.1999999999994 ms
358,3444.35 ms
358,3454.599999999999 ms
358,3455.35 ms
358,3467.849999999999 ms
358,3531.899999999999 ms
358,3592.65 ms
358,3613.1 ms
358,3622.599999999999 ms
358,3624.649999999999 ms
358,3656.15 ms
358,3661.7499999999995 ms
358,3681.099999999999 ms
358,3681.649999999999 ms
358,3686.5499999999997 ms
358,3708.2999999999997 ms
358,3718.2499999999995 ms
358,3718.599999999999 ms
358,3719.2499999999995 ms
358,3722.6999999999994 ms
358,3722.9499999999994 ms
358,3733.6 ms
358,3746.4999999999995 ms
358,3757.4 ms
358,3761.6 ms
358,3770.6999999999994 ms
358,3780.4999999999995 ms
358,3781.9999999999995 ms
358,3789.5499999999997 ms
358,3811.4500000000003 ms
358,3818.4 ms
358,3832.7999999999997 ms
358,3868.4500000000003 ms
358,3870.9499999999994 ms
358,3877.85 ms
358,3895.7500000000005 ms
358,3896.4 ms
358,3910.15 ms
358,3911.1 ms
358,3914.7999999999997 ms
358,3915.7999999999997 ms
358,3934.7499999999995 ms
358,3942.0499999999997 ms
358,3951.85 ms
358,3977.2999999999997 ms
358,3992.2000000000003 ms
359,19.950000000000003 ms
359,22.6 ms
359,28.0 ms
359,31.15 ms
359,37.25000000000001 ms
359,38.20000000000001 ms
359,70.35 ms
359,89.5 ms
359,102.19999999999999 ms
359,108.69999999999999 ms
359,123.4 ms
359,132.45000000000002 ms
359,150.10000000000005 ms
359,166.25000000000003 ms
359,175.95000000000002 ms
359,194.70000000000002 ms
359,206.29999999999998 ms
359,211.70000000000002 ms
359,215.20000000000002 ms
359,220.35000000000005 ms
359,222.30000000000004 ms
359,225.70000000000002 ms
359,226.20000000000002 ms
359,254.20000000000002 ms
359,269.45000000000005 ms
359,269.6500000000001 ms
359,281.29999999999995 ms
359,287.5 ms
359,301.95000000000005 ms
359,307.15 ms
359,320.6 ms
359,342.4999999999999 ms
359,364.4 ms
359,374.79999999999984 ms
359,378.29999999999984 ms
359,386.04999999999984 ms
359,410.65 ms
359,442.4999999999999 ms
359,446.04999999999995 ms
359,475.5999999999999 ms
359,489.45000000000005 ms
359,489.75 ms
359,507.35 ms
359,511.4 ms
359,511.70000000000005 ms
359,519.75 ms
359,550.5999999999999 ms
359,562.45 ms
359,562.6000000000001 ms
359,582.3500000000001 ms
359,586.75 ms
359,599.3499999999999 ms
359,600.5999999999999 ms
359,604.4000000000001 ms
359,629.5999999999999 ms
359,643.0 ms
359,643.8499999999999 ms
359,648.5500000000002 ms
359,653.5 ms
359,658.0500000000002 ms
359,670.5 ms
359,677.5 ms
359,680.3000000000002 ms
359,712.8499999999999 ms
359,726.3000000000002 ms
359,728.75 ms
359,729.3500000000001 ms
359,746.9000000000001 ms
359,765.6500000000001 ms
359,775.0 ms
359,780.8000000000002 ms
359,791.25 ms
359,838.5500000000002 ms
359,847.2 ms
359,880.3 ms
359,888.45 ms
359,895.55 ms
359,936.8500000000001 ms
359,939.45 ms
359,954.7 ms
359,959.1000000000001 ms
359,961.25 ms
359,963.2 ms
359,983.55 ms
359,987.5000000000002 ms
359,993.3500000000001 ms
359,1007.45 ms
359,1023.7 ms
359,1028.7500000000002 ms
359,1055.0000000000002 ms
359,1057.3 ms
359,1113.2500000000002 ms
359,1128.05 ms
359,1202.1499999999999 ms
359,1206.8 ms
359,1268.2500000000002 ms
359,1270.3 ms
359,1297.3000000000004 ms
359,1298.2000000000005 ms
359,1301.6000000000006 ms
359,1334.6000000000001 ms
359,1340.8000000000004 ms
359,1347.1000000000001 ms
359,1351.3500000000006 ms
359,1352.1000000000001 ms
359,1360.1500000000003 ms
359,1364.1500000000003 ms
359,1368.1000000000006 ms
359,1371.6000000000001 ms
359,1387.6500000000003 ms
359,1394.1500000000003 ms
359,1396.6500000000003 ms
359,1400.0500000000004 ms
359,1413.0000000000007 ms
359,1424.9500000000005 ms
359,1427.8500000000006 ms
359,1431.8500000000006 ms
359,1433.2000000000005 ms
359,1439.5500000000004 ms
359,1474.1000000000001 ms
359,1476.6000000000006 ms
359,1483.9000000000003 ms
359,1486.4000000000003 ms
359,1502.7 ms
359,1509.4500000000005 ms
359,1524.5000000000002 ms
359,1539.05 ms
359,1557.95 ms
359,1566.7500000000002 ms
359,1594.0000000000002 ms
359,1595.5000000000002 ms
359,1619.9500000000005 ms
359,1624.1000000000006 ms
359,1631.4000000000003 ms
359,1633.6500000000003 ms
359,1649.5000000000002 ms
359,1651.7500000000002 ms
359,1651.9500000000005 ms
359,1661.2500000000002 ms
359,1661.6500000000003 ms
359,1664.1500000000003 ms
359,1684.9000000000003 ms
359,1685.6500000000003 ms
359,1719.45 ms
359,1721.3500000000001 ms
359,1740.0000000000002 ms
359,1753.4000000000003 ms
359,1762.7500000000002 ms
359,1764.2000000000005 ms
359,1767.1500000000008 ms
359,1770.7500000000007 ms
359,1790.7500000000002 ms
359,1809.0500000000004 ms
359,1815.1000000000001 ms
359,1817.2 ms
359,1818.2500000000002 ms
359,1819.2000000000005 ms
359,1832.6000000000006 ms
359,1843.6500000000003 ms
359,1846.1500000000003 ms
359,1856.3500000000006 ms
359,1863.7000000000005 ms
359,1865.9000000000003 ms
359,1882.95 ms
359,1903.2000000000005 ms
359,1938.1500000000003 ms
359,1979.45 ms
359,1986.2000000000005 ms
359,2002.0000000000002 ms
359,2005.4500000000005 ms
359,2006.8500000000006 ms
359,2017.6500000000003 ms
359,2022.3000000000004 ms
359,2035.7500000000007 ms
359,2048.05 ms
359,2060.9000000000005 ms
359,2083.250000000001 ms
359,2103.8 ms
359,2129.6000000000013 ms
359,2135.4500000000007 ms
359,2151.9500000000007 ms
359,2169.3500000000004 ms
359,2193.050000000001 ms
359,2204.4000000000005 ms
359,2209.500000000001 ms
359,2210.8 ms
359,2235.9500000000007 ms
359,2251.2000000000007 ms
359,2260.7000000000007 ms
359,2264.9500000000007 ms
359,2271.6000000000004 ms
359,2274.8500000000004 ms
359,2292.6500000000015 ms
359,2293.1500000000015 ms
359,2297.7000000000007 ms
359,2298.9000000000015 ms
359,2303.8500000000004 ms
359,2307.8500000000004 ms
359,2309.9000000000015 ms
359,2310.8500000000004 ms
359,2327.4500000000007 ms
359,2327.6000000000004 ms
359,2327.7000000000007 ms
359,2341.1000000000004 ms
359,2347.4500000000007 ms
359,2349.050000000001 ms
359,2358.75 ms
359,2359.7000000000007 ms
359,2360.1499999999996 ms
359,2361.3999999999996 ms
359,2366.4500000000007 ms
359,2371.8999999999996 ms
359,2385.0 ms
359,2387.6499999999996 ms
359,2389.3999999999996 ms
359,2393.25 ms
359,2400.1499999999996 ms
359,2403.75 ms
359,2421.55 ms
359,2423.3500000000004 ms
359,2441.6000000000004 ms
359,2444.3 ms
359,2447.45 ms
359,2465.1500000000005 ms
359,2465.45 ms
359,2477.3 ms
359,2484.8 ms
359,2515.55 ms
359,2522.9000000000005 ms
359,2528.2 ms
359,2533.2 ms
359,2543.8 ms
359,2554.9000000000005 ms
359,2570.45 ms
359,2578.4000000000005 ms
359,2592.0 ms
359,2596.6499999999996 ms
359,2617.8 ms
359,2631.1000000000004 ms
359,2641.9000000000005 ms
359,2648.05 ms
359,2648.250000000001 ms
359,2660.4000000000005 ms
359,2663.3 ms
359,2664.9000000000005 ms
359,2708.4500000000007 ms
359,2726.1500000000005 ms
359,2743.250000000001 ms
359,2770.4000000000005 ms
359,2784.05 ms
359,2787.9000000000005 ms
359,2836.3500000000004 ms
359,2853.75 ms
359,2861.2000000000007 ms
359,2872.8500000000004 ms
359,2881.4500000000007 ms
359,2922.5 ms
359,2939.6500000000005 ms
359,2943.9500000000007 ms
359,2948.3500000000004 ms
359,2954.4500000000007 ms
359,2965.8500000000004 ms
359,2981.750000000001 ms
359,2983.000000000001 ms
359,2984.250000000001 ms
359,3020.4500000000007 ms
359,3064.300000000001 ms
359,3089.9000000000005 ms
359,3108.6000000000004 ms
359,3128.1000000000004 ms
359,3128.3 ms
359,3138.05 ms
359,3139.6500000000005 ms
359,3140.0 ms
359,3144.25 ms
359,3159.8 ms
359,3195.4000000000005 ms
359,3197.25 ms
359,3204.2 ms
359,3210.8 ms
359,3214.499999999999 ms
359,3230.8499999999995 ms
359,3231.45 ms
359,3233.45 ms
359,3247.8999999999987 ms
359,3250.999999999999 ms
359,3308.8499999999995 ms
359,3310.2999999999984 ms
359,3310.749999999999 ms
359,3318.0999999999985 ms
359,3324.499999999998 ms
359,3341.199999999999 ms
359,3361.8499999999985 ms
359,3395.249999999998 ms
359,3400.249999999998 ms
359,3406.6499999999987 ms
359,3414.6499999999987 ms
359,3428.5999999999985 ms
359,3446.3999999999987 ms
359,3459.1499999999987 ms
359,3464.5499999999984 ms
359,3464.7999999999984 ms
359,3489.8499999999995 ms
359,3496.8999999999987 ms
359,3507.3999999999987 ms
359,3511.3999999999987 ms
359,3526.2 ms
359,3530.7 ms
359,3539.3499999999995 ms
359,3542.0499999999993 ms
359,3551.7999999999993 ms
359,3574.749999999999 ms
359,3592.499999999999 ms
359,3602.5499999999993 ms
359,3614.6499999999996 ms
359,3643.0499999999993 ms
359,3655.3999999999996 ms
359,3658.199999999999 ms
359,3686.25 ms
359,3690.7999999999993 ms
359,3721.6000000000004 ms
359,3722.45 ms
359,3751.3 ms
359,3758.6499999999996 ms
359,3773.75 ms
359,3774.199999999999 ms
359,3782.5 ms
359,3802.2999999999993 ms
359,3827.5 ms
359,3830.449999999999 ms
359,3846.3999999999996 ms
359,3859.199999999999 ms
359,3868.1499999999996 ms
359,3869.999999999999 ms
359,3873.2999999999993 ms
359,3880.5999999999995 ms
359,3882.0499999999993 ms
359,3885.699999999999 ms
359,3896.5499999999993 ms
359,3898.0499999999993 ms
359,3916.999999999999 ms
359,3919.199999999999 ms
359,3923.499999999999 ms
359,3946.3499999999995 ms
359,3970.5499999999984 ms
359,3971.999999999999 ms
359,3975.5999999999985 ms
359,3985.0999999999985 ms
360,19.3 ms
360,25.8 ms
360,27.150000000000002 ms
360,33.400000000000006 ms
360,41.900000000000006 ms
360,50.95 ms
360,60.2 ms
360,61.8 ms
360,77.05000000000003 ms
360,77.90000000000002 ms
360,85.85000000000001 ms
360,101.05000000000003 ms
360,112.8 ms
360,124.85000000000001 ms
360,132.89999999999998 ms
360,203.55 ms
360,203.90000000000003 ms
360,216.8 ms
360,225.65000000000003 ms
360,231.59999999999997 ms
360,231.8 ms
360,244.34999999999997 ms
360,252.40000000000003 ms
360,271.55 ms
360,276.24999999999994 ms
360,285.84999999999997 ms
360,300.3500000000001 ms
360,302.05 ms
360,318.95 ms
360,324.55 ms
360,327.74999999999994 ms
360,337.8 ms
360,340.45 ms
360,354.8 ms
360,355.49999999999994 ms
360,364.1499999999999 ms
360,373.0499999999999 ms
360,390.09999999999997 ms
360,402.2 ms
360,404.7 ms
360,445.8999999999999 ms
360,450.84999999999997 ms
360,461.7999999999999 ms
360,472.24999999999994 ms
360,491.99999999999994 ms
360,503.34999999999997 ms
360,512.1500000000001 ms
360,513.0 ms
360,515.8499999999999 ms
360,516.6500000000001 ms
360,520.05 ms
360,523.75 ms
360,547.8 ms
360,553.8 ms
360,554.05 ms
360,557.8499999999999 ms
360,565.8499999999999 ms
360,583.8999999999999 ms
360,637.9499999999998 ms
360,642.5499999999997 ms
360,654.5 ms
360,687.6499999999999 ms
360,700.9999999999998 ms
360,704.3999999999999 ms
360,710.1499999999999 ms
360,718.4499999999998 ms
360,719.5499999999997 ms
360,720.7999999999997 ms
360,721.5499999999997 ms
360,723.5499999999997 ms
360,737.5499999999997 ms
360,756.0 ms
360,761.8999999999999 ms
360,772.9499999999998 ms
360,777.3999999999999 ms
360,796.1499999999999 ms
360,805.9999999999998 ms
360,811.1499999999999 ms
360,813.3 ms
360,825.55 ms
360,836.4499999999998 ms
360,854.7999999999997 ms
360,865.1999999999998 ms
360,886.6499999999999 ms
360,893.3 ms
360,907.9499999999998 ms
360,926.2499999999998 ms
360,932.7499999999998 ms
360,942.8499999999997 ms
360,958.3499999999997 ms
360,963.9499999999998 ms
360,967.9499999999998 ms
360,968.8999999999999 ms
360,970.2499999999998 ms
360,977.3999999999999 ms
360,995.3499999999999 ms
360,1006.0999999999999 ms
360,1033.05 ms
360,1041.7500000000002 ms
360,1048.7499999999998 ms
360,1086.2500000000002 ms
360,1096.45 ms
360,1124.8500000000001 ms
360,1125.6499999999999 ms
360,1153.1500000000003 ms
360,1160.3000000000004 ms
360,1166.55 ms
360,1167.6000000000001 ms
360,1189.8999999999999 ms
360,1205.45 ms
360,1214.2 ms
360,1222.05 ms
360,1234.3499999999997 ms
360,1238.1999999999996 ms
360,1239.0499999999995 ms
360,1290.8499999999997 ms
360,1295.1499999999994 ms
360,1305.7499999999993 ms
360,1305.9499999999996 ms
360,1321.0499999999995 ms
360,1321.8499999999992 ms
360,1333.8499999999997 ms
360,1337.4999999999998 ms
360,1349.3499999999997 ms
360,1368.0999999999992 ms
360,1376.2999999999995 ms
360,1394.4499999999996 ms
360,1397.3999999999999 ms
360,1397.7499999999998 ms
360,1405.9499999999996 ms
360,1425.3999999999999 ms
360,1447.6999999999996 ms
360,1483.5999999999997 ms
360,1483.8 ms
360,1497.9999999999998 ms
360,1498.7 ms
360,1499.3500000000001 ms
360,1509.7500000000002 ms
360,1517.4000000000003 ms
360,1519.7500000000002 ms
360,1542.95 ms
360,1543.05 ms
360,1545.45 ms
360,1553.8500000000001 ms
360,1555.5000000000002 ms
360,1598.9000000000003 ms
360,1607.8500000000006 ms
360,1611.3500000000001 ms
360,1615.9000000000003 ms
360,1619.2500000000002 ms
360,1626.3 ms
360,1651.5500000000004 ms
360,1654.8 ms
360,1655.1499999999999 ms
360,1713.3 ms
360,1714.8000000000004 ms
360,1717.4500000000005 ms
360,1733.0000000000002 ms
360,1735.3 ms
360,1740.95 ms
360,1775.6500000000003 ms
360,1855.7500000000002 ms
360,1864.6000000000001 ms
360,1873.8000000000004 ms
360,1883.0000000000002 ms
360,1890.4500000000005 ms
360,1894.6000000000006 ms
360,1901.1500000000003 ms
360,1914.3500000000006 ms
360,1941.8000000000004 ms
360,1943.1500000000003 ms
360,1957.4000000000003 ms
360,1959.8500000000006 ms
360,1980.1500000000003 ms
360,1990.2 ms
360,2005.05 ms
360,2023.45 ms
360,2044.4500000000005 ms
360,2053.75 ms
360,2054.4000000000005 ms
360,2066.7000000000007 ms
360,2076.8500000000004 ms
360,2077.000000000001 ms
360,2124.6500000000005 ms
360,2130.8500000000013 ms
360,2154.000000000001 ms
360,2155.8500000000013 ms
360,2170.6500000000005 ms
360,2175.6500000000005 ms
360,2179.4000000000005 ms
360,2199.1500000000005 ms
360,2200.9500000000016 ms
360,2208.500000000001 ms
360,2243.1000000000013 ms
360,2247.550000000001 ms
360,2267.800000000001 ms
360,2270.500000000001 ms
360,2279.300000000001 ms
360,2297.7000000000007 ms
360,2304.250000000002 ms
360,2308.500000000002 ms
360,2310.8500000000013 ms
360,2317.550000000001 ms
360,2324.8500000000013 ms
360,2364.2000000000016 ms
360,2369.800000000001 ms
360,2375.550000000001 ms
360,2380.750000000001 ms
360,2385.4000000000005 ms
360,2395.000000000001 ms
360,2453.9000000000005 ms
360,2482.300000000001 ms
360,2501.050000000001 ms
360,2514.4000000000015 ms
360,2571.8500000000004 ms
360,2580.500000000001 ms
360,2607.4000000000005 ms
360,2609.8500000000013 ms
360,2614.8 ms
360,2618.4000000000005 ms
360,2618.8 ms
360,2651.3 ms
360,2659.9000000000005 ms
360,2670.8500000000004 ms
360,2681.4500000000007 ms
360,2683.3999999999996 ms
360,2713.55 ms
360,2729.3500000000004 ms
360,2730.2000000000007 ms
360,2740.25 ms
360,2741.2000000000007 ms
360,2750.4500000000007 ms
360,2754.3500000000004 ms
360,2760.0 ms
360,2788.75 ms
360,2812.050000000001 ms
360,2817.2000000000007 ms
360,2826.7000000000007 ms
360,2839.550000000001 ms
360,2841.75 ms
360,2852.1500000000005 ms
360,2863.500000000001 ms
360,2872.8500000000004 ms
360,2880.4500000000007 ms
360,2898.25 ms
360,2909.3500000000004 ms
360,2916.5 ms
360,2939.7000000000007 ms
360,2946.9500000000007 ms
360,2962.5 ms
360,2969.5 ms
360,2971.1000000000004 ms
360,2986.3500000000004 ms
360,2995.05 ms
360,3002.2 ms
360,3034.4000000000005 ms
360,3040.3499999999995 ms
360,3043.25 ms
360,3060.3 ms
360,3062.75 ms
360,3063.1000000000004 ms
360,3064.95 ms
360,3087.3499999999995 ms
360,3087.5999999999995 ms
360,3089.5 ms
360,3093.3999999999996 ms
360,3119.8999999999996 ms
360,3144.3999999999996 ms
360,3164.6000000000004 ms
360,3175.45 ms
360,3175.55 ms
360,3182.3 ms
360,3191.05 ms
360,3192.499999999999 ms
360,3197.8999999999996 ms
360,3202.2999999999993 ms
360,3233.7 ms
360,3234.3999999999996 ms
360,3251.95 ms
360,3262.2 ms
360,3267.7 ms
360,3274.7 ms
360,3277.7 ms
360,3305.25 ms
360,3310.1000000000004 ms
360,3310.5499999999993 ms
360,3314.5499999999993 ms
360,3317.2999999999993 ms
360,3321.7 ms
360,3333.6499999999996 ms
360,3355.25 ms
360,3369.0999999999995 ms
360,3374.95 ms
360,3381.5999999999995 ms
360,3421.1499999999996 ms
360,3429.2 ms
360,3470.3999999999996 ms
360,3480.1499999999996 ms
360,3482.3499999999995 ms
360,3500.1499999999996 ms
360,3500.3999999999996 ms
360,3530.0499999999993 ms
360,3544.5 ms
360,3545.5 ms
360,3564.8499999999995 ms
360,3570.5999999999995 ms
360,3594.95 ms
360,3595.2 ms
360,3596.45 ms
360,3614.3499999999995 ms
360,3615.8499999999995 ms
360,3622.0499999999993 ms
360,3626.7999999999993 ms
360,3627.999999999999 ms
360,3639.3499999999995 ms
360,3646.749999999999 ms
360,3661.7999999999993 ms
360,3664.6499999999996 ms
360,3689.199999999999 ms
360,3706.25 ms
360,3710.449999999999 ms
360,3715.949999999999 ms
360,3728.699999999999 ms
360,3777.5999999999995 ms
360,3808.5499999999993 ms
360,3828.3999999999996 ms
360,3871.3499999999985 ms
360,3874.199999999999 ms
360,3897.5499999999993 ms
360,3898.499999999998 ms
360,3902.949999999999 ms
360,3919.649999999998 ms
360,3921.949999999999 ms
360,3935.0999999999985 ms
360,3940.3499999999985 ms
360,3949.499999999998 ms
360,3963.8999999999987 ms
360,3966.3499999999985 ms
360,3966.5999999999985 ms
361,8.75 ms
361,12.2 ms
361,18.0 ms
361,21.0 ms
361,21.75 ms
361,38.05 ms
361,50.25 ms
361,56.3 ms
361,56.45 ms
361,67.19999999999999 ms
361,72.19999999999999 ms
361,79.85 ms
361,110.6 ms
361,113.1 ms
361,115.4 ms
361,126.65 ms
361,130.85 ms
361,131.15 ms
361,158.85 ms
361,166.10000000000005 ms
361,177.85 ms
361,190.04999999999998 ms
361,204.1 ms
361,211.65 ms
361,215.85 ms
361,223.45000000000002 ms
361,247.9 ms
361,250.55000000000004 ms
361,266.65 ms
361,279.70000000000005 ms
361,281.4000000000001 ms
361,295.29999999999995 ms
361,322.54999999999995 ms
361,324.9000000000001 ms
361,329.75 ms
361,336.30000000000007 ms
361,340.55000000000007 ms
361,351.70000000000005 ms
361,357.35 ms
361,378.05000000000007 ms
361,401.6 ms
361,414.9 ms
361,445.35 ms
361,451.65 ms
361,456.85 ms
361,478.4 ms
361,494.70000000000005 ms
361,498.1500000000001 ms
361,511.1500000000001 ms
361,519.25 ms
361,543.3 ms
361,574.95 ms
361,597.9999999999998 ms
361,611.3999999999999 ms
361,615.8999999999999 ms
361,619.3 ms
361,629.0999999999997 ms
361,654.0999999999997 ms
361,678.1499999999999 ms
361,683.1999999999996 ms
361,706.6999999999996 ms
361,732.6499999999999 ms
361,754.4499999999996 ms
361,761.7999999999997 ms
361,771.6999999999998 ms
361,772.1499999999996 ms
361,819.6999999999998 ms
361,826.4499999999998 ms
361,837.4999999999995 ms
361,844.5999999999997 ms
361,863.0499999999997 ms
361,874.2499999999998 ms
361,899.7999999999997 ms
361,902.0999999999997 ms
361,913.5999999999997 ms
361,926.3999999999996 ms
361,962.2499999999995 ms
361,975.1499999999996 ms
361,982.2999999999997 ms
361,985.2999999999997 ms
361,1003.4999999999995 ms
361,1023.3999999999996 ms
361,1024.4499999999996 ms
361,1033.4999999999993 ms
361,1042.3499999999992 ms
361,1043.0999999999997 ms
361,1043.6999999999996 ms
361,1049.0999999999997 ms
361,1055.8999999999994 ms
361,1060.1999999999991 ms
361,1061.2499999999993 ms
361,1061.6499999999994 ms
361,1061.9999999999993 ms
361,1083.6999999999996 ms
361,1089.3499999999997 ms
361,1119.0999999999992 ms
361,1143.0499999999995 ms
361,1152.0499999999995 ms
361,1169.1999999999996 ms
361,1175.9999999999993 ms
361,1181.4999999999998 ms
361,1184.4499999999996 ms
361,1186.8999999999999 ms
361,1206.2499999999998 ms
361,1231.5499999999995 ms
361,1245.4999999999998 ms
361,1281.0499999999995 ms
361,1293.9999999999998 ms
361,1298.0499999999995 ms
361,1305.3499999999992 ms
361,1308.3999999999994 ms
361,1375.3999999999994 ms
361,1383.6999999999991 ms
361,1385.799999999999 ms
361,1390.9999999999993 ms
361,1431.8499999999992 ms
361,1434.5999999999992 ms
361,1436.649999999999 ms
361,1452.799999999999 ms
361,1453.5499999999995 ms
361,1459.9999999999993 ms
361,1492.8499999999992 ms
361,1507.2499999999993 ms
361,1555.4499999999996 ms
361,1560.1999999999991 ms
361,1566.8499999999992 ms
361,1572.9499999999991 ms
361,1573.3499999999992 ms
361,1573.6999999999991 ms
361,1580.1999999999996 ms
361,1588.0999999999997 ms
361,1591.2999999999995 ms
361,1607.1499999999994 ms
361,1653.1499999999994 ms
361,1662.7999999999995 ms
361,1688.3999999999994 ms
361,1698.0499999999995 ms
361,1704.6499999999994 ms
361,1717.0499999999995 ms
361,1725.8999999999994 ms
361,1739.5499999999995 ms
361,1743.9499999999996 ms
361,1744.6499999999999 ms
361,1747.05 ms
361,1754.7499999999998 ms
361,1758.2 ms
361,1768.4999999999998 ms
361,1768.9999999999998 ms
361,1775.0499999999995 ms
361,1783.9999999999998 ms
361,1799.95 ms
361,1831.6499999999999 ms
361,1843.1000000000001 ms
361,1862.55 ms
361,1869.55 ms
361,1871.5999999999997 ms
361,1879.3500000000001 ms
361,1890.3499999999997 ms
361,1908.1499999999999 ms
361,1916.1000000000001 ms
361,1941.7500000000002 ms
361,1946.6000000000001 ms
361,1962.8999999999999 ms
361,1969.9999999999998 ms
361,1981.3999999999999 ms
361,1989.8999999999999 ms
361,1994.6000000000001 ms
361,2015.6499999999999 ms
361,2020.4499999999996 ms
361,2024.2 ms
361,2063.05 ms
361,2090.45 ms
361,2099.95 ms
361,2122.5999999999995 ms
361,2123.45 ms
361,2205.5999999999995 ms
361,2212.75 ms
361,2220.8999999999996 ms
361,2232.4500000000007 ms
361,2278.8 ms
361,2289.6000000000004 ms
361,2292.3 ms
361,2338.95 ms
361,2345.500000000001 ms
361,2353.9000000000005 ms
361,2368.6500000000005 ms
361,2370.1500000000005 ms
361,2373.9000000000005 ms
361,2376.9500000000007 ms
361,2392.550000000001 ms
361,2419.25 ms
361,2434.2000000000007 ms
361,2461.5 ms
361,2491.6000000000004 ms
361,2493.75 ms
361,2495.25 ms
361,2496.5 ms
361,2498.550000000001 ms
361,2506.9000000000005 ms
361,2515.1500000000005 ms
361,2562.3 ms
361,2593.3 ms
361,2609.8 ms
361,2622.7000000000007 ms
361,2627.750000000001 ms
361,2634.9500000000007 ms
361,2636.4500000000007 ms
361,2639.050000000001 ms
361,2647.0 ms
361,2660.9000000000005 ms
361,2683.7000000000007 ms
361,2692.2000000000007 ms
361,2695.050000000001 ms
361,2695.6000000000004 ms
361,2705.300000000001 ms
361,2709.75 ms
361,2727.1500000000005 ms
361,2732.1000000000004 ms
361,2787.4000000000005 ms
361,2787.750000000001 ms
361,2789.750000000001 ms
361,2805.45 ms
361,2811.6000000000004 ms
361,2866.75 ms
361,2871.25 ms
361,2877.75 ms
361,2895.6500000000005 ms
361,2916.6500000000005 ms
361,2922.05 ms
361,2931.000000000001 ms
361,2940.4000000000005 ms
361,2954.55 ms
361,2976.500000000001 ms
361,2995.1500000000005 ms
361,3009.9500000000007 ms
361,3014.3500000000004 ms
361,3022.9500000000007 ms
361,3024.300000000001 ms
361,3028.3500000000004 ms
361,3049.9000000000015 ms
361,3106.300000000001 ms
361,3108.750000000001 ms
361,3109.4000000000005 ms
361,3124.000000000001 ms
361,3141.1000000000013 ms
361,3143.6500000000005 ms
361,3144.000000000001 ms
361,3162.550000000001 ms
361,3195.550000000001 ms
361,3201.9500000000007 ms
361,3217.800000000001 ms
361,3219.7000000000007 ms
361,3222.1500000000015 ms
361,3222.6000000000004 ms
361,3231.250000000001 ms
361,3242.2000000000007 ms
361,3244.800000000001 ms
361,3267.550000000001 ms
361,3274.9500000000007 ms
361,3278.000000000001 ms
361,3278.2000000000007 ms
361,3279.000000000001 ms
361,3291.8500000000013 ms
361,3302.1500000000005 ms
361,3303.9000000000005 ms
361,3314.8500000000013 ms
361,3315.750000000001 ms
361,3319.1500000000005 ms
361,3331.1500000000005 ms
361,3332.000000000001 ms
361,3343.6000000000013 ms
361,3344.2000000000007 ms
361,3354.9500000000007 ms
361,3370.7000000000007 ms
361,3402.4500000000007 ms
361,3406.3500000000004 ms
361,3408.2000000000007 ms
361,3453.500000000001 ms
361,3476.1500000000005 ms
361,3489.4500000000016 ms
361,3504.9500000000016 ms
361,3526.8500000000013 ms
361,3565.4500000000016 ms
361,3566.8500000000013 ms
361,3571.7000000000016 ms
361,3590.4000000000005 ms
361,3592.000000000001 ms
361,3605.8500000000013 ms
361,3627.4500000000007 ms
361,3642.800000000001 ms
361,3648.3500000000004 ms
361,3655.800000000001 ms
361,3663.8500000000004 ms
361,3664.6500000000015 ms
361,3670.050000000001 ms
361,3734.550000000001 ms
361,3735.500000000001 ms
361,3761.6500000000005 ms
361,3763.6500000000005 ms
361,3782.4500000000016 ms
361,3783.1000000000013 ms
361,3790.6500000000015 ms
361,3823.6500000000015 ms
361,3860.9500000000016 ms
361,3864.550000000002 ms
361,3873.1000000000013 ms
361,3882.000000000002 ms
361,3882.850000000002 ms
361,3904.100000000002 ms
361,3910.9500000000016 ms
361,3927.500000000002 ms
361,3939.850000000002 ms
361,3953.600000000002 ms
361,3978.250000000002 ms
361,3995.050000000002 ms
362,1.5 ms
362,7.449999999999999 ms
362,18.85 ms
362,27.85 ms
362,36.95000000000001 ms
362,39.65000000000001 ms
362,44.50000000000001 ms
362,60.65 ms
362,67.15 ms
362,74.55000000000001 ms
362,80.35000000000002 ms
362,92.95000000000002 ms
362,103.10000000000002 ms
362,107.00000000000003 ms
362,115.80000000000004 ms
362,126.45000000000002 ms
362,144.70000000000007 ms
362,146.05000000000004 ms
362,151.55000000000004 ms
362,156.25000000000003 ms
362,159.6 ms
362,168.35000000000005 ms
362,183.6 ms
362,187.50000000000003 ms
362,207.40000000000006 ms
362,214.95000000000007 ms
362,224.10000000000005 ms
362,238.60000000000005 ms
362,245.35000000000005 ms
362,270.1 ms
362,275.55000000000007 ms
362,282.4 ms
362,286.85 ms
362,304.45000000000005 ms
362,310.85 ms
362,322.4 ms
362,328.70000000000005 ms
362,331.25 ms
362,337.80000000000007 ms
362,360.45000000000005 ms
362,366.30000000000007 ms
362,366.55000000000007 ms
362,372.1500000000001 ms
362,440.45000000000005 ms
362,440.60000000000014 ms
362,449.85000000000014 ms
362,455.80000000000007 ms
362,460.1500000000001 ms
362,469.80000000000007 ms
362,490.45000000000005 ms
362,491.4000000000001 ms
362,535.9000000000001 ms
362,536.95 ms
362,550.0 ms
362,559.4000000000001 ms
362,645.5 ms
362,646.55 ms
362,654.5 ms
362,670.3 ms
362,676.8999999999999 ms
362,684.8500000000001 ms
362,691.1499999999999 ms
362,704.1000000000001 ms
362,709.95 ms
362,711.6500000000001 ms
362,725.5 ms
362,728.7000000000003 ms
362,731.2000000000003 ms
362,733.2000000000003 ms
362,735.5 ms
362,737.5500000000002 ms
362,750.0 ms
362,765.8500000000001 ms
362,772.5000000000002 ms
362,790.0000000000002 ms
362,797.3 ms
362,837.9000000000001 ms
362,845.2 ms
362,851.75 ms
362,853.8 ms
362,859.6499999999999 ms
362,866.0 ms
362,874.0999999999999 ms
362,901.5999999999999 ms
362,904.4000000000001 ms
362,916.8499999999999 ms
362,920.25 ms
362,939.0999999999999 ms
362,965.8499999999999 ms
362,973.6500000000001 ms
362,974.1999999999998 ms
362,980.3499999999999 ms
362,1010.05 ms
362,1015.8999999999999 ms
362,1024.1 ms
362,1034.0499999999997 ms
362,1035.65 ms
362,1048.6 ms
362,1055.5499999999997 ms
362,1059.15 ms
362,1067.9 ms
362,1072.4 ms
362,1083.7999999999997 ms
362,1084.25 ms
362,1097.0 ms
362,1101.8000000000002 ms
362,1102.9499999999998 ms
362,1104.9 ms
362,1138.85 ms
362,1139.65 ms
362,1141.4500000000003 ms
362,1147.65 ms
362,1156.1 ms
362,1166.85 ms
362,1184.0500000000002 ms
362,1189.0 ms
362,1209.4500000000003 ms
362,1218.4 ms
362,1230.5000000000005 ms
362,1235.85 ms
362,1241.65 ms
362,1266.9500000000003 ms
362,1267.2999999999997 ms
362,1286.9 ms
362,1304.0499999999997 ms
362,1315.7999999999997 ms
362,1337.65 ms
362,1396.4 ms
362,1403.9 ms
362,1408.1 ms
362,1414.85 ms
362,1422.5499999999997 ms
362,1422.85 ms
362,1439.6999999999998 ms
362,1461.85 ms
362,1478.6 ms
362,1503.75 ms
362,1523.1999999999998 ms
362,1534.0500000000002 ms
362,1538.1499999999996 ms
362,1559.5500000000002 ms
362,1600.0 ms
362,1612.35 ms
362,1614.6 ms
362,1644.0499999999997 ms
362,1644.4 ms
362,1650.65 ms
362,1676.9999999999995 ms
362,1699.4499999999998 ms
362,1712.8999999999996 ms
362,1721.35 ms
362,1722.65 ms
362,1735.7999999999997 ms
362,1763.0 ms
362,1771.1 ms
362,1771.4 ms
362,1786.4 ms
362,1794.9 ms
362,1806.5499999999997 ms
362,1808.1 ms
362,1818.15 ms
362,1825.2499999999995 ms
362,1858.2499999999995 ms
362,1886.6999999999998 ms
362,1901.0 ms
362,1903.1999999999998 ms
362,1905.7999999999997 ms
362,1960.6999999999998 ms
362,1961.5 ms
362,1977.4499999999998 ms
362,1991.6499999999996 ms
362,2004.8000000000002 ms
362,2005.6 ms
362,2007.65 ms
362,2009.1999999999998 ms
362,2012.5499999999997 ms
362,2013.35 ms
362,2014.2999999999997 ms
362,2025.1999999999998 ms
362,2059.0499999999997 ms
362,2060.7999999999997 ms
362,2105.4999999999995 ms
362,2107.9499999999994 ms
362,2114.799999999999 ms
362,2115.149999999999 ms
362,2120.149999999999 ms
362,2124.7999999999997 ms
362,2131.9999999999995 ms
362,2134.2999999999997 ms
362,2138.899999999999 ms
362,2151.9499999999994 ms
362,2168.149999999999 ms
362,2172.099999999999 ms
362,2172.899999999999 ms
362,2179.2999999999997 ms
362,2192.649999999999 ms
362,2202.7999999999997 ms
362,2218.1 ms
362,2233.2999999999997 ms
362,2239.1 ms
362,2253.349999999999 ms
362,2272.549999999999 ms
362,2279.7499999999986 ms
362,2284.7499999999995 ms
362,2289.349999999999 ms
362,2300.049999999999 ms
362,2309.349999999999 ms
362,2343.649999999999 ms
362,2354.2499999999986 ms
362,2360.1999999999985 ms
362,2361.4999999999986 ms
362,2373.849999999999 ms
362,2386.349999999999 ms
362,2399.4999999999995 ms
362,2459.9499999999994 ms
362,2462.299999999999 ms
362,2489.2499999999986 ms
362,2499.9999999999986 ms
362,2537.4499999999985 ms
362,2546.6499999999983 ms
362,2563.8999999999983 ms
362,2566.799999999999 ms
362,2571.9999999999986 ms
362,2581.799999999999 ms
362,2584.799999999998 ms
362,2623.049999999999 ms
362,2642.1499999999983 ms
362,2672.849999999998 ms
362,2675.9999999999986 ms
362,2686.849999999998 ms
362,2689.9999999999986 ms
362,2704.9499999999985 ms
362,2710.349999999998 ms
362,2712.799999999998 ms
362,2715.549999999998 ms
362,2731.849999999998 ms
362,2735.9499999999975 ms
362,2741.3999999999974 ms
362,2743.4499999999975 ms
362,2751.849999999998 ms
362,2768.799999999998 ms
362,2769.1499999999974 ms
362,2781.4499999999975 ms
362,2791.3999999999974 ms
362,2804.9499999999975 ms
362,2810.4499999999985 ms
362,2811.1499999999983 ms
362,2824.049999999998 ms
362,2827.8999999999974 ms
362,2852.8999999999983 ms
362,2855.049999999998 ms
362,2863.7499999999977 ms
362,2872.1999999999975 ms
362,2879.349999999998 ms
362,2899.4499999999975 ms
362,2906.099999999998 ms
362,2910.6999999999975 ms
362,2911.4499999999975 ms
362,2920.2499999999977 ms
362,2942.099999999997 ms
362,2944.549999999997 ms
362,2953.499999999997 ms
362,2963.549999999997 ms
362,3001.4499999999975 ms
362,3018.9999999999977 ms
362,3038.1499999999983 ms
362,3052.8999999999974 ms
362,3059.349999999997 ms
362,3082.7499999999977 ms
362,3090.2499999999977 ms
362,3104.299999999998 ms
362,3107.8999999999974 ms
362,3108.1999999999975 ms
362,3110.3999999999974 ms
362,3112.8999999999983 ms
362,3126.7499999999977 ms
362,3146.6499999999983 ms
362,3185.049999999998 ms
362,3200.3999999999974 ms
362,3241.1999999999975 ms
362,3242.849999999998 ms
362,3251.1499999999983 ms
362,3284.9499999999985 ms
362,3291.299999999998 ms
362,3300.1999999999985 ms
362,3315.2499999999986 ms
362,3329.6999999999985 ms
362,3330.2499999999986 ms
362,3352.399999999999 ms
362,3356.1499999999983 ms
362,3359.9499999999985 ms
362,3376.6499999999983 ms
362,3377.599999999998 ms
362,3381.4499999999985 ms
362,3398.6499999999983 ms
362,3412.6499999999983 ms
362,3447.349999999998 ms
362,3450.1499999999983 ms
362,3453.4499999999985 ms
362,3463.8999999999983 ms
362,3467.6499999999983 ms
362,3472.799999999999 ms
362,3476.049999999998 ms
362,3491.1999999999985 ms
362,3526.849999999999 ms
362,3541.549999999999 ms
362,3614.049999999998 ms
362,3615.349999999998 ms
362,3630.1499999999983 ms
362,3649.799999999999 ms
362,3659.3999999999983 ms
362,3660.7499999999986 ms
362,3673.399999999999 ms
362,3676.099999999999 ms
362,3676.599999999998 ms
362,3679.599999999999 ms
362,3731.2499999999986 ms
362,3733.9999999999986 ms
362,3743.849999999998 ms
362,3755.1999999999985 ms
362,3756.2499999999986 ms
362,3762.9499999999985 ms
362,3763.2499999999986 ms
362,3772.799999999999 ms
362,3775.549999999999 ms
362,3781.299999999999 ms
362,3805.599999999999 ms
362,3812.349999999999 ms
362,3835.9499999999985 ms
362,3862.8999999999983 ms
362,3882.899999999999 ms
362,3883.2499999999986 ms
362,3892.899999999999 ms
362,3914.3999999999983 ms
362,3914.4999999999986 ms
362,3921.899999999999 ms
362,3944.8999999999983 ms
362,3958.849999999998 ms
362,3964.049999999998 ms
362,3992.2499999999977 ms
362,3993.9999999999986 ms
362,3995.9499999999985 ms
362,3996.4499999999975 ms
363,0.7000000000000001 ms
363,5.65 ms
363,30.700000000000003 ms
363,39.95 ms
363,41.75 ms
363,43.849999999999994 ms
363,51.650000000000006 ms
363,59.30000000000001 ms
363,68.4 ms
363,79.75 ms
363,93.0 ms
363,105.5 ms
363,114.80000000000001 ms
363,123.94999999999999 ms
363,129.85 ms
363,134.1 ms
363,149.35 ms
363,157.79999999999998 ms
363,166.64999999999995 ms
363,200.19999999999996 ms
363,218.39999999999995 ms
363,228.79999999999998 ms
363,239.35 ms
363,249.4 ms
363,260.9 ms
363,273.6 ms
363,274.6 ms
363,283.69999999999993 ms
363,297.35 ms
363,300.35 ms
363,305.9999999999999 ms
363,327.6 ms
363,332.04999999999995 ms
363,333.04999999999995 ms
363,352.0 ms
363,353.44999999999993 ms
363,354.19999999999993 ms
363,355.19999999999993 ms
363,364.79999999999995 ms
363,373.65 ms
363,376.65 ms
363,390.04999999999995 ms
363,390.3499999999999 ms
363,410.75 ms
363,428.3499999999999 ms
363,450.5 ms
363,498.3499999999999 ms
363,500.70000000000005 ms
363,512.35 ms
363,562.15 ms
363,570.4499999999999 ms
363,588.8000000000001 ms
363,601.7500000000001 ms
363,605.7499999999999 ms
363,608.35 ms
363,612.35 ms
363,619.5500000000001 ms
363,665.9499999999999 ms
363,701.4 ms
363,719.1500000000002 ms
363,723.0500000000001 ms
363,723.35 ms
363,726.5500000000001 ms
363,730.35 ms
363,737.15 ms
363,743.65 ms
363,747.7500000000001 ms
363,769.0500000000001 ms
363,772.15 ms
363,805.7500000000001 ms
363,826.15 ms
363,834.9499999999999 ms
363,853.9499999999999 ms
363,862.9 ms
363,865.6 ms
363,897.6 ms
363,910.0500000000001 ms
363,928.3000000000001 ms
363,931.1999999999999 ms
363,942.9500000000002 ms
363,953.7500000000001 ms
363,955.2499999999999 ms
363,1026.25 ms
363,1076.25 ms
363,1077.0500000000002 ms
363,1081.85 ms
363,1094.2999999999997 ms
363,1104.7999999999997 ms
363,1125.85 ms
363,1128.6999999999998 ms
363,1135.4499999999998 ms
363,1165.25 ms
363,1179.3499999999995 ms
363,1186.1999999999998 ms
363,1204.3999999999996 ms
363,1209.9999999999995 ms
363,1211.0499999999997 ms
363,1233.1499999999992 ms
363,1236.7499999999995 ms
363,1240.349999999999 ms
363,1251.4499999999994 ms
363,1283.0499999999988 ms
363,1294.249999999999 ms
363,1296.249999999999 ms
363,1303.699999999999 ms
363,1351.3999999999992 ms
363,1363.349999999999 ms
363,1375.3999999999992 ms
363,1386.349999999999 ms
363,1391.3999999999992 ms
363,1402.1999999999994 ms
363,1402.6499999999992 ms
363,1409.3999999999992 ms
363,1417.849999999999 ms
363,1423.3999999999992 ms
363,1430.9499999999994 ms
363,1508.9499999999994 ms
363,1512.8999999999992 ms
363,1513.3999999999992 ms
363,1533.1499999999992 ms
363,1548.249999999999 ms
363,1552.949999999999 ms
363,1580.249999999999 ms
363,1589.199999999999 ms
363,1613.1499999999992 ms
363,1627.749999999999 ms
363,1628.5499999999993 ms
363,1678.099999999999 ms
363,1679.2999999999988 ms
363,1707.0499999999988 ms
363,1725.249999999999 ms
363,1726.499999999999 ms
363,1738.749999999999 ms
363,1744.5499999999993 ms
363,1748.849999999999 ms
363,1755.249999999999 ms
363,1778.6499999999992 ms
363,1788.999999999999 ms
363,1801.249999999999 ms
363,1803.249999999999 ms
363,1845.699999999999 ms
363,1852.6499999999992 ms
363,1855.9499999999994 ms
363,1859.3999999999992 ms
363,1861.3999999999992 ms
363,1866.8999999999992 ms
363,1877.5499999999993 ms
363,1899.499999999999 ms
363,1900.8999999999996 ms
363,1912.1999999999994 ms
363,1913.9499999999994 ms
363,1937.6499999999992 ms
363,1946.6999999999994 ms
363,1953.7499999999995 ms
363,1954.2499999999995 ms
363,1980.2999999999993 ms
363,1985.9499999999994 ms
363,2012.4499999999994 ms
363,2017.7499999999995 ms
363,2027.7499999999995 ms
363,2081.649999999999 ms
363,2096.899999999999 ms
363,2107.149999999999 ms
363,2116.849999999999 ms
363,2118.1999999999985 ms
363,2162.7499999999986 ms
363,2175.599999999999 ms
363,2182.649999999999 ms
363,2195.9999999999986 ms
363,2199.6999999999985 ms
363,2234.8999999999983 ms
363,2270.349999999998 ms
363,2287.4999999999986 ms
363,2323.6999999999985 ms
363,2346.4999999999986 ms
363,2405.799999999999 ms
363,2419.549999999999 ms
363,2422.2499999999986 ms
363,2430.649999999999 ms
363,2443.799999999999 ms
363,2452.049999999999 ms
363,2523.4999999999986 ms
363,2534.6999999999985 ms
363,2535.6999999999985 ms
363,2545.2499999999986 ms
363,2563.649999999999 ms
363,2565.799999999999 ms
363,2595.099999999999 ms
363,2645.9999999999995 ms
363,2651.849999999999 ms
363,2667.1999999999985 ms
363,2713.4499999999994 ms
363,2718.2499999999995 ms
363,2719.9499999999994 ms
363,2734.899999999999 ms
363,2748.8999999999983 ms
363,2752.899999999999 ms
363,2787.599999999999 ms
363,2787.899999999999 ms
363,2815.9499999999994 ms
363,2824.7499999999995 ms
363,2825.399999999999 ms
363,2839.7499999999986 ms
363,2850.599999999999 ms
363,2854.599999999999 ms
363,2862.899999999999 ms
363,2871.149999999999 ms
363,2894.9999999999986 ms
363,2917.099999999999 ms
363,2926.2499999999995 ms
363,2989.7999999999997 ms
363,2990.7499999999995 ms
363,2998.6999999999994 ms
363,3001.349999999999 ms
363,3007.549999999999 ms
363,3020.099999999999 ms
363,3030.349999999999 ms
363,3066.9999999999995 ms
363,3073.649999999999 ms
363,3091.899999999999 ms
363,3107.4499999999994 ms
363,3115.1 ms
363,3119.1999999999994 ms
363,3122.4999999999995 ms
363,3148.2999999999997 ms
363,3150.85 ms
363,3153.1999999999994 ms
363,3232.4999999999995 ms
363,3238.7999999999997 ms
363,3244.6 ms
363,3249.5499999999997 ms
363,3273.1 ms
363,3293.100000000001 ms
363,3294.2000000000003 ms
363,3303.5499999999997 ms
363,3334.8000000000006 ms
363,3340.100000000001 ms
363,3341.5000000000005 ms
363,3355.400000000001 ms
363,3367.65 ms
363,3382.1 ms
363,3399.5000000000005 ms
363,3405.650000000001 ms
363,3405.950000000001 ms
363,3426.7500000000014 ms
363,3429.2500000000005 ms
363,3431.2000000000003 ms
363,3437.700000000001 ms
363,3451.2500000000014 ms
363,3452.8000000000015 ms
363,3455.5500000000006 ms
363,3455.950000000001 ms
363,3473.1000000000017 ms
363,3481.8000000000015 ms
363,3486.450000000001 ms
363,3495.6000000000017 ms
363,3499.200000000001 ms
363,3502.700000000001 ms
363,3528.5000000000014 ms
363,3541.400000000002 ms
363,3550.6000000000017 ms
363,3557.450000000001 ms
363,3575.950000000001 ms
363,3577.450000000001 ms
363,3588.400000000001 ms
363,3603.400000000001 ms
363,3610.650000000001 ms
363,3620.600000000001 ms
363,3632.650000000001 ms
363,3636.0500000000015 ms
363,3642.8500000000017 ms
363,3654.950000000001 ms
363,3657.200000000001 ms
363,3664.0500000000006 ms
363,3673.700000000001 ms
363,3675.1000000000017 ms
363,3682.650000000002 ms
363,3686.0000000000014 ms
363,3690.950000000001 ms
363,3710.5500000000006 ms
363,3727.0000000000005 ms
363,3745.7000000000003 ms
363,3747.65 ms
363,3757.35 ms
363,3759.4500000000003 ms
363,3788.7500000000005 ms
363,3803.7500000000005 ms
363,3818.8000000000006 ms
363,3819.0500000000006 ms
363,3838.0500000000006 ms
363,3841.350000000001 ms
363,3851.7000000000003 ms
363,3852.200000000001 ms
363,3877.0000000000014 ms
363,3904.0000000000005 ms
363,3931.2500000000014 ms
363,3931.7500000000005 ms
363,3951.4500000000003 ms
363,3995.7500000000005 ms
363,3997.850000000001 ms
363,3999.9500000000003 ms
364,3.8000000000000003 ms
364,6.35 ms
364,23.299999999999997 ms
364,53.85000000000001 ms
364,54.55 ms
364,60.45 ms
364,107.60000000000001 ms
364,135.8 ms
364,178.7 ms
364,186.7 ms
364,203.2 ms
364,214.45 ms
364,214.65000000000003 ms
364,224.75 ms
364,230.10000000000002 ms
364,233.10000000000002 ms
364,242.7 ms
364,268.7 ms
364,289.3 ms
364,295.95 ms
364,303.7 ms
364,323.25000000000006 ms
364,330.65000000000003 ms
364,339.8999999999999 ms
364,341.84999999999997 ms
364,343.0499999999999 ms
364,350.59999999999997 ms
364,369.49999999999994 ms
364,371.34999999999997 ms
364,377.34999999999997 ms
364,414.5499999999999 ms
364,481.49999999999994 ms
364,482.9499999999999 ms
364,523.95 ms
364,544.55 ms
364,549.0999999999999 ms
364,551.0 ms
364,596.6499999999999 ms
364,598.8499999999999 ms
364,599.3999999999999 ms
364,607.9499999999998 ms
364,619.7499999999998 ms
364,637.3499999999997 ms
364,640.05 ms
364,656.1499999999999 ms
364,662.3 ms
364,666.6999999999998 ms
364,682.8499999999999 ms
364,710.4499999999998 ms
364,741.1499999999999 ms
364,744.9499999999998 ms
364,751.6999999999998 ms
364,757.9499999999998 ms
364,772.2499999999998 ms
364,776.3499999999997 ms
364,779.3999999999999 ms
364,797.6499999999999 ms
364,816.3999999999999 ms
364,832.1999999999996 ms
364,834.5499999999997 ms
364,847.0999999999997 ms
364,848.8999999999996 ms
364,878.4499999999996 ms
364,886.1999999999996 ms
364,910.4499999999996 ms
364,926.1999999999996 ms
364,955.9499999999996 ms
364,963.0999999999997 ms
364,982.3999999999994 ms
364,993.1999999999996 ms
364,1019.7499999999993 ms
364,1030.7499999999998 ms
364,1032.6999999999996 ms
364,1043.0999999999997 ms
364,1063.2499999999998 ms
364,1066.9999999999998 ms
364,1083.5499999999995 ms
364,1089.6999999999996 ms
364,1121.2499999999998 ms
364,1125.4999999999998 ms
364,1144.1499999999999 ms
364,1193.3 ms
364,1197.8999999999999 ms
364,1201.1999999999996 ms
364,1222.6499999999999 ms
364,1223.9999999999998 ms
364,1232.3499999999997 ms
364,1237.7499999999998 ms
364,1257.7999999999995 ms
364,1274.55 ms
364,1283.1499999999999 ms
364,1298.55 ms
364,1313.3499999999997 ms
364,1314.9499999999996 ms
364,1326.0499999999995 ms
364,1333.8499999999992 ms
364,1359.7499999999993 ms
364,1368.8999999999994 ms
364,1392.2499999999993 ms
364,1401.5499999999995 ms
364,1402.6499999999994 ms
364,1405.2999999999995 ms
364,1413.4499999999996 ms
364,1425.3499999999997 ms
364,1425.7499999999998 ms
364,1426.6499999999999 ms
364,1430.3500000000001 ms
364,1433.55 ms
364,1436.2 ms
364,1439.8500000000001 ms
364,1448.5000000000002 ms
364,1455.9500000000005 ms
364,1456.8500000000006 ms
364,1479.1000000000001 ms
364,1496.7500000000002 ms
364,1518.3500000000001 ms
364,1543.7500000000002 ms
364,1550.1000000000001 ms
364,1563.2500000000002 ms
364,1587.0500000000004 ms
364,1594.1000000000001 ms
364,1622.1500000000003 ms
364,1636.6000000000006 ms
364,1656.7000000000005 ms
364,1676.0000000000002 ms
364,1677.2000000000005 ms
364,1678.0000000000002 ms
364,1693.0000000000002 ms
364,1694.8500000000001 ms
364,1710.8000000000004 ms
364,1711.4000000000003 ms
364,1713.95 ms
364,1725.6000000000001 ms
364,1732.8999999999999 ms
364,1752.7499999999998 ms
364,1753.1499999999999 ms
364,1771.9999999999998 ms
364,1795.6499999999999 ms
364,1797.55 ms
364,1797.8500000000001 ms
364,1820.3500000000001 ms
364,1821.45 ms
364,1834.7 ms
364,1844.8 ms
364,1866.7500000000002 ms
364,1878.7 ms
364,1898.3 ms
364,1903.45 ms
364,1904.1500000000003 ms
364,1904.2500000000002 ms
364,1920.3 ms
364,1924.8999999999999 ms
364,1926.7499999999998 ms
364,1983.3499999999997 ms
364,2033.9999999999998 ms
364,2048.95 ms
364,2077.1499999999996 ms
364,2102.5999999999995 ms
364,2105.1499999999996 ms
364,2117.8499999999995 ms
364,2151.7 ms
364,2159.8499999999995 ms
364,2167.0499999999993 ms
364,2168.499999999999 ms
364,2180.999999999999 ms
364,2245.1499999999987 ms
364,2247.3999999999987 ms
364,2264.999999999999 ms
364,2266.3499999999995 ms
364,2270.749999999999 ms
364,2275.999999999999 ms
364,2294.8999999999987 ms
364,2299.2 ms
364,2302.0999999999995 ms
364,2355.499999999999 ms
364,2390.8 ms
364,2397.05 ms
364,2431.6499999999996 ms
364,2431.7999999999993 ms
364,2433.1499999999996 ms
364,2496.8499999999995 ms
364,2498.749999999999 ms
364,2516.45 ms
364,2533.1499999999987 ms
364,2533.95 ms
364,2541.999999999999 ms
364,2561.3999999999996 ms
364,2566.2999999999993 ms
364,2582.7 ms
364,2603.7 ms
364,2619.5999999999995 ms
364,2626.45 ms
364,2633.3499999999995 ms
364,2636.1500000000005 ms
364,2644.4000000000005 ms
364,2651.75 ms
364,2701.3 ms
364,2717.8 ms
364,2722.45 ms
364,2724.45 ms
364,2739.250000000001 ms
364,2746.4000000000005 ms
364,2753.3500000000004 ms
364,2755.3500000000004 ms
364,2757.3500000000004 ms
364,2763.2000000000007 ms
364,2781.5 ms
364,2782.1500000000005 ms
364,2783.500000000001 ms
364,2788.05 ms
364,2798.4500000000007 ms
364,2799.1500000000005 ms
364,2801.6500000000005 ms
364,2852.2000000000007 ms
364,2857.000000000001 ms
364,2858.9500000000007 ms
364,2873.000000000001 ms
364,2892.3500000000013 ms
364,2928.500000000001 ms
364,2932.4500000000007 ms
364,2953.8500000000004 ms
364,2956.250000000001 ms
364,2965.050000000001 ms
364,3011.1000000000013 ms
364,3013.4500000000016 ms
364,3040.500000000001 ms
364,3052.550000000002 ms
364,3060.4500000000016 ms
364,3060.550000000002 ms
364,3085.6500000000015 ms
364,3087.550000000001 ms
364,3100.7000000000016 ms
364,3120.800000000002 ms
364,3121.6000000000013 ms
364,3122.500000000002 ms
364,3133.9000000000015 ms
364,3138.550000000002 ms
364,3138.750000000002 ms
364,3139.800000000002 ms
364,3149.1500000000024 ms
364,3169.4500000000016 ms
364,3182.550000000002 ms
364,3195.7000000000016 ms
364,3200.5000000000027 ms
364,3203.600000000002 ms
364,3218.050000000002 ms
364,3231.050000000002 ms
364,3238.000000000002 ms
364,3275.850000000002 ms
364,3276.4000000000015 ms
364,3297.550000000002 ms
364,3315.4500000000016 ms
364,3323.100000000002 ms
364,3383.2000000000025 ms
364,3386.550000000002 ms
364,3422.600000000002 ms
364,3438.000000000002 ms
364,3462.500000000002 ms
364,3471.850000000002 ms
364,3489.550000000002 ms
364,3497.850000000002 ms
364,3498.1500000000024 ms
364,3498.4500000000025 ms
364,3516.7500000000027 ms
364,3519.4000000000024 ms
364,3530.0000000000027 ms
364,3533.850000000003 ms
364,3537.1500000000024 ms
364,3549.600000000003 ms
364,3550.2000000000025 ms
364,3551.7500000000027 ms
364,3588.7500000000027 ms
364,3593.2000000000025 ms
364,3619.550000000003 ms
364,3662.9000000000024 ms
364,3668.800000000002 ms
364,3676.100000000003 ms
364,3706.7500000000027 ms
364,3708.4500000000025 ms
364,3711.4000000000024 ms
364,3717.550000000002 ms
364,3729.1500000000024 ms
364,3729.4000000000024 ms
364,3732.7500000000027 ms
364,3744.4500000000016 ms
364,3766.550000000002 ms
364,3769.1500000000024 ms
364,3808.300000000002 ms
364,3821.350000000002 ms
364,3822.250000000002 ms
364,3831.9000000000024 ms
364,3836.800000000002 ms
364,3856.350000000003 ms
364,3856.5000000000027 ms
364,3859.800000000003 ms
364,3880.050000000003 ms
364,3880.4500000000025 ms
364,3884.2000000000025 ms
364,3895.300000000003 ms
364,3907.2500000000027 ms
364,3943.4500000000025 ms
364,3976.4500000000025 ms
364,3996.850000000002 ms
365,15.55 ms
365,26.55 ms
365,51.0 ms
365,65.5 ms
365,73.69999999999999 ms
365,76.05000000000001 ms
365,83.25 ms
365,88.80000000000001 ms
365,89.89999999999998 ms
365,102.5 ms
365,117.35 ms
365,118.75 ms
365,122.44999999999999 ms
365,151.5 ms
365,176.0 ms
365,184.10000000000002 ms
365,191.39999999999998 ms
365,200.10000000000002 ms
365,204.0 ms
365,208.25 ms
365,222.05 ms
365,224.3 ms
365,238.0 ms
365,255.95 ms
365,289.59999999999997 ms
365,293.7 ms
365,308.7 ms
365,324.05 ms
365,325.7 ms
365,338.2 ms
365,339.7 ms
365,343.84999999999997 ms
365,344.7 ms
365,362.09999999999997 ms
365,366.2 ms
365,381.6499999999999 ms
365,396.0499999999999 ms
365,405.8 ms
365,419.7 ms
365,452.6499999999999 ms
365,466.99999999999994 ms
365,489.3 ms
365,539.95 ms
365,544.3499999999999 ms
365,547.75 ms
365,556.8499999999999 ms
365,558.5 ms
365,561.25 ms
365,563.8499999999999 ms
365,564.25 ms
365,573.9499999999998 ms
365,598.25 ms
365,626.5499999999997 ms
365,636.1999999999998 ms
365,659.4999999999998 ms
365,677.3999999999999 ms
365,736.7999999999997 ms
365,739.5499999999997 ms
365,795.9999999999998 ms
365,796.4999999999998 ms
365,803.4499999999998 ms
365,825.3999999999999 ms
365,849.3 ms
365,850.0999999999997 ms
365,861.4499999999998 ms
365,869.1999999999998 ms
365,887.5499999999997 ms
365,927.5499999999997 ms
365,933.9499999999998 ms
365,935.5999999999999 ms
365,954.8999999999996 ms
365,962.1499999999996 ms
365,968.7499999999998 ms
365,975.3499999999997 ms
365,987.55 ms
365,993.1999999999998 ms
365,1012.9499999999998 ms
365,1029.6 ms
365,1056.15 ms
365,1060.7999999999997 ms
365,1070.15 ms
365,1085.2499999999995 ms
365,1088.15 ms
365,1125.4499999999998 ms
365,1127.8999999999996 ms
365,1132.3999999999996 ms
365,1143.9499999999998 ms
365,1146.0 ms
365,1149.0999999999995 ms
365,1154.6499999999996 ms
365,1179.3499999999995 ms
365,1190.9499999999998 ms
365,1205.1499999999996 ms
365,1221.3999999999996 ms
365,1227.5499999999997 ms
365,1236.2499999999995 ms
365,1243.2499999999995 ms
365,1266.9499999999998 ms
365,1276.8999999999996 ms
365,1286.6999999999998 ms
365,1289.7999999999997 ms
365,1297.0499999999997 ms
365,1307.85 ms
365,1308.3999999999996 ms
365,1316.4499999999998 ms
365,1318.3499999999995 ms
365,1329.8499999999995 ms
365,1350.3499999999995 ms
365,1362.1999999999998 ms
365,1363.9999999999995 ms
365,1373.8999999999996 ms
365,1426.8499999999995 ms
365,1427.8999999999996 ms
365,1434.5499999999997 ms
365,1437.1 ms
365,1438.6 ms
365,1487.0499999999997 ms
365,1487.85 ms
365,1513.1499999999996 ms
365,1516.2999999999997 ms
365,1519.4999999999995 ms
365,1520.5499999999997 ms
365,1526.35 ms
365,1527.7999999999997 ms
365,1550.85 ms
365,1568.9499999999994 ms
365,1586.7499999999995 ms
365,1594.8499999999995 ms
365,1630.6499999999996 ms
365,1638.0499999999993 ms
365,1643.0499999999993 ms
365,1653.6999999999998 ms
365,1659.1499999999996 ms
365,1661.3999999999996 ms
365,1667.3999999999996 ms
365,1675.1999999999998 ms
365,1692.2499999999995 ms
365,1702.3999999999996 ms
365,1704.5499999999997 ms
365,1707.6999999999998 ms
365,1724.35 ms
365,1756.15 ms
365,1767.85 ms
365,1767.9499999999998 ms
365,1768.4499999999998 ms
365,1781.6 ms
365,1786.0499999999997 ms
365,1788.15 ms
365,1788.65 ms
365,1792.6 ms
365,1807.5 ms
365,1820.25 ms
365,1845.1999999999998 ms
365,1848.3000000000002 ms
365,1870.0 ms
365,1875.8000000000002 ms
365,1913.35 ms
365,1931.85 ms
365,1943.4499999999998 ms
365,1955.1999999999998 ms
365,1963.6999999999998 ms
365,2014.85 ms
365,2016.65 ms
365,2023.6 ms
365,2024.1 ms
365,2031.15 ms
365,2044.4499999999998 ms
365,2054.55 ms
365,2077.55 ms
365,2091.3 ms
365,2105.5999999999995 ms
365,2111.1500000000005 ms
365,2118.55 ms
365,2119.75 ms
365,2130.3 ms
365,2139.25 ms
365,2158.7 ms
365,2176.8499999999995 ms
365,2183.0999999999995 ms
365,2211.5 ms
365,2239.3 ms
365,2250.7 ms
365,2256.8500000000004 ms
365,2257.75 ms
365,2260.7000000000007 ms
365,2272.9500000000007 ms
365,2279.1000000000004 ms
365,2290.1500000000005 ms
365,2291.000000000001 ms
365,2296.3 ms
365,2309.250000000001 ms
365,2321.3 ms
365,2326.500000000001 ms
365,2336.95 ms
365,2355.95 ms
365,2395.7 ms
365,2422.3 ms
365,2423.9000000000005 ms
365,2431.3 ms
365,2437.8 ms
365,2446.6000000000004 ms
365,2450.55 ms
365,2483.95 ms
365,2484.8500000000004 ms
365,2544.2000000000007 ms
365,2552.6000000000004 ms
365,2587.55 ms
365,2589.0 ms
365,2604.05 ms
365,2605.8 ms
365,2632.2 ms
365,2650.500000000001 ms
365,2683.500000000001 ms
365,2689.4000000000005 ms
365,2700.000000000001 ms
365,2709.250000000001 ms
365,2711.1000000000004 ms
365,2715.75 ms
365,2717.300000000001 ms
365,2720.25 ms
365,2727.3500000000004 ms
365,2737.6500000000005 ms
365,2758.6500000000005 ms
365,2773.55 ms
365,2798.6000000000013 ms
365,2821.05 ms
365,2843.3 ms
365,2860.750000000001 ms
365,2890.8 ms
365,2913.250000000001 ms
365,2918.55 ms
365,2924.3500000000013 ms
365,2932.500000000001 ms
365,2944.3500000000013 ms
365,2945.7000000000007 ms
365,2946.3500000000004 ms
365,2948.000000000001 ms
365,2949.4000000000005 ms
365,2952.1000000000013 ms
365,2956.6500000000005 ms
365,2957.750000000001 ms
365,2972.300000000001 ms
365,3019.000000000001 ms
365,3041.300000000001 ms
365,3066.800000000001 ms
365,3067.250000000001 ms
365,3068.3500000000013 ms
365,3077.8500000000013 ms
365,3096.250000000001 ms
365,3132.300000000001 ms
365,3132.4000000000015 ms
365,3142.3500000000004 ms
365,3155.9000000000015 ms
365,3161.1000000000004 ms
365,3171.750000000001 ms
365,3190.9000000000005 ms
365,3193.3500000000013 ms
365,3205.55 ms
365,3211.6500000000005 ms
365,3231.2000000000007 ms
365,3248.800000000001 ms
365,3259.0 ms
365,3294.7000000000007 ms
365,3297.8 ms
365,3307.95 ms
365,3314.000000000001 ms
365,3326.500000000001 ms
365,3347.9000000000005 ms
365,3348.8 ms
365,3368.8500000000013 ms
365,3370.8500000000013 ms
365,3407.55 ms
365,3409.750000000001 ms
365,3413.1500000000005 ms
365,3451.000000000001 ms
365,3476.9000000000005 ms
365,3480.000000000001 ms
365,3485.4000000000005 ms
365,3519.750000000001 ms
365,3527.2 ms
365,3538.1000000000004 ms
365,3573.2000000000007 ms
365,3583.4500000000007 ms
365,3616.8500000000004 ms
365,3633.9000000000005 ms
365,3640.8500000000004 ms
365,3647.1500000000005 ms
365,3665.6500000000005 ms
365,3668.6500000000005 ms
365,3668.8500000000004 ms
365,3695.4500000000007 ms
365,3709.2000000000007 ms
365,3721.55 ms
365,3732.75 ms
365,3750.2 ms
365,3768.55 ms
365,3770.5999999999995 ms
365,3773.5 ms
365,3785.25 ms
365,3788.8999999999996 ms
365,3806.0 ms
365,3807.2 ms
365,3827.0999999999995 ms
365,3830.1500000000005 ms
365,3837.5 ms
365,3850.75 ms
365,3861.2 ms
365,3869.75 ms
365,3899.95 ms
365,3908.3 ms
365,3933.999999999999 ms
365,3948.0999999999995 ms
365,3986.2 ms
365,3986.6499999999987 ms
366,27.05 ms
366,36.10000000000001 ms
366,63.400000000000006 ms
366,75.65 ms
366,79.1 ms
366,86.05000000000001 ms
366,88.30000000000001 ms
366,93.60000000000002 ms
366,106.15 ms
366,110.5 ms
366,118.80000000000001 ms
366,131.35 ms
366,132.00000000000003 ms
366,167.20000000000002 ms
366,179.1 ms
366,181.04999999999998 ms
366,191.49999999999997 ms
366,217.54999999999998 ms
366,248.1 ms
366,250.69999999999996 ms
366,258.5 ms
366,290.95000000000005 ms
366,315.15 ms
366,329.54999999999995 ms
366,346.8499999999999 ms
366,349.15 ms
366,388.15 ms
366,420.6 ms
366,445.9999999999999 ms
366,453.6 ms
366,480.2499999999999 ms
366,498.04999999999995 ms
366,514.0 ms
366,528.1500000000001 ms
366,541.05 ms
366,554.25 ms
366,573.6500000000001 ms
366,577.8 ms
366,593.75 ms
366,608.05 ms
366,627.55 ms
366,632.05 ms
366,632.25 ms
366,645.8 ms
366,647.95 ms
366,655.45 ms
366,666.9999999999998 ms
366,668.9999999999998 ms
366,681.8 ms
366,692.4499999999998 ms
366,704.0999999999999 ms
366,706.4499999999998 ms
366,720.3999999999999 ms
366,737.8499999999999 ms
366,744.5999999999999 ms
366,749.55 ms
366,768.3999999999999 ms
366,802.0 ms
366,803.25 ms
366,820.8499999999999 ms
366,829.7 ms
366,839.3500000000001 ms
366,858.8999999999999 ms
366,875.6499999999999 ms
366,880.3999999999999 ms
366,888.45 ms
366,892.4999999999998 ms
366,909.2499999999998 ms
366,911.6499999999999 ms
366,918.3499999999999 ms
366,935.0999999999999 ms
366,942.4499999999998 ms
366,956.6999999999998 ms
366,972.4499999999998 ms
366,991.4000000000001 ms
366,1012.55 ms
366,1028.25 ms
366,1035.8000000000002 ms
366,1044.1499999999996 ms
366,1046.75 ms
366,1091.8999999999996 ms
366,1097.25 ms
366,1104.5999999999995 ms
366,1105.75 ms
366,1108.5999999999995 ms
366,1120.25 ms
366,1137.5999999999995 ms
366,1185.0499999999997 ms
366,1208.9499999999998 ms
366,1217.6999999999998 ms
366,1230.6999999999998 ms
366,1236.5499999999997 ms
366,1238.2999999999997 ms
366,1243.35 ms
366,1254.8999999999996 ms
366,1260.4999999999995 ms
366,1263.6999999999994 ms
366,1271.0499999999997 ms
366,1282.6999999999994 ms
366,1297.2999999999997 ms
366,1301.2499999999995 ms
366,1302.2499999999995 ms
366,1310.5999999999995 ms
366,1317.1999999999994 ms
366,1329.7999999999993 ms
366,1409.1499999999992 ms
366,1417.6999999999994 ms
366,1427.8999999999992 ms
366,1432.3999999999992 ms
366,1439.1999999999994 ms
366,1444.249999999999 ms
366,1463.849999999999 ms
366,1498.749999999999 ms
366,1499.749999999999 ms
366,1535.849999999999 ms
366,1545.749999999999 ms
366,1546.349999999999 ms
366,1552.499999999999 ms
366,1611.5499999999993 ms
366,1632.099999999999 ms
366,1633.449999999999 ms
366,1642.0499999999988 ms
366,1643.2499999999986 ms
366,1652.4999999999986 ms
366,1686.849999999999 ms
366,1688.2499999999986 ms
366,1723.0499999999988 ms
366,1779.8999999999987 ms
366,1815.449999999999 ms
366,1817.6499999999987 ms
366,1819.0999999999985 ms
366,1835.199999999999 ms
366,1857.7499999999986 ms
366,1867.9499999999985 ms
366,1874.9999999999986 ms
366,1897.9999999999986 ms
366,1923.8999999999987 ms
366,1925.8999999999987 ms
366,1926.699999999999 ms
366,1940.2999999999984 ms
366,1946.0499999999984 ms
366,1953.1499999999987 ms
366,1957.2999999999984 ms
366,1962.9999999999986 ms
366,1974.2999999999988 ms
366,1978.5999999999985 ms
366,1997.5499999999984 ms
366,1998.5499999999984 ms
366,2023.699999999999 ms
366,2026.699999999999 ms
366,2042.8999999999987 ms
366,2047.4999999999986 ms
366,2050.149999999999 ms
366,2053.8999999999983 ms
366,2087.6999999999985 ms
366,2089.2499999999986 ms
366,2096.849999999999 ms
366,2099.9499999999985 ms
366,2107.099999999999 ms
366,2116.9999999999995 ms
366,2128.7999999999997 ms
366,2144.7499999999995 ms
366,2147.899999999999 ms
366,2188.849999999999 ms
366,2193.649999999999 ms
366,2205.599999999999 ms
366,2211.899999999999 ms
366,2219.2999999999997 ms
366,2231.35 ms
366,2233.2999999999997 ms
366,2255.549999999999 ms
366,2259.4999999999986 ms
366,2261.899999999999 ms
366,2266.9999999999986 ms
366,2275.299999999999 ms
366,2280.9999999999986 ms
366,2288.4999999999995 ms
366,2317.2499999999986 ms
366,2325.6999999999985 ms
366,2332.6499999999983 ms
366,2334.1999999999985 ms
366,2387.099999999999 ms
366,2425.1999999999985 ms
366,2466.849999999999 ms
366,2467.7499999999995 ms
366,2475.9499999999994 ms
366,2476.349999999999 ms
366,2493.899999999999 ms
366,2500.899999999999 ms
366,2503.9499999999994 ms
366,2510.6 ms
366,2513.1999999999994 ms
366,2517.4499999999994 ms
366,2524.4999999999995 ms
366,2526.7499999999995 ms
366,2535.0499999999997 ms
366,2541.9999999999995 ms
366,2552.4999999999995 ms
366,2559.9 ms
366,2573.399999999999 ms
366,2619.6999999999994 ms
366,2650.4999999999995 ms
366,2667.4499999999994 ms
366,2670.2000000000003 ms
366,2677.7500000000005 ms
366,2678.2499999999995 ms
366,2691.6999999999994 ms
366,2709.6 ms
366,2718.85 ms
366,2722.1 ms
366,2729.15 ms
366,2756.2000000000003 ms
366,2759.5499999999997 ms
366,2782.1 ms
366,2810.0000000000005 ms
366,2832.400000000001 ms
366,2842.5000000000005 ms
366,2856.2000000000003 ms
366,2867.4500000000003 ms
366,2870.5000000000005 ms
366,2871.1 ms
366,2875.2500000000005 ms
366,2887.85 ms
366,2890.2000000000003 ms
366,2890.850000000001 ms
366,2971.9500000000003 ms
366,2973.5000000000005 ms
366,2973.85 ms
366,2978.5000000000005 ms
366,2981.2000000000003 ms
366,2987.7000000000003 ms
366,2997.5499999999997 ms
366,2999.9 ms
366,3009.15 ms
366,3024.6 ms
366,3046.35 ms
366,3056.7500000000005 ms
366,3070.9500000000003 ms
366,3077.35 ms
366,3082.6999999999994 ms
366,3096.9999999999995 ms
366,3133.6 ms
366,3143.4499999999994 ms
366,3148.4999999999995 ms
366,3172.35 ms
366,3191.0000000000005 ms
366,3210.2000000000003 ms
366,3217.35 ms
366,3221.65 ms
366,3230.2000000000003 ms
366,3251.4500000000003 ms
366,3280.2500000000005 ms
366,3282.8000000000006 ms
366,3302.0500000000006 ms
366,3303.7500000000005 ms
366,3307.8000000000006 ms
366,3311.15 ms
366,3311.7000000000003 ms
366,3313.9 ms
366,3319.0000000000005 ms
366,3323.1 ms
366,3332.9 ms
366,3363.3000000000006 ms
366,3373.5000000000005 ms
366,3373.9500000000003 ms
366,3397.100000000001 ms
366,3418.0500000000006 ms
366,3454.850000000001 ms
366,3461.400000000001 ms
366,3472.5000000000005 ms
366,3477.2500000000005 ms
366,3481.150000000001 ms
366,3495.3000000000006 ms
366,3499.200000000001 ms
366,3499.5000000000014 ms
366,3501.600000000001 ms
366,3506.600000000001 ms
366,3507.0500000000006 ms
366,3532.5000000000005 ms
366,3546.3000000000006 ms
366,3557.8000000000006 ms
366,3563.600000000001 ms
366,3569.9500000000003 ms
366,3608.9 ms
366,3612.2500000000005 ms
366,3643.400000000001 ms
366,3645.0000000000005 ms
366,3646.1 ms
366,3647.4500000000003 ms
366,3660.5499999999997 ms
366,3660.8000000000006 ms
366,3678.4 ms
366,3680.2499999999995 ms
366,3680.7500000000005 ms
366,3685.65 ms
366,3704.0500000000006 ms
366,3723.2000000000003 ms
366,3727.7500000000005 ms
366,3733.650000000001 ms
366,3749.15 ms
366,3758.650000000001 ms
366,3767.2500000000005 ms
366,3768.35 ms
366,3768.65 ms
366,3794.7000000000003 ms
366,3803.15 ms
366,3809.0500000000006 ms
366,3809.8000000000006 ms
366,3812.65 ms
366,3829.0500000000006 ms
366,3830.850000000001 ms
366,3857.0500000000006 ms
366,3864.9 ms
366,3883.2500000000005 ms
366,3889.35 ms
366,3920.0000000000005 ms
366,3948.400000000001 ms
366,3951.100000000001 ms
366,3974.2000000000003 ms
366,3990.7500000000005 ms
366,3999.150000000001 ms
367,7.3500000000000005 ms
367,21.0 ms
367,24.75 ms
367,25.85 ms
367,45.35 ms
367,48.9 ms
367,58.35 ms
367,61.6 ms
367,62.45000000000001 ms
367,65.29999999999998 ms
367,87.9 ms
367,88.45000000000002 ms
367,114.30000000000001 ms
367,115.9 ms
367,122.6 ms
367,124.20000000000002 ms
367,128.5 ms
367,130.45 ms
367,134.89999999999998 ms
367,140.09999999999997 ms
367,141.39999999999998 ms
367,150.64999999999998 ms
367,161.59999999999997 ms
367,163.29999999999995 ms
367,171.44999999999993 ms
367,173.89999999999998 ms
367,194.04999999999995 ms
367,197.94999999999993 ms
367,198.5 ms
367,217.14999999999998 ms
367,257.75 ms
367,267.9 ms
367,301.5 ms
367,310.35 ms
367,321.20000000000005 ms
367,341.6500000000001 ms
367,357.95000000000005 ms
367,383.30000000000007 ms
367,398.2500000000001 ms
367,411.7500000000001 ms
367,465.1 ms
367,476.6 ms
367,501.45000000000016 ms
367,526.1 ms
367,527.5500000000001 ms
367,563.5000000000001 ms
367,590.7500000000003 ms
367,601.6500000000002 ms
367,618.4000000000002 ms
367,620.5000000000003 ms
367,645.1000000000003 ms
367,650.5500000000003 ms
367,666.2500000000003 ms
367,669.9000000000002 ms
367,682.4500000000002 ms
367,686.4500000000004 ms
367,687.3500000000003 ms
367,714.9000000000002 ms
367,721.5500000000001 ms
367,723.85 ms
367,729.0000000000001 ms
367,736.2000000000002 ms
367,748.35 ms
367,748.8500000000003 ms
367,761.0000000000001 ms
367,787.6000000000003 ms
367,844.9500000000002 ms
367,874.4000000000002 ms
367,885.1000000000003 ms
367,886.5000000000001 ms
367,896.1000000000003 ms
367,896.2500000000001 ms
367,918.3500000000003 ms
367,965.3000000000003 ms
367,971.3000000000003 ms
367,972.8500000000003 ms
367,986.0000000000001 ms
367,997.9000000000002 ms
367,999.1000000000003 ms
367,1047.9500000000003 ms
367,1049.4 ms
367,1058.7000000000003 ms
367,1064.7500000000005 ms
367,1068.5000000000005 ms
367,1076.2000000000003 ms
367,1091.5500000000002 ms
367,1112.7000000000003 ms
367,1138.3500000000004 ms
367,1146.5500000000002 ms
367,1162.8500000000004 ms
367,1178.6000000000004 ms
367,1178.9500000000003 ms
367,1186.5500000000002 ms
367,1196.5 ms
367,1206.9500000000003 ms
367,1222.7000000000003 ms
367,1230.4 ms
367,1232.8500000000004 ms
367,1233.3500000000004 ms
367,1245.9000000000005 ms
367,1258.2000000000003 ms
367,1265.0500000000002 ms
367,1274.0 ms
367,1274.2000000000003 ms
367,1278.4500000000003 ms
367,1282.3000000000002 ms
367,1328.0500000000002 ms
367,1329.8500000000004 ms
367,1332.5500000000002 ms
367,1342.9500000000003 ms
367,1359.8000000000002 ms
367,1364.5500000000002 ms
367,1368.5500000000002 ms
367,1385.4500000000003 ms
367,1390.15 ms
367,1393.9 ms
367,1402.8500000000004 ms
367,1421.4500000000003 ms
367,1425.7500000000005 ms
367,1435.7500000000005 ms
367,1455.7500000000005 ms
367,1459.9500000000003 ms
367,1460.7000000000003 ms
367,1468.2000000000003 ms
367,1470.6000000000004 ms
367,1477.9500000000003 ms
367,1506.3500000000004 ms
367,1511.2500000000005 ms
367,1533.4500000000003 ms
367,1537.1000000000008 ms
367,1541.5000000000005 ms
367,1577.3500000000008 ms
367,1595.3000000000006 ms
367,1596.2500000000005 ms
367,1610.0000000000005 ms
367,1626.0500000000006 ms
367,1627.7500000000005 ms
367,1650.0000000000005 ms
367,1652.4500000000007 ms
367,1658.9500000000007 ms
367,1669.250000000001 ms
367,1686.9500000000007 ms
367,1704.500000000001 ms
367,1707.6500000000005 ms
367,1724.3500000000008 ms
367,1733.5500000000006 ms
367,1738.500000000001 ms
367,1754.300000000001 ms
367,1793.3500000000008 ms
367,1815.500000000001 ms
367,1822.650000000001 ms
367,1836.250000000001 ms
367,1850.500000000001 ms
367,1862.4500000000007 ms
367,1870.800000000001 ms
367,1875.250000000001 ms
367,1893.3500000000008 ms
367,1912.0500000000006 ms
367,1920.150000000001 ms
367,1930.900000000001 ms
367,1936.900000000001 ms
367,1952.8000000000006 ms
367,1966.250000000001 ms
367,1966.750000000001 ms
367,1970.550000000001 ms
367,1971.9000000000005 ms
367,1986.2000000000007 ms
367,1991.0500000000006 ms
367,2016.9000000000005 ms
367,2046.0000000000005 ms
367,2052.3000000000006 ms
367,2053.850000000001 ms
367,2071.4500000000003 ms
367,2083.850000000001 ms
367,2092.150000000001 ms
367,2094.5500000000015 ms
367,2096.8000000000006 ms
367,2114.900000000001 ms
367,2118.450000000001 ms
367,2122.150000000001 ms
367,2162.650000000001 ms
367,2165.0000000000005 ms
367,2193.850000000001 ms
367,2220.9500000000003 ms
367,2233.850000000001 ms
367,2235.9500000000003 ms
367,2254.3000000000006 ms
367,2261.3000000000006 ms
367,2284.450000000001 ms
367,2342.5500000000006 ms
367,2348.8000000000006 ms
367,2353.450000000001 ms
367,2354.850000000001 ms
367,2363.7500000000014 ms
367,2374.8000000000015 ms
367,2379.7500000000014 ms
367,2395.0500000000015 ms
367,2419.450000000001 ms
367,2430.6000000000017 ms
367,2435.0500000000015 ms
367,2441.950000000001 ms
367,2448.0500000000006 ms
367,2452.400000000001 ms
367,2453.150000000001 ms
367,2470.200000000001 ms
367,2481.0000000000014 ms
367,2518.100000000001 ms
367,2523.700000000001 ms
367,2527.150000000001 ms
367,2527.650000000001 ms
367,2529.5500000000015 ms
367,2532.8000000000006 ms
367,2540.8000000000015 ms
367,2546.6000000000017 ms
367,2551.700000000001 ms
367,2556.650000000001 ms
367,2561.7500000000005 ms
367,2585.900000000001 ms
367,2602.0500000000015 ms
367,2604.650000000001 ms
367,2617.150000000001 ms
367,2622.0500000000015 ms
367,2622.7500000000014 ms
367,2624.8000000000015 ms
367,2641.950000000001 ms
367,2660.5500000000006 ms
367,2662.650000000001 ms
367,2674.950000000001 ms
367,2698.900000000001 ms
367,2715.100000000001 ms
367,2717.5500000000006 ms
367,2718.100000000001 ms
367,2720.9500000000003 ms
367,2737.7500000000005 ms
367,2756.0500000000006 ms
367,2793.850000000001 ms
367,2794.8000000000006 ms
367,2802.850000000001 ms
367,2812.7500000000014 ms
367,2838.0500000000015 ms
367,2839.700000000002 ms
367,2842.700000000001 ms
367,2858.8500000000017 ms
367,2892.5500000000015 ms
367,2909.7500000000014 ms
367,2911.5000000000014 ms
367,2914.150000000002 ms
367,2919.8500000000017 ms
367,2933.5000000000014 ms
367,2933.900000000002 ms
367,2949.1000000000017 ms
367,3009.0500000000015 ms
367,3015.8000000000006 ms
367,3023.0000000000005 ms
367,3024.2000000000003 ms
367,3024.5000000000005 ms
367,3042.600000000001 ms
367,3054.350000000001 ms
367,3060.0500000000006 ms
367,3065.2500000000005 ms
367,3087.8000000000006 ms
367,3097.950000000001 ms
367,3102.9500000000003 ms
367,3127.0000000000005 ms
367,3127.3000000000006 ms
367,3128.650000000001 ms
367,3138.950000000001 ms
367,3154.5000000000014 ms
367,3155.3000000000015 ms
367,3166.5000000000014 ms
367,3180.850000000001 ms
367,3184.400000000001 ms
367,3192.400000000002 ms
367,3194.900000000001 ms
367,3239.900000000002 ms
367,3264.650000000001 ms
367,3266.400000000002 ms
367,3274.6000000000017 ms
367,3284.7500000000014 ms
367,3301.100000000001 ms
367,3325.0000000000014 ms
367,3335.900000000002 ms
367,3361.3000000000015 ms
367,3363.400000000001 ms
367,3376.650000000002 ms
367,3475.3500000000017 ms
367,3483.150000000002 ms
367,3488.450000000002 ms
367,3514.3000000000015 ms
367,3544.8500000000017 ms
367,3564.900000000002 ms
367,3566.400000000002 ms
367,3572.450000000002 ms
367,3581.8000000000015 ms
367,3585.8500000000017 ms
367,3590.8500000000026 ms
367,3604.5500000000025 ms
367,3606.0500000000015 ms
367,3609.0500000000025 ms
367,3652.0500000000015 ms
367,3652.3000000000025 ms
367,3679.3000000000015 ms
367,3694.900000000002 ms
367,3710.150000000002 ms
367,3732.5500000000025 ms
367,3740.400000000002 ms
367,3776.5000000000014 ms
367,3792.0000000000023 ms
367,3799.150000000002 ms
367,3811.8500000000017 ms
367,3812.200000000001 ms
367,3820.3500000000017 ms
367,3821.150000000002 ms
367,3840.2500000000014 ms
367,3882.5500000000015 ms
367,3889.8000000000025 ms
367,3895.650000000002 ms
367,3904.0500000000025 ms
367,3904.5500000000015 ms
367,3906.5000000000014 ms
367,3909.6000000000017 ms
367,3918.0000000000023 ms
367,3920.6000000000017 ms
367,3937.0500000000015 ms
367,3941.3500000000017 ms
367,3954.3000000000015 ms
367,3954.700000000002 ms
367,3976.0000000000023 ms
367,3992.0000000000014 ms
367,3992.5500000000015 ms
367,3994.5500000000025 ms
368,0.4 ms
368,11.450000000000001 ms
368,32.25 ms
368,35.900000000000006 ms
368,47.7 ms
368,50.55 ms
368,82.14999999999999 ms
368,97.40000000000002 ms
368,98.10000000000001 ms
368,105.14999999999999 ms
368,125.10000000000001 ms
368,131.10000000000002 ms
368,168.60000000000002 ms
368,175.85000000000002 ms
368,176.0 ms
368,186.5 ms
368,208.40000000000003 ms
368,221.50000000000006 ms
368,225.75000000000006 ms
368,230.10000000000002 ms
368,241.15000000000003 ms
368,277.8 ms
368,283.24999999999994 ms
368,293.75000000000006 ms
368,311.05 ms
368,311.74999999999994 ms
368,314.3999999999999 ms
368,321.90000000000003 ms
368,325.8 ms
368,329.99999999999994 ms
368,335.1499999999999 ms
368,357.59999999999985 ms
368,368.9499999999999 ms
368,400.99999999999994 ms
368,405.3 ms
368,429.99999999999994 ms
368,439.24999999999994 ms
368,461.99999999999994 ms
368,481.99999999999994 ms
368,496.3999999999999 ms
368,502.84999999999985 ms
368,505.1499999999999 ms
368,509.24999999999994 ms
368,549.4499999999998 ms
368,554.05 ms
368,567.3 ms
368,579.1499999999999 ms
368,582.3999999999999 ms
368,584.3500000000001 ms
368,585.75 ms
368,588.3499999999999 ms
368,597.8000000000002 ms
368,598.7 ms
368,619.25 ms
368,619.7 ms
368,643.7 ms
368,673.7 ms
368,702.05 ms
368,709.5000000000002 ms
368,717.3500000000001 ms
368,724.9000000000001 ms
368,742.8500000000001 ms
368,762.7500000000002 ms
368,765.0000000000002 ms
368,769.05 ms
368,785.6500000000001 ms
368,789.5 ms
368,809.6000000000001 ms
368,849.6500000000001 ms
368,907.1000000000001 ms
368,910.0000000000002 ms
368,921.1000000000001 ms
368,926.7500000000002 ms
368,945.6000000000001 ms
368,945.8000000000002 ms
368,949.7500000000002 ms
368,956.6500000000003 ms
368,969.8500000000001 ms
368,991.5500000000004 ms
368,992.0000000000002 ms
368,1001.9500000000005 ms
368,1009.6000000000004 ms
368,1011.0500000000004 ms
368,1018.7000000000005 ms
368,1038.3500000000006 ms
368,1049.8500000000001 ms
368,1053.8000000000004 ms
368,1088.6500000000003 ms
368,1093.95 ms
368,1103.1000000000001 ms
368,1118.3500000000006 ms
368,1133.5000000000007 ms
368,1140.2000000000005 ms
368,1141.7000000000005 ms
368,1149.6000000000006 ms
368,1159.0000000000007 ms
368,1159.5000000000007 ms
368,1178.8000000000004 ms
368,1202.0500000000009 ms
368,1216.0500000000004 ms
368,1220.4500000000005 ms
368,1234.4000000000008 ms
368,1236.850000000001 ms
368,1237.200000000001 ms
368,1258.5500000000009 ms
368,1268.700000000001 ms
368,1281.3000000000009 ms
368,1285.700000000001 ms
368,1330.5000000000007 ms
368,1338.9000000000008 ms
368,1342.4500000000005 ms
368,1360.4000000000008 ms
368,1360.6500000000008 ms
368,1366.600000000001 ms
368,1378.1000000000006 ms
368,1379.2500000000007 ms
368,1391.6500000000008 ms
368,1393.100000000001 ms
368,1393.8000000000013 ms
368,1439.0500000000009 ms
368,1455.4000000000008 ms
368,1470.100000000001 ms
368,1471.4000000000008 ms
368,1490.5500000000009 ms
368,1496.700000000001 ms
368,1502.8000000000009 ms
368,1504.5500000000013 ms
368,1514.0500000000009 ms
368,1523.0500000000013 ms
368,1534.850000000001 ms
368,1539.200000000001 ms
368,1541.5500000000009 ms
368,1551.450000000001 ms
368,1554.6500000000012 ms
368,1557.3000000000013 ms
368,1566.350000000001 ms
368,1572.1500000000008 ms
368,1579.700000000001 ms
368,1592.350000000001 ms
368,1610.350000000001 ms
368,1627.450000000001 ms
368,1628.9000000000012 ms
368,1630.7500000000011 ms
368,1644.1500000000012 ms
368,1655.6500000000008 ms
368,1664.850000000001 ms
368,1674.200000000001 ms
368,1676.700000000001 ms
368,1678.600000000001 ms
368,1689.5500000000013 ms
368,1689.9000000000012 ms
368,1696.0500000000013 ms
368,1701.6500000000012 ms
368,1708.8000000000013 ms
368,1743.0000000000011 ms
368,1770.100000000001 ms
368,1778.1500000000008 ms
368,1780.7500000000007 ms
368,1795.8500000000006 ms
368,1803.6500000000008 ms
368,1813.5000000000007 ms
368,1815.450000000001 ms
368,1830.0000000000007 ms
368,1832.950000000001 ms
368,1833.1500000000008 ms
368,1833.5500000000009 ms
368,1851.0000000000011 ms
368,1864.200000000001 ms
368,1865.8000000000009 ms
368,1867.8500000000006 ms
368,1905.9000000000008 ms
368,1924.8000000000009 ms
368,1928.2500000000011 ms
368,1933.850000000001 ms
368,1937.700000000001 ms
368,1957.100000000001 ms
368,1964.6000000000006 ms
368,1977.8000000000009 ms
368,1990.700000000001 ms
368,1997.4000000000012 ms
368,2005.5000000000011 ms
368,2008.100000000001 ms
368,2030.1500000000008 ms
368,2052.6000000000013 ms
368,2054.55 ms
368,2061.3 ms
368,2075.3 ms
368,2079.8500000000013 ms
368,2084.500000000001 ms
368,2099.6000000000013 ms
368,2112.1000000000013 ms
368,2118.6000000000013 ms
368,2127.9000000000005 ms
368,2133.8500000000013 ms
368,2140.750000000001 ms
368,2141.8500000000013 ms
368,2152.750000000001 ms
368,2172.2000000000007 ms
368,2180.2000000000007 ms
368,2191.1500000000005 ms
368,2192.750000000001 ms
368,2208.55 ms
368,2215.1500000000005 ms
368,2249.6500000000005 ms
368,2267.9500000000007 ms
368,2279.300000000001 ms
368,2289.4500000000007 ms
368,2292.500000000001 ms
368,2304.4000000000005 ms
368,2313.500000000001 ms
368,2316.000000000001 ms
368,2338.050000000001 ms
368,2349.2000000000007 ms
368,2357.2000000000007 ms
368,2360.4500000000007 ms
368,2371.1500000000015 ms
368,2419.9000000000015 ms
368,2425.6000000000004 ms
368,2454.050000000001 ms
368,2473.3500000000004 ms
368,2478.750000000001 ms
368,2484.3500000000013 ms
368,2486.6500000000005 ms
368,2491.9500000000016 ms
368,2492.6000000000013 ms
368,2501.9500000000016 ms
368,2506.6500000000005 ms
368,2517.550000000001 ms
368,2571.7000000000007 ms
368,2598.8500000000013 ms
368,2603.750000000001 ms
368,2607.8500000000013 ms
368,2608.2000000000016 ms
368,2618.750000000001 ms
368,2630.800000000002 ms
368,2632.4500000000016 ms
368,2652.2000000000016 ms
368,2653.250000000002 ms
368,2698.500000000002 ms
368,2711.7000000000016 ms
368,2714.300000000002 ms
368,2729.7000000000016 ms
368,2737.800000000002 ms
368,2748.4500000000016 ms
368,2752.000000000002 ms
368,2768.800000000002 ms
368,2778.600000000002 ms
368,2779.6500000000024 ms
368,2783.550000000002 ms
368,2789.100000000003 ms
368,2804.100000000003 ms
368,2806.050000000002 ms
368,2824.1500000000024 ms
368,2828.5000000000027 ms
368,2830.0000000000027 ms
368,2833.9500000000016 ms
368,2834.550000000002 ms
368,2841.7000000000016 ms
368,2855.050000000002 ms
368,2870.500000000002 ms
368,2881.2000000000016 ms
368,2895.1000000000013 ms
368,2907.6000000000013 ms
368,2915.7000000000016 ms
368,2921.6000000000013 ms
368,2927.000000000002 ms
368,2977.000000000002 ms
368,2993.7000000000016 ms
368,2995.9000000000015 ms
368,3017.1000000000013 ms
368,3024.3500000000013 ms
368,3046.800000000001 ms
368,3061.050000000001 ms
368,3077.300000000001 ms
368,3081.9500000000007 ms
368,3092.8500000000013 ms
368,3101.550000000001 ms
368,3122.7000000000007 ms
368,3125.6000000000013 ms
368,3134.9500000000016 ms
368,3145.1000000000013 ms
368,3146.500000000001 ms
368,3166.2000000000016 ms
368,3173.9500000000016 ms
368,3180.2000000000016 ms
368,3183.9500000000016 ms
368,3189.500000000001 ms
368,3191.3500000000013 ms
368,3194.3500000000013 ms
368,3196.2000000000016 ms
368,3219.750000000001 ms
368,3231.6000000000013 ms
368,3249.300000000001 ms
368,3255.3500000000013 ms
368,3259.4500000000016 ms
368,3279.1000000000013 ms
368,3280.7000000000016 ms
368,3286.050000000001 ms
368,3318.4500000000007 ms
368,3377.050000000001 ms
368,3382.6000000000013 ms
368,3420.6500000000015 ms
368,3421.000000000002 ms
368,3421.3500000000013 ms
368,3421.800000000001 ms
368,3427.500000000001 ms
368,3437.750000000001 ms
368,3439.050000000001 ms
368,3456.500000000001 ms
368,3458.6000000000013 ms
368,3461.05 ms
368,3470.250000000001 ms
368,3501.2 ms
368,3510.8500000000004 ms
368,3520.3500000000004 ms
368,3549.3 ms
368,3570.7 ms
368,3571.2 ms
368,3633.9000000000005 ms
368,3636.5999999999995 ms
368,3642.5999999999995 ms
368,3658.1500000000005 ms
368,3662.8 ms
368,3665.05 ms
368,3676.25 ms
368,3678.8999999999996 ms
368,3683.9500000000007 ms
368,3690.5 ms
368,3703.550000000001 ms
368,3719.800000000001 ms
368,3732.0 ms
368,3734.6500000000005 ms
368,3763.05 ms
368,3770.9000000000005 ms
368,3772.3500000000004 ms
368,3779.75 ms
368,3796.4500000000007 ms
368,3803.0 ms
368,3832.25 ms
368,3870.1500000000005 ms
368,3871.8 ms
368,3904.9000000000005 ms
368,3916.9000000000005 ms
368,3918.7000000000007 ms
368,3933.500000000001 ms
368,3937.800000000001 ms
368,3962.1500000000015 ms
368,3972.3500000000004 ms
368,3974.7000000000007 ms
368,3982.1000000000004 ms
368,3994.250000000001 ms
369,0.1 ms
369,0.55 ms
369,13.05 ms
369,24.8 ms
369,30.350000000000005 ms
369,40.75 ms
369,42.7 ms
369,72.2 ms
369,121.35000000000001 ms
369,125.95 ms
369,141.25 ms
369,142.89999999999998 ms
369,143.60000000000002 ms
369,144.64999999999998 ms
369,151.25 ms
369,154.05 ms
369,169.60000000000002 ms
369,169.8 ms
369,179.65000000000003 ms
369,191.5 ms
369,211.55 ms
369,249.3 ms
369,253.90000000000003 ms
369,256.7 ms
369,266.09999999999997 ms
369,287.2999999999999 ms
369,290.9499999999999 ms
369,292.74999999999994 ms
369,310.3 ms
369,316.59999999999997 ms
369,332.45 ms
369,332.7 ms
369,335.55 ms
369,374.40000000000003 ms
369,380.8 ms
369,383.55 ms
369,402.49999999999994 ms
369,405.84999999999997 ms
369,417.65000000000003 ms
369,451.50000000000006 ms
369,476.45 ms
369,479.40000000000003 ms
369,483.59999999999997 ms
369,485.1000000000001 ms
369,489.15000000000003 ms
369,495.84999999999997 ms
369,501.3500000000001 ms
369,507.25000000000006 ms
369,527.1000000000001 ms
369,534.2 ms
369,542.55 ms
369,547.45 ms
369,554.1000000000001 ms
369,555.55 ms
369,578.2 ms
369,588.45 ms
369,589.4000000000001 ms
369,627.75 ms
369,628.6500000000001 ms
369,655.5 ms
369,666.3000000000002 ms
369,685.75 ms
369,709.8500000000001 ms
369,724.3000000000002 ms
369,724.4000000000001 ms
369,735.2000000000003 ms
369,745.6000000000001 ms
369,749.6500000000001 ms
369,756.3000000000002 ms
369,759.4000000000001 ms
369,779.6500000000001 ms
369,799.6000000000001 ms
369,811.4000000000001 ms
369,819.8500000000001 ms
369,829.6000000000001 ms
369,833.5000000000002 ms
369,849.55 ms
369,856.2 ms
369,859.45 ms
369,865.6000000000001 ms
369,898.8500000000001 ms
369,906.3999999999999 ms
369,907.25 ms
369,916.8 ms
369,919.7 ms
369,927.8499999999999 ms
369,933.9499999999998 ms
369,943.0 ms
369,959.1499999999999 ms
369,971.8499999999999 ms
369,980.3 ms
369,984.95 ms
369,995.55 ms
369,1004.8499999999999 ms
369,1013.4499999999998 ms
369,1038.8999999999996 ms
369,1070.5500000000002 ms
369,1071.3000000000002 ms
369,1088.25 ms
369,1089.85 ms
369,1093.9 ms
369,1099.4 ms
369,1130.9999999999995 ms
369,1134.9499999999998 ms
369,1152.8999999999996 ms
369,1153.4499999999998 ms
369,1154.85 ms
369,1157.65 ms
369,1158.9999999999995 ms
369,1181.9499999999998 ms
369,1182.1 ms
369,1190.6 ms
369,1192.25 ms
369,1192.75 ms
369,1194.15 ms
369,1226.0500000000002 ms
369,1234.8000000000002 ms
369,1240.4 ms
369,1243.85 ms
369,1251.9 ms
369,1284.5500000000002 ms
369,1285.4500000000003 ms
369,1292.65 ms
369,1321.1000000000004 ms
369,1336.0500000000002 ms
369,1340.9000000000005 ms
369,1360.0 ms
369,1378.8500000000004 ms
369,1380.15 ms
369,1391.25 ms
369,1391.6999999999998 ms
369,1450.6000000000004 ms
369,1465.9499999999998 ms
369,1466.4499999999998 ms
369,1469.8000000000002 ms
369,1472.5 ms
369,1479.9499999999998 ms
369,1482.6000000000004 ms
369,1489.6999999999998 ms
369,1494.3500000000004 ms
369,1495.15 ms
369,1505.3000000000002 ms
369,1512.3000000000002 ms
369,1520.8000000000002 ms
369,1524.3000000000002 ms
369,1533.4 ms
369,1541.15 ms
369,1560.5 ms
369,1562.15 ms
369,1562.25 ms
369,1563.1999999999998 ms
369,1563.5500000000002 ms
369,1573.3999999999996 ms
369,1578.0 ms
369,1626.8999999999996 ms
369,1635.4499999999998 ms
369,1642.6499999999996 ms
369,1658.9499999999998 ms
369,1702.2999999999997 ms
369,1704.4999999999995 ms
369,1723.0499999999997 ms
369,1732.7499999999995 ms
369,1743.7499999999995 ms
369,1748.35 ms
369,1754.6499999999996 ms
369,1787.6499999999996 ms
369,1790.8499999999995 ms
369,1826.0 ms
369,1828.7999999999997 ms
369,1873.35 ms
369,1873.7999999999997 ms
369,1884.1499999999996 ms
369,1889.4999999999995 ms
369,1903.3999999999996 ms
369,1909.8499999999995 ms
369,1917.1499999999996 ms
369,1921.2499999999995 ms
369,1921.9999999999995 ms
369,1944.1999999999994 ms
369,1951.6 ms
369,1965.5499999999997 ms
369,1966.35 ms
369,1970.2499999999995 ms
369,1994.35 ms
369,2017.1999999999994 ms
369,2024.1999999999994 ms
369,2027.3999999999996 ms
369,2028.0999999999995 ms
369,2081.0999999999995 ms
369,2081.5999999999995 ms
369,2083.5999999999995 ms
369,2085.999999999999 ms
369,2094.6499999999996 ms
369,2095.2999999999993 ms
369,2119.7 ms
369,2123.3 ms
369,2134.749999999999 ms
369,2140.3 ms
369,2151.1499999999996 ms
369,2157.7 ms
369,2186.3 ms
369,2191.2 ms
369,2208.0 ms
369,2217.75 ms
369,2219.95 ms
369,2250.6499999999996 ms
369,2262.1499999999996 ms
369,2270.2 ms
369,2273.5 ms
369,2273.8999999999996 ms
369,2320.7000000000007 ms
369,2351.8 ms
369,2354.95 ms
369,2358.55 ms
369,2362.8 ms
369,2381.05 ms
369,2381.95 ms
369,2385.55 ms
369,2390.8 ms
369,2398.8 ms
369,2405.8 ms
369,2414.05 ms
369,2418.7 ms
369,2431.6500000000005 ms
369,2431.9000000000005 ms
369,2441.45 ms
369,2449.95 ms
369,2460.6000000000004 ms
369,2518.55 ms
369,2519.8 ms
369,2528.3500000000004 ms
369,2547.3 ms
369,2578.6500000000005 ms
369,2584.6500000000005 ms
369,2585.3499999999995 ms
369,2604.6500000000005 ms
369,2607.75 ms
369,2608.75 ms
369,2625.5 ms
369,2627.2 ms
369,2637.75 ms
369,2643.1499999999996 ms
369,2644.0 ms
369,2667.05 ms
369,2697.5 ms
369,2736.2 ms
369,2739.3999999999996 ms
369,2745.1499999999996 ms
369,2749.0 ms
369,2761.75 ms
369,2790.1499999999996 ms
369,2793.3999999999996 ms
369,2794.7999999999993 ms
369,2818.45 ms
369,2844.3499999999995 ms
369,2857.5 ms
369,2875.45 ms
369,2884.5 ms
369,2911.3500000000004 ms
369,2925.6499999999996 ms
369,2957.7000000000007 ms
369,2972.3 ms
369,3002.3 ms
369,3020.45 ms
369,3021.05 ms
369,3022.05 ms
369,3045.7 ms
369,3058.05 ms
369,3076.5 ms
369,3093.25 ms
369,3098.05 ms
369,3129.1000000000004 ms
369,3135.6000000000004 ms
369,3152.5 ms
369,3168.75 ms
369,3181.800000000001 ms
369,3183.4000000000005 ms
369,3196.1000000000004 ms
369,3199.7000000000007 ms
369,3223.7000000000007 ms
369,3225.3500000000004 ms
369,3230.8 ms
369,3238.05 ms
369,3239.6500000000005 ms
369,3242.6500000000005 ms
369,3244.8499999999995 ms
369,3275.4000000000005 ms
369,3280.1500000000005 ms
369,3302.0 ms
369,3313.3 ms
369,3334.55 ms
369,3341.5 ms
369,3344.0 ms
369,3359.0 ms
369,3364.55 ms
369,3372.2 ms
369,3387.9000000000005 ms
369,3397.1500000000005 ms
369,3405.75 ms
369,3416.1499999999996 ms
369,3417.1000000000004 ms
369,3431.6000000000004 ms
369,3467.0499999999993 ms
369,3469.6499999999996 ms
369,3488.0 ms
369,3497.5499999999993 ms
369,3501.0499999999993 ms
369,3501.6000000000004 ms
369,3504.8500000000004 ms
369,3521.95 ms
369,3525.8999999999996 ms
369,3540.5999999999995 ms
369,3564.7 ms
369,3566.7999999999993 ms
369,3576.8999999999996 ms
369,3592.7999999999993 ms
369,3605.0999999999995 ms
369,3630.45 ms
369,3683.7 ms
369,3686.8999999999987 ms
369,3691.2999999999993 ms
369,3738.2999999999993 ms
369,3757.199999999999 ms
369,3762.5999999999995 ms
369,3792.499999999999 ms
369,3799.7 ms
369,3805.3499999999995 ms
369,3805.45 ms
369,3808.7 ms
369,3820.749999999999 ms
369,3825.499999999999 ms
369,3848.2 ms
369,3850.3999999999987 ms
369,3866.749999999999 ms
369,3877.2999999999993 ms
369,3902.8499999999995 ms
369,3914.95 ms
369,3920.45 ms
369,3922.5499999999993 ms
369,3925.0999999999995 ms
369,3927.8999999999996 ms
369,3935.3999999999996 ms
369,3945.6499999999996 ms
369,3967.5999999999995 ms
369,3983.0499999999993 ms
370,2.75 ms
370,10.0 ms
370,17.95 ms
370,24.899999999999995 ms
370,27.849999999999998 ms
370,30.099999999999998 ms
370,48.45 ms
370,54.25 ms
370,71.25 ms
370,99.0 ms
370,126.69999999999999 ms
370,134.45 ms
370,135.95 ms
370,143.45 ms
370,185.0 ms
370,185.5 ms
370,195.10000000000002 ms
370,229.14999999999998 ms
370,237.8 ms
370,259.5 ms
370,260.75 ms
370,277.85 ms
370,281.75 ms
370,300.20000000000005 ms
370,309.9 ms
370,312.5 ms
370,354.4 ms
370,359.35 ms
370,383.79999999999995 ms
370,388.4 ms
370,408.4 ms
370,423.6 ms
370,424.65 ms
370,425.35 ms
370,429.29999999999995 ms
370,440.3499999999999 ms
370,445.54999999999995 ms
370,469.54999999999995 ms
370,472.65 ms
370,496.25 ms
370,496.4 ms
370,507.4 ms
370,509.65 ms
370,513.1999999999999 ms
370,552.4 ms
370,554.5499999999998 ms
370,574.4999999999999 ms
370,604.9 ms
370,623.5000000000001 ms
370,645.9999999999999 ms
370,658.1 ms
370,690.9999999999999 ms
370,696.1 ms
370,745.85 ms
370,763.35 ms
370,766.9 ms
370,802.1 ms
370,802.35 ms
370,835.9500000000002 ms
370,837.35 ms
370,840.7000000000002 ms
370,862.35 ms
370,888.65 ms
370,891.2500000000001 ms
370,900.15 ms
370,903.5499999999998 ms
370,921.3499999999998 ms
370,932.1 ms
370,933.4499999999999 ms
370,949.5500000000001 ms
370,952.0499999999998 ms
370,979.5500000000001 ms
370,983.5000000000001 ms
370,986.65 ms
370,986.7500000000001 ms
370,995.2499999999999 ms
370,1010.5499999999998 ms
370,1018.0999999999998 ms
370,1019.1 ms
370,1026.1999999999998 ms
370,1037.0499999999997 ms
370,1063.7999999999997 ms
370,1088.6499999999996 ms
370,1091.0999999999995 ms
370,1103.25 ms
370,1111.4499999999998 ms
370,1130.1999999999998 ms
370,1150.75 ms
370,1163.75 ms
370,1239.9499999999998 ms
370,1277.5 ms
370,1281.1999999999998 ms
370,1318.0 ms
370,1328.2999999999997 ms
370,1338.85 ms
370,1352.5499999999997 ms
370,1360.9999999999995 ms
370,1366.65 ms
370,1371.4499999999998 ms
370,1380.9499999999998 ms
370,1406.6499999999996 ms
370,1411.6999999999998 ms
370,1441.2999999999997 ms
370,1443.2499999999995 ms
370,1447.2999999999997 ms
370,1455.1999999999998 ms
370,1475.35 ms
370,1496.7999999999997 ms
370,1497.7999999999997 ms
370,1501.6 ms
370,1505.6 ms
370,1516.1 ms
370,1528.15 ms
370,1537.1 ms
370,1553.7999999999997 ms
370,1571.85 ms
370,1590.7999999999997 ms
370,1592.4500000000003 ms
370,1595.1 ms
370,1628.7000000000003 ms
370,1647.2000000000003 ms
370,1668.85 ms
370,1681.9 ms
370,1692.5 ms
370,1694.4499999999998 ms
370,1710.4 ms
370,1732.5500000000002 ms
370,1733.65 ms
370,1761.75 ms
370,1766.5 ms
370,1784.25 ms
370,1794.4 ms
370,1823.65 ms
370,1829.0500000000002 ms
370,1835.8000000000002 ms
370,1848.4 ms
370,1863.2000000000003 ms
370,1868.75 ms
370,1873.8000000000002 ms
370,1886.0500000000002 ms
370,1938.8000000000002 ms
370,1971.5500000000002 ms
370,1976.1499999999996 ms
370,1996.35 ms
370,2001.15 ms
370,2010.0499999999997 ms
370,2020.5499999999997 ms
370,2024.4 ms
370,2026.7499999999995 ms
370,2034.9 ms
370,2035.1999999999998 ms
370,2050.0 ms
370,2087.7 ms
370,2101.95 ms
370,2111.5 ms
370,2125.3999999999996 ms
370,2153.05 ms
370,2158.1000000000004 ms
370,2166.0 ms
370,2176.9500000000007 ms
370,2183.8500000000004 ms
370,2195.75 ms
370,2220.0 ms
370,2229.3500000000004 ms
370,2235.8 ms
370,2269.45 ms
370,2275.2 ms
370,2278.9000000000005 ms
370,2289.5 ms
370,2291.0 ms
370,2297.1000000000004 ms
370,2308.0499999999993 ms
370,2327.95 ms
370,2331.3 ms
370,2343.6499999999996 ms
370,2346.5 ms
370,2348.5 ms
370,2370.5999999999995 ms
370,2376.95 ms
370,2383.7999999999993 ms
370,2400.699999999999 ms
370,2434.0 ms
370,2436.75 ms
370,2492.2999999999993 ms
370,2506.0 ms
370,2511.6499999999996 ms
370,2516.2 ms
370,2517.0 ms
370,2524.8999999999996 ms
370,2531.7000000000007 ms
370,2545.1000000000004 ms
370,2546.7000000000007 ms
370,2570.4500000000007 ms
370,2577.1499999999996 ms
370,2581.2000000000007 ms
370,2593.75 ms
370,2610.3500000000004 ms
370,2636.1000000000004 ms
370,2669.75 ms
370,2677.050000000001 ms
370,2680.6000000000004 ms
370,2690.3500000000004 ms
370,2701.4000000000015 ms
370,2718.9000000000015 ms
370,2725.500000000001 ms
370,2731.7000000000007 ms
370,2761.500000000001 ms
370,2763.4500000000007 ms
370,2776.500000000001 ms
370,2778.6000000000013 ms
370,2810.2000000000007 ms
370,2831.8500000000004 ms
370,2854.9000000000015 ms
370,2859.800000000001 ms
370,2860.1000000000013 ms
370,2892.6000000000013 ms
370,2893.4000000000015 ms
370,2896.750000000002 ms
370,2903.750000000002 ms
370,2904.800000000001 ms
370,2911.850000000002 ms
370,2921.7000000000016 ms
370,2921.800000000002 ms
370,2936.8500000000013 ms
370,2953.2000000000016 ms
370,2960.250000000002 ms
370,2985.000000000002 ms
370,2987.350000000002 ms
370,3012.4000000000015 ms
370,3021.9000000000015 ms
370,3028.350000000002 ms
370,3036.9000000000015 ms
370,3038.9000000000015 ms
370,3060.500000000002 ms
370,3082.850000000002 ms
370,3089.000000000002 ms
370,3091.4500000000016 ms
370,3103.8500000000013 ms
370,3108.6000000000013 ms
370,3121.8500000000013 ms
370,3131.750000000002 ms
370,3198.300000000002 ms
370,3198.6500000000024 ms
370,3203.550000000002 ms
370,3212.750000000002 ms
370,3215.7000000000016 ms
370,3236.1000000000013 ms
370,3262.1500000000024 ms
370,3263.000000000002 ms
370,3269.6500000000015 ms
370,3290.000000000002 ms
370,3307.550000000002 ms
370,3323.550000000002 ms
370,3354.4000000000024 ms
370,3357.4000000000024 ms
370,3359.000000000002 ms
370,3385.9000000000015 ms
370,3413.750000000002 ms
370,3432.9500000000016 ms
370,3449.1500000000015 ms
370,3458.300000000001 ms
370,3476.500000000002 ms
370,3476.750000000002 ms
370,3493.800000000001 ms
370,3495.250000000002 ms
370,3505.1000000000013 ms
370,3544.1500000000015 ms
370,3547.300000000001 ms
370,3548.4000000000015 ms
370,3582.9000000000015 ms
370,3608.6500000000015 ms
370,3610.250000000002 ms
370,3623.4500000000007 ms
370,3626.6000000000013 ms
370,3630.6000000000013 ms
370,3638.1000000000013 ms
370,3641.500000000001 ms
370,3645.8500000000013 ms
370,3651.000000000001 ms
370,3697.2000000000016 ms
370,3719.1000000000013 ms
370,3720.500000000001 ms
370,3722.250000000001 ms
370,3735.4500000000016 ms
370,3760.800000000001 ms
370,3774.6500000000015 ms
370,3791.9500000000007 ms
370,3795.1500000000015 ms
370,3798.9000000000015 ms
370,3802.000000000001 ms
370,3809.1500000000005 ms
370,3815.050000000001 ms
370,3822.800000000001 ms
370,3852.4500000000007 ms
370,3853.6500000000015 ms
370,3860.9000000000015 ms
370,3863.000000000001 ms
370,3867.9000000000005 ms
370,3889.9000000000005 ms
370,3890.300000000001 ms
370,3892.4000000000015 ms
370,3901.8500000000004 ms
370,3926.6500000000015 ms
370,3973.8500000000004 ms
370,3985.1500000000015 ms
370,3991.250000000001 ms
371,12.05 ms
371,25.749999999999996 ms
371,40.25 ms
371,52.7 ms
371,78.55 ms
371,80.25000000000001 ms
371,80.95000000000003 ms
371,88.25000000000001 ms
371,93.70000000000003 ms
371,118.80000000000003 ms
371,119.85000000000001 ms
371,128.60000000000002 ms
371,145.8 ms
371,149.25 ms
371,149.95 ms
371,150.25 ms
371,153.3 ms
371,155.55 ms
371,180.55 ms
371,204.15000000000003 ms
371,210.09999999999997 ms
371,215.25 ms
371,224.95 ms
371,226.5 ms
371,228.14999999999998 ms
371,229.89999999999998 ms
371,243.3 ms
371,255.45 ms
371,270.7000000000001 ms
371,276.1000000000001 ms
371,297.40000000000003 ms
371,309.05 ms
371,310.99999999999994 ms
371,311.34999999999997 ms
371,315.05 ms
371,317.95 ms
371,325.3 ms
371,325.49999999999994 ms
371,339.8 ms
371,350.90000000000003 ms
371,353.9500000000001 ms
371,374.95 ms
371,376.55 ms
371,401.6000000000001 ms
371,427.00000000000006 ms
371,427.6000000000001 ms
371,437.05 ms
371,454.50000000000006 ms
371,468.95 ms
371,469.34999999999997 ms
371,469.8 ms
371,479.99999999999994 ms
371,485.3 ms
371,500.95 ms
371,504.8999999999999 ms
371,505.7 ms
371,537.0999999999999 ms
371,538.3000000000002 ms
371,566.3000000000002 ms
371,576.0999999999999 ms
371,580.75 ms
371,582.75 ms
371,600.75 ms
371,605.6500000000001 ms
371,629.55 ms
371,642.0 ms
371,662.5 ms
371,673.5 ms
371,720.0 ms
371,720.5 ms
371,721.3499999999999 ms
371,721.8000000000002 ms
371,725.2 ms
371,728.0 ms
371,761.7 ms
371,762.4000000000001 ms
371,766.0 ms
371,788.4500000000003 ms
371,789.75 ms
371,846.9500000000003 ms
371,866.2000000000003 ms
371,896.4000000000001 ms
371,899.6500000000001 ms
371,910.6500000000001 ms
371,910.8000000000002 ms
371,919.1500000000001 ms
371,933.5000000000002 ms
371,954.3500000000001 ms
371,975.2000000000003 ms
371,978.6500000000003 ms
371,992.0000000000002 ms
371,1009.0000000000002 ms
371,1017.3000000000004 ms
371,1017.5500000000004 ms
371,1045.4500000000005 ms
371,1051.5500000000004 ms
371,1066.6000000000001 ms
371,1067.3999999999999 ms
371,1088.6000000000001 ms
371,1153.7500000000002 ms
371,1167.5000000000002 ms
371,1219.05 ms
371,1233.3500000000001 ms
371,1241.5000000000002 ms
371,1258.05 ms
371,1273.6499999999999 ms
371,1336.55 ms
371,1339.45 ms
371,1366.4000000000003 ms
371,1368.6500000000003 ms
371,1371.4000000000003 ms
371,1379.1500000000003 ms
371,1405.5000000000002 ms
371,1410.2500000000002 ms
371,1413.7000000000005 ms
371,1431.5500000000004 ms
371,1453.3500000000001 ms
371,1459.8000000000004 ms
371,1480.05 ms
371,1485.2500000000002 ms
371,1493.4500000000005 ms
371,1498.9000000000003 ms
371,1504.6500000000003 ms
371,1509.2500000000002 ms
371,1509.55 ms
371,1511.2 ms
371,1514.0000000000002 ms
371,1531.2500000000002 ms
371,1531.8 ms
371,1536.6000000000001 ms
371,1562.6000000000001 ms
371,1570.8999999999999 ms
371,1592.3 ms
371,1616.1499999999999 ms
371,1619.9000000000003 ms
371,1621.3000000000004 ms
371,1621.4500000000005 ms
371,1626.5500000000004 ms
371,1628.3 ms
371,1628.5000000000002 ms
371,1643.2000000000005 ms
371,1648.7 ms
371,1656.1000000000001 ms
371,1656.45 ms
371,1672.1000000000001 ms
371,1680.8000000000004 ms
371,1682.6000000000001 ms
371,1685.95 ms
371,1737.2500000000002 ms
371,1738.4000000000003 ms
371,1740.7500000000002 ms
371,1742.4000000000003 ms
371,1751.9000000000003 ms
371,1759.8500000000006 ms
371,1790.6000000000001 ms
371,1791.7 ms
371,1802.55 ms
371,1808.3000000000004 ms
371,1812.7000000000005 ms
371,1816.8500000000006 ms
371,1822.2500000000007 ms
371,1827.7000000000005 ms
371,1829.6500000000008 ms
371,1834.1500000000003 ms
371,1841.1500000000008 ms
371,1849.0000000000007 ms
371,1850.5500000000004 ms
371,1857.4000000000003 ms
371,1858.6500000000003 ms
371,1873.0500000000004 ms
371,1885.0500000000004 ms
371,1907.1000000000001 ms
371,1910.3000000000004 ms
371,1946.6000000000001 ms
371,1954.2500000000002 ms
371,1963.7000000000005 ms
371,1970.9500000000005 ms
371,1974.9500000000005 ms
371,1986.4000000000008 ms
371,2020.5500000000009 ms
371,2024.1500000000008 ms
371,2035.6500000000003 ms
371,2048.6000000000004 ms
371,2051.55 ms
371,2058.0 ms
371,2068.55 ms
371,2072.3500000000004 ms
371,2083.7000000000007 ms
371,2084.1499999999996 ms
371,2093.2000000000007 ms
371,2096.5 ms
371,2098.550000000001 ms
371,2125.9500000000007 ms
371,2134.8500000000004 ms
371,2138.9000000000015 ms
371,2165.7000000000007 ms
371,2171.4500000000007 ms
371,2172.2000000000007 ms
371,2179.300000000001 ms
371,2180.250000000001 ms
371,2181.050000000001 ms
371,2186.250000000001 ms
371,2191.800000000001 ms
371,2200.9000000000015 ms
371,2233.050000000001 ms
371,2240.050000000001 ms
371,2249.050000000001 ms
371,2277.1500000000015 ms
371,2279.4500000000007 ms
371,2296.800000000001 ms
371,2308.550000000001 ms
371,2325.300000000001 ms
371,2326.9000000000015 ms
371,2333.4500000000007 ms
371,2336.800000000001 ms
371,2344.300000000001 ms
371,2360.050000000001 ms
371,2372.1500000000015 ms
371,2427.9000000000015 ms
371,2442.8500000000004 ms
371,2447.1000000000004 ms
371,2462.1500000000015 ms
371,2465.050000000001 ms
371,2484.6000000000013 ms
371,2486.8500000000013 ms
371,2494.3500000000013 ms
371,2507.9000000000015 ms
371,2512.750000000002 ms
371,2559.1000000000013 ms
371,2560.1500000000015 ms
371,2565.2000000000016 ms
371,2590.250000000002 ms
371,2603.750000000002 ms
371,2630.100000000002 ms
371,2635.350000000002 ms
371,2653.850000000002 ms
371,2656.1500000000015 ms
371,2665.7000000000025 ms
371,2677.550000000002 ms
371,2678.000000000002 ms
371,2679.350000000002 ms
371,2699.100000000002 ms
371,2708.050000000001 ms
371,2718.7000000000016 ms
371,2723.3500000000013 ms
371,2730.1500000000024 ms
371,2739.3500000000013 ms
371,2760.550000000002 ms
371,2763.050000000002 ms
371,2779.300000000002 ms
371,2790.6000000000013 ms
371,2816.9000000000024 ms
371,2821.550000000002 ms
371,2824.500000000002 ms
371,2838.000000000002 ms
371,2861.350000000002 ms
371,2863.100000000002 ms
371,2885.750000000002 ms
371,2895.4000000000015 ms
371,2897.100000000002 ms
371,2905.6500000000015 ms
371,2906.850000000002 ms
371,2910.800000000001 ms
371,2911.850000000002 ms
371,2913.9500000000016 ms
371,2947.7000000000016 ms
371,2973.550000000002 ms
371,3030.9000000000015 ms
371,3039.2000000000016 ms
371,3062.9500000000016 ms
371,3091.3500000000013 ms
371,3096.9500000000016 ms
371,3120.1500000000015 ms
371,3130.000000000002 ms
371,3179.6000000000013 ms
371,3184.3500000000013 ms
371,3235.6500000000015 ms
371,3236.250000000002 ms
371,3255.550000000001 ms
371,3260.500000000002 ms
371,3273.550000000001 ms
371,3284.800000000001 ms
371,3296.6500000000015 ms
371,3299.300000000001 ms
371,3301.750000000002 ms
371,3312.250000000002 ms
371,3316.000000000002 ms
371,3320.8500000000013 ms
371,3322.750000000001 ms
371,3334.6000000000013 ms
371,3337.7000000000016 ms
371,3363.1000000000013 ms
371,3390.7000000000016 ms
371,3419.4500000000016 ms
371,3423.4000000000005 ms
371,3423.800000000001 ms
371,3441.550000000001 ms
371,3442.750000000001 ms
371,3445.8500000000013 ms
371,3457.9500000000007 ms
371,3458.050000000001 ms
371,3463.25 ms
371,3496.1500000000005 ms
371,3501.6000000000004 ms
371,3527.4500000000007 ms
371,3534.05 ms
371,3603.55 ms
371,3614.3500000000004 ms
371,3623.9000000000005 ms
371,3663.8500000000004 ms
371,3681.4500000000007 ms
371,3723.1000000000004 ms
371,3740.4000000000005 ms
371,3777.05 ms
371,3789.1000000000013 ms
371,3793.3 ms
371,3810.6000000000013 ms
371,3811.1500000000005 ms
371,3824.6500000000005 ms
371,3868.4000000000005 ms
371,3873.4000000000005 ms
371,3878.3500000000013 ms
371,3882.8500000000013 ms
371,3884.3 ms
371,3902.4500000000007 ms
371,3903.550000000001 ms
371,3905.550000000001 ms
371,3908.9000000000005 ms
371,3909.1500000000005 ms
371,3922.1500000000005 ms
371,3924.6500000000005 ms
371,3943.9000000000005 ms
371,3958.7000000000007 ms
371,3965.250000000001 ms
371,3980.9000000000005 ms
371,3987.6000000000013 ms
371,3991.9500000000007 ms
372,12.950000000000001 ms
372,13.500000000000002 ms
372,31.35 ms
372,84.30000000000001 ms
372,90.30000000000001 ms
372,103.65 ms
372,118.25 ms
372,129.8 ms
372,135.95 ms
372,143.8 ms
372,146.65000000000003 ms
372,149.05 ms
372,166.2 ms
372,182.60000000000002 ms
372,182.85000000000002 ms
372,190.10000000000002 ms
372,225.45000000000005 ms
372,259.55 ms
372,262.90000000000003 ms
372,273.7000000000001 ms
372,277.2 ms
372,283.15000000000003 ms
372,289.59999999999997 ms
372,292.6000000000001 ms
372,298.8 ms
372,298.90000000000003 ms
372,302.8 ms
372,308.49999999999994 ms
372,318.45 ms
372,332.95 ms
372,338.84999999999997 ms
372,389.95 ms
372,415.09999999999997 ms
372,415.5499999999999 ms
372,423.3999999999999 ms
372,445.2999999999999 ms
372,479.4499999999999 ms
372,485.99999999999994 ms
372,498.1999999999999 ms
372,499.6499999999999 ms
372,506.34999999999985 ms
372,519.7499999999998 ms
372,545.8 ms
372,554.4999999999998 ms
372,555.1499999999999 ms
372,568.9999999999998 ms
372,572.8999999999999 ms
372,575.8999999999999 ms
372,583.2499999999998 ms
372,586.3 ms
372,588.05 ms
372,596.3499999999997 ms
372,625.2499999999998 ms
372,643.4499999999998 ms
372,649.4499999999998 ms
372,656.3999999999999 ms
372,668.6999999999998 ms
372,706.6999999999998 ms
372,734.2499999999998 ms
372,754.2999999999997 ms
372,757.7999999999997 ms
372,763.4499999999998 ms
372,763.9999999999995 ms
372,776.3999999999996 ms
372,778.0499999999997 ms
372,790.6999999999996 ms
372,799.3499999999997 ms
372,803.3999999999994 ms
372,806.1499999999994 ms
372,816.4999999999995 ms
372,825.6499999999996 ms
372,870.6999999999994 ms
372,883.0499999999995 ms
372,895.9499999999996 ms
372,919.5999999999995 ms
372,924.2499999999995 ms
372,939.0499999999993 ms
372,950.1999999999994 ms
372,966.0999999999995 ms
372,984.0499999999993 ms
372,992.4499999999994 ms
372,995.7999999999993 ms
372,997.1999999999994 ms
372,1005.9999999999993 ms
372,1030.9999999999993 ms
372,1064.0999999999992 ms
372,1067.8499999999992 ms
372,1091.3499999999992 ms
372,1103.899999999999 ms
372,1106.4999999999989 ms
372,1107.7499999999993 ms
372,1127.799999999999 ms
372,1160.799999999999 ms
372,1167.4499999999991 ms
372,1181.1999999999991 ms
372,1193.6999999999991 ms
372,1196.4999999999989 ms
372,1213.7499999999993 ms
372,1220.299999999999 ms
372,1223.799999999999 ms
372,1225.8499999999988 ms
372,1232.4499999999987 ms
372,1278.7999999999986 ms
372,1297.6499999999985 ms
372,1308.9499999999987 ms
372,1312.2499999999984 ms
372,1334.6999999999987 ms
372,1350.4999999999984 ms
372,1359.6999999999987 ms
372,1364.2999999999986 ms
372,1364.3999999999985 ms
372,1375.5999999999988 ms
372,1384.9999999999989 ms
372,1385.1999999999987 ms
372,1393.399999999999 ms
372,1405.549999999999 ms
372,1414.4499999999991 ms
372,1423.899999999999 ms
372,1424.549999999999 ms
372,1459.899999999999 ms
372,1467.399999999999 ms
372,1471.899999999999 ms
372,1480.049999999999 ms
372,1481.299999999999 ms
372,1550.1999999999991 ms
372,1551.6499999999994 ms
372,1555.7999999999995 ms
372,1559.049999999999 ms
372,1588.3499999999992 ms
372,1588.5999999999992 ms
372,1596.899999999999 ms
372,1601.0999999999992 ms
372,1601.7499999999993 ms
372,1621.0999999999992 ms
372,1648.149999999999 ms
372,1652.1499999999994 ms
372,1656.7999999999995 ms
372,1657.9499999999996 ms
372,1692.4499999999991 ms
372,1702.8499999999992 ms
372,1725.1999999999991 ms
372,1727.5999999999992 ms
372,1743.5999999999997 ms
372,1746.8999999999994 ms
372,1750.0499999999995 ms
372,1770.4999999999998 ms
372,1771.1999999999996 ms
372,1810.9499999999996 ms
372,1842.8999999999999 ms
372,1844.1999999999996 ms
372,1853.6999999999996 ms
372,1879.3999999999999 ms
372,1918.2499999999998 ms
372,1941.2999999999995 ms
372,1956.7499999999998 ms
372,1970.4499999999996 ms
372,1984.1499999999999 ms
372,1993.6999999999996 ms
372,1994.7999999999995 ms
372,2020.3999999999994 ms
372,2021.7499999999993 ms
372,2027.0999999999992 ms
372,2045.0999999999992 ms
372,2051.3999999999987 ms
372,2062.0499999999993 ms
372,2091.749999999999 ms
372,2111.499999999999 ms
372,2112.949999999999 ms
372,2152.199999999999 ms
372,2194.1499999999987 ms
372,2199.499999999999 ms
372,2218.699999999998 ms
372,2232.7999999999984 ms
372,2236.8999999999987 ms
372,2247.8999999999987 ms
372,2249.499999999998 ms
372,2261.649999999998 ms
372,2272.199999999999 ms
372,2276.5999999999985 ms
372,2279.0999999999985 ms
372,2288.3999999999987 ms
372,2316.249999999999 ms
372,2325.499999999999 ms
372,2330.3499999999985 ms
372,2331.5999999999985 ms
372,2338.3999999999987 ms
372,2362.249999999999 ms
372,2400.8499999999985 ms
372,2401.2999999999984 ms
372,2413.1499999999987 ms
372,2414.949999999998 ms
372,2417.6499999999987 ms
372,2423.2999999999984 ms
372,2425.999999999998 ms
372,2434.5999999999985 ms
372,2440.499999999998 ms
372,2441.149999999998 ms
372,2449.149999999998 ms
372,2463.999999999998 ms
372,2468.7999999999984 ms
372,2488.7999999999984 ms
372,2495.199999999998 ms
372,2511.699999999998 ms
372,2516.2999999999984 ms
372,2516.999999999998 ms
372,2543.3499999999985 ms
372,2553.7999999999975 ms
372,2554.199999999998 ms
372,2564.249999999998 ms
372,2564.3499999999985 ms
372,2565.3499999999985 ms
372,2571.149999999998 ms
372,2580.149999999998 ms
372,2582.7999999999984 ms
372,2605.6499999999987 ms
372,2608.999999999998 ms
372,2610.899999999998 ms
372,2612.699999999999 ms
372,2620.999999999998 ms
372,2632.0499999999993 ms
372,2642.999999999998 ms
372,2661.0499999999993 ms
372,2684.0499999999993 ms
372,2693.3499999999985 ms
372,2711.949999999999 ms
372,2725.199999999999 ms
372,2733.699999999999 ms
372,2749.0999999999985 ms
372,2764.999999999999 ms
372,2768.0499999999993 ms
372,2797.699999999999 ms
372,2802.6499999999996 ms
372,2825.3999999999996 ms
372,2829.499999999999 ms
372,2831.8999999999987 ms
372,2832.2 ms
372,2839.7999999999993 ms
372,2881.8999999999996 ms
372,2884.8499999999985 ms
372,2905.0999999999985 ms
372,2913.499999999999 ms
372,2936.5999999999995 ms
372,2951.3499999999995 ms
372,2969.8999999999987 ms
372,2983.2999999999993 ms
372,2990.6499999999996 ms
372,2992.5999999999985 ms
372,2995.1499999999996 ms
372,3021.3499999999985 ms
372,3022.199999999999 ms
372,3029.0499999999993 ms
372,3036.1499999999987 ms
372,3041.2999999999984 ms
372,3054.699999999999 ms
372,3120.6499999999987 ms
372,3144.749999999999 ms
372,3159.5999999999985 ms
372,3174.199999999999 ms
372,3177.0999999999985 ms
372,3186.499999999998 ms
372,3187.249999999998 ms
372,3192.499999999998 ms
372,3195.499999999998 ms
372,3228.8499999999985 ms
372,3232.8999999999987 ms
372,3262.449999999999 ms
372,3272.1499999999987 ms
372,3273.3499999999985 ms
372,3284.0999999999985 ms
372,3296.6499999999987 ms
372,3298.199999999999 ms
372,3304.5499999999993 ms
372,3314.5499999999993 ms
372,3325.5999999999985 ms
372,3331.3999999999996 ms
372,3365.449999999999 ms
372,3377.199999999999 ms
372,3387.3999999999996 ms
372,3393.6499999999996 ms
372,3399.249999999999 ms
372,3412.949999999999 ms
372,3440.499999999999 ms
372,3443.949999999999 ms
372,3444.7999999999993 ms
372,3460.3499999999985 ms
372,3463.0999999999985 ms
372,3485.0999999999985 ms
372,3487.8499999999985 ms
372,3500.1499999999996 ms
372,3529.699999999999 ms
372,3535.6499999999996 ms
372,3537.949999999999 ms
372,3552.449999999999 ms
372,3556.699999999999 ms
372,3559.0999999999995 ms
372,3609.95 ms
372,3610.0999999999995 ms
372,3615.8499999999995 ms
372,3617.0499999999993 ms
372,3627.2999999999993 ms
372,3629.2999999999993 ms
372,3638.6499999999996 ms
372,3639.0499999999993 ms
372,3647.6499999999996 ms
372,3674.449999999999 ms
372,3703.25 ms
372,3724.0499999999993 ms
372,3727.5499999999993 ms
372,3742.6499999999996 ms
372,3744.75 ms
372,3792.8999999999996 ms
372,3793.2 ms
372,3813.3 ms
372,3829.8 ms
372,3830.8999999999996 ms
372,3835.8999999999996 ms
372,3843.95 ms
372,3863.6499999999996 ms
372,3868.5999999999995 ms
372,3874.999999999999 ms
372,3877.7 ms
372,3881.45 ms
372,3883.249999999999 ms
372,3884.1499999999996 ms
372,3892.8999999999996 ms
372,3899.5999999999995 ms
372,3923.2999999999993 ms
372,3956.5499999999993 ms
372,3958.6499999999996 ms
372,3959.8499999999985 ms
372,3961.749999999999 ms
372,3965.3999999999987 ms
372,3966.249999999999 ms
372,3993.0499999999993 ms
372,3997.0499999999993 ms
373,4.3500000000000005 ms
373,59.45 ms
373,78.24999999999999 ms
373,81.50000000000001 ms
373,87.3 ms
373,111.3 ms
373,114.3 ms
373,122.75000000000001 ms
373,150.05 ms
373,150.8 ms
373,172.75 ms
373,175.75 ms
373,191.5 ms
373,212.2 ms
373,244.55 ms
373,252.14999999999998 ms
373,258.29999999999995 ms
373,261.8499999999999 ms
373,285.5999999999999 ms
373,288.9 ms
373,309.85 ms
373,316.04999999999995 ms
373,357.94999999999993 ms
373,365.2499999999999 ms
373,369.65 ms
373,382.69999999999993 ms
373,393.44999999999993 ms
373,404.3499999999999 ms
373,438.7499999999999 ms
373,441.79999999999984 ms
373,474.79999999999984 ms
373,510.54999999999984 ms
373,516.4 ms
373,525.6 ms
373,526.2499999999999 ms
373,534.8999999999997 ms
373,563.9999999999999 ms
373,566.8999999999997 ms
373,579.5499999999998 ms
373,585.9 ms
373,593.9499999999999 ms
373,597.15 ms
373,606.3999999999997 ms
373,606.9 ms
373,614.85 ms
373,637.3499999999998 ms
373,669.1 ms
373,671.8000000000001 ms
373,691.35 ms
373,703.9499999999999 ms
373,706.15 ms
373,709.9 ms
373,714.65 ms
373,716.7999999999998 ms
373,737.6999999999999 ms
373,749.65 ms
373,752.35 ms
373,774.6 ms
373,782.6 ms
373,784.0500000000001 ms
373,804.85 ms
373,814.85 ms
373,815.9 ms
373,834.4 ms
373,874.5499999999998 ms
373,898.0999999999998 ms
373,909.3999999999997 ms
373,914.2999999999998 ms
373,924.1999999999997 ms
373,934.0999999999998 ms
373,939.0499999999998 ms
373,939.8499999999998 ms
373,945.6499999999997 ms
373,946.0499999999996 ms
373,956.8999999999997 ms
373,985.8999999999997 ms
373,993.1999999999997 ms
373,1009.2499999999997 ms
373,1015.7999999999996 ms
373,1017.8499999999996 ms
373,1046.7999999999997 ms
373,1074.4999999999995 ms
373,1087.5499999999997 ms
373,1098.3999999999992 ms
373,1103.7999999999997 ms
373,1114.6999999999994 ms
373,1123.9499999999994 ms
373,1168.2499999999995 ms
373,1192.4999999999995 ms
373,1196.7499999999995 ms
373,1198.0999999999995 ms
373,1240.5499999999993 ms
373,1240.7999999999993 ms
373,1254.0999999999995 ms
373,1256.0999999999995 ms
373,1256.9999999999995 ms
373,1258.2499999999995 ms
373,1272.0499999999997 ms
373,1285.2999999999997 ms
373,1291.0999999999995 ms
373,1293.4999999999995 ms
373,1306.8499999999995 ms
373,1324.1999999999994 ms
373,1325.0499999999993 ms
373,1334.3499999999995 ms
373,1342.5499999999993 ms
373,1362.8499999999995 ms
373,1377.0499999999993 ms
373,1390.5999999999995 ms
373,1401.7999999999993 ms
373,1445.1499999999992 ms
373,1463.249999999999 ms
373,1483.849999999999 ms
373,1494.8999999999992 ms
373,1495.8999999999992 ms
373,1512.7499999999986 ms
373,1517.3999999999992 ms
373,1543.0499999999988 ms
373,1544.349999999999 ms
373,1564.7999999999988 ms
373,1611.9499999999994 ms
373,1618.4499999999994 ms
373,1629.0499999999988 ms
373,1635.5499999999988 ms
373,1693.499999999999 ms
373,1704.749999999999 ms
373,1715.099999999999 ms
373,1727.849999999999 ms
373,1750.2999999999988 ms
373,1758.4499999999994 ms
373,1762.0499999999988 ms
373,1770.8999999999992 ms
373,1779.349999999999 ms
373,1780.1499999999992 ms
373,1781.199999999999 ms
373,1782.8999999999987 ms
373,1810.099999999999 ms
373,1824.5499999999988 ms
373,1826.099999999999 ms
373,1861.7999999999988 ms
373,1866.349999999999 ms
373,1895.999999999999 ms
373,1900.499999999999 ms
373,1901.2999999999993 ms
373,1904.8999999999987 ms
373,1909.999999999999 ms
373,1911.1499999999987 ms
373,1913.999999999999 ms
373,1924.949999999999 ms
373,1929.349999999999 ms
373,1932.499999999999 ms
373,1941.449999999999 ms
373,1948.0499999999993 ms
373,1956.7999999999993 ms
373,1959.2999999999993 ms
373,1968.999999999999 ms
373,1975.7999999999993 ms
373,1975.999999999999 ms
373,1986.949999999999 ms
373,2036.7999999999993 ms
373,2072.449999999999 ms
373,2137.499999999999 ms
373,2148.249999999999 ms
373,2170.2999999999993 ms
373,2183.3499999999995 ms
373,2184.2999999999993 ms
373,2185.249999999999 ms
373,2222.449999999999 ms
373,2228.1499999999987 ms
373,2230.999999999999 ms
373,2238.3499999999985 ms
373,2243.6499999999987 ms
373,2246.2999999999984 ms
373,2262.249999999999 ms
373,2265.449999999998 ms
373,2294.8499999999985 ms
373,2299.1499999999987 ms
373,2302.7999999999984 ms
373,2335.499999999999 ms
373,2365.249999999999 ms
373,2367.449999999998 ms
373,2370.8999999999987 ms
373,2378.7999999999984 ms
373,2396.1499999999987 ms
373,2403.5999999999976 ms
373,2413.3499999999976 ms
373,2414.1499999999987 ms
373,2422.0999999999976 ms
373,2425.8999999999987 ms
373,2433.249999999998 ms
373,2448.649999999998 ms
373,2449.249999999998 ms
373,2451.199999999998 ms
373,2463.649999999998 ms
373,2479.5499999999975 ms
373,2480.249999999998 ms
373,2486.649999999998 ms
373,2506.249999999998 ms
373,2523.499999999998 ms
373,2529.7999999999975 ms
373,2539.5499999999975 ms
373,2558.249999999998 ms
373,2563.699999999997 ms
373,2565.3499999999976 ms
373,2575.899999999998 ms
373,2579.3499999999976 ms
373,2580.9999999999973 ms
373,2581.399999999998 ms
373,2587.399999999998 ms
373,2589.749999999998 ms
373,2619.2999999999975 ms
373,2631.8499999999985 ms
373,2648.249999999998 ms
373,2652.949999999998 ms
373,2661.0999999999976 ms
373,2661.949999999998 ms
373,2664.449999999998 ms
373,2682.899999999998 ms
373,2695.999999999998 ms
373,2703.5499999999975 ms
373,2724.749999999998 ms
373,2728.449999999997 ms
373,2740.5499999999975 ms
373,2767.699999999997 ms
373,2794.699999999997 ms
373,2810.149999999998 ms
373,2817.149999999998 ms
373,2837.2499999999973 ms
373,2849.199999999997 ms
373,2859.5499999999975 ms
373,2863.199999999997 ms
373,2874.2499999999973 ms
373,2877.449999999997 ms
373,2886.3499999999967 ms
373,2906.0999999999967 ms
373,2913.9999999999973 ms
373,2931.199999999997 ms
373,2939.9999999999973 ms
373,2982.4999999999973 ms
373,3007.9999999999973 ms
373,3013.699999999997 ms
373,3015.699999999997 ms
373,3016.399999999997 ms
373,3023.2499999999973 ms
373,3025.699999999996 ms
373,3032.7499999999973 ms
373,3033.649999999997 ms
373,3041.0999999999967 ms
373,3041.649999999997 ms
373,3048.699999999997 ms
373,3051.2499999999973 ms
373,3086.899999999997 ms
373,3090.4999999999973 ms
373,3158.949999999997 ms
373,3162.649999999997 ms
373,3171.0999999999967 ms
373,3174.7999999999965 ms
373,3181.149999999997 ms
373,3182.9999999999964 ms
373,3203.0499999999965 ms
373,3206.2499999999964 ms
373,3213.949999999996 ms
373,3258.2999999999965 ms
373,3276.449999999996 ms
373,3278.949999999996 ms
373,3298.5499999999965 ms
373,3298.649999999996 ms
373,3300.949999999996 ms
373,3321.149999999996 ms
373,3324.699999999996 ms
373,3332.849999999996 ms
373,3349.849999999996 ms
373,3358.899999999997 ms
373,3361.849999999996 ms
373,3389.7999999999965 ms
373,3397.699999999996 ms
373,3432.949999999996 ms
373,3435.2999999999965 ms
373,3446.449999999996 ms
373,3448.2999999999965 ms
373,3450.949999999996 ms
373,3478.5499999999965 ms
373,3490.649999999996 ms
373,3491.399999999996 ms
373,3516.649999999996 ms
373,3533.5499999999956 ms
373,3533.699999999996 ms
373,3558.2999999999965 ms
373,3566.949999999996 ms
373,3567.7999999999965 ms
373,3569.099999999996 ms
373,3576.7999999999965 ms
373,3577.2999999999965 ms
373,3577.599999999996 ms
373,3587.649999999997 ms
373,3595.2499999999964 ms
373,3600.949999999996 ms
373,3606.5499999999965 ms
373,3612.5499999999965 ms
373,3619.7999999999965 ms
373,3621.849999999996 ms
373,3639.599999999996 ms
373,3642.349999999996 ms
373,3653.9999999999964 ms
373,3664.2499999999964 ms
373,3666.2499999999964 ms
373,3667.2999999999965 ms
373,3697.449999999996 ms
373,3708.4999999999973 ms
373,3716.3499999999967 ms
373,3716.449999999997 ms
373,3721.2499999999964 ms
373,3727.199999999997 ms
373,3733.149999999996 ms
373,3738.5499999999965 ms
373,3744.8499999999967 ms
373,3762.449999999997 ms
373,3777.9999999999964 ms
373,3779.4999999999964 ms
373,3795.699999999997 ms
373,3798.399999999996 ms
373,3810.7499999999964 ms
373,3824.3499999999967 ms
373,3833.699999999996 ms
373,3839.449999999996 ms
373,3842.7999999999965 ms
373,3853.2999999999965 ms
373,3854.4999999999955 ms
373,3864.649999999996 ms
373,3870.599999999996 ms
373,3870.7499999999955 ms
373,3873.199999999996 ms
373,3875.649999999995 ms
373,3893.399999999995 ms
373,3899.849999999996 ms
373,3920.2999999999947 ms
373,3932.599999999996 ms
373,3936.399999999995 ms
373,3947.0499999999956 ms
373,3950.2499999999955 ms
373,3975.149999999995 ms
373,3992.7499999999955 ms
373,3993.649999999995 ms
374,51.1 ms
374,55.050000000000004 ms
374,58.699999999999996 ms
374,71.4 ms
374,71.95000000000002 ms
374,80.75 ms
374,92.94999999999999 ms
374,93.30000000000001 ms
374,94.35 ms
374,107.85 ms
374,110.79999999999998 ms
374,111.79999999999998 ms
374,144.4 ms
374,148.15 ms
374,151.70000000000002 ms
374,153.35000000000005 ms
374,176.55000000000004 ms
374,184.60000000000005 ms
374,211.45000000000002 ms
374,244.60000000000005 ms
374,257.4000000000001 ms
374,260.79999999999995 ms
374,272.0 ms
374,294.25 ms
374,311.85 ms
374,319.80000000000007 ms
374,329.25 ms
374,338.4 ms
374,341.0 ms
374,345.45000000000005 ms
374,361.65 ms
374,382.25 ms
374,405.95000000000005 ms
374,406.5999999999999 ms
374,409.0 ms
374,422.19999999999993 ms
374,437.04999999999995 ms
374,441.94999999999993 ms
374,445.04999999999995 ms
374,447.69999999999993 ms
374,465.2499999999999 ms
374,484.44999999999993 ms
374,496.3499999999999 ms
374,502.2499999999999 ms
374,506.39999999999986 ms
374,507.6999999999998 ms
374,561.75 ms
374,566.6999999999998 ms
374,568.3499999999999 ms
374,581.8 ms
374,590.8999999999999 ms
374,629.5 ms
374,633.6500000000001 ms
374,634.0 ms
374,649.75 ms
374,655.75 ms
374,666.55 ms
374,676.0 ms
374,687.2 ms
374,701.6000000000001 ms
374,713.05 ms
374,714.95 ms
374,724.3500000000001 ms
374,729.6499999999999 ms
374,734.0 ms
374,741.1500000000001 ms
374,744.1999999999998 ms
374,745.9000000000001 ms
374,755.3 ms
374,759.8499999999999 ms
374,765.8999999999999 ms
374,770.1499999999999 ms
374,776.55 ms
374,807.1999999999998 ms
374,818.4499999999998 ms
374,827.4499999999998 ms
374,830.6499999999999 ms
374,838.8499999999999 ms
374,848.3499999999999 ms
374,863.25 ms
374,863.3999999999999 ms
374,881.4999999999998 ms
374,883.7 ms
374,900.1499999999999 ms
374,926.1000000000001 ms
374,930.45 ms
374,942.4000000000001 ms
374,947.8000000000002 ms
374,974.45 ms
374,984.95 ms
374,1017.7 ms
374,1023.1000000000001 ms
374,1024.45 ms
374,1028.95 ms
374,1052.95 ms
374,1054.8500000000001 ms
374,1061.5500000000004 ms
374,1081.2000000000005 ms
374,1098.6500000000003 ms
374,1100.8500000000006 ms
374,1116.4500000000005 ms
374,1120.1000000000006 ms
374,1136.8000000000004 ms
374,1142.1000000000001 ms
374,1150.9000000000003 ms
374,1154.5000000000002 ms
374,1157.3500000000001 ms
374,1181.5000000000002 ms
374,1196.0000000000002 ms
374,1220.3 ms
374,1237.1499999999999 ms
374,1237.9999999999998 ms
374,1246.3499999999997 ms
374,1247.8999999999999 ms
374,1255.1499999999999 ms
374,1259.6000000000001 ms
374,1303.05 ms
374,1325.0999999999997 ms
374,1337.7499999999998 ms
374,1346.3499999999997 ms
374,1359.2499999999998 ms
374,1372.7500000000002 ms
374,1390.95 ms
374,1393.2 ms
374,1407.05 ms
374,1420.3999999999999 ms
374,1421.4999999999998 ms
374,1423.8499999999997 ms
374,1443.0999999999997 ms
374,1449.1999999999996 ms
374,1472.5999999999997 ms
374,1490.5999999999997 ms
374,1496.1499999999994 ms
374,1560.6999999999996 ms
374,1591.0999999999997 ms
374,1606.3 ms
374,1608.5999999999997 ms
374,1615.6999999999996 ms
374,1638.3999999999999 ms
374,1658.8499999999997 ms
374,1688.9499999999996 ms
374,1694.2499999999993 ms
374,1758.0999999999992 ms
374,1762.1999999999991 ms
374,1770.3999999999994 ms
374,1830.2499999999993 ms
374,1841.2499999999993 ms
374,1863.6499999999994 ms
374,1867.1999999999991 ms
374,1882.3499999999992 ms
374,1885.9499999999991 ms
374,1890.799999999999 ms
374,1890.9999999999993 ms
374,1909.5999999999992 ms
374,1923.8499999999992 ms
374,1929.3499999999992 ms
374,1941.0499999999995 ms
374,1944.7499999999993 ms
374,1982.4999999999993 ms
374,1987.9499999999996 ms
374,2014.8499999999997 ms
374,2026.9999999999998 ms
374,2027.5499999999995 ms
374,2055.3999999999996 ms
374,2059.3499999999995 ms
374,2077.749999999999 ms
374,2082.0999999999995 ms
374,2127.0999999999995 ms
374,2129.249999999999 ms
374,2143.749999999999 ms
374,2166.3999999999996 ms
374,2188.7999999999993 ms
374,2189.5 ms
374,2203.7999999999993 ms
374,2216.6000000000004 ms
374,2225.7 ms
374,2237.0 ms
374,2266.2 ms
374,2271.0999999999995 ms
374,2333.1500000000005 ms
374,2365.2 ms
374,2369.05 ms
374,2374.95 ms
374,2406.05 ms
374,2409.0 ms
374,2413.05 ms
374,2416.3500000000004 ms
374,2422.9500000000007 ms
374,2429.3 ms
374,2438.3 ms
374,2447.05 ms
374,2467.6500000000005 ms
374,2492.75 ms
374,2493.3500000000004 ms
374,2505.2999999999993 ms
374,2521.6499999999996 ms
374,2522.5499999999993 ms
374,2537.1499999999996 ms
374,2551.5499999999993 ms
374,2554.75 ms
374,2574.449999999999 ms
374,2584.3999999999996 ms
374,2591.8999999999996 ms
374,2619.249999999999 ms
374,2626.1499999999987 ms
374,2639.749999999999 ms
374,2655.3499999999995 ms
374,2659.449999999999 ms
374,2660.949999999999 ms
374,2661.7999999999993 ms
374,2686.2999999999993 ms
374,2690.1499999999987 ms
374,2708.7999999999984 ms
374,2710.0499999999984 ms
374,2726.2999999999984 ms
374,2736.449999999999 ms
374,2756.7999999999993 ms
374,2763.949999999999 ms
374,2772.5999999999985 ms
374,2782.999999999999 ms
374,2789.699999999999 ms
374,2791.5499999999993 ms
374,2791.949999999999 ms
374,2792.7999999999993 ms
374,2803.499999999998 ms
374,2810.699999999999 ms
374,2810.949999999999 ms
374,2816.699999999999 ms
374,2824.999999999998 ms
374,2826.8499999999985 ms
374,2832.249999999998 ms
374,2853.8499999999985 ms
374,2870.1499999999987 ms
374,2870.7999999999984 ms
374,2875.249999999999 ms
374,2880.749999999999 ms
374,2883.249999999999 ms
374,2893.5999999999985 ms
374,2901.5499999999984 ms
374,2904.699999999998 ms
374,2908.7999999999984 ms
374,2936.999999999998 ms
374,2940.199999999998 ms
374,2943.999999999998 ms
374,2944.499999999998 ms
374,2951.899999999998 ms
374,2962.649999999998 ms
374,2969.5999999999985 ms
374,3002.749999999998 ms
374,3013.449999999998 ms
374,3019.399999999998 ms
374,3047.8499999999976 ms
374,3069.8499999999976 ms
374,3071.449999999998 ms
374,3096.5499999999975 ms
374,3098.399999999998 ms
374,3100.699999999997 ms
374,3120.199999999997 ms
374,3120.999999999998 ms
374,3130.899999999998 ms
374,3150.199999999998 ms
374,3159.7999999999984 ms
374,3185.2999999999984 ms
374,3186.649999999998 ms
374,3190.699999999998 ms
374,3207.699999999998 ms
374,3209.5999999999976 ms
374,3217.7999999999984 ms
374,3220.449999999998 ms
374,3238.449999999998 ms
374,3252.999999999998 ms
374,3259.5499999999984 ms
374,3311.2999999999984 ms
374,3316.449999999998 ms
374,3328.5499999999984 ms
374,3336.699999999998 ms
374,3340.8499999999985 ms
374,3349.1499999999987 ms
374,3359.6499999999987 ms
374,3391.449999999999 ms
374,3396.949999999999 ms
374,3408.749999999999 ms
374,3412.0999999999995 ms
374,3423.199999999999 ms
374,3423.8499999999985 ms
374,3426.749999999999 ms
374,3428.2999999999993 ms
374,3463.6499999999996 ms
374,3471.499999999999 ms
374,3522.3499999999995 ms
374,3527.449999999999 ms
374,3528.6499999999987 ms
374,3531.499999999999 ms
374,3535.0999999999985 ms
374,3539.3499999999985 ms
374,3542.0499999999984 ms
374,3550.949999999998 ms
374,3568.999999999999 ms
374,3613.3499999999985 ms
374,3675.949999999999 ms
374,3690.249999999998 ms
374,3722.5499999999993 ms
374,3734.3999999999987 ms
374,3735.5499999999984 ms
374,3745.8499999999995 ms
374,3754.199999999999 ms
374,3776.499999999999 ms
374,3790.749999999999 ms
374,3802.7999999999993 ms
374,3807.2999999999993 ms
374,3822.199999999999 ms
374,3824.5499999999993 ms
374,3850.999999999999 ms
374,3873.8499999999995 ms
374,3874.3999999999987 ms
374,3874.499999999999 ms
374,3932.5499999999993 ms
374,3933.949999999999 ms
374,3941.0999999999995 ms
374,3952.2 ms
374,3969.7999999999993 ms
374,3970.249999999999 ms
374,3973.7999999999993 ms
374,3976.199999999999 ms
374,3983.5999999999995 ms
374,3995.2999999999993 ms
375,15.950000000000001 ms
375,34.300000000000004 ms
375,37.90000000000001 ms
375,53.600000000000016 ms
375,67.15 ms
375,100.6 ms
375,102.15 ms
375,112.25 ms
375,115.85 ms
375,124.6 ms
375,158.54999999999998 ms
375,163.1 ms
375,174.45000000000002 ms
375,175.35000000000005 ms
375,189.25000000000003 ms
375,193.1 ms
375,197.00000000000003 ms
375,207.85 ms
375,214.50000000000003 ms
375,216.00000000000003 ms
375,226.30000000000004 ms
375,233.50000000000003 ms
375,237.15000000000006 ms
375,240.35000000000005 ms
375,243.40000000000006 ms
375,246.85000000000005 ms
375,250.85 ms
375,285.54999999999995 ms
375,294.29999999999995 ms
375,351.29999999999995 ms
375,354.04999999999995 ms
375,356.4000000000001 ms
375,363.4000000000001 ms
375,393.4000000000001 ms
375,405.4000000000001 ms
375,423.45000000000005 ms
375,448.25 ms
375,466.75 ms
375,488.95000000000005 ms
375,531.1 ms
375,531.3000000000001 ms
375,542.4499999999999 ms
375,547.35 ms
375,561.7499999999999 ms
375,578.6 ms
375,596.3000000000001 ms
375,613.0500000000001 ms
375,652.0500000000001 ms
375,667.6500000000002 ms
375,672.0000000000001 ms
375,697.2000000000002 ms
375,707.2500000000001 ms
375,715.9500000000002 ms
375,743.2500000000001 ms
375,749.8000000000001 ms
375,750.0500000000001 ms
375,755.7500000000001 ms
375,770.15 ms
375,795.4499999999999 ms
375,805.0500000000001 ms
375,810.35 ms
375,813.8000000000001 ms
375,820.4499999999999 ms
375,821.6 ms
375,825.7499999999999 ms
375,845.0499999999998 ms
375,870.8000000000001 ms
375,881.7999999999998 ms
375,910.8000000000001 ms
375,915.7999999999998 ms
375,918.9499999999999 ms
375,933.6999999999999 ms
375,939.8499999999998 ms
375,944.6499999999997 ms
375,953.4999999999999 ms
375,954.9999999999999 ms
375,967.6499999999997 ms
375,982.7999999999998 ms
375,987.15 ms
375,987.6 ms
375,1002.4 ms
375,1015.4999999999999 ms
375,1033.75 ms
375,1065.5 ms
375,1119.85 ms
375,1125.35 ms
375,1135.5499999999997 ms
375,1155.2999999999997 ms
375,1165.7000000000003 ms
375,1169.15 ms
375,1177.15 ms
375,1210.9500000000003 ms
375,1272.6 ms
375,1281.5500000000002 ms
375,1292.0500000000002 ms
375,1305.0500000000002 ms
375,1321.2000000000003 ms
375,1322.2500000000005 ms
375,1328.85 ms
375,1340.7000000000003 ms
375,1351.25 ms
375,1354.4 ms
375,1363.6 ms
375,1375.9500000000003 ms
375,1390.2999999999997 ms
375,1412.0 ms
375,1416.65 ms
375,1429.1 ms
375,1429.8000000000002 ms
375,1432.0 ms
375,1475.9500000000003 ms
375,1483.9 ms
375,1484.7000000000003 ms
375,1491.9500000000003 ms
375,1498.2500000000005 ms
375,1524.85 ms
375,1538.5500000000002 ms
375,1570.6000000000004 ms
375,1573.9 ms
375,1574.4500000000003 ms
375,1591.4 ms
375,1603.85 ms
375,1632.9500000000003 ms
375,1648.7000000000003 ms
375,1654.75 ms
375,1664.0500000000002 ms
375,1686.6 ms
375,1689.4499999999998 ms
375,1695.8999999999996 ms
375,1696.5500000000002 ms
375,1707.6 ms
375,1737.9 ms
375,1739.35 ms
375,1741.1999999999998 ms
375,1748.6999999999998 ms
375,1785.1 ms
375,1806.75 ms
375,1809.85 ms
375,1839.1999999999998 ms
375,1859.25 ms
375,1861.25 ms
375,1865.4499999999998 ms
375,1875.4499999999998 ms
375,1879.5 ms
375,1887.1999999999998 ms
375,1896.0499999999997 ms
375,1903.2999999999997 ms
375,1906.4999999999995 ms
375,1908.7499999999995 ms
375,1908.9 ms
375,1918.9499999999998 ms
375,1922.75 ms
375,1929.75 ms
375,1944.8499999999995 ms
375,1956.1499999999996 ms
375,1959.7499999999995 ms
375,1974.8999999999996 ms
375,2009.5999999999995 ms
375,2012.75 ms
375,2015.3999999999996 ms
375,2036.6 ms
375,2052.75 ms
375,2079.6499999999996 ms
375,2079.8999999999996 ms
375,2086.3999999999996 ms
375,2095.9500000000007 ms
375,2104.8999999999996 ms
375,2129.6000000000004 ms
375,2169.3999999999996 ms
375,2172.5 ms
375,2197.7 ms
375,2200.8999999999996 ms
375,2204.75 ms
375,2230.449999999999 ms
375,2238.5999999999995 ms
375,2242.499999999999 ms
375,2253.8 ms
375,2284.3999999999996 ms
375,2290.6499999999996 ms
375,2315.3499999999995 ms
375,2319.999999999999 ms
375,2375.3 ms
375,2380.499999999999 ms
375,2403.95 ms
375,2409.7999999999993 ms
375,2412.8499999999995 ms
375,2442.8499999999995 ms
375,2459.3999999999996 ms
375,2467.2999999999993 ms
375,2471.45 ms
375,2486.1499999999996 ms
375,2487.0 ms
375,2489.0499999999993 ms
375,2490.7 ms
375,2498.8 ms
375,2507.999999999999 ms
375,2508.749999999999 ms
375,2534.6499999999996 ms
375,2536.2 ms
375,2582.75 ms
375,2608.6000000000004 ms
375,2615.8999999999996 ms
375,2636.8500000000004 ms
375,2637.95 ms
375,2643.55 ms
375,2651.95 ms
375,2674.3999999999996 ms
375,2706.2 ms
375,2714.3499999999995 ms
375,2769.1500000000005 ms
375,2787.55 ms
375,2793.05 ms
375,2807.55 ms
375,2836.3500000000004 ms
375,2842.5 ms
375,2851.6500000000005 ms
375,2856.1000000000004 ms
375,2867.1000000000004 ms
375,2893.5 ms
375,2895.3500000000004 ms
375,2897.6000000000004 ms
375,2920.4000000000005 ms
375,2931.6000000000004 ms
375,2933.4000000000005 ms
375,2939.2000000000007 ms
375,2950.4000000000005 ms
375,2956.000000000001 ms
375,2962.000000000001 ms
375,2963.05 ms
375,2964.8500000000013 ms
375,2985.1500000000005 ms
375,2986.7000000000016 ms
375,3003.800000000001 ms
375,3017.3500000000013 ms
375,3021.9500000000016 ms
375,3044.1500000000005 ms
375,3053.500000000001 ms
375,3060.8500000000013 ms
375,3122.9000000000005 ms
375,3137.7000000000016 ms
375,3138.050000000001 ms
375,3140.550000000001 ms
375,3153.4500000000007 ms
375,3158.2000000000007 ms
375,3170.2000000000007 ms
375,3187.9500000000007 ms
375,3202.7000000000007 ms
375,3212.250000000002 ms
375,3240.7000000000007 ms
375,3245.300000000001 ms
375,3245.9000000000015 ms
375,3262.300000000001 ms
375,3285.3500000000013 ms
375,3286.6000000000013 ms
375,3288.2000000000016 ms
375,3311.2000000000016 ms
375,3311.500000000001 ms
375,3313.000000000001 ms
375,3314.3500000000013 ms
375,3346.2000000000016 ms
375,3400.9500000000016 ms
375,3411.000000000001 ms
375,3413.1000000000013 ms
375,3421.6000000000013 ms
375,3434.1500000000015 ms
375,3450.7000000000016 ms
375,3455.9000000000015 ms
375,3457.550000000001 ms
375,3490.4000000000015 ms
375,3491.7000000000016 ms
375,3495.2000000000016 ms
375,3514.8500000000013 ms
375,3520.6000000000013 ms
375,3523.750000000002 ms
375,3526.6500000000015 ms
375,3557.050000000002 ms
375,3571.250000000002 ms
375,3583.250000000002 ms
375,3585.550000000002 ms
375,3596.850000000002 ms
375,3618.050000000002 ms
375,3653.1500000000024 ms
375,3677.1000000000013 ms
375,3677.500000000002 ms
375,3679.550000000002 ms
375,3681.4000000000024 ms
375,3686.500000000002 ms
375,3701.300000000002 ms
375,3702.000000000002 ms
375,3703.250000000002 ms
375,3704.2000000000016 ms
375,3718.2000000000016 ms
375,3731.9000000000015 ms
375,3738.3500000000013 ms
375,3751.7000000000016 ms
375,3751.800000000001 ms
375,3757.250000000001 ms
375,3758.9500000000007 ms
375,3764.050000000001 ms
375,3785.4000000000005 ms
375,3792.3 ms
375,3827.4000000000005 ms
375,3874.3500000000004 ms
375,3886.3500000000004 ms
375,3888.1500000000005 ms
375,3892.2000000000007 ms
375,3909.000000000001 ms
375,3925.1500000000005 ms
375,3952.6500000000005 ms
375,3963.550000000001 ms
375,3973.7000000000007 ms
375,3982.6500000000015 ms
376,11.9 ms
376,43.65 ms
376,56.4 ms
376,65.04999999999998 ms
376,71.65 ms
376,75.29999999999998 ms
376,84.79999999999998 ms
376,105.70000000000002 ms
376,118.80000000000001 ms
376,124.15 ms
376,136.6 ms
376,137.79999999999998 ms
376,144.24999999999997 ms
376,164.34999999999994 ms
376,197.74999999999997 ms
376,200.54999999999998 ms
376,203.6 ms
376,207.50000000000003 ms
376,208.74999999999997 ms
376,211.1 ms
376,220.50000000000003 ms
376,231.20000000000002 ms
376,236.6 ms
376,254.35 ms
376,257.29999999999995 ms
376,257.54999999999995 ms
376,280.35 ms
376,283.95000000000005 ms
376,288.75 ms
376,310.25 ms
376,312.95000000000005 ms
376,326.70000000000005 ms
376,335.30000000000007 ms
376,337.5000000000001 ms
376,338.85 ms
376,351.9000000000001 ms
376,359.0000000000001 ms
376,369.0000000000001 ms
376,380.10000000000014 ms
376,381.5000000000001 ms
376,402.60000000000014 ms
376,403.9000000000001 ms
376,415.70000000000016 ms
376,422.60000000000014 ms
376,432.35000000000014 ms
376,490.35000000000014 ms
376,511.60000000000014 ms
376,516.9000000000001 ms
376,528.95 ms
376,553.0 ms
376,572.75 ms
376,586.8 ms
376,592.0999999999999 ms
376,594.3499999999999 ms
376,613.75 ms
376,620.6499999999999 ms
376,626.8499999999999 ms
376,631.05 ms
376,633.55 ms
376,636.2 ms
376,656.95 ms
376,712.7499999999998 ms
376,728.3 ms
376,732.05 ms
376,749.05 ms
376,772.4499999999998 ms
376,787.4499999999998 ms
376,795.4499999999998 ms
376,821.9499999999998 ms
376,827.5499999999997 ms
376,834.75 ms
376,835.8999999999999 ms
376,845.9999999999998 ms
376,871.9999999999998 ms
376,877.55 ms
376,885.6499999999999 ms
376,888.2499999999998 ms
376,890.0999999999999 ms
376,905.9499999999998 ms
376,912.6999999999998 ms
376,937.5999999999999 ms
376,983.1999999999998 ms
376,989.0999999999999 ms
376,991.3999999999999 ms
376,1001.8 ms
376,1008.3499999999997 ms
376,1011.55 ms
376,1030.0499999999997 ms
376,1072.1999999999998 ms
376,1078.35 ms
376,1078.65 ms
376,1082.2499999999995 ms
376,1103.9 ms
376,1108.35 ms
376,1116.75 ms
376,1118.4 ms
376,1141.5 ms
376,1176.4 ms
376,1196.0500000000002 ms
376,1203.6000000000004 ms
376,1206.8500000000004 ms
376,1222.9 ms
376,1224.75 ms
376,1246.3000000000002 ms
376,1251.5 ms
376,1261.75 ms
376,1272.25 ms
376,1288.4 ms
376,1318.35 ms
376,1321.65 ms
376,1323.8000000000002 ms
376,1335.4 ms
376,1337.7000000000003 ms
376,1342.2000000000003 ms
376,1349.35 ms
376,1351.6 ms
376,1380.85 ms
376,1383.7000000000003 ms
376,1389.75 ms
376,1395.15 ms
376,1395.5 ms
376,1427.6 ms
376,1429.25 ms
376,1463.6999999999998 ms
376,1473.0 ms
376,1475.25 ms
376,1483.75 ms
376,1491.4499999999998 ms
376,1494.9499999999998 ms
376,1516.9499999999998 ms
376,1523.0 ms
376,1542.0500000000002 ms
376,1544.4499999999998 ms
376,1555.25 ms
376,1577.1 ms
376,1578.35 ms
376,1601.65 ms
376,1662.65 ms
376,1673.65 ms
376,1679.4499999999998 ms
376,1685.5 ms
376,1689.6999999999998 ms
376,1718.5 ms
376,1729.2999999999997 ms
376,1732.4999999999995 ms
376,1743.2499999999995 ms
376,1760.9499999999998 ms
376,1771.8999999999996 ms
376,1782.75 ms
376,1798.4499999999998 ms
376,1807.1499999999996 ms
376,1828.25 ms
376,1856.1499999999996 ms
376,1890.6 ms
376,1920.0499999999997 ms
376,1920.75 ms
376,1953.8000000000002 ms
376,1956.75 ms
376,1975.1999999999998 ms
376,2053.05 ms
376,2059.0 ms
376,2068.3500000000004 ms
376,2103.2 ms
376,2157.3499999999995 ms
376,2158.8 ms
376,2191.8499999999995 ms
376,2223.4000000000005 ms
376,2227.25 ms
376,2231.6499999999996 ms
376,2232.3 ms
376,2250.5 ms
376,2268.1000000000004 ms
376,2298.95 ms
376,2305.25 ms
376,2346.6499999999996 ms
376,2381.25 ms
376,2394.8 ms
376,2401.9000000000005 ms
376,2425.8499999999995 ms
376,2445.95 ms
376,2522.3999999999996 ms
376,2542.95 ms
376,2580.8 ms
376,2599.5999999999995 ms
376,2609.5999999999995 ms
376,2615.0 ms
376,2622.0 ms
376,2623.75 ms
376,2634.95 ms
376,2641.75 ms
376,2653.1000000000004 ms
376,2668.0 ms
376,2670.2 ms
376,2681.3999999999996 ms
376,2707.7999999999993 ms
376,2712.3500000000004 ms
376,2714.5 ms
376,2718.8999999999996 ms
376,2752.25 ms
376,2756.3500000000004 ms
376,2772.0 ms
376,2784.1000000000004 ms
376,2787.2999999999993 ms
376,2791.25 ms
376,2811.1499999999996 ms
376,2812.25 ms
376,2820.8499999999995 ms
376,2833.249999999999 ms
376,2840.999999999999 ms
376,2854.3999999999996 ms
376,2855.5999999999995 ms
376,2863.749999999999 ms
376,2866.5999999999995 ms
376,2880.999999999999 ms
376,2891.8 ms
376,2929.7 ms
376,2943.0999999999995 ms
376,2950.55 ms
376,2953.2 ms
376,2962.5 ms
376,2996.7 ms
376,3006.2 ms
376,3009.5999999999995 ms
376,3023.55 ms
376,3028.55 ms
376,3043.2 ms
376,3045.5 ms
376,3046.1499999999996 ms
376,3070.8500000000004 ms
376,3079.6499999999996 ms
376,3086.8500000000004 ms
376,3091.0 ms
376,3092.3 ms
376,3095.05 ms
376,3140.8 ms
376,3143.0 ms
376,3148.8999999999996 ms
376,3162.3500000000004 ms
376,3174.5499999999993 ms
376,3188.8999999999996 ms
376,3191.0999999999995 ms
376,3193.45 ms
376,3203.2 ms
376,3204.749999999999 ms
376,3216.8499999999995 ms
376,3221.7999999999993 ms
376,3238.449999999999 ms
376,3244.7999999999993 ms
376,3280.5499999999993 ms
376,3284.5999999999995 ms
376,3297.999999999999 ms
376,3306.05 ms
376,3309.55 ms
376,3333.3999999999996 ms
376,3339.2999999999993 ms
376,3373.95 ms
376,3389.25 ms
376,3392.8999999999996 ms
376,3396.2000000000007 ms
376,3409.0 ms
376,3414.0 ms
376,3424.300000000001 ms
376,3433.2000000000007 ms
376,3445.6000000000004 ms
376,3457.550000000001 ms
376,3461.5 ms
376,3465.0 ms
376,3487.75 ms
376,3500.6500000000005 ms
376,3503.4500000000007 ms
376,3507.4000000000005 ms
376,3515.6000000000004 ms
376,3560.9000000000005 ms
376,3570.3 ms
376,3578.750000000001 ms
376,3581.3 ms
376,3581.9500000000007 ms
376,3582.750000000001 ms
376,3594.550000000001 ms
376,3597.8500000000013 ms
376,3598.4000000000015 ms
376,3647.9000000000015 ms
376,3650.2000000000016 ms
376,3656.550000000002 ms
376,3692.750000000001 ms
376,3699.800000000002 ms
376,3701.2000000000016 ms
376,3701.8500000000013 ms
376,3727.750000000002 ms
376,3731.6500000000015 ms
376,3774.6500000000015 ms
376,3777.350000000002 ms
376,3783.350000000002 ms
376,3790.6500000000015 ms
376,3801.500000000002 ms
376,3814.000000000002 ms
376,3822.750000000002 ms
376,3823.9000000000015 ms
376,3824.4500000000025 ms
376,3833.500000000002 ms
376,3877.250000000002 ms
376,3881.600000000002 ms
376,3892.300000000002 ms
376,3911.7000000000016 ms
376,3927.9000000000024 ms
376,3929.250000000002 ms
376,3939.9500000000016 ms
376,3944.300000000002 ms
376,3945.1000000000013 ms
376,3948.3500000000013 ms
376,3970.9500000000016 ms
376,3974.750000000002 ms
376,3978.000000000002 ms
376,3992.550000000002 ms
376,3999.9500000000016 ms
377,1.35 ms
377,27.050000000000004 ms
377,28.250000000000007 ms
377,29.700000000000003 ms
377,30.5 ms
377,53.95 ms
377,62.8 ms
377,70.80000000000003 ms
377,76.00000000000001 ms
377,77.60000000000001 ms
377,109.30000000000003 ms
377,134.85000000000002 ms
377,143.85000000000002 ms
377,144.8 ms
377,149.60000000000002 ms
377,157.0 ms
377,158.80000000000007 ms
377,171.35000000000002 ms
377,199.60000000000002 ms
377,202.75000000000006 ms
377,215.00000000000006 ms
377,224.85000000000008 ms
377,227.15000000000003 ms
377,241.9500000000001 ms
377,251.40000000000003 ms
377,253.2000000000001 ms
377,261.75000000000006 ms
377,262.75000000000006 ms
377,297.50000000000006 ms
377,300.25000000000006 ms
377,307.7 ms
377,313.15000000000003 ms
377,324.65000000000003 ms
377,329.25000000000006 ms
377,330.3000000000001 ms
377,332.15000000000015 ms
377,335.3500000000001 ms
377,349.8500000000001 ms
377,373.1000000000001 ms
377,375.8 ms
377,378.50000000000006 ms
377,388.65000000000003 ms
377,407.8 ms
377,419.40000000000003 ms
377,447.3 ms
377,458.45 ms
377,480.7 ms
377,483.3 ms
377,513.3500000000001 ms
377,517.8 ms
377,521.1000000000001 ms
377,521.55 ms
377,530.3 ms
377,531.1000000000001 ms
377,580.95 ms
377,601.1500000000001 ms
377,612.25 ms
377,618.5 ms
377,635.7000000000003 ms
377,751.4000000000001 ms
377,759.0500000000002 ms
377,766.2500000000002 ms
377,777.6000000000001 ms
377,825.5500000000004 ms
377,825.6500000000003 ms
377,844.6500000000003 ms
377,853.2500000000002 ms
377,871.2000000000005 ms
377,876.2500000000002 ms
377,878.6500000000003 ms
377,879.4500000000003 ms
377,889.3000000000002 ms
377,913.5500000000002 ms
377,914.0000000000005 ms
377,922.6000000000004 ms
377,930.2500000000005 ms
377,937.2500000000005 ms
377,946.0000000000005 ms
377,946.3000000000002 ms
377,963.3500000000004 ms
377,971.6000000000004 ms
377,974.9500000000003 ms
377,992.9500000000003 ms
377,1014.8000000000002 ms
377,1017.2500000000005 ms
377,1021.9500000000003 ms
377,1040.2000000000003 ms
377,1041.4 ms
377,1043.2000000000003 ms
377,1046.7500000000005 ms
377,1052.85 ms
377,1067.7000000000003 ms
377,1084.25 ms
377,1100.75 ms
377,1118.1999999999998 ms
377,1143.8000000000002 ms
377,1148.9499999999998 ms
377,1155.5 ms
377,1198.25 ms
377,1205.6999999999998 ms
377,1206.8000000000002 ms
377,1220.6999999999998 ms
377,1222.15 ms
377,1266.85 ms
377,1276.7500000000005 ms
377,1282.0000000000005 ms
377,1288.6 ms
377,1300.4500000000003 ms
377,1310.5499999999997 ms
377,1316.9500000000003 ms
377,1367.6 ms
377,1390.3000000000002 ms
377,1415.8000000000002 ms
377,1443.4500000000003 ms
377,1447.15 ms
377,1464.8000000000006 ms
377,1471.6000000000004 ms
377,1476.4000000000005 ms
377,1487.5 ms
377,1490.3000000000002 ms
377,1568.25 ms
377,1569.1000000000004 ms
377,1571.3000000000002 ms
377,1574.6000000000004 ms
377,1603.0500000000002 ms
377,1607.7000000000003 ms
377,1611.9 ms
377,1624.9500000000003 ms
377,1658.6000000000004 ms
377,1660.1500000000005 ms
377,1661.2000000000003 ms
377,1662.6000000000004 ms
377,1666.6000000000004 ms
377,1693.8500000000004 ms
377,1706.8000000000002 ms
377,1713.6500000000005 ms
377,1721.1000000000004 ms
377,1734.7000000000003 ms
377,1737.6000000000004 ms
377,1743.6500000000005 ms
377,1765.9500000000003 ms
377,1777.8000000000002 ms
377,1779.5500000000002 ms
377,1785.75 ms
377,1791.2000000000003 ms
377,1799.1000000000004 ms
377,1807.2000000000003 ms
377,1813.2500000000005 ms
377,1834.0500000000002 ms
377,1842.4 ms
377,1870.8000000000002 ms
377,1872.4 ms
377,1874.4 ms
377,1884.65 ms
377,1895.4500000000003 ms
377,1900.15 ms
377,1918.3000000000002 ms
377,1920.25 ms
377,1944.25 ms
377,1945.3500000000004 ms
377,1962.25 ms
377,1987.4500000000003 ms
377,1996.0000000000005 ms
377,2005.9500000000003 ms
377,2019.2500000000005 ms
377,2046.5500000000002 ms
377,2051.1500000000005 ms
377,2051.3 ms
377,2054.45 ms
377,2101.8500000000004 ms
377,2106.8 ms
377,2112.4000000000005 ms
377,2132.05 ms
377,2145.8 ms
377,2164.3 ms
377,2177.5 ms
377,2179.6000000000004 ms
377,2198.3500000000004 ms
377,2211.2 ms
377,2224.8499999999995 ms
377,2228.8 ms
377,2238.05 ms
377,2244.249999999999 ms
377,2258.499999999999 ms
377,2260.0999999999995 ms
377,2268.3499999999995 ms
377,2275.3499999999995 ms
377,2327.7 ms
377,2332.0499999999993 ms
377,2333.999999999999 ms
377,2375.5999999999995 ms
377,2381.1499999999987 ms
377,2382.999999999999 ms
377,2395.699999999999 ms
377,2396.449999999999 ms
377,2399.699999999999 ms
377,2416.8999999999987 ms
377,2447.949999999999 ms
377,2453.1499999999987 ms
377,2469.2999999999984 ms
377,2473.699999999999 ms
377,2496.249999999999 ms
377,2520.499999999999 ms
377,2521.999999999999 ms
377,2532.7999999999993 ms
377,2536.699999999999 ms
377,2539.25 ms
377,2564.0499999999993 ms
377,2580.6000000000004 ms
377,2580.75 ms
377,2590.2 ms
377,2592.0999999999995 ms
377,2592.8 ms
377,2595.45 ms
377,2595.6499999999996 ms
377,2611.0499999999993 ms
377,2691.3500000000004 ms
377,2701.3999999999996 ms
377,2706.3 ms
377,2718.0 ms
377,2723.3999999999996 ms
377,2733.3 ms
377,2748.5 ms
377,2772.6499999999996 ms
377,2795.3500000000004 ms
377,2799.6499999999996 ms
377,2804.8500000000004 ms
377,2825.0 ms
377,2833.6000000000004 ms
377,2847.75 ms
377,2849.0 ms
377,2850.2 ms
377,2916.55 ms
377,2929.999999999999 ms
377,2934.3 ms
377,2952.2 ms
377,2986.6499999999996 ms
377,3016.0 ms
377,3018.0999999999995 ms
377,3024.45 ms
377,3038.2999999999993 ms
377,3082.5499999999993 ms
377,3083.8499999999995 ms
377,3093.6499999999996 ms
377,3094.7999999999993 ms
377,3112.1499999999996 ms
377,3121.2999999999993 ms
377,3125.25 ms
377,3135.199999999999 ms
377,3142.0499999999993 ms
377,3170.3499999999995 ms
377,3175.7999999999993 ms
377,3190.449999999999 ms
377,3190.75 ms
377,3191.5499999999993 ms
377,3192.7999999999993 ms
377,3198.5 ms
377,3223.2999999999993 ms
377,3226.1000000000004 ms
377,3237.1000000000004 ms
377,3242.3999999999996 ms
377,3248.55 ms
377,3263.05 ms
377,3267.75 ms
377,3272.6000000000004 ms
377,3302.3500000000004 ms
377,3305.2 ms
377,3312.2 ms
377,3330.3999999999996 ms
377,3331.2 ms
377,3331.8499999999995 ms
377,3339.8499999999995 ms
377,3358.0999999999995 ms
377,3363.05 ms
377,3442.999999999999 ms
377,3463.3499999999995 ms
377,3493.3499999999995 ms
377,3494.45 ms
377,3501.5499999999993 ms
377,3509.5499999999993 ms
377,3544.2999999999993 ms
377,3554.3999999999996 ms
377,3558.1499999999996 ms
377,3572.5499999999993 ms
377,3595.449999999999 ms
377,3608.3499999999995 ms
377,3610.2999999999993 ms
377,3621.6499999999996 ms
377,3639.5999999999985 ms
377,3644.749999999999 ms
377,3654.3999999999987 ms
377,3667.499999999999 ms
377,3668.8999999999987 ms
377,3674.3499999999995 ms
377,3679.949999999999 ms
377,3684.749999999999 ms
377,3686.2999999999993 ms
377,3697.5999999999995 ms
377,3701.95 ms
377,3704.7999999999993 ms
377,3706.0499999999993 ms
377,3725.7999999999993 ms
377,3730.449999999999 ms
377,3734.7999999999993 ms
377,3765.3499999999995 ms
377,3793.3499999999995 ms
377,3799.5999999999995 ms
377,3811.95 ms
377,3814.0999999999995 ms
377,3824.8999999999996 ms
377,3826.2 ms
377,3830.2 ms
377,3838.8999999999996 ms
377,3850.3999999999996 ms
377,3858.45 ms
377,3877.25 ms
377,3881.8999999999996 ms
377,3893.6499999999996 ms
377,3895.2000000000007 ms
377,3907.7000000000007 ms
377,3945.0 ms
377,3959.550000000001 ms
377,3964.7000000000007 ms
377,3976.550000000001 ms
378,35.45 ms
378,43.10000000000001 ms
378,66.45 ms
378,76.24999999999999 ms
378,77.59999999999998 ms
378,105.24999999999999 ms
378,134.09999999999997 ms
378,150.40000000000003 ms
378,160.0 ms
378,170.55 ms
378,179.75 ms
378,201.35000000000002 ms
378,206.79999999999995 ms
378,209.54999999999995 ms
378,214.7 ms
378,239.55 ms
378,240.39999999999998 ms
378,245.39999999999998 ms
378,249.25 ms
378,281.9 ms
378,305.19999999999993 ms
378,314.1 ms
378,327.15 ms
378,328.44999999999993 ms
378,339.1 ms
378,374.69999999999993 ms
378,415.5 ms
378,456.54999999999995 ms
378,488.70000000000005 ms
378,511.45000000000005 ms
378,511.65 ms
378,516.1999999999999 ms
378,526.3499999999998 ms
378,558.7499999999999 ms
378,563.1499999999997 ms
378,578.7999999999998 ms
378,619.1999999999997 ms
378,675.5499999999998 ms
378,690.7499999999999 ms
378,725.35 ms
378,748.3499999999998 ms
378,772.9999999999999 ms
378,774.7999999999998 ms
378,793.5499999999998 ms
378,799.3499999999998 ms
378,802.0999999999998 ms
378,809.4499999999999 ms
378,819.5999999999998 ms
378,827.4999999999997 ms
378,830.3999999999997 ms
378,837.4499999999997 ms
378,844.5999999999996 ms
378,857.8999999999995 ms
378,879.2999999999996 ms
378,881.6999999999995 ms
378,897.0499999999996 ms
378,905.3499999999996 ms
378,921.6499999999995 ms
378,949.1999999999995 ms
378,958.2999999999996 ms
378,961.7999999999994 ms
378,974.6999999999995 ms
378,982.7999999999996 ms
378,986.2499999999997 ms
378,989.2999999999996 ms
378,993.5499999999994 ms
378,1017.6499999999995 ms
378,1023.3999999999995 ms
378,1040.3999999999996 ms
378,1077.1499999999996 ms
378,1080.7999999999997 ms
378,1087.7499999999995 ms
378,1104.7999999999997 ms
378,1107.1 ms
378,1116.3999999999996 ms
378,1123.4999999999995 ms
378,1131.0499999999997 ms
378,1148.0999999999995 ms
378,1151.5499999999993 ms
378,1168.2999999999993 ms
378,1176.9499999999998 ms
378,1193.3999999999996 ms
378,1198.2999999999997 ms
378,1205.4999999999995 ms
378,1212.9499999999998 ms
378,1215.75 ms
378,1228.25 ms
378,1238.0 ms
378,1246.5499999999997 ms
378,1249.85 ms
378,1355.0499999999997 ms
378,1383.2499999999995 ms
378,1386.35 ms
378,1397.2499999999995 ms
378,1407.9999999999995 ms
378,1411.9999999999995 ms
378,1412.9499999999998 ms
378,1415.3999999999996 ms
378,1423.1999999999998 ms
378,1426.0 ms
378,1438.0999999999995 ms
378,1459.75 ms
378,1466.0499999999997 ms
378,1495.35 ms
378,1499.2499999999995 ms
378,1519.0499999999997 ms
378,1529.1 ms
378,1530.85 ms
378,1538.7499999999995 ms
378,1555.4 ms
378,1566.9999999999995 ms
378,1575.6999999999998 ms
378,1598.3999999999996 ms
378,1603.75 ms
378,1616.0499999999997 ms
378,1620.4999999999995 ms
378,1637.9 ms
378,1643.7499999999995 ms
378,1671.0499999999997 ms
378,1677.3999999999996 ms
378,1678.1999999999998 ms
378,1687.7999999999993 ms
378,1688.1499999999996 ms
378,1694.1499999999996 ms
378,1697.5999999999995 ms
378,1702.0999999999995 ms
378,1710.1499999999996 ms
378,1737.3999999999996 ms
378,1749.4499999999994 ms
378,1759.8999999999992 ms
378,1774.9499999999994 ms
378,1783.6499999999992 ms
378,1783.7499999999995 ms
378,1795.349999999999 ms
378,1834.6499999999992 ms
378,1844.1499999999992 ms
378,1848.6499999999992 ms
378,1859.499999999999 ms
378,1859.699999999999 ms
378,1887.1499999999992 ms
378,1907.349999999999 ms
378,1920.7999999999993 ms
378,1982.0999999999995 ms
378,1987.8499999999995 ms
378,1988.249999999999 ms
378,1991.9499999999994 ms
378,1994.1999999999994 ms
378,1995.1499999999992 ms
378,2043.0499999999997 ms
378,2049.1999999999994 ms
378,2051.799999999999 ms
378,2062.4499999999994 ms
378,2069.6999999999994 ms
378,2072.9499999999994 ms
378,2079.4999999999995 ms
378,2090.349999999999 ms
378,2093.9499999999994 ms
378,2097.35 ms
378,2108.9 ms
378,2111.5499999999997 ms
378,2120.5499999999997 ms
378,2134.2999999999997 ms
378,2141.5499999999997 ms
378,2142.2499999999995 ms
378,2159.65 ms
378,2161.7999999999997 ms
378,2171.4500000000003 ms
378,2188.4499999999994 ms
378,2191.649999999999 ms
378,2193.7999999999997 ms
378,2204.2499999999995 ms
378,2219.099999999999 ms
378,2226.799999999999 ms
378,2237.399999999999 ms
378,2255.9499999999994 ms
378,2269.049999999999 ms
378,2272.649999999999 ms
378,2277.349999999999 ms
378,2284.899999999999 ms
378,2290.649999999999 ms
378,2341.149999999999 ms
378,2358.1999999999994 ms
378,2362.35 ms
378,2368.6999999999994 ms
378,2376.049999999999 ms
378,2379.5499999999997 ms
378,2384.899999999999 ms
378,2395.849999999999 ms
378,2403.799999999999 ms
378,2405.549999999999 ms
378,2418.9499999999994 ms
378,2443.4999999999995 ms
378,2467.399999999999 ms
378,2469.7999999999997 ms
378,2480.149999999999 ms
378,2488.099999999999 ms
378,2491.399999999999 ms
378,2493.5499999999997 ms
378,2497.1 ms
378,2501.9999999999995 ms
378,2504.5499999999997 ms
378,2537.9500000000003 ms
378,2542.2500000000005 ms
378,2547.9 ms
378,2557.0500000000006 ms
378,2557.7999999999997 ms
378,2575.7000000000003 ms
378,2583.4 ms
378,2630.9999999999995 ms
378,2642.15 ms
378,2647.4999999999995 ms
378,2650.2999999999997 ms
378,2660.35 ms
378,2665.9500000000003 ms
378,2675.9500000000003 ms
378,2679.0499999999997 ms
378,2711.4 ms
378,2721.7000000000003 ms
378,2732.7000000000003 ms
378,2750.65 ms
378,2768.4 ms
378,2777.2000000000003 ms
378,2779.350000000001 ms
378,2792.2000000000003 ms
378,2831.7500000000005 ms
378,2848.5500000000006 ms
378,2864.5500000000006 ms
378,2864.950000000001 ms
378,2866.350000000001 ms
378,2867.3000000000006 ms
378,2874.5500000000006 ms
378,2875.3000000000006 ms
378,2880.350000000001 ms
378,2893.8000000000006 ms
378,2898.5500000000006 ms
378,2914.0500000000006 ms
378,2919.600000000001 ms
378,2937.100000000001 ms
378,2952.150000000001 ms
378,2956.100000000001 ms
378,2957.9500000000003 ms
378,2958.65 ms
378,2963.7000000000003 ms
378,2971.3000000000006 ms
378,2983.850000000001 ms
378,2988.7000000000003 ms
378,3014.65 ms
378,3022.9500000000003 ms
378,3037.950000000001 ms
378,3050.7000000000003 ms
378,3055.600000000001 ms
378,3065.7500000000014 ms
378,3082.3000000000015 ms
378,3103.6000000000017 ms
378,3115.400000000002 ms
378,3118.5500000000015 ms
378,3167.3000000000015 ms
378,3187.8500000000017 ms
378,3202.650000000002 ms
378,3210.3500000000017 ms
378,3232.5000000000023 ms
378,3250.0000000000014 ms
378,3250.3500000000017 ms
378,3251.5500000000015 ms
378,3254.3500000000017 ms
378,3293.2500000000023 ms
378,3335.3500000000017 ms
378,3337.7500000000023 ms
378,3339.450000000002 ms
378,3392.8000000000015 ms
378,3399.8500000000017 ms
378,3404.8500000000017 ms
378,3435.950000000001 ms
378,3439.650000000001 ms
378,3440.0500000000015 ms
378,3442.3000000000015 ms
378,3444.200000000002 ms
378,3460.0500000000015 ms
378,3471.650000000001 ms
378,3474.200000000001 ms
378,3475.950000000002 ms
378,3481.5500000000015 ms
378,3515.700000000002 ms
378,3524.5500000000015 ms
378,3529.5500000000015 ms
378,3565.5500000000015 ms
378,3578.950000000002 ms
378,3588.8000000000015 ms
378,3632.8000000000015 ms
378,3646.1000000000017 ms
378,3656.0000000000023 ms
378,3663.150000000002 ms
378,3664.1000000000017 ms
378,3694.150000000002 ms
378,3711.0500000000025 ms
378,3712.5500000000015 ms
378,3717.6000000000017 ms
378,3721.5500000000015 ms
378,3757.3500000000017 ms
378,3802.2500000000023 ms
378,3802.650000000003 ms
378,3811.900000000002 ms
378,3821.8000000000025 ms
378,3826.3000000000025 ms
378,3834.1000000000026 ms
378,3842.3000000000025 ms
378,3863.450000000003 ms
378,3866.400000000003 ms
378,3876.950000000003 ms
378,3879.250000000003 ms
378,3892.6000000000026 ms
378,3895.700000000002 ms
378,3955.450000000003 ms
378,3971.750000000003 ms
378,3976.150000000003 ms
378,3988.0500000000034 ms
378,3991.450000000003 ms
379,35.85 ms
379,39.49999999999999 ms
379,50.35 ms
379,56.74999999999999 ms
379,68.9 ms
379,69.05000000000001 ms
379,72.30000000000001 ms
379,84.45000000000002 ms
379,106.55000000000001 ms
379,107.60000000000002 ms
379,108.80000000000001 ms
379,121.05000000000001 ms
379,123.15 ms
379,144.95000000000002 ms
379,162.00000000000003 ms
379,162.65000000000006 ms
379,166.10000000000005 ms
379,179.65000000000006 ms
379,193.20000000000007 ms
379,198.05000000000004 ms
379,226.95000000000007 ms
379,261.05000000000007 ms
379,266.0000000000001 ms
379,273.7500000000001 ms
379,288.0000000000001 ms
379,293.15 ms
379,316.1 ms
379,340.55000000000007 ms
379,346.75 ms
379,348.85 ms
379,361.85 ms
379,373.4 ms
379,423.70000000000005 ms
379,432.80000000000007 ms
379,438.5000000000001 ms
379,441.20000000000005 ms
379,446.30000000000007 ms
379,450.70000000000005 ms
379,451.4000000000001 ms
379,477.85 ms
379,491.30000000000007 ms
379,494.44999999999993 ms
379,527.35 ms
379,565.1 ms
379,566.85 ms
379,568.35 ms
379,586.7499999999999 ms
379,591.6 ms
379,637.9 ms
379,640.7500000000001 ms
379,654.2499999999999 ms
379,656.5000000000001 ms
379,690.85 ms
379,699.9500000000002 ms
379,709.7500000000001 ms
379,723.35 ms
379,754.3000000000001 ms
379,756.1500000000002 ms
379,799.6000000000003 ms
379,805.1 ms
379,829.2000000000002 ms
379,866.4500000000002 ms
379,883.9500000000002 ms
379,888.35 ms
379,892.9500000000002 ms
379,893.9500000000002 ms
379,901.7000000000002 ms
379,902.85 ms
379,946.3000000000001 ms
379,948.5500000000003 ms
379,969.8500000000003 ms
379,982.4500000000002 ms
379,991.6 ms
379,994.4500000000002 ms
379,1009.1500000000002 ms
379,1022.2000000000002 ms
379,1043.9 ms
379,1064.15 ms
379,1075.5500000000002 ms
379,1077.3000000000002 ms
379,1080.3000000000002 ms
379,1090.3500000000004 ms
379,1106.3000000000002 ms
379,1120.7000000000003 ms
379,1156.2000000000003 ms
379,1170.3000000000002 ms
379,1179.2000000000003 ms
379,1194.3500000000004 ms
379,1208.4000000000005 ms
379,1212.5 ms
379,1228.4000000000005 ms
379,1237.7000000000003 ms
379,1239.7500000000005 ms
379,1248.3000000000002 ms
379,1255.1000000000004 ms
379,1298.4499999999998 ms
379,1312.15 ms
379,1323.5 ms
379,1351.15 ms
379,1354.4500000000003 ms
379,1362.9500000000003 ms
379,1415.0 ms
379,1422.4 ms
379,1428.6 ms
379,1437.0500000000002 ms
379,1437.8500000000004 ms
379,1477.3500000000004 ms
379,1491.75 ms
379,1504.5 ms
379,1505.9000000000005 ms
379,1533.9000000000005 ms
379,1540.3500000000004 ms
379,1541.0000000000005 ms
379,1546.3500000000004 ms
379,1555.4000000000005 ms
379,1565.4500000000003 ms
379,1570.6000000000004 ms
379,1574.0500000000002 ms
379,1585.6000000000004 ms
379,1588.7500000000005 ms
379,1598.0000000000005 ms
379,1612.5500000000006 ms
379,1640.9 ms
379,1646.3500000000004 ms
379,1647.4000000000005 ms
379,1685.0500000000002 ms
379,1721.3000000000002 ms
379,1755.2500000000005 ms
379,1761.7000000000003 ms
379,1765.6000000000008 ms
379,1795.6500000000005 ms
379,1799.7500000000005 ms
379,1807.5500000000006 ms
379,1811.8500000000004 ms
379,1815.3500000000004 ms
379,1821.8000000000002 ms
379,1849.3500000000004 ms
379,1861.7000000000003 ms
379,1862.9 ms
379,1868.2500000000005 ms
379,1868.9 ms
379,1897.1000000000004 ms
379,1905.9000000000005 ms
379,1907.4000000000005 ms
379,1911.6000000000004 ms
379,1913.5000000000005 ms
379,1926.1500000000005 ms
379,1926.2500000000005 ms
379,1959.7500000000005 ms
379,1976.6000000000004 ms
379,1981.5000000000005 ms
379,2016.5500000000006 ms
379,2021.4 ms
379,2034.8500000000004 ms
379,2076.1500000000005 ms
379,2081.9500000000007 ms
379,2083.3500000000004 ms
379,2084.8500000000004 ms
379,2085.050000000001 ms
379,2088.8500000000004 ms
379,2095.9500000000007 ms
379,2101.9000000000005 ms
379,2116.6500000000005 ms
379,2117.55 ms
379,2124.1000000000013 ms
379,2128.9000000000005 ms
379,2151.4000000000005 ms
379,2151.500000000001 ms
379,2163.050000000001 ms
379,2166.500000000001 ms
379,2176.8500000000013 ms
379,2181.6000000000013 ms
379,2210.8 ms
379,2222.1000000000013 ms
379,2229.55 ms
379,2229.8500000000013 ms
379,2235.1000000000013 ms
379,2251.1000000000013 ms
379,2254.500000000001 ms
379,2254.6000000000013 ms
379,2261.8 ms
379,2277.55 ms
379,2287.7000000000007 ms
379,2293.4500000000007 ms
379,2293.7000000000007 ms
379,2309.9000000000005 ms
379,2313.750000000001 ms
379,2349.55 ms
379,2371.8 ms
379,2391.1000000000013 ms
379,2407.750000000001 ms
379,2407.9500000000007 ms
379,2414.1000000000004 ms
379,2428.050000000001 ms
379,2435.4500000000007 ms
379,2444.3500000000004 ms
379,2462.750000000001 ms
379,2469.7000000000007 ms
379,2508.500000000001 ms
379,2522.6500000000005 ms
379,2526.800000000001 ms
379,2541.1000000000013 ms
379,2545.8500000000013 ms
379,2551.9000000000015 ms
379,2581.9500000000016 ms
379,2585.9000000000015 ms
379,2594.8500000000013 ms
379,2610.550000000001 ms
379,2617.7000000000007 ms
379,2619.000000000002 ms
379,2628.300000000001 ms
379,2681.000000000002 ms
379,2686.7000000000007 ms
379,2687.300000000001 ms
379,2699.6500000000015 ms
379,2714.250000000001 ms
379,2726.4000000000005 ms
379,2767.6000000000013 ms
379,2787.3500000000013 ms
379,2788.9500000000007 ms
379,2792.4000000000005 ms
379,2812.1000000000004 ms
379,2839.55 ms
379,2845.3500000000004 ms
379,2866.05 ms
379,2881.3500000000004 ms
379,2889.6000000000004 ms
379,2906.8 ms
379,2909.4000000000005 ms
379,2911.8499999999995 ms
379,2917.75 ms
379,2943.25 ms
379,2958.95 ms
379,2960.3999999999996 ms
379,2974.6499999999996 ms
379,2980.2 ms
379,2992.8999999999996 ms
379,2993.25 ms
379,2994.0999999999995 ms
379,3018.3999999999996 ms
379,3048.0999999999995 ms
379,3051.45 ms
379,3055.6499999999987 ms
379,3082.95 ms
379,3085.7999999999993 ms
379,3106.749999999999 ms
379,3112.7999999999993 ms
379,3143.8999999999996 ms
379,3158.499999999999 ms
379,3158.999999999999 ms
379,3169.1499999999987 ms
379,3186.0499999999993 ms
379,3200.499999999999 ms
379,3204.8999999999987 ms
379,3210.45 ms
379,3211.999999999999 ms
379,3217.45 ms
379,3228.2999999999993 ms
379,3229.5499999999993 ms
379,3236.499999999999 ms
379,3247.3499999999995 ms
379,3257.7999999999984 ms
379,3263.249999999999 ms
379,3269.0499999999984 ms
379,3273.7999999999984 ms
379,3278.999999999999 ms
379,3286.449999999998 ms
379,3300.949999999998 ms
379,3308.6499999999987 ms
379,3321.0999999999976 ms
379,3326.3499999999976 ms
379,3332.0999999999976 ms
379,3360.499999999998 ms
379,3376.0999999999985 ms
379,3380.0999999999985 ms
379,3380.7999999999975 ms
379,3386.5499999999975 ms
379,3405.149999999998 ms
379,3422.5499999999975 ms
379,3458.249999999998 ms
379,3459.249999999998 ms
379,3463.699999999997 ms
379,3487.249999999998 ms
379,3497.8499999999976 ms
379,3545.8499999999976 ms
379,3559.399999999998 ms
379,3593.899999999998 ms
379,3600.999999999998 ms
379,3629.699999999997 ms
379,3643.449999999997 ms
379,3663.949999999997 ms
379,3673.399999999998 ms
379,3677.199999999997 ms
379,3707.7999999999975 ms
379,3711.0999999999976 ms
379,3725.949999999998 ms
379,3734.949999999998 ms
379,3744.399999999997 ms
379,3749.949999999998 ms
379,3769.7999999999975 ms
379,3850.2999999999975 ms
379,3853.2499999999973 ms
379,3857.699999999997 ms
379,3895.9999999999973 ms
379,3899.7999999999975 ms
379,3909.9999999999973 ms
379,3914.699999999997 ms
379,3916.0999999999967 ms
379,3919.5999999999967 ms
379,3926.649999999998 ms
379,3934.8499999999967 ms
379,3941.2499999999973 ms
379,3949.0499999999975 ms
379,3951.8499999999976 ms
379,3959.899999999998 ms
379,3985.399999999998 ms
379,3989.499999999998 ms
380,26.6 ms
380,60.20000000000001 ms
380,61.75000000000001 ms
380,78.15 ms
380,87.20000000000002 ms
380,100.95000000000002 ms
380,104.5 ms
380,109.5 ms
380,136.45 ms
380,150.3 ms
380,152.8 ms
380,157.8 ms
380,180.2 ms
380,211.84999999999997 ms
380,218.2 ms
380,226.75 ms
380,228.45 ms
380,265.3 ms
380,269.1000000000001 ms
380,286.90000000000003 ms
380,304.05 ms
380,305.3 ms
380,307.2 ms
380,313.2 ms
380,320.09999999999997 ms
380,338.34999999999997 ms
380,353.59999999999997 ms
380,357.7 ms
380,383.34999999999997 ms
380,386.74999999999994 ms
380,391.3 ms
380,399.45 ms
380,413.34999999999997 ms
380,427.1499999999999 ms
380,432.7999999999999 ms
380,437.1999999999999 ms
380,468.6999999999999 ms
380,484.49999999999994 ms
380,488.7999999999999 ms
380,490.3999999999999 ms
380,499.45 ms
380,503.55 ms
380,527.5999999999999 ms
380,528.75 ms
380,557.4499999999998 ms
380,565.8499999999999 ms
380,572.5 ms
380,599.5499999999997 ms
380,629.6999999999998 ms
380,661.7999999999997 ms
380,662.9499999999998 ms
380,673.0999999999999 ms
380,694.2499999999998 ms
380,698.0499999999997 ms
380,711.6499999999996 ms
380,725.6999999999998 ms
380,727.5499999999997 ms
380,753.7999999999997 ms
380,787.0999999999997 ms
380,787.2999999999997 ms
380,806.5499999999997 ms
380,835.8999999999996 ms
380,840.1499999999996 ms
380,848.9499999999998 ms
380,855.7999999999997 ms
380,857.4499999999998 ms
380,871.0499999999997 ms
380,888.1999999999998 ms
380,893.0999999999997 ms
380,894.4999999999998 ms
380,894.7499999999998 ms
380,900.4499999999996 ms
380,914.1999999999996 ms
380,917.7999999999997 ms
380,920.2499999999998 ms
380,931.6499999999999 ms
380,946.3999999999999 ms
380,960.3999999999999 ms
380,971.7999999999997 ms
380,979.0999999999997 ms
380,991.0999999999997 ms
380,998.9999999999998 ms
380,1010.3999999999996 ms
380,1012.4499999999996 ms
380,1015.3999999999996 ms
380,1022.8499999999997 ms
380,1036.3999999999994 ms
380,1044.7999999999995 ms
380,1046.3999999999994 ms
380,1048.6499999999999 ms
380,1051.8499999999997 ms
380,1057.1999999999996 ms
380,1062.1999999999996 ms
380,1064.1499999999999 ms
380,1069.8999999999994 ms
380,1083.8999999999999 ms
380,1086.55 ms
380,1114.2499999999998 ms
380,1150.7 ms
380,1168.3500000000001 ms
380,1176.8499999999997 ms
380,1187.55 ms
380,1202.8499999999997 ms
380,1206.4499999999996 ms
380,1236.4999999999998 ms
380,1237.1499999999999 ms
380,1244.9999999999998 ms
380,1270.45 ms
380,1274.4499999999996 ms
380,1294.0999999999997 ms
380,1297.8999999999999 ms
380,1309.6000000000001 ms
380,1322.6499999999999 ms
380,1324.3 ms
380,1325.3 ms
380,1355.8999999999999 ms
380,1361.05 ms
380,1389.1499999999999 ms
380,1391.8999999999999 ms
380,1407.1999999999996 ms
380,1419.2999999999995 ms
380,1426.7499999999998 ms
380,1451.2499999999998 ms
380,1451.8499999999997 ms
380,1456.8 ms
380,1456.9999999999998 ms
380,1460.0999999999997 ms
380,1465.3499999999997 ms
380,1470.9999999999998 ms
380,1472.1499999999999 ms
380,1476.3500000000001 ms
380,1477.05 ms
380,1510.2500000000002 ms
380,1545.9000000000003 ms
380,1580.6499999999999 ms
380,1614.6000000000001 ms
380,1619.6499999999999 ms
380,1623.6500000000003 ms
380,1628.7 ms
380,1629.3500000000001 ms
380,1633.7500000000002 ms
380,1686.6000000000001 ms
380,1689.2500000000002 ms
380,1692.1500000000003 ms
380,1697.7500000000002 ms
380,1722.9000000000003 ms
380,1730.5000000000002 ms
380,1731.7500000000002 ms
380,1738.8500000000001 ms
380,1739.2500000000002 ms
380,1748.4000000000003 ms
380,1752.5000000000002 ms
380,1753.4500000000005 ms
380,1769.1000000000006 ms
380,1830.0000000000007 ms
380,1834.8500000000006 ms
380,1845.0500000000004 ms
380,1867.5500000000004 ms
380,1875.0500000000004 ms
380,1888.2000000000005 ms
380,1920.9500000000005 ms
380,1953.2000000000005 ms
380,1959.3000000000004 ms
380,1962.7000000000005 ms
380,1984.4500000000005 ms
380,2006.5500000000004 ms
380,2028.5000000000007 ms
380,2038.6500000000008 ms
380,2061.2000000000007 ms
380,2079.7000000000007 ms
380,2113.550000000001 ms
380,2137.3500000000004 ms
380,2149.6000000000004 ms
380,2161.4000000000015 ms
380,2188.3500000000004 ms
380,2212.8500000000004 ms
380,2217.1500000000015 ms
380,2221.8500000000004 ms
380,2223.1500000000015 ms
380,2228.8500000000004 ms
380,2233.6500000000015 ms
380,2251.750000000001 ms
380,2282.8500000000013 ms
380,2285.6500000000005 ms
380,2289.050000000001 ms
380,2293.6000000000013 ms
380,2311.9000000000015 ms
380,2320.050000000001 ms
380,2334.100000000002 ms
380,2365.4500000000016 ms
380,2376.500000000002 ms
380,2398.050000000002 ms
380,2410.750000000002 ms
380,2414.9000000000015 ms
380,2417.600000000002 ms
380,2438.500000000002 ms
380,2449.800000000002 ms
380,2465.7000000000016 ms
380,2466.800000000002 ms
380,2476.4500000000016 ms
380,2500.7500000000027 ms
380,2515.7500000000027 ms
380,2517.6500000000024 ms
380,2537.4000000000024 ms
380,2540.4000000000024 ms
380,2562.550000000002 ms
380,2574.4000000000024 ms
380,2575.050000000002 ms
380,2581.350000000003 ms
380,2589.300000000002 ms
380,2593.800000000002 ms
380,2600.9000000000024 ms
380,2612.7000000000025 ms
380,2625.600000000002 ms
380,2625.9500000000025 ms
380,2635.7500000000027 ms
380,2661.7500000000027 ms
380,2665.050000000003 ms
380,2667.600000000003 ms
380,2682.550000000003 ms
380,2682.9500000000025 ms
380,2705.2500000000036 ms
380,2737.9000000000033 ms
380,2761.7000000000035 ms
380,2775.9000000000033 ms
380,2793.2500000000036 ms
380,2795.100000000003 ms
380,2810.100000000003 ms
380,2818.9500000000035 ms
380,2820.9000000000024 ms
380,2831.550000000003 ms
380,2838.6500000000033 ms
380,2842.0000000000027 ms
380,2842.2000000000025 ms
380,2865.4500000000025 ms
380,2879.4500000000025 ms
380,2880.9500000000025 ms
380,2881.2500000000027 ms
380,2892.5000000000027 ms
380,2894.4000000000024 ms
380,2909.100000000003 ms
380,2911.6500000000024 ms
380,2922.7500000000027 ms
380,2930.6500000000024 ms
380,2931.9000000000024 ms
380,2962.600000000003 ms
380,2980.550000000002 ms
380,2986.0000000000027 ms
380,3000.7500000000027 ms
380,3012.1500000000024 ms
380,3048.0000000000027 ms
380,3048.2500000000027 ms
380,3053.7000000000016 ms
380,3055.350000000002 ms
380,3055.500000000002 ms
380,3074.1500000000024 ms
380,3082.6500000000024 ms
380,3096.600000000002 ms
380,3158.350000000002 ms
380,3170.300000000002 ms
380,3194.000000000002 ms
380,3198.4500000000016 ms
380,3206.3500000000013 ms
380,3219.2000000000016 ms
380,3220.1500000000015 ms
380,3221.3500000000013 ms
380,3232.4500000000016 ms
380,3234.300000000001 ms
380,3235.300000000001 ms
380,3262.000000000001 ms
380,3273.6500000000005 ms
380,3302.9000000000005 ms
380,3303.2000000000016 ms
380,3309.800000000001 ms
380,3320.800000000001 ms
380,3321.800000000001 ms
380,3342.250000000001 ms
380,3352.050000000001 ms
380,3354.2000000000007 ms
380,3354.300000000001 ms
380,3358.300000000001 ms
380,3361.6500000000015 ms
380,3362.7000000000007 ms
380,3379.1500000000015 ms
380,3400.4500000000007 ms
380,3433.550000000001 ms
380,3459.8500000000013 ms
380,3463.7000000000016 ms
380,3491.1000000000013 ms
380,3500.9000000000015 ms
380,3524.1000000000013 ms
380,3583.6000000000013 ms
380,3593.3500000000013 ms
380,3600.750000000001 ms
380,3625.050000000002 ms
380,3639.2000000000016 ms
380,3652.1500000000015 ms
380,3685.500000000002 ms
380,3721.050000000001 ms
380,3721.800000000001 ms
380,3723.000000000002 ms
380,3723.9000000000015 ms
380,3724.000000000002 ms
380,3731.300000000001 ms
380,3736.500000000002 ms
380,3745.9000000000015 ms
380,3754.9500000000016 ms
380,3757.9000000000015 ms
380,3759.2000000000016 ms
380,3780.500000000002 ms
380,3786.750000000002 ms
380,3788.2000000000016 ms
380,3791.2000000000016 ms
380,3808.300000000002 ms
380,3809.300000000002 ms
380,3815.9000000000015 ms
380,3854.3500000000013 ms
380,3872.750000000001 ms
380,3884.2000000000016 ms
380,3914.4000000000005 ms
380,3936.300000000001 ms
380,3946.300000000001 ms
380,3946.9000000000015 ms
380,3948.050000000001 ms
380,3951.9500000000007 ms
380,3968.500000000002 ms
380,3990.4000000000015 ms
381,8.8 ms
381,11.3 ms
381,14.0 ms
381,19.6 ms
381,20.700000000000003 ms
381,21.35 ms
381,32.300000000000004 ms
381,47.550000000000004 ms
381,51.1 ms
381,51.74999999999999 ms
381,73.15 ms
381,98.4 ms
381,101.0 ms
381,103.85 ms
381,112.4 ms
381,134.39999999999998 ms
381,142.79999999999995 ms
381,147.85000000000002 ms
381,154.2 ms
381,155.34999999999997 ms
381,195.40000000000003 ms
381,209.95 ms
381,226.3 ms
381,237.2 ms
381,246.65000000000003 ms
381,265.25 ms
381,270.70000000000005 ms
381,294.54999999999995 ms
381,296.1500000000001 ms
381,312.79999999999995 ms
381,315.20000000000005 ms
381,344.95000000000005 ms
381,350.25 ms
381,354.29999999999995 ms
381,360.70000000000005 ms
381,377.65 ms
381,386.04999999999995 ms
381,391.0 ms
381,393.79999999999995 ms
381,405.94999999999993 ms
381,416.7499999999999 ms
381,417.65 ms
381,419.2499999999999 ms
381,433.9999999999999 ms
381,434.54999999999995 ms
381,439.3499999999999 ms
381,451.5 ms
381,472.25 ms
381,494.94999999999993 ms
381,502.15 ms
381,503.4999999999999 ms
381,503.94999999999993 ms
381,514.55 ms
381,518.3999999999999 ms
381,521.3999999999999 ms
381,539.6499999999999 ms
381,557.45 ms
381,562.8 ms
381,602.3499999999999 ms
381,605.5 ms
381,608.25 ms
381,612.1999999999998 ms
381,630.1999999999998 ms
381,656.05 ms
381,661.2 ms
381,664.3499999999999 ms
381,682.55 ms
381,690.05 ms
381,692.6499999999999 ms
381,694.3999999999999 ms
381,706.8500000000001 ms
381,726.8 ms
381,742.05 ms
381,743.2500000000002 ms
381,762.1500000000001 ms
381,814.9000000000001 ms
381,815.6500000000001 ms
381,835.7 ms
381,851.3 ms
381,857.2 ms
381,867.3500000000001 ms
381,875.6000000000001 ms
381,901.0 ms
381,917.3499999999999 ms
381,943.9000000000001 ms
381,947.05 ms
381,966.5999999999999 ms
381,969.05 ms
381,978.5 ms
381,984.95 ms
381,992.3500000000001 ms
381,1006.8500000000001 ms
381,1008.0 ms
381,1008.5999999999999 ms
381,1037.25 ms
381,1042.4 ms
381,1044.15 ms
381,1059.65 ms
381,1065.6 ms
381,1075.15 ms
381,1086.6 ms
381,1102.7000000000003 ms
381,1108.75 ms
381,1118.1 ms
381,1134.2999999999997 ms
381,1138.35 ms
381,1156.2999999999997 ms
381,1163.9 ms
381,1174.4999999999995 ms
381,1179.2999999999997 ms
381,1199.4999999999995 ms
381,1201.6999999999998 ms
381,1230.2999999999997 ms
381,1242.6 ms
381,1290.4999999999995 ms
381,1297.85 ms
381,1300.35 ms
381,1301.6 ms
381,1315.9999999999995 ms
381,1332.7999999999997 ms
381,1336.1999999999998 ms
381,1343.5 ms
381,1346.3499999999995 ms
381,1349.3999999999996 ms
381,1378.8999999999996 ms
381,1379.0999999999995 ms
381,1480.3999999999996 ms
381,1485.0499999999997 ms
381,1533.3999999999996 ms
381,1549.9499999999998 ms
381,1551.8499999999995 ms
381,1560.3499999999995 ms
381,1562.75 ms
381,1564.5999999999995 ms
381,1569.5 ms
381,1571.4499999999998 ms
381,1587.9499999999998 ms
381,1601.6999999999998 ms
381,1621.7999999999997 ms
381,1623.1999999999998 ms
381,1623.75 ms
381,1628.2999999999997 ms
381,1632.2499999999995 ms
381,1633.4499999999998 ms
381,1684.6 ms
381,1711.35 ms
381,1718.1999999999998 ms
381,1728.0499999999997 ms
381,1733.9999999999995 ms
381,1744.9499999999998 ms
381,1780.5499999999997 ms
381,1783.1 ms
381,1799.2999999999997 ms
381,1830.85 ms
381,1832.9499999999994 ms
381,1834.1 ms
381,1837.1499999999996 ms
381,1841.9999999999995 ms
381,1851.3499999999995 ms
381,1861.9999999999995 ms
381,1863.0999999999995 ms
381,1869.9999999999995 ms
381,1871.6499999999996 ms
381,1874.3999999999996 ms
381,1880.7499999999995 ms
381,1915.3499999999995 ms
381,1931.8499999999995 ms
381,1977.5999999999995 ms
381,1984.8499999999995 ms
381,1988.6999999999994 ms
381,2000.1499999999992 ms
381,2014.8999999999992 ms
381,2016.4499999999994 ms
381,2043.2499999999995 ms
381,2069.399999999999 ms
381,2080.599999999999 ms
381,2080.849999999999 ms
381,2085.849999999999 ms
381,2089.4499999999985 ms
381,2098.4499999999994 ms
381,2102.4499999999985 ms
381,2103.8999999999983 ms
381,2115.1999999999985 ms
381,2117.099999999999 ms
381,2123.349999999999 ms
381,2131.6999999999985 ms
381,2183.049999999999 ms
381,2228.799999999999 ms
381,2237.2499999999986 ms
381,2242.4499999999985 ms
381,2251.4499999999985 ms
381,2260.3999999999983 ms
381,2295.7499999999977 ms
381,2298.599999999998 ms
381,2314.4999999999986 ms
381,2318.1499999999983 ms
381,2320.1499999999983 ms
381,2328.1999999999985 ms
381,2331.049999999998 ms
381,2339.8999999999983 ms
381,2344.349999999998 ms
381,2352.2499999999986 ms
381,2357.799999999999 ms
381,2384.6999999999985 ms
381,2396.9999999999986 ms
381,2412.299999999999 ms
381,2422.9999999999986 ms
381,2432.2499999999986 ms
381,2498.9499999999985 ms
381,2521.349999999999 ms
381,2533.1999999999985 ms
381,2576.4999999999986 ms
381,2599.799999999999 ms
381,2616.3999999999983 ms
381,2616.6999999999985 ms
381,2630.349999999999 ms
381,2635.7499999999995 ms
381,2636.2999999999997 ms
381,2647.399999999999 ms
381,2648.9499999999994 ms
381,2650.399999999999 ms
381,2661.149999999999 ms
381,2669.7499999999986 ms
381,2676.7499999999995 ms
381,2683.9999999999986 ms
381,2697.4499999999985 ms
381,2698.3999999999983 ms
381,2713.4499999999985 ms
381,2718.4499999999994 ms
381,2719.9499999999985 ms
381,2743.1999999999994 ms
381,2750.2499999999995 ms
381,2757.7999999999997 ms
381,2764.649999999999 ms
381,2781.6999999999994 ms
381,2828.549999999999 ms
381,2830.9499999999994 ms
381,2843.85 ms
381,2846.7499999999995 ms
381,2850.7499999999995 ms
381,2864.5499999999997 ms
381,2893.5499999999997 ms
381,2931.9999999999995 ms
381,2938.0499999999997 ms
381,2972.7999999999997 ms
381,2989.1 ms
381,3003.1999999999994 ms
381,3036.4500000000003 ms
381,3041.85 ms
381,3054.7999999999997 ms
381,3068.35 ms
381,3074.0499999999997 ms
381,3076.4500000000003 ms
381,3079.15 ms
381,3080.0499999999997 ms
381,3101.649999999999 ms
381,3118.4999999999995 ms
381,3146.0499999999997 ms
381,3188.1 ms
381,3192.0000000000005 ms
381,3193.1 ms
381,3209.6999999999994 ms
381,3214.9500000000003 ms
381,3260.65 ms
381,3263.2499999999995 ms
381,3265.1999999999994 ms
381,3282.049999999999 ms
381,3296.6999999999994 ms
381,3310.299999999999 ms
381,3321.2499999999986 ms
381,3339.4999999999995 ms
381,3352.2499999999986 ms
381,3366.899999999999 ms
381,3381.349999999999 ms
381,3401.649999999999 ms
381,3412.6999999999994 ms
381,3414.049999999999 ms
381,3427.7999999999997 ms
381,3456.399999999999 ms
381,3464.399999999999 ms
381,3474.9499999999994 ms
381,3494.049999999999 ms
381,3498.5499999999997 ms
381,3522.399999999999 ms
381,3541.2999999999997 ms
381,3547.1999999999994 ms
381,3547.899999999999 ms
381,3548.2499999999986 ms
381,3554.049999999999 ms
381,3569.7499999999986 ms
381,3573.799999999999 ms
381,3584.399999999999 ms
381,3588.899999999999 ms
381,3602.4499999999994 ms
381,3628.549999999999 ms
381,3628.9499999999994 ms
381,3629.549999999999 ms
381,3637.0499999999997 ms
381,3664.399999999999 ms
381,3667.899999999999 ms
381,3681.849999999999 ms
381,3687.649999999999 ms
381,3698.599999999999 ms
381,3702.799999999999 ms
381,3702.9499999999994 ms
381,3716.049999999999 ms
381,3724.7499999999986 ms
381,3762.599999999998 ms
381,3777.4499999999985 ms
381,3779.6999999999985 ms
381,3786.099999999999 ms
381,3816.9999999999986 ms
381,3861.399999999999 ms
381,3871.8999999999983 ms
381,3879.549999999999 ms
381,3914.9999999999986 ms
381,3915.4999999999986 ms
381,3919.9999999999986 ms
381,3927.299999999999 ms
381,3930.1999999999994 ms
381,3964.899999999999 ms
381,3972.599999999999 ms
381,3973.899999999999 ms
381,3982.099999999999 ms
382,9.3 ms
382,19.200000000000003 ms
382,21.300000000000004 ms
382,36.150000000000006 ms
382,41.150000000000006 ms
382,66.55000000000001 ms
382,78.15 ms
382,85.95000000000002 ms
382,89.6 ms
382,90.30000000000001 ms
382,95.60000000000002 ms
382,125.05000000000001 ms
382,125.35000000000002 ms
382,134.05 ms
382,142.8 ms
382,149.15000000000003 ms
382,155.40000000000003 ms
382,159.40000000000003 ms
382,173.05 ms
382,202.3 ms
382,203.25 ms
382,218.39999999999998 ms
382,241.0 ms
382,247.85000000000002 ms
382,270.05000000000007 ms
382,343.4 ms
382,377.9 ms
382,413.9 ms
382,436.6 ms
382,470.45000000000005 ms
382,479.70000000000005 ms
382,505.5 ms
382,530.8000000000002 ms
382,542.95 ms
382,549.7 ms
382,568.7 ms
382,571.0 ms
382,573.8 ms
382,574.3999999999999 ms
382,577.1000000000001 ms
382,578.2 ms
382,587.55 ms
382,601.2500000000002 ms
382,604.7 ms
382,616.9000000000003 ms
382,626.2500000000002 ms
382,633.9000000000003 ms
382,639.95 ms
382,643.2500000000002 ms
382,644.8500000000001 ms
382,647.3000000000002 ms
382,661.8000000000002 ms
382,662.4500000000003 ms
382,675.8000000000002 ms
382,677.6000000000001 ms
382,684.3500000000001 ms
382,702.5500000000002 ms
382,703.1000000000001 ms
382,720.45 ms
382,724.8500000000001 ms
382,742.1000000000001 ms
382,770.3500000000001 ms
382,782.2 ms
382,786.7500000000002 ms
382,792.4000000000001 ms
382,799.7 ms
382,801.25 ms
382,813.5999999999999 ms
382,826.1500000000001 ms
382,828.5999999999999 ms
382,834.9000000000001 ms
382,843.4000000000001 ms
382,855.0 ms
382,861.6500000000001 ms
382,865.6500000000001 ms
382,869.0 ms
382,875.4000000000001 ms
382,892.0 ms
382,908.5 ms
382,910.75 ms
382,917.45 ms
382,955.8500000000001 ms
382,962.55 ms
382,981.2500000000002 ms
382,981.7500000000002 ms
382,994.45 ms
382,1000.0500000000002 ms
382,1004.2000000000003 ms
382,1006.9500000000003 ms
382,1018.4500000000003 ms
382,1046.1 ms
382,1057.35 ms
382,1060.9 ms
382,1073.85 ms
382,1085.8000000000002 ms
382,1113.9500000000003 ms
382,1126.0500000000002 ms
382,1140.75 ms
382,1156.3000000000002 ms
382,1181.0 ms
382,1190.9000000000005 ms
382,1206.6500000000005 ms
382,1214.4500000000003 ms
382,1243.4500000000003 ms
382,1255.5500000000002 ms
382,1260.7000000000003 ms
382,1276.2500000000005 ms
382,1284.85 ms
382,1294.65 ms
382,1299.15 ms
382,1300.35 ms
382,1314.1 ms
382,1315.65 ms
382,1319.3000000000002 ms
382,1328.3000000000002 ms
382,1341.8500000000004 ms
382,1346.65 ms
382,1358.85 ms
382,1360.4500000000003 ms
382,1375.9500000000003 ms
382,1393.6 ms
382,1399.85 ms
382,1405.8000000000002 ms
382,1410.9500000000003 ms
382,1417.8500000000004 ms
382,1433.9500000000003 ms
382,1456.5500000000002 ms
382,1462.3000000000002 ms
382,1463.4 ms
382,1522.4500000000003 ms
382,1533.7000000000003 ms
382,1535.2999999999997 ms
382,1540.2000000000003 ms
382,1545.15 ms
382,1567.65 ms
382,1571.85 ms
382,1573.8000000000002 ms
382,1584.5500000000002 ms
382,1600.0500000000002 ms
382,1600.8500000000004 ms
382,1603.0500000000002 ms
382,1605.9 ms
382,1615.85 ms
382,1628.6 ms
382,1633.15 ms
382,1642.5 ms
382,1662.65 ms
382,1667.15 ms
382,1681.0500000000002 ms
382,1706.5 ms
382,1719.8000000000002 ms
382,1723.4500000000003 ms
382,1723.5500000000002 ms
382,1724.8500000000004 ms
382,1746.1999999999998 ms
382,1769.6000000000004 ms
382,1804.9 ms
382,1810.2000000000003 ms
382,1823.6 ms
382,1846.4 ms
382,1849.15 ms
382,1853.9500000000003 ms
382,1880.9 ms
382,1889.4500000000003 ms
382,1892.25 ms
382,1893.65 ms
382,1897.1 ms
382,1906.5500000000002 ms
382,1912.7000000000003 ms
382,1920.8500000000004 ms
382,1982.7500000000005 ms
382,1999.9500000000003 ms
382,2034.8000000000006 ms
382,2043.5500000000006 ms
382,2058.100000000001 ms
382,2061.5500000000006 ms
382,2095.350000000001 ms
382,2101.0500000000006 ms
382,2103.850000000001 ms
382,2123.7500000000005 ms
382,2141.6 ms
382,2152.850000000001 ms
382,2157.3000000000006 ms
382,2188.600000000001 ms
382,2191.8000000000006 ms
382,2197.850000000001 ms
382,2198.0000000000005 ms
382,2209.2500000000005 ms
382,2210.1 ms
382,2232.850000000001 ms
382,2242.5500000000006 ms
382,2262.15 ms
382,2269.85 ms
382,2281.1999999999994 ms
382,2288.6 ms
382,2315.2500000000005 ms
382,2335.6 ms
382,2336.9 ms
382,2348.3000000000006 ms
382,2353.2999999999997 ms
382,2354.85 ms
382,2362.100000000001 ms
382,2364.0500000000006 ms
382,2372.9500000000003 ms
382,2378.100000000001 ms
382,2395.9500000000003 ms
382,2398.4500000000003 ms
382,2403.4 ms
382,2413.85 ms
382,2416.9 ms
382,2431.65 ms
382,2450.85 ms
382,2457.1999999999994 ms
382,2496.4999999999995 ms
382,2504.5000000000005 ms
382,2522.85 ms
382,2527.35 ms
382,2530.4499999999994 ms
382,2562.9500000000003 ms
382,2627.6999999999994 ms
382,2630.6 ms
382,2645.4 ms
382,2681.9500000000003 ms
382,2688.0499999999997 ms
382,2716.1 ms
382,2726.4 ms
382,2732.4500000000003 ms
382,2734.950000000001 ms
382,2746.5500000000006 ms
382,2748.950000000001 ms
382,2775.350000000001 ms
382,2825.5500000000006 ms
382,2838.7500000000005 ms
382,2851.4500000000003 ms
382,2874.2500000000005 ms
382,2914.650000000001 ms
382,2916.350000000001 ms
382,2932.8000000000006 ms
382,2935.7000000000003 ms
382,2952.7000000000003 ms
382,2981.7999999999997 ms
382,3001.3000000000006 ms
382,3008.4 ms
382,3031.2499999999995 ms
382,3050.2500000000005 ms
382,3067.9 ms
382,3080.85 ms
382,3083.5000000000005 ms
382,3085.15 ms
382,3104.2499999999995 ms
382,3105.2999999999997 ms
382,3108.7000000000003 ms
382,3115.100000000001 ms
382,3125.7500000000005 ms
382,3137.85 ms
382,3140.350000000001 ms
382,3149.7500000000005 ms
382,3150.1 ms
382,3162.65 ms
382,3175.0500000000006 ms
382,3178.0000000000005 ms
382,3178.7500000000005 ms
382,3201.9500000000003 ms
382,3254.65 ms
382,3258.2499999999995 ms
382,3263.0000000000005 ms
382,3272.0500000000006 ms
382,3288.350000000001 ms
382,3303.9500000000003 ms
382,3318.2999999999997 ms
382,3333.1 ms
382,3336.9 ms
382,3360.1 ms
382,3391.850000000001 ms
382,3400.85 ms
382,3408.4 ms
382,3413.900000000001 ms
382,3447.0000000000005 ms
382,3484.4500000000003 ms
382,3502.0000000000005 ms
382,3504.7000000000003 ms
382,3531.4500000000003 ms
382,3551.2500000000005 ms
382,3556.5000000000005 ms
382,3570.150000000001 ms
382,3582.9 ms
382,3610.900000000001 ms
382,3617.350000000001 ms
382,3628.3000000000006 ms
382,3633.0499999999997 ms
382,3650.2000000000003 ms
382,3679.15 ms
382,3696.9 ms
382,3727.5500000000006 ms
382,3727.7999999999997 ms
382,3731.5500000000006 ms
382,3740.100000000001 ms
382,3743.85 ms
382,3757.0000000000005 ms
382,3759.9500000000003 ms
382,3808.7500000000005 ms
382,3810.9500000000003 ms
382,3858.0499999999997 ms
382,3862.0500000000006 ms
382,3881.2000000000003 ms
382,3882.2999999999997 ms
382,3914.9 ms
382,3947.4999999999995 ms
382,3950.1 ms
382,3955.9 ms
382,3975.7499999999995 ms
382,3982.15 ms
382,3984.65 ms
383,36.050000000000004 ms
383,41.65000000000001 ms
383,50.850000000000016 ms
383,62.1 ms
383,84.95000000000002 ms
383,87.10000000000002 ms
383,121.80000000000001 ms
383,123.75000000000003 ms
383,135.55000000000004 ms
383,137.50000000000003 ms
383,158.75000000000003 ms
383,158.85 ms
383,174.04999999999998 ms
383,175.55000000000004 ms
383,186.04999999999998 ms
383,187.74999999999997 ms
383,191.94999999999996 ms
383,202.29999999999998 ms
383,206.70000000000002 ms
383,217.04999999999998 ms
383,247.85 ms
383,255.9 ms
383,262.45000000000005 ms
383,277.45000000000005 ms
383,280.25 ms
383,289.95000000000005 ms
383,294.3499999999999 ms
383,327.29999999999995 ms
383,336.25 ms
383,340.8499999999999 ms
383,352.3499999999999 ms
383,363.70000000000005 ms
383,372.20000000000005 ms
383,375.20000000000005 ms
383,378.4 ms
383,379.65 ms
383,388.94999999999993 ms
383,396.05000000000007 ms
383,401.30000000000007 ms
383,419.1 ms
383,440.1 ms
383,443.6 ms
383,451.70000000000005 ms
383,462.5 ms
383,507.55000000000007 ms
383,522.85 ms
383,533.9 ms
383,551.9499999999999 ms
383,563.4 ms
383,563.9499999999999 ms
383,591.65 ms
383,595.0000000000001 ms
383,600.3000000000001 ms
383,623.7500000000001 ms
383,633.0500000000001 ms
383,641.4 ms
383,643.5000000000001 ms
383,687.0500000000001 ms
383,693.6 ms
383,733.3000000000001 ms
383,737.4499999999999 ms
383,738.5500000000001 ms
383,741.1 ms
383,768.6999999999999 ms
383,777.15 ms
383,788.2999999999998 ms
383,806.4 ms
383,826.5000000000001 ms
383,828.1 ms
383,829.0500000000001 ms
383,833.6 ms
383,847.9 ms
383,866.1999999999999 ms
383,875.1999999999999 ms
383,892.2499999999999 ms
383,900.2499999999999 ms
383,900.35 ms
383,903.2499999999999 ms
383,934.6 ms
383,938.8000000000001 ms
383,941.0000000000001 ms
383,950.6 ms
383,950.9999999999999 ms
383,984.65 ms
383,989.1 ms
383,993.15 ms
383,997.7500000000001 ms
383,1015.4999999999999 ms
383,1017.35 ms
383,1022.9999999999999 ms
383,1026.9 ms
383,1051.5 ms
383,1063.65 ms
383,1071.6 ms
383,1076.6 ms
383,1079.8000000000002 ms
383,1084.15 ms
383,1087.25 ms
383,1109.0500000000002 ms
383,1115.3999999999996 ms
383,1128.5500000000002 ms
383,1161.6999999999998 ms
383,1165.1000000000004 ms
383,1177.5 ms
383,1201.1500000000005 ms
383,1206.7000000000003 ms
383,1206.9 ms
383,1212.9500000000003 ms
383,1221.0000000000005 ms
383,1226.3000000000002 ms
383,1261.25 ms
383,1262.3500000000004 ms
383,1262.9499999999998 ms
383,1265.5500000000002 ms
383,1275.5 ms
383,1320.9499999999998 ms
383,1330.75 ms
383,1331.25 ms
383,1353.25 ms
383,1375.4499999999998 ms
383,1385.8500000000004 ms
383,1405.4 ms
383,1410.5500000000002 ms
383,1413.9500000000003 ms
383,1448.0000000000005 ms
383,1459.85 ms
383,1468.8000000000002 ms
383,1496.8000000000002 ms
383,1508.75 ms
383,1511.0 ms
383,1517.8500000000004 ms
383,1532.6999999999998 ms
383,1546.25 ms
383,1552.0500000000002 ms
383,1558.8000000000002 ms
383,1573.1499999999996 ms
383,1579.75 ms
383,1596.8999999999996 ms
383,1605.3999999999996 ms
383,1657.8000000000002 ms
383,1671.75 ms
383,1677.15 ms
383,1724.25 ms
383,1731.4499999999998 ms
383,1774.6999999999998 ms
383,1781.5 ms
383,1790.65 ms
383,1819.4 ms
383,1823.0 ms
383,1830.6 ms
383,1862.65 ms
383,1864.4999999999995 ms
383,1904.4499999999998 ms
383,1931.6999999999998 ms
383,1951.9499999999998 ms
383,1956.75 ms
383,1961.25 ms
383,1983.2999999999997 ms
383,1988.7499999999995 ms
383,2004.2499999999995 ms
383,2009.4 ms
383,2036.7999999999997 ms
383,2040.5499999999997 ms
383,2040.7999999999997 ms
383,2052.1 ms
383,2053.15 ms
383,2078.0500000000006 ms
383,2107.5000000000005 ms
383,2126.9 ms
383,2140.9 ms
383,2150.35 ms
383,2151.9 ms
383,2152.6 ms
383,2161.6 ms
383,2183.0499999999997 ms
383,2190.5499999999997 ms
383,2191.2499999999995 ms
383,2194.65 ms
383,2195.7000000000003 ms
383,2223.4499999999994 ms
383,2226.399999999999 ms
383,2231.4499999999994 ms
383,2239.5499999999997 ms
383,2265.35 ms
383,2268.0000000000005 ms
383,2274.2000000000003 ms
383,2281.9 ms
383,2284.4999999999995 ms
383,2285.2999999999997 ms
383,2286.7999999999997 ms
383,2288.85 ms
383,2290.2500000000005 ms
383,2290.7000000000003 ms
383,2309.4 ms
383,2321.649999999999 ms
383,2325.5499999999997 ms
383,2333.0499999999997 ms
383,2336.2000000000003 ms
383,2347.7500000000005 ms
383,2362.4999999999995 ms
383,2370.9499999999994 ms
383,2373.149999999999 ms
383,2377.7499999999995 ms
383,2386.099999999999 ms
383,2390.649999999999 ms
383,2394.15 ms
383,2396.9500000000003 ms
383,2429.9499999999994 ms
383,2430.4999999999995 ms
383,2435.4 ms
383,2448.2000000000003 ms
383,2476.15 ms
383,2492.8000000000006 ms
383,2519.100000000001 ms
383,2526.6 ms
383,2526.7999999999997 ms
383,2551.0500000000006 ms
383,2554.5499999999997 ms
383,2580.2499999999995 ms
383,2590.9499999999994 ms
383,2592.399999999999 ms
383,2608.099999999999 ms
383,2634.4999999999995 ms
383,2638.15 ms
383,2642.2000000000003 ms
383,2669.35 ms
383,2681.7500000000005 ms
383,2692.4999999999995 ms
383,2713.0499999999997 ms
383,2714.2499999999995 ms
383,2733.9499999999994 ms
383,2750.1 ms
383,2754.5000000000005 ms
383,2760.4500000000003 ms
383,2791.2500000000005 ms
383,2805.65 ms
383,2818.2499999999995 ms
383,2828.6999999999994 ms
383,2833.9999999999995 ms
383,2837.35 ms
383,2845.15 ms
383,2877.4 ms
383,2885.1 ms
383,2898.7999999999997 ms
383,2906.4500000000003 ms
383,2933.9 ms
383,2935.9500000000003 ms
383,2984.1 ms
383,2985.2999999999997 ms
383,2987.0499999999997 ms
383,3015.2999999999997 ms
383,3015.6 ms
383,3017.2999999999997 ms
383,3021.0499999999997 ms
383,3035.7499999999995 ms
383,3041.2999999999997 ms
383,3074.7999999999997 ms
383,3083.4500000000003 ms
383,3115.4 ms
383,3119.2000000000003 ms
383,3120.35 ms
383,3137.9 ms
383,3158.15 ms
383,3178.35 ms
383,3179.4 ms
383,3192.3000000000006 ms
383,3193.850000000001 ms
383,3208.5500000000006 ms
383,3217.2999999999997 ms
383,3228.4 ms
383,3238.8000000000006 ms
383,3253.65 ms
383,3255.3000000000006 ms
383,3257.9500000000003 ms
383,3261.2500000000005 ms
383,3266.8000000000006 ms
383,3291.5500000000006 ms
383,3295.9 ms
383,3299.8000000000006 ms
383,3303.3000000000006 ms
383,3323.3000000000006 ms
383,3347.15 ms
383,3351.400000000001 ms
383,3364.5500000000006 ms
383,3372.5000000000005 ms
383,3409.400000000001 ms
383,3412.7500000000005 ms
383,3422.85 ms
383,3423.9500000000003 ms
383,3431.7999999999997 ms
383,3435.4999999999995 ms
383,3441.35 ms
383,3461.5000000000005 ms
383,3464.6 ms
383,3469.35 ms
383,3492.4 ms
383,3519.6 ms
383,3542.0499999999997 ms
383,3552.149999999999 ms
383,3570.9 ms
383,3578.5499999999997 ms
383,3580.7000000000003 ms
383,3586.4 ms
383,3616.2999999999997 ms
383,3627.35 ms
383,3636.1 ms
383,3640.2999999999997 ms
383,3664.649999999999 ms
383,3683.4499999999994 ms
383,3685.0499999999997 ms
383,3697.4999999999995 ms
383,3700.4499999999994 ms
383,3702.149999999999 ms
383,3702.899999999999 ms
383,3731.849999999999 ms
383,3742.2499999999995 ms
383,3748.899999999999 ms
383,3773.9499999999994 ms
383,3774.4999999999995 ms
383,3792.099999999999 ms
383,3792.9499999999994 ms
383,3813.1999999999994 ms
383,3813.4499999999994 ms
383,3820.1999999999994 ms
383,3855.149999999999 ms
383,3855.849999999999 ms
383,3868.4999999999995 ms
383,3879.0499999999997 ms
383,3890.799999999999 ms
383,3900.5499999999997 ms
383,3915.7499999999995 ms
383,3972.899999999999 ms
383,3991.6999999999994 ms
383,3996.899999999999 ms
384,15.450000000000001 ms
384,19.700000000000003 ms
384,29.950000000000003 ms
384,39.60000000000001 ms
384,52.2 ms
384,56.150000000000006 ms
384,63.55000000000001 ms
384,70.15 ms
384,81.9 ms
384,88.35 ms
384,99.95000000000002 ms
384,107.15 ms
384,117.65 ms
384,176.05000000000004 ms
384,177.20000000000002 ms
384,177.75000000000003 ms
384,181.45000000000002 ms
384,192.65 ms
384,197.20000000000002 ms
384,201.35000000000005 ms
384,216.20000000000002 ms
384,227.79999999999998 ms
384,233.85 ms
384,252.04999999999998 ms
384,260.9000000000001 ms
384,263.6500000000001 ms
384,275.6 ms
384,277.6 ms
384,277.85 ms
384,283.45000000000005 ms
384,309.75 ms
384,324.05000000000007 ms
384,344.0000000000001 ms
384,376.5000000000001 ms
384,376.70000000000005 ms
384,384.6500000000001 ms
384,386.6500000000001 ms
384,402.25 ms
384,434.55000000000007 ms
384,456.70000000000005 ms
384,462.1 ms
384,466.1 ms
384,551.6500000000001 ms
384,557.25 ms
384,605.9000000000001 ms
384,620.25 ms
384,634.25 ms
384,645.6000000000001 ms
384,649.5000000000002 ms
384,668.3 ms
384,670.95 ms
384,671.75 ms
384,684.1500000000001 ms
384,696.55 ms
384,719.45 ms
384,738.3499999999999 ms
384,738.8499999999999 ms
384,741.55 ms
384,747.55 ms
384,781.25 ms
384,796.75 ms
384,801.0999999999999 ms
384,805.5999999999999 ms
384,812.6500000000001 ms
384,814.4499999999998 ms
384,827.3 ms
384,842.5999999999999 ms
384,848.8 ms
384,861.25 ms
384,866.5999999999999 ms
384,867.95 ms
384,869.0 ms
384,876.2 ms
384,899.5 ms
384,927.75 ms
384,931.25 ms
384,952.1500000000001 ms
384,952.8499999999999 ms
384,1002.5500000000002 ms
384,1007.0500000000002 ms
384,1011.5999999999999 ms
384,1049.7999999999997 ms
384,1079.2999999999997 ms
384,1087.4500000000003 ms
384,1091.4 ms
384,1099.0500000000002 ms
384,1100.4500000000003 ms
384,1114.8000000000002 ms
384,1116.0 ms
384,1130.6500000000005 ms
384,1156.3000000000002 ms
384,1163.1000000000004 ms
384,1192.5000000000005 ms
384,1194.8500000000004 ms
384,1199.6500000000005 ms
384,1203.6500000000005 ms
384,1214.7000000000003 ms
384,1230.2000000000003 ms
384,1230.9500000000003 ms
384,1243.6000000000004 ms
384,1256.4000000000005 ms
384,1257.75 ms
384,1278.8500000000004 ms
384,1299.75 ms
384,1308.8500000000004 ms
384,1309.8000000000002 ms
384,1328.0500000000002 ms
384,1330.65 ms
384,1339.75 ms
384,1357.0500000000002 ms
384,1375.6999999999998 ms
384,1382.8500000000004 ms
384,1388.1999999999998 ms
384,1395.5500000000002 ms
384,1404.4499999999998 ms
384,1404.65 ms
384,1409.5 ms
384,1413.9499999999998 ms
384,1414.9 ms
384,1423.6 ms
384,1425.85 ms
384,1485.3000000000002 ms
384,1486.25 ms
384,1488.5 ms
384,1497.2000000000003 ms
384,1509.1000000000004 ms
384,1516.8000000000002 ms
384,1519.4500000000007 ms
384,1526.5500000000002 ms
384,1536.6500000000005 ms
384,1538.7000000000003 ms
384,1554.65 ms
384,1556.7000000000003 ms
384,1558.7500000000005 ms
384,1574.7000000000003 ms
384,1579.8500000000004 ms
384,1586.6500000000005 ms
384,1595.8000000000002 ms
384,1603.9500000000007 ms
384,1607.4000000000005 ms
384,1628.2500000000005 ms
384,1671.2000000000003 ms
384,1683.2500000000005 ms
384,1684.2500000000005 ms
384,1688.4000000000005 ms
384,1707.2500000000005 ms
384,1738.1000000000004 ms
384,1752.2000000000003 ms
384,1756.9 ms
384,1757.65 ms
384,1804.7500000000005 ms
384,1811.0000000000005 ms
384,1833.6 ms
384,1845.7000000000003 ms
384,1851.35 ms
384,1857.6 ms
384,1859.4500000000003 ms
384,1860.0 ms
384,1868.1 ms
384,1870.9499999999998 ms
384,1880.85 ms
384,1884.5 ms
384,1886.4 ms
384,1912.9 ms
384,1914.75 ms
384,1934.9 ms
384,1937.9500000000003 ms
384,1964.15 ms
384,1967.9500000000003 ms
384,1969.7000000000003 ms
384,1986.9500000000003 ms
384,2020.85 ms
384,2033.7500000000005 ms
384,2055.7000000000003 ms
384,2069.7000000000003 ms
384,2082.4 ms
384,2094.65 ms
384,2185.8000000000006 ms
384,2189.4 ms
384,2196.5500000000006 ms
384,2208.600000000001 ms
384,2213.150000000001 ms
384,2218.200000000001 ms
384,2240.400000000001 ms
384,2259.0500000000006 ms
384,2260.450000000001 ms
384,2267.5000000000014 ms
384,2273.3000000000015 ms
384,2278.900000000001 ms
384,2299.200000000001 ms
384,2330.150000000001 ms
384,2348.8000000000015 ms
384,2352.150000000001 ms
384,2363.3000000000015 ms
384,2382.200000000001 ms
384,2406.8000000000006 ms
384,2408.150000000001 ms
384,2410.950000000001 ms
384,2432.5500000000006 ms
384,2450.650000000001 ms
384,2452.8000000000015 ms
384,2468.950000000001 ms
384,2490.2500000000014 ms
384,2491.100000000001 ms
384,2523.3500000000017 ms
384,2531.700000000001 ms
384,2538.1000000000017 ms
384,2542.5000000000014 ms
384,2579.950000000001 ms
384,2593.6000000000017 ms
384,2613.0000000000014 ms
384,2614.400000000002 ms
384,2623.400000000001 ms
384,2629.8000000000015 ms
384,2635.900000000001 ms
384,2638.950000000001 ms
384,2654.2500000000014 ms
384,2654.6000000000017 ms
384,2667.0500000000015 ms
384,2671.3500000000017 ms
384,2674.7500000000023 ms
384,2701.400000000002 ms
384,2755.0000000000014 ms
384,2774.5500000000015 ms
384,2778.1000000000017 ms
384,2796.150000000002 ms
384,2801.2500000000023 ms
384,2815.900000000003 ms
384,2832.3000000000025 ms
384,2852.5000000000023 ms
384,2856.8500000000017 ms
384,2872.5000000000023 ms
384,2878.0500000000025 ms
384,2911.5000000000023 ms
384,2917.200000000002 ms
384,2958.6000000000026 ms
384,2959.3000000000025 ms
384,2961.400000000002 ms
384,2965.450000000002 ms
384,3004.5000000000023 ms
384,3048.3500000000017 ms
384,3051.150000000002 ms
384,3059.900000000003 ms
384,3072.3500000000026 ms
384,3087.8500000000017 ms
384,3114.700000000002 ms
384,3135.400000000002 ms
384,3146.3000000000025 ms
384,3151.3500000000026 ms
384,3164.700000000002 ms
384,3165.0000000000023 ms
384,3174.0000000000023 ms
384,3197.0000000000023 ms
384,3200.7500000000023 ms
384,3210.8000000000025 ms
384,3213.0500000000025 ms
384,3218.8500000000026 ms
384,3219.8000000000025 ms
384,3254.200000000003 ms
384,3266.900000000003 ms
384,3268.5000000000023 ms
384,3270.6000000000017 ms
384,3271.6000000000026 ms
384,3271.950000000002 ms
384,3273.200000000002 ms
384,3273.8500000000026 ms
384,3277.950000000002 ms
384,3289.400000000002 ms
384,3290.150000000002 ms
384,3308.1000000000017 ms
384,3322.150000000002 ms
384,3352.5000000000014 ms
384,3355.5500000000015 ms
384,3359.900000000002 ms
384,3369.6000000000017 ms
384,3385.6000000000017 ms
384,3404.200000000001 ms
384,3422.7500000000014 ms
384,3426.5500000000015 ms
384,3452.7500000000014 ms
384,3509.3000000000015 ms
384,3519.8000000000025 ms
384,3529.200000000002 ms
384,3539.200000000002 ms
384,3543.0500000000015 ms
384,3549.900000000002 ms
384,3550.450000000002 ms
384,3551.950000000002 ms
384,3557.8000000000015 ms
384,3563.1000000000017 ms
384,3584.950000000002 ms
384,3595.650000000002 ms
384,3599.8500000000017 ms
384,3623.200000000001 ms
384,3625.650000000001 ms
384,3639.600000000001 ms
384,3652.5000000000014 ms
384,3666.450000000001 ms
384,3668.200000000001 ms
384,3696.200000000001 ms
384,3696.400000000001 ms
384,3700.850000000001 ms
384,3716.650000000001 ms
384,3730.850000000001 ms
384,3744.350000000001 ms
384,3753.600000000001 ms
384,3776.900000000001 ms
384,3783.2500000000005 ms
384,3789.5000000000014 ms
384,3794.600000000001 ms
384,3811.2500000000014 ms
384,3819.0500000000015 ms
384,3828.950000000001 ms
384,3863.8500000000017 ms
384,3867.350000000001 ms
384,3928.2500000000014 ms
384,3933.600000000001 ms
384,3955.950000000001 ms
384,3969.400000000001 ms
384,3971.350000000001 ms
385,17.35 ms
385,18.65 ms
385,34.050000000000004 ms
385,47.050000000000004 ms
385,48.699999999999996 ms
385,55.70000000000001 ms
385,74.30000000000001 ms
385,76.10000000000002 ms
385,82.19999999999999 ms
385,88.60000000000002 ms
385,90.30000000000001 ms
385,110.45000000000002 ms
385,115.85000000000002 ms
385,127.30000000000001 ms
385,130.3 ms
385,131.75 ms
385,142.89999999999998 ms
385,156.10000000000002 ms
385,158.89999999999998 ms
385,179.85000000000002 ms
385,190.45000000000005 ms
385,200.05 ms
385,214.0 ms
385,226.95 ms
385,230.84999999999997 ms
385,246.59999999999997 ms
385,256.6 ms
385,284.15 ms
385,285.80000000000007 ms
385,315.35 ms
385,336.25 ms
385,341.54999999999995 ms
385,342.0 ms
385,348.70000000000005 ms
385,353.25 ms
385,355.04999999999995 ms
385,357.1 ms
385,364.0 ms
385,365.20000000000005 ms
385,368.79999999999995 ms
385,383.45000000000005 ms
385,384.95000000000005 ms
385,388.79999999999995 ms
385,407.45000000000005 ms
385,411.45000000000005 ms
385,416.0999999999999 ms
385,443.95000000000005 ms
385,444.65 ms
385,446.25 ms
385,467.25 ms
385,480.04999999999995 ms
385,485.54999999999995 ms
385,518.9 ms
385,531.6 ms
385,532.9999999999999 ms
385,559.5000000000001 ms
385,575.15 ms
385,618.15 ms
385,640.0000000000001 ms
385,644.2499999999999 ms
385,647.9499999999999 ms
385,667.8000000000001 ms
385,680.1999999999999 ms
385,680.9999999999999 ms
385,692.4499999999999 ms
385,703.8000000000001 ms
385,708.2500000000001 ms
385,737.1000000000003 ms
385,746.1 ms
385,768.1000000000003 ms
385,771.4000000000002 ms
385,796.7000000000002 ms
385,820.2500000000001 ms
385,830.2000000000002 ms
385,843.9499999999999 ms
385,844.6 ms
385,851.9 ms
385,919.7999999999998 ms
385,924.65 ms
385,930.5000000000001 ms
385,938.6 ms
385,940.85 ms
385,945.2000000000002 ms
385,967.6 ms
385,1005.9 ms
385,1011.5000000000001 ms
385,1035.85 ms
385,1045.2999999999997 ms
385,1053.0 ms
385,1055.75 ms
385,1072.0 ms
385,1087.75 ms
385,1112.5 ms
385,1120.4 ms
385,1173.15 ms
385,1184.3000000000002 ms
385,1255.9 ms
385,1262.5500000000002 ms
385,1263.3000000000002 ms
385,1271.0 ms
385,1310.1000000000004 ms
385,1336.5500000000002 ms
385,1358.9500000000003 ms
385,1372.6000000000004 ms
385,1381.1000000000004 ms
385,1406.0000000000005 ms
385,1424.5500000000006 ms
385,1426.8000000000006 ms
385,1440.4500000000003 ms
385,1459.9500000000003 ms
385,1469.5000000000005 ms
385,1470.9500000000003 ms
385,1496.3000000000006 ms
385,1558.65 ms
385,1565.2500000000005 ms
385,1582.35 ms
385,1598.15 ms
385,1634.4500000000003 ms
385,1642.35 ms
385,1649.35 ms
385,1669.7500000000005 ms
385,1679.3000000000002 ms
385,1691.8500000000004 ms
385,1738.9499999999998 ms
385,1757.1999999999998 ms
385,1759.0 ms
385,1776.4 ms
385,1778.1 ms
385,1786.4500000000003 ms
385,1812.6 ms
385,1852.3000000000002 ms
385,1869.3500000000004 ms
385,1885.3500000000004 ms
385,1887.25 ms
385,1899.8500000000004 ms
385,1935.6000000000004 ms
385,1935.9499999999998 ms
385,1981.8500000000004 ms
385,1982.5 ms
385,1993.75 ms
385,2006.5500000000002 ms
385,2030.5 ms
385,2031.25 ms
385,2042.8500000000004 ms
385,2074.55 ms
385,2078.25 ms
385,2085.1000000000004 ms
385,2087.3500000000004 ms
385,2088.6000000000004 ms
385,2097.95 ms
385,2116.0 ms
385,2121.8999999999996 ms
385,2127.6499999999996 ms
385,2164.5 ms
385,2169.8999999999996 ms
385,2185.1000000000004 ms
385,2213.7 ms
385,2221.45 ms
385,2227.45 ms
385,2248.0 ms
385,2278.45 ms
385,2301.3499999999995 ms
385,2307.45 ms
385,2313.0 ms
385,2317.95 ms
385,2324.95 ms
385,2340.1499999999996 ms
385,2346.95 ms
385,2352.25 ms
385,2371.95 ms
385,2382.8999999999996 ms
385,2388.0499999999993 ms
385,2388.75 ms
385,2403.699999999999 ms
385,2405.7999999999993 ms
385,2425.5499999999993 ms
385,2427.249999999999 ms
385,2435.499999999999 ms
385,2453.3999999999987 ms
385,2464.0499999999993 ms
385,2466.8999999999996 ms
385,2482.199999999999 ms
385,2486.0499999999993 ms
385,2488.6499999999996 ms
385,2500.6499999999996 ms
385,2511.699999999999 ms
385,2519.5999999999995 ms
385,2520.7999999999993 ms
385,2522.999999999999 ms
385,2527.5999999999995 ms
385,2569.0999999999995 ms
385,2570.449999999999 ms
385,2573.749999999999 ms
385,2575.6499999999987 ms
385,2586.0499999999993 ms
385,2591.949999999999 ms
385,2602.1499999999996 ms
385,2657.699999999999 ms
385,2661.5499999999993 ms
385,2689.949999999999 ms
385,2695.5 ms
385,2701.6499999999996 ms
385,2711.3499999999995 ms
385,2735.2 ms
385,2756.6499999999987 ms
385,2801.249999999999 ms
385,2803.7999999999993 ms
385,2814.0999999999995 ms
385,2819.0499999999993 ms
385,2847.0499999999993 ms
385,2856.6499999999996 ms
385,2858.449999999999 ms
385,2890.5 ms
385,2902.25 ms
385,2904.3999999999996 ms
385,2909.75 ms
385,2918.7999999999993 ms
385,2928.95 ms
385,2929.75 ms
385,2965.75 ms
385,2969.6000000000004 ms
385,2970.25 ms
385,2976.3999999999996 ms
385,3009.3 ms
385,3029.25 ms
385,3040.5 ms
385,3045.6000000000004 ms
385,3061.25 ms
385,3062.45 ms
385,3067.8499999999995 ms
385,3087.75 ms
385,3099.95 ms
385,3107.3499999999995 ms
385,3132.8 ms
385,3147.05 ms
385,3150.95 ms
385,3156.2 ms
385,3174.95 ms
385,3202.5999999999995 ms
385,3203.7 ms
385,3218.3 ms
385,3235.3499999999995 ms
385,3253.8 ms
385,3258.8999999999996 ms
385,3262.3499999999995 ms
385,3276.3999999999996 ms
385,3301.95 ms
385,3302.0999999999995 ms
385,3316.6500000000005 ms
385,3318.0 ms
385,3343.6000000000004 ms
385,3349.25 ms
385,3350.75 ms
385,3450.8999999999996 ms
385,3456.3 ms
385,3462.1000000000004 ms
385,3479.25 ms
385,3494.6000000000004 ms
385,3508.6500000000005 ms
385,3539.9500000000007 ms
385,3549.7000000000007 ms
385,3551.6500000000005 ms
385,3554.05 ms
385,3567.6000000000013 ms
385,3595.500000000001 ms
385,3599.6500000000005 ms
385,3610.4000000000005 ms
385,3616.1500000000005 ms
385,3637.550000000001 ms
385,3637.7000000000007 ms
385,3641.800000000001 ms
385,3647.4000000000015 ms
385,3680.3500000000004 ms
385,3691.750000000001 ms
385,3693.7000000000007 ms
385,3705.4000000000005 ms
385,3713.000000000001 ms
385,3717.4000000000005 ms
385,3717.8 ms
385,3723.4000000000005 ms
385,3762.1000000000004 ms
385,3779.9500000000007 ms
385,3798.6000000000004 ms
385,3802.25 ms
385,3808.4000000000005 ms
385,3824.250000000001 ms
385,3839.4000000000005 ms
385,3848.6000000000004 ms
385,3876.6500000000005 ms
385,3886.750000000001 ms
385,3891.45 ms
385,3901.3 ms
385,3926.55 ms
385,3936.0 ms
385,3939.45 ms
385,3941.5 ms
385,3964.3999999999996 ms
385,3977.2000000000007 ms
385,3977.9500000000007 ms
385,3981.6499999999996 ms
385,3987.1000000000004 ms
386,0.4 ms
386,8.65 ms
386,12.1 ms
386,43.800000000000004 ms
386,52.199999999999996 ms
386,54.35 ms
386,89.35 ms
386,105.65 ms
386,107.65 ms
386,112.74999999999997 ms
386,117.79999999999998 ms
386,118.6 ms
386,119.69999999999996 ms
386,149.14999999999995 ms
386,150.59999999999994 ms
386,157.79999999999993 ms
386,183.24999999999991 ms
386,183.34999999999994 ms
386,209.59999999999994 ms
386,251.34999999999994 ms
386,268.69999999999993 ms
386,281.29999999999995 ms
386,282.15 ms
386,285.29999999999995 ms
386,286.44999999999993 ms
386,309.0999999999999 ms
386,320.0999999999999 ms
386,343.89999999999986 ms
386,356.44999999999993 ms
386,389.15 ms
386,397.69999999999993 ms
386,400.94999999999993 ms
386,405.29999999999995 ms
386,433.9 ms
386,446.79999999999995 ms
386,469.65 ms
386,477.94999999999993 ms
386,482.0 ms
386,485.45000000000005 ms
386,489.29999999999995 ms
386,490.70000000000005 ms
386,499.29999999999995 ms
386,516.75 ms
386,517.0 ms
386,539.8 ms
386,572.8499999999999 ms
386,589.6999999999998 ms
386,608.6999999999998 ms
386,616.1500000000001 ms
386,637.9000000000001 ms
386,642.55 ms
386,645.25 ms
386,659.1500000000001 ms
386,669.0999999999999 ms
386,679.8000000000002 ms
386,679.95 ms
386,690.6500000000001 ms
386,694.6500000000001 ms
386,698.3500000000001 ms
386,703.95 ms
386,723.1000000000001 ms
386,751.2500000000002 ms
386,765.6000000000001 ms
386,767.7 ms
386,791.7500000000002 ms
386,859.6000000000001 ms
386,887.5000000000002 ms
386,887.8500000000001 ms
386,893.8500000000001 ms
386,894.7 ms
386,928.7500000000002 ms
386,941.45 ms
386,954.5500000000002 ms
386,959.3000000000002 ms
386,963.5500000000002 ms
386,983.8000000000002 ms
386,987.4000000000001 ms
386,1048.65 ms
386,1049.2000000000003 ms
386,1050.25 ms
386,1077.9 ms
386,1098.8000000000002 ms
386,1103.8000000000002 ms
386,1107.75 ms
386,1108.2000000000003 ms
386,1114.0500000000002 ms
386,1135.1000000000004 ms
386,1152.1999999999998 ms
386,1164.5500000000002 ms
386,1166.75 ms
386,1170.1 ms
386,1179.65 ms
386,1188.4 ms
386,1195.9 ms
386,1219.35 ms
386,1279.9499999999998 ms
386,1286.1499999999996 ms
386,1301.3999999999996 ms
386,1307.5 ms
386,1315.0999999999995 ms
386,1324.7999999999997 ms
386,1331.5499999999997 ms
386,1331.85 ms
386,1353.35 ms
386,1369.6 ms
386,1372.7999999999997 ms
386,1374.0499999999997 ms
386,1383.4999999999995 ms
386,1390.5499999999997 ms
386,1399.3999999999996 ms
386,1410.0999999999995 ms
386,1441.6999999999998 ms
386,1444.0999999999995 ms
386,1450.7999999999997 ms
386,1457.7499999999995 ms
386,1465.0499999999997 ms
386,1482.6 ms
386,1504.35 ms
386,1513.35 ms
386,1524.1999999999994 ms
386,1531.2499999999995 ms
386,1532.0499999999997 ms
386,1535.9999999999995 ms
386,1550.9499999999994 ms
386,1562.1 ms
386,1575.8999999999996 ms
386,1596.3499999999995 ms
386,1602.25 ms
386,1630.5499999999997 ms
386,1639.3999999999996 ms
386,1641.0999999999995 ms
386,1648.3999999999996 ms
386,1652.5999999999995 ms
386,1664.8999999999996 ms
386,1665.8499999999995 ms
386,1671.5 ms
386,1676.3499999999995 ms
386,1687.3499999999995 ms
386,1695.5499999999997 ms
386,1697.7499999999995 ms
386,1705.5499999999997 ms
386,1708.9499999999998 ms
386,1711.85 ms
386,1724.2999999999997 ms
386,1744.6 ms
386,1754.0 ms
386,1765.9 ms
386,1780.4500000000003 ms
386,1810.7000000000003 ms
386,1820.4 ms
386,1840.9 ms
386,1844.75 ms
386,1845.75 ms
386,1867.3000000000002 ms
386,1885.0 ms
386,1887.25 ms
386,1888.6 ms
386,1900.1999999999998 ms
386,1900.9499999999998 ms
386,1907.75 ms
386,1918.3499999999995 ms
386,1919.3999999999996 ms
386,1931.6999999999998 ms
386,1934.0999999999995 ms
386,1936.8499999999995 ms
386,1940.1499999999996 ms
386,1947.7499999999995 ms
386,1950.5499999999997 ms
386,1976.8499999999995 ms
386,1988.8499999999995 ms
386,2006.1499999999996 ms
386,2018.6999999999994 ms
386,2028.2499999999995 ms
386,2034.8999999999992 ms
386,2040.4499999999994 ms
386,2044.5499999999993 ms
386,2044.6999999999994 ms
386,2047.3999999999992 ms
386,2062.9999999999995 ms
386,2084.2499999999995 ms
386,2109.6999999999994 ms
386,2159.9499999999994 ms
386,2176.35 ms
386,2182.2999999999997 ms
386,2184.4499999999994 ms
386,2195.149999999999 ms
386,2199.5499999999997 ms
386,2202.649999999999 ms
386,2204.9999999999986 ms
386,2206.899999999999 ms
386,2207.1999999999994 ms
386,2227.35 ms
386,2229.7999999999997 ms
386,2233.6999999999994 ms
386,2244.1999999999994 ms
386,2244.35 ms
386,2264.4999999999995 ms
386,2286.9499999999994 ms
386,2302.4999999999995 ms
386,2306.849999999999 ms
386,2313.049999999999 ms
386,2313.349999999999 ms
386,2316.799999999999 ms
386,2322.349999999999 ms
386,2328.649999999999 ms
386,2333.4499999999994 ms
386,2346.899999999999 ms
386,2365.4499999999994 ms
386,2365.899999999999 ms
386,2367.9 ms
386,2397.35 ms
386,2404.4499999999994 ms
386,2424.149999999999 ms
386,2477.9999999999986 ms
386,2482.7499999999995 ms
386,2484.7499999999986 ms
386,2512.6999999999985 ms
386,2527.2499999999986 ms
386,2527.9999999999995 ms
386,2545.2499999999986 ms
386,2548.299999999999 ms
386,2548.7999999999997 ms
386,2565.7499999999995 ms
386,2567.149999999999 ms
386,2578.649999999999 ms
386,2585.399999999999 ms
386,2611.599999999999 ms
386,2645.849999999999 ms
386,2651.6999999999985 ms
386,2663.099999999999 ms
386,2664.7499999999995 ms
386,2680.2499999999986 ms
386,2707.6999999999985 ms
386,2714.799999999999 ms
386,2719.4999999999986 ms
386,2727.099999999998 ms
386,2758.299999999998 ms
386,2764.4499999999985 ms
386,2779.2499999999986 ms
386,2780.799999999999 ms
386,2796.7499999999986 ms
386,2811.149999999999 ms
386,2837.299999999999 ms
386,2860.1499999999983 ms
386,2892.399999999999 ms
386,2894.1999999999994 ms
386,2928.349999999999 ms
386,2939.799999999999 ms
386,2940.349999999999 ms
386,2998.299999999999 ms
386,3005.1499999999983 ms
386,3006.6999999999985 ms
386,3012.3999999999983 ms
386,3028.799999999999 ms
386,3035.7499999999986 ms
386,3053.7499999999986 ms
386,3069.9499999999985 ms
386,3088.1499999999983 ms
386,3093.6999999999985 ms
386,3108.049999999998 ms
386,3109.2499999999977 ms
386,3109.9999999999986 ms
386,3114.099999999998 ms
386,3116.3999999999983 ms
386,3131.299999999999 ms
386,3132.799999999998 ms
386,3136.1499999999983 ms
386,3140.4999999999977 ms
386,3160.349999999998 ms
386,3165.799999999998 ms
386,3174.8999999999974 ms
386,3181.9499999999975 ms
386,3192.349999999998 ms
386,3193.1999999999975 ms
386,3196.349999999998 ms
386,3201.849999999998 ms
386,3204.349999999998 ms
386,3208.849999999998 ms
386,3211.049999999998 ms
386,3211.1499999999974 ms
386,3215.299999999998 ms
386,3225.6999999999985 ms
386,3235.6499999999983 ms
386,3247.4999999999977 ms
386,3273.2499999999977 ms
386,3292.4999999999977 ms
386,3302.1499999999983 ms
386,3311.599999999998 ms
386,3320.849999999997 ms
386,3327.599999999998 ms
386,3355.6499999999983 ms
386,3374.4999999999977 ms
386,3378.1999999999975 ms
386,3388.4499999999975 ms
386,3394.849999999998 ms
386,3395.049999999998 ms
386,3406.049999999997 ms
386,3417.6499999999974 ms
386,3418.249999999997 ms
386,3443.9499999999966 ms
386,3447.299999999997 ms
386,3455.299999999997 ms
386,3458.799999999997 ms
386,3468.299999999997 ms
386,3497.549999999997 ms
386,3505.799999999997 ms
386,3589.1499999999965 ms
386,3606.3999999999974 ms
386,3606.849999999997 ms
386,3654.8999999999974 ms
386,3677.3999999999965 ms
386,3680.249999999997 ms
386,3685.299999999997 ms
386,3695.4499999999975 ms
386,3710.9499999999966 ms
386,3717.1499999999965 ms
386,3745.499999999997 ms
386,3756.3499999999963 ms
386,3769.099999999997 ms
386,3770.0999999999963 ms
386,3779.599999999997 ms
386,3789.799999999997 ms
386,3815.8999999999965 ms
386,3850.249999999996 ms
386,3858.8999999999965 ms
386,3893.4499999999966 ms
386,3908.499999999997 ms
386,3928.6499999999974 ms
386,3930.1999999999975 ms
386,3939.799999999997 ms
386,3940.099999999997 ms
386,3944.299999999997 ms
386,3947.049999999997 ms
386,3950.6499999999965 ms
386,3968.8999999999974 ms
386,3992.249999999997 ms
387,2.8000000000000003 ms
387,12.8 ms
387,15.2 ms
387,18.750000000000004 ms
387,37.35000000000001 ms
387,48.85000000000001 ms
387,50.45 ms
387,65.15 ms
387,80.05000000000001 ms
387,93.15 ms
387,94.95000000000002 ms
387,107.6 ms
387,110.6 ms
387,125.55000000000001 ms
387,132.55 ms
387,144.75 ms
387,144.89999999999998 ms
387,149.35000000000002 ms
387,149.89999999999998 ms
387,152.8 ms
387,156.0 ms
387,162.3 ms
387,177.0 ms
387,181.0 ms
387,212.5 ms
387,222.14999999999998 ms
387,222.75 ms
387,240.25 ms
387,264.3 ms
387,274.8 ms
387,278.8 ms
387,287.2 ms
387,295.59999999999997 ms
387,298.90000000000003 ms
387,302.3 ms
387,329.40000000000003 ms
387,333.34999999999997 ms
387,337.24999999999994 ms
387,352.9499999999999 ms
387,365.6499999999999 ms
387,371.95 ms
387,410.6499999999999 ms
387,411.5499999999999 ms
387,432.4499999999999 ms
387,456.1999999999999 ms
387,457.6999999999999 ms
387,462.2999999999999 ms
387,509.24999999999983 ms
387,551.8499999999999 ms
387,605.9499999999998 ms
387,626.4499999999998 ms
387,627.75 ms
387,647.5 ms
387,652.0999999999999 ms
387,662.5 ms
387,665.1499999999999 ms
387,683.3999999999999 ms
387,684.55 ms
387,713.5999999999997 ms
387,715.4999999999998 ms
387,719.9999999999998 ms
387,720.3999999999999 ms
387,727.5499999999997 ms
387,740.3499999999997 ms
387,760.7499999999998 ms
387,780.8999999999996 ms
387,790.5499999999997 ms
387,793.0499999999997 ms
387,814.2499999999995 ms
387,825.6499999999996 ms
387,839.7499999999995 ms
387,851.4499999999998 ms
387,856.0999999999997 ms
387,862.5499999999997 ms
387,877.0499999999997 ms
387,895.8999999999996 ms
387,921.0999999999999 ms
387,923.8999999999996 ms
387,940.4999999999998 ms
387,987.8499999999997 ms
387,1011.6999999999998 ms
387,1012.6499999999999 ms
387,1015.4999999999998 ms
387,1045.1499999999999 ms
387,1050.4999999999998 ms
387,1061.1499999999999 ms
387,1064.3 ms
387,1073.7 ms
387,1081.1000000000001 ms
387,1104.2 ms
387,1109.6500000000003 ms
387,1109.95 ms
387,1116.7 ms
387,1133.4000000000003 ms
387,1138.3999999999999 ms
387,1138.9999999999998 ms
387,1144.2500000000002 ms
387,1145.55 ms
387,1154.5000000000002 ms
387,1178.4000000000003 ms
387,1181.3000000000004 ms
387,1186.6000000000001 ms
387,1190.2500000000002 ms
387,1197.4000000000003 ms
387,1213.6000000000006 ms
387,1214.0000000000007 ms
387,1229.9500000000005 ms
387,1231.2500000000002 ms
387,1246.4000000000003 ms
387,1248.9500000000005 ms
387,1258.9500000000005 ms
387,1275.8500000000006 ms
387,1277.3000000000009 ms
387,1280.3000000000004 ms
387,1282.6000000000006 ms
387,1286.0000000000007 ms
387,1294.7500000000007 ms
387,1295.7500000000007 ms
387,1302.1500000000008 ms
387,1332.7500000000007 ms
387,1340.5000000000007 ms
387,1345.3500000000006 ms
387,1351.9000000000003 ms
387,1355.0500000000004 ms
387,1362.8000000000009 ms
387,1388.3500000000006 ms
387,1396.2500000000007 ms
387,1404.4000000000008 ms
387,1424.7500000000007 ms
387,1425.5000000000007 ms
387,1428.3500000000006 ms
387,1431.4000000000003 ms
387,1448.7000000000005 ms
387,1453.1000000000006 ms
387,1469.7500000000007 ms
387,1473.4000000000008 ms
387,1490.6500000000008 ms
387,1491.600000000001 ms
387,1491.8500000000006 ms
387,1494.0500000000009 ms
387,1496.1000000000006 ms
387,1499.5500000000009 ms
387,1504.0500000000009 ms
387,1512.200000000001 ms
387,1527.5500000000009 ms
387,1554.3500000000006 ms
387,1568.100000000001 ms
387,1573.700000000001 ms
387,1578.9500000000005 ms
387,1586.3500000000006 ms
387,1586.7500000000007 ms
387,1588.5500000000009 ms
387,1592.0000000000011 ms
387,1611.350000000001 ms
387,1620.1000000000006 ms
387,1640.2500000000007 ms
387,1661.6500000000008 ms
387,1665.850000000001 ms
387,1669.850000000001 ms
387,1674.9000000000008 ms
387,1677.200000000001 ms
387,1679.450000000001 ms
387,1688.5500000000009 ms
387,1695.4000000000008 ms
387,1717.600000000001 ms
387,1737.4000000000008 ms
387,1758.350000000001 ms
387,1777.8500000000006 ms
387,1780.6500000000008 ms
387,1816.5000000000007 ms
387,1831.1500000000008 ms
387,1868.0000000000007 ms
387,1868.2500000000007 ms
387,1871.6000000000006 ms
387,1899.8500000000006 ms
387,1901.6000000000006 ms
387,1918.6500000000003 ms
387,1919.3500000000006 ms
387,1928.4000000000003 ms
387,1929.8000000000004 ms
387,1942.8000000000009 ms
387,1958.7500000000007 ms
387,1958.9000000000008 ms
387,1961.100000000001 ms
387,1973.5000000000011 ms
387,1995.200000000001 ms
387,2023.5000000000007 ms
387,2024.3500000000006 ms
387,2028.6500000000008 ms
387,2032.4000000000008 ms
387,2035.100000000001 ms
387,2041.2500000000011 ms
387,2049.4000000000015 ms
387,2051.550000000001 ms
387,2053.000000000001 ms
387,2059.4000000000005 ms
387,2103.800000000001 ms
387,2109.7000000000007 ms
387,2110.8500000000013 ms
387,2120.500000000001 ms
387,2122.300000000002 ms
387,2122.6500000000015 ms
387,2169.000000000002 ms
387,2193.7000000000007 ms
387,2194.500000000002 ms
387,2199.800000000001 ms
387,2202.300000000001 ms
387,2222.800000000001 ms
387,2225.500000000002 ms
387,2238.4500000000007 ms
387,2250.000000000002 ms
387,2253.3500000000013 ms
387,2258.6000000000013 ms
387,2260.500000000001 ms
387,2273.4500000000016 ms
387,2300.6500000000005 ms
387,2309.9000000000005 ms
387,2315.1500000000005 ms
387,2316.2000000000016 ms
387,2325.8500000000013 ms
387,2327.500000000001 ms
387,2355.8500000000013 ms
387,2372.8500000000013 ms
387,2419.000000000001 ms
387,2434.8500000000013 ms
387,2466.250000000001 ms
387,2466.6500000000015 ms
387,2497.500000000002 ms
387,2532.750000000002 ms
387,2541.550000000001 ms
387,2544.250000000002 ms
387,2551.6500000000015 ms
387,2553.7000000000016 ms
387,2601.4500000000016 ms
387,2629.7000000000016 ms
387,2631.9500000000016 ms
387,2638.1500000000015 ms
387,2674.4000000000015 ms
387,2682.800000000001 ms
387,2683.2000000000016 ms
387,2695.3500000000013 ms
387,2720.2000000000016 ms
387,2727.250000000002 ms
387,2734.9500000000016 ms
387,2741.9500000000016 ms
387,2751.000000000002 ms
387,2781.000000000002 ms
387,2802.9000000000015 ms
387,2803.4000000000015 ms
387,2819.250000000002 ms
387,2840.350000000002 ms
387,2841.800000000001 ms
387,2849.1500000000015 ms
387,2861.8500000000013 ms
387,2862.4000000000015 ms
387,2867.4500000000016 ms
387,2874.000000000002 ms
387,2881.1500000000015 ms
387,2923.000000000002 ms
387,2948.300000000002 ms
387,2964.000000000002 ms
387,2986.1500000000015 ms
387,3004.2000000000025 ms
387,3007.6500000000015 ms
387,3027.100000000002 ms
387,3034.4500000000016 ms
387,3041.1500000000015 ms
387,3071.4000000000015 ms
387,3071.750000000002 ms
387,3074.750000000002 ms
387,3085.300000000001 ms
387,3114.750000000002 ms
387,3126.000000000002 ms
387,3158.800000000001 ms
387,3193.100000000002 ms
387,3218.550000000001 ms
387,3232.2000000000016 ms
387,3242.7000000000016 ms
387,3243.050000000002 ms
387,3256.300000000002 ms
387,3265.4500000000016 ms
387,3269.300000000002 ms
387,3275.3500000000013 ms
387,3323.500000000002 ms
387,3342.250000000002 ms
387,3350.750000000002 ms
387,3367.750000000002 ms
387,3368.000000000002 ms
387,3402.750000000002 ms
387,3420.4000000000015 ms
387,3429.000000000002 ms
387,3433.7000000000016 ms
387,3459.9500000000016 ms
387,3461.550000000002 ms
387,3485.3500000000013 ms
387,3503.9500000000016 ms
387,3506.3500000000013 ms
387,3509.300000000002 ms
387,3521.7000000000016 ms
387,3524.4500000000016 ms
387,3531.050000000002 ms
387,3569.7000000000016 ms
387,3575.9500000000016 ms
387,3610.9000000000015 ms
387,3628.6000000000013 ms
387,3632.9000000000015 ms
387,3641.4500000000016 ms
387,3656.7000000000016 ms
387,3657.6500000000015 ms
387,3689.750000000002 ms
387,3696.4500000000007 ms
387,3699.800000000001 ms
387,3701.8500000000013 ms
387,3753.7000000000016 ms
387,3755.250000000001 ms
387,3758.000000000001 ms
387,3764.1000000000013 ms
387,3778.250000000001 ms
387,3785.8500000000013 ms
387,3791.550000000001 ms
387,3806.050000000001 ms
387,3819.250000000001 ms
387,3852.800000000001 ms
387,3861.300000000001 ms
387,3861.9500000000007 ms
387,3884.050000000001 ms
387,3892.1000000000013 ms
387,3906.500000000001 ms
387,3910.3500000000013 ms
387,3911.500000000001 ms
387,3920.8500000000013 ms
387,3929.1500000000015 ms
387,3933.4500000000016 ms
387,3944.8500000000013 ms
387,3950.250000000002 ms
387,3955.300000000002 ms
387,3965.000000000002 ms
387,3966.850000000002 ms
387,3979.050000000001 ms
388,14.850000000000001 ms
388,29.9 ms
388,45.6 ms
388,47.95000000000001 ms
388,50.050000000000004 ms
388,51.65000000000001 ms
388,55.050000000000004 ms
388,57.15000000000001 ms
388,66.0 ms
388,74.5 ms
388,87.94999999999999 ms
388,91.35000000000002 ms
388,94.60000000000002 ms
388,95.19999999999999 ms
388,98.05000000000001 ms
388,101.25 ms
388,133.25 ms
388,139.85000000000002 ms
388,161.0 ms
388,197.75 ms
388,198.2 ms
388,235.0 ms
388,245.60000000000002 ms
388,248.60000000000002 ms
388,250.89999999999998 ms
388,268.55000000000007 ms
388,297.9 ms
388,306.95000000000005 ms
388,313.6 ms
388,324.35 ms
388,350.5 ms
388,357.15 ms
388,364.04999999999995 ms
388,372.94999999999993 ms
388,379.04999999999995 ms
388,379.19999999999993 ms
388,406.0999999999999 ms
388,410.4999999999999 ms
388,413.2499999999999 ms
388,433.44999999999993 ms
388,464.3499999999998 ms
388,474.29999999999984 ms
388,485.54999999999984 ms
388,501.2499999999999 ms
388,508.2499999999999 ms
388,538.7999999999998 ms
388,539.7999999999998 ms
388,562.4999999999999 ms
388,566.6 ms
388,579.2499999999999 ms
388,623.5499999999998 ms
388,638.4 ms
388,670.6 ms
388,683.6999999999999 ms
388,687.0999999999998 ms
388,749.9999999999999 ms
388,761.7999999999998 ms
388,781.7999999999998 ms
388,791.9 ms
388,798.2499999999999 ms
388,807.0499999999998 ms
388,811.0499999999998 ms
388,835.7499999999999 ms
388,875.2999999999998 ms
388,898.2999999999998 ms
388,906.7999999999998 ms
388,909.7999999999998 ms
388,911.7499999999999 ms
388,929.2999999999998 ms
388,941.4499999999997 ms
388,970.8999999999997 ms
388,978.7999999999998 ms
388,996.0999999999998 ms
388,1002.8999999999997 ms
388,1004.8999999999997 ms
388,1066.25 ms
388,1072.8999999999996 ms
388,1083.9499999999998 ms
388,1108.1 ms
388,1115.25 ms
388,1147.4499999999998 ms
388,1168.4 ms
388,1198.1 ms
388,1201.9 ms
388,1224.85 ms
388,1248.6 ms
388,1276.9500000000003 ms
388,1283.25 ms
388,1285.3000000000002 ms
388,1286.3999999999996 ms
388,1304.85 ms
388,1333.35 ms
388,1338.9499999999998 ms
388,1352.3999999999996 ms
388,1363.5 ms
388,1368.1499999999996 ms
388,1382.75 ms
388,1393.25 ms
388,1404.8499999999995 ms
388,1410.5 ms
388,1418.5499999999997 ms
388,1441.4499999999998 ms
388,1460.1499999999996 ms
388,1464.1999999999998 ms
388,1506.5499999999997 ms
388,1527.5499999999997 ms
388,1527.9499999999998 ms
388,1534.4499999999998 ms
388,1536.35 ms
388,1539.6999999999998 ms
388,1541.1999999999998 ms
388,1547.1999999999998 ms
388,1575.9499999999998 ms
388,1598.1999999999998 ms
388,1613.6999999999998 ms
388,1628.5499999999997 ms
388,1648.1 ms
388,1660.35 ms
388,1687.1499999999996 ms
388,1712.6499999999996 ms
388,1714.4499999999998 ms
388,1732.8499999999995 ms
388,1738.7999999999997 ms
388,1753.9499999999998 ms
388,1758.1999999999998 ms
388,1797.85 ms
388,1810.6 ms
388,1822.15 ms
388,1835.6 ms
388,1838.5 ms
388,1851.65 ms
388,1862.4500000000003 ms
388,1873.0 ms
388,1875.1999999999998 ms
388,1876.3500000000004 ms
388,1884.15 ms
388,1909.3000000000002 ms
388,1934.9 ms
388,1952.85 ms
388,1988.0500000000002 ms
388,1994.9500000000003 ms
388,2008.5000000000005 ms
388,2013.7000000000003 ms
388,2028.7500000000005 ms
388,2058.75 ms
388,2061.05 ms
388,2067.0 ms
388,2097.25 ms
388,2115.1499999999996 ms
388,2117.6499999999996 ms
388,2145.4500000000007 ms
388,2152.7000000000007 ms
388,2153.7000000000007 ms
388,2167.2000000000007 ms
388,2186.3999999999996 ms
388,2205.3 ms
388,2223.3500000000004 ms
388,2247.3500000000004 ms
388,2249.2000000000007 ms
388,2250.6499999999996 ms
388,2286.1000000000004 ms
388,2294.45 ms
388,2312.05 ms
388,2313.3499999999995 ms
388,2333.1500000000005 ms
388,2353.0999999999995 ms
388,2358.05 ms
388,2372.2 ms
388,2374.1499999999996 ms
388,2378.7999999999993 ms
388,2391.8500000000004 ms
388,2395.95 ms
388,2398.5 ms
388,2403.95 ms
388,2406.3999999999996 ms
388,2416.0499999999993 ms
388,2417.5499999999993 ms
388,2455.2999999999993 ms
388,2459.3500000000004 ms
388,2463.95 ms
388,2501.7 ms
388,2503.75 ms
388,2518.8999999999996 ms
388,2520.25 ms
388,2555.8 ms
388,2576.95 ms
388,2592.9000000000005 ms
388,2615.2 ms
388,2624.45 ms
388,2633.9000000000005 ms
388,2647.25 ms
388,2655.95 ms
388,2661.05 ms
388,2681.8499999999995 ms
388,2688.0 ms
388,2697.5 ms
388,2706.25 ms
388,2713.0 ms
388,2727.05 ms
388,2727.8500000000004 ms
388,2738.8 ms
388,2744.8500000000004 ms
388,2756.4500000000007 ms
388,2762.3500000000004 ms
388,2779.25 ms
388,2795.1000000000004 ms
388,2830.9500000000007 ms
388,2831.1000000000004 ms
388,2839.2000000000007 ms
388,2854.3999999999996 ms
388,2865.75 ms
388,2882.6499999999996 ms
388,2886.3 ms
388,2893.8 ms
388,2895.8500000000004 ms
388,2896.6500000000005 ms
388,2905.7000000000007 ms
388,2918.4500000000007 ms
388,2937.7000000000007 ms
388,3018.000000000001 ms
388,3029.250000000001 ms
388,3030.3500000000013 ms
388,3049.55 ms
388,3058.8500000000013 ms
388,3067.3 ms
388,3069.8500000000013 ms
388,3079.1000000000013 ms
388,3124.500000000001 ms
388,3126.550000000001 ms
388,3144.4500000000007 ms
388,3146.9000000000015 ms
388,3149.1500000000015 ms
388,3181.500000000001 ms
388,3190.800000000001 ms
388,3193.9500000000007 ms
388,3211.250000000002 ms
388,3238.4500000000007 ms
388,3242.1000000000013 ms
388,3245.250000000001 ms
388,3264.050000000002 ms
388,3265.4500000000016 ms
388,3302.550000000002 ms
388,3303.9500000000016 ms
388,3335.1000000000013 ms
388,3344.4500000000016 ms
388,3349.300000000002 ms
388,3365.9500000000016 ms
388,3376.7000000000016 ms
388,3425.4000000000015 ms
388,3427.500000000002 ms
388,3439.7000000000007 ms
388,3466.050000000001 ms
388,3491.550000000001 ms
388,3498.1500000000015 ms
388,3517.9500000000007 ms
388,3521.1500000000015 ms
388,3522.000000000001 ms
388,3524.250000000001 ms
388,3536.1500000000005 ms
388,3551.250000000001 ms
388,3564.6000000000013 ms
388,3565.3500000000013 ms
388,3584.9500000000007 ms
388,3585.2000000000007 ms
388,3589.250000000001 ms
388,3603.4000000000005 ms
388,3606.3500000000013 ms
388,3614.000000000001 ms
388,3648.9000000000005 ms
388,3654.6000000000013 ms
388,3690.3 ms
388,3695.7000000000007 ms
388,3702.250000000001 ms
388,3705.800000000001 ms
388,3708.300000000001 ms
388,3714.550000000001 ms
388,3721.300000000001 ms
388,3725.800000000001 ms
388,3741.6000000000013 ms
388,3756.9500000000016 ms
388,3830.7000000000016 ms
388,3837.6000000000013 ms
388,3856.750000000001 ms
388,3903.9500000000016 ms
388,3912.250000000001 ms
388,3924.3500000000013 ms
388,3928.6500000000015 ms
388,3958.000000000002 ms
388,3959.550000000001 ms
389,3.0500000000000003 ms
389,6.200000000000001 ms
389,14.9 ms
389,22.35 ms
389,43.99999999999999 ms
389,50.65 ms
389,68.65 ms
389,89.30000000000001 ms
389,90.05000000000001 ms
389,93.15 ms
389,123.75 ms
389,127.75 ms
389,140.3 ms
389,144.40000000000003 ms
389,153.55 ms
389,155.95 ms
389,165.65000000000003 ms
389,168.09999999999997 ms
389,174.45 ms
389,187.7 ms
389,208.05 ms
389,209.55 ms
389,214.55 ms
389,216.8 ms
389,216.99999999999994 ms
389,217.49999999999994 ms
389,219.99999999999994 ms
389,239.2 ms
389,251.25 ms
389,265.04999999999995 ms
389,274.54999999999995 ms
389,291.29999999999995 ms
389,291.54999999999995 ms
389,300.70000000000005 ms
389,304.65 ms
389,314.69999999999993 ms
389,320.85 ms
389,330.54999999999995 ms
389,332.25 ms
389,338.04999999999995 ms
389,347.0 ms
389,351.0999999999999 ms
389,351.20000000000005 ms
389,363.9 ms
389,370.6 ms
389,390.19999999999993 ms
389,398.15 ms
389,431.0 ms
389,450.20000000000005 ms
389,460.65 ms
389,472.65 ms
389,481.94999999999993 ms
389,490.30000000000007 ms
389,491.9 ms
389,495.30000000000007 ms
389,519.55 ms
389,527.7 ms
389,544.8999999999999 ms
389,555.8 ms
389,561.05 ms
389,567.1499999999999 ms
389,567.6000000000001 ms
389,569.3999999999999 ms
389,571.5 ms
389,580.05 ms
389,600.55 ms
389,609.75 ms
389,621.1500000000001 ms
389,625.4499999999998 ms
389,625.9499999999998 ms
389,652.1500000000001 ms
389,666.25 ms
389,705.7 ms
389,710.25 ms
389,725.5999999999999 ms
389,726.2 ms
389,730.0 ms
389,733.25 ms
389,757.4000000000001 ms
389,776.3499999999999 ms
389,807.8000000000002 ms
389,811.0999999999999 ms
389,818.5 ms
389,828.25 ms
389,855.2 ms
389,855.95 ms
389,859.1000000000001 ms
389,859.3 ms
389,867.5000000000002 ms
389,908.55 ms
389,932.8500000000001 ms
389,934.75 ms
389,1018.55 ms
389,1043.8499999999997 ms
389,1056.3999999999999 ms
389,1059.4499999999996 ms
389,1064.4999999999998 ms
389,1068.2 ms
389,1077.05 ms
389,1092.9999999999998 ms
389,1137.45 ms
389,1164.9999999999998 ms
389,1176.7999999999995 ms
389,1183.4499999999996 ms
389,1205.95 ms
389,1216.8999999999999 ms
389,1234.4999999999998 ms
389,1238.3499999999997 ms
389,1246.05 ms
389,1257.5999999999997 ms
389,1260.3499999999997 ms
389,1287.0999999999997 ms
389,1305.1999999999996 ms
389,1308.7499999999993 ms
389,1344.7999999999995 ms
389,1395.6999999999996 ms
389,1413.3499999999997 ms
389,1421.4499999999996 ms
389,1422.7499999999993 ms
389,1422.8999999999994 ms
389,1446.1999999999996 ms
389,1459.6499999999999 ms
389,1487.3999999999994 ms
389,1506.9499999999996 ms
389,1539.0499999999995 ms
389,1542.4999999999998 ms
389,1559.3999999999999 ms
389,1562.8999999999994 ms
389,1566.5999999999997 ms
389,1575.8999999999994 ms
389,1600.7999999999995 ms
389,1606.3 ms
389,1627.0499999999995 ms
389,1627.1499999999994 ms
389,1645.3999999999999 ms
389,1651.8 ms
389,1662.0999999999997 ms
389,1685.9499999999996 ms
389,1695.9499999999996 ms
389,1701.0999999999997 ms
389,1747.1499999999994 ms
389,1751.4999999999993 ms
389,1782.7999999999995 ms
389,1787.8499999999992 ms
389,1791.2499999999993 ms
389,1795.8499999999992 ms
389,1806.9499999999991 ms
389,1812.9499999999996 ms
389,1822.6499999999994 ms
389,1836.8499999999997 ms
389,1839.5499999999995 ms
389,1853.3999999999994 ms
389,1853.8999999999994 ms
389,1865.6999999999991 ms
389,1876.7499999999993 ms
389,1879.049999999999 ms
389,1882.149999999999 ms
389,1902.8999999999994 ms
389,1928.5499999999995 ms
389,1970.0999999999992 ms
389,1986.3499999999992 ms
389,1988.1999999999991 ms
389,2005.049999999999 ms
389,2013.5999999999988 ms
389,2026.6999999999987 ms
389,2055.949999999999 ms
389,2057.0999999999985 ms
389,2057.249999999999 ms
389,2065.499999999999 ms
389,2083.1499999999987 ms
389,2089.1499999999987 ms
389,2090.6499999999987 ms
389,2116.8999999999987 ms
389,2124.2 ms
389,2130.249999999999 ms
389,2154.05 ms
389,2157.999999999999 ms
389,2158.8999999999996 ms
389,2165.5499999999993 ms
389,2167.8500000000004 ms
389,2176.6499999999996 ms
389,2181.9500000000007 ms
389,2223.3 ms
389,2242.6500000000005 ms
389,2248.1500000000005 ms
389,2249.9000000000005 ms
389,2258.5 ms
389,2279.6000000000004 ms
389,2283.8500000000004 ms
389,2285.0499999999993 ms
389,2292.7999999999993 ms
389,2293.7999999999993 ms
389,2295.45 ms
389,2318.5 ms
389,2339.55 ms
389,2355.9000000000005 ms
389,2375.2 ms
389,2396.6500000000005 ms
389,2398.3499999999995 ms
389,2403.05 ms
389,2416.249999999999 ms
389,2455.999999999999 ms
389,2457.1499999999996 ms
389,2462.2999999999993 ms
389,2464.8999999999996 ms
389,2474.25 ms
389,2479.5999999999995 ms
389,2517.45 ms
389,2525.2 ms
389,2539.7 ms
389,2544.0999999999995 ms
389,2553.749999999999 ms
389,2555.3999999999996 ms
389,2557.7999999999993 ms
389,2562.7999999999993 ms
389,2597.45 ms
389,2612.0 ms
389,2612.75 ms
389,2613.7 ms
389,2623.8499999999995 ms
389,2649.3 ms
389,2654.05 ms
389,2699.499999999999 ms
389,2733.3 ms
389,2738.0999999999995 ms
389,2742.4000000000005 ms
389,2756.0 ms
389,2776.1499999999996 ms
389,2811.3 ms
389,2813.5 ms
389,2821.5 ms
389,2826.2 ms
389,2835.5 ms
389,2838.3500000000004 ms
389,2855.5499999999993 ms
389,2866.8999999999996 ms
389,2867.2999999999993 ms
389,2873.3999999999996 ms
389,2883.95 ms
389,2894.55 ms
389,2899.8499999999995 ms
389,2909.95 ms
389,2955.05 ms
389,2963.8999999999996 ms
389,2983.5499999999993 ms
389,2984.5 ms
389,3009.0999999999995 ms
389,3035.249999999999 ms
389,3038.499999999999 ms
389,3042.8499999999995 ms
389,3053.8999999999996 ms
389,3073.0999999999995 ms
389,3097.2 ms
389,3118.0499999999993 ms
389,3148.749999999999 ms
389,3151.0499999999993 ms
389,3182.1499999999996 ms
389,3227.2999999999993 ms
389,3229.7999999999993 ms
389,3250.449999999999 ms
389,3254.8499999999995 ms
389,3261.8999999999996 ms
389,3267.8999999999996 ms
389,3279.0 ms
389,3295.699999999999 ms
389,3297.199999999999 ms
389,3307.8499999999995 ms
389,3312.6499999999996 ms
389,3342.95 ms
389,3365.05 ms
389,3373.1499999999996 ms
389,3389.6499999999996 ms
389,3420.7999999999993 ms
389,3421.0499999999993 ms
389,3433.45 ms
389,3434.5 ms
389,3441.95 ms
389,3444.6499999999996 ms
389,3469.6499999999996 ms
389,3479.0499999999993 ms
389,3484.75 ms
389,3500.7999999999993 ms
389,3525.7 ms
389,3536.25 ms
389,3538.7 ms
389,3561.75 ms
389,3571.05 ms
389,3574.25 ms
389,3590.0 ms
389,3619.1000000000004 ms
389,3622.5 ms
389,3628.95 ms
389,3653.8499999999995 ms
389,3659.1500000000005 ms
389,3676.3 ms
389,3681.45 ms
389,3682.9000000000005 ms
389,3716.45 ms
389,3717.1000000000004 ms
389,3724.25 ms
389,3731.550000000001 ms
389,3735.9000000000005 ms
389,3754.6500000000005 ms
389,3783.000000000001 ms
389,3803.6500000000005 ms
389,3806.000000000001 ms
389,3830.95 ms
389,3837.7 ms
389,3842.750000000001 ms
389,3843.9000000000005 ms
389,3851.9000000000005 ms
389,3862.3 ms
389,3873.7000000000007 ms
389,3881.8500000000004 ms
389,3892.6000000000004 ms
389,3913.300000000001 ms
389,3943.25 ms
389,3949.6500000000005 ms
389,3974.500000000001 ms
389,3992.3 ms
390,26.3 ms
390,40.35000000000001 ms
390,42.05 ms
390,55.45 ms
390,66.9 ms
390,71.20000000000002 ms
390,71.70000000000002 ms
390,75.70000000000002 ms
390,88.05000000000001 ms
390,89.05000000000001 ms
390,96.0 ms
390,114.65000000000003 ms
390,116.65000000000003 ms
390,125.90000000000003 ms
390,139.50000000000006 ms
390,147.40000000000003 ms
390,153.25000000000006 ms
390,170.3 ms
390,175.3 ms
390,176.00000000000006 ms
390,177.65000000000003 ms
390,180.25000000000006 ms
390,183.45 ms
390,190.05 ms
390,192.10000000000002 ms
390,192.45000000000005 ms
390,215.90000000000003 ms
390,219.50000000000006 ms
390,221.15000000000003 ms
390,227.60000000000002 ms
390,230.75 ms
390,238.35000000000002 ms
390,248.20000000000005 ms
390,254.3 ms
390,257.55 ms
390,266.24999999999994 ms
390,272.34999999999997 ms
390,282.49999999999994 ms
390,283.7 ms
390,284.84999999999997 ms
390,289.65000000000003 ms
390,314.09999999999997 ms
390,315.0499999999999 ms
390,317.74999999999994 ms
390,325.6999999999999 ms
390,336.3999999999999 ms
390,353.8999999999999 ms
390,356.7 ms
390,388.24999999999994 ms
390,391.3999999999999 ms
390,396.95 ms
390,404.3 ms
390,408.90000000000003 ms
390,412.05 ms
390,463.49999999999994 ms
390,466.24999999999994 ms
390,478.9499999999999 ms
390,487.7 ms
390,488.05 ms
390,489.2999999999999 ms
390,496.3999999999999 ms
390,527.9000000000001 ms
390,545.5 ms
390,551.3499999999999 ms
390,551.5 ms
390,554.2 ms
390,556.3 ms
390,573.4000000000001 ms
390,574.45 ms
390,588.25 ms
390,594.8499999999999 ms
390,618.0 ms
390,635.75 ms
390,655.95 ms
390,674.3500000000001 ms
390,688.0 ms
390,688.75 ms
390,690.75 ms
390,705.45 ms
390,705.7 ms
390,710.6500000000001 ms
390,715.5500000000002 ms
390,718.1500000000001 ms
390,721.6000000000001 ms
390,728.7 ms
390,729.9000000000003 ms
390,730.1500000000003 ms
390,747.9000000000003 ms
390,757.9000000000003 ms
390,765.7 ms
390,782.45 ms
390,782.5500000000002 ms
390,786.8000000000002 ms
390,797.0000000000002 ms
390,799.0500000000002 ms
390,811.0500000000002 ms
390,815.5500000000002 ms
390,832.4000000000001 ms
390,835.7000000000003 ms
390,848.25 ms
390,869.3000000000002 ms
390,886.4000000000001 ms
390,896.8500000000001 ms
390,904.4000000000001 ms
390,913.25 ms
390,935.0500000000002 ms
390,959.95 ms
390,970.6000000000001 ms
390,987.7 ms
390,1009.95 ms
390,1011.6500000000001 ms
390,1020.1500000000001 ms
390,1047.3000000000002 ms
390,1055.3000000000002 ms
390,1081.15 ms
390,1097.75 ms
390,1099.5 ms
390,1144.35 ms
390,1170.0499999999997 ms
390,1190.4 ms
390,1199.2999999999997 ms
390,1204.35 ms
390,1222.1999999999998 ms
390,1224.35 ms
390,1234.35 ms
390,1263.5 ms
390,1270.9 ms
390,1281.3000000000002 ms
390,1284.7000000000003 ms
390,1306.65 ms
390,1340.3000000000006 ms
390,1385.9 ms
390,1395.1000000000004 ms
390,1397.1000000000004 ms
390,1401.6500000000005 ms
390,1411.3500000000004 ms
390,1422.5500000000002 ms
390,1428.1500000000005 ms
390,1435.4000000000005 ms
390,1444.6000000000004 ms
390,1455.7000000000003 ms
390,1499.2500000000005 ms
390,1522.2500000000005 ms
390,1547.85 ms
390,1548.15 ms
390,1557.1 ms
390,1564.2500000000005 ms
390,1574.15 ms
390,1599.2000000000003 ms
390,1606.8000000000002 ms
390,1618.1000000000004 ms
390,1622.3000000000002 ms
390,1627.2000000000003 ms
390,1637.9500000000003 ms
390,1674.0500000000002 ms
390,1674.4 ms
390,1677.0500000000002 ms
390,1682.3000000000002 ms
390,1696.6000000000004 ms
390,1731.1000000000004 ms
390,1731.5500000000002 ms
390,1744.0 ms
390,1748.9500000000003 ms
390,1753.5000000000005 ms
390,1761.9 ms
390,1783.7500000000005 ms
390,1784.3000000000002 ms
390,1797.4500000000003 ms
390,1799.7000000000003 ms
390,1805.9500000000003 ms
390,1807.7500000000005 ms
390,1813.9 ms
390,1817.2500000000005 ms
390,1824.9 ms
390,1825.6000000000004 ms
390,1827.5500000000002 ms
390,1841.6500000000005 ms
390,1882.75 ms
390,1884.0 ms
390,1907.3000000000002 ms
390,1940.3000000000002 ms
390,1960.9500000000003 ms
390,1966.8000000000002 ms
390,1969.8500000000004 ms
390,1981.1999999999998 ms
390,1992.0500000000002 ms
390,2027.6999999999998 ms
390,2060.85 ms
390,2087.1999999999994 ms
390,2118.4999999999995 ms
390,2140.0000000000005 ms
390,2146.4 ms
390,2146.85 ms
390,2165.35 ms
390,2177.1999999999994 ms
390,2188.6 ms
390,2199.6 ms
390,2210.7500000000005 ms
390,2212.4 ms
390,2214.3000000000006 ms
390,2214.5499999999997 ms
390,2221.8000000000006 ms
390,2234.9500000000003 ms
390,2235.4500000000003 ms
390,2265.7500000000005 ms
390,2281.2000000000003 ms
390,2283.15 ms
390,2284.85 ms
390,2295.65 ms
390,2310.4 ms
390,2357.4 ms
390,2364.7000000000003 ms
390,2368.15 ms
390,2369.6 ms
390,2395.5000000000005 ms
390,2398.9 ms
390,2425.85 ms
390,2469.1999999999994 ms
390,2499.85 ms
390,2501.6 ms
390,2516.4499999999994 ms
390,2519.899999999999 ms
390,2536.5499999999997 ms
390,2552.7000000000003 ms
390,2568.5499999999997 ms
390,2579.9999999999995 ms
390,2581.15 ms
390,2583.4500000000003 ms
390,2590.85 ms
390,2606.1 ms
390,2629.15 ms
390,2647.35 ms
390,2648.65 ms
390,2665.9999999999995 ms
390,2673.0000000000005 ms
390,2675.7499999999995 ms
390,2722.5499999999997 ms
390,2725.15 ms
390,2729.5500000000006 ms
390,2733.7999999999997 ms
390,2816.5500000000006 ms
390,2816.7000000000003 ms
390,2836.2500000000005 ms
390,2840.7000000000003 ms
390,2842.9 ms
390,2869.15 ms
390,2888.9 ms
390,2891.1 ms
390,2909.4499999999994 ms
390,2937.6 ms
390,2956.15 ms
390,2962.35 ms
390,2966.35 ms
390,2975.4 ms
390,2977.3000000000006 ms
390,2982.4500000000003 ms
390,2983.0499999999997 ms
390,2995.2499999999995 ms
390,3002.15 ms
390,3030.65 ms
390,3050.7499999999995 ms
390,3079.7500000000005 ms
390,3090.3000000000006 ms
390,3095.600000000001 ms
390,3106.9500000000003 ms
390,3129.100000000001 ms
390,3136.1 ms
390,3149.9500000000003 ms
390,3208.5000000000005 ms
390,3215.2500000000005 ms
390,3219.650000000001 ms
390,3224.7500000000005 ms
390,3254.2000000000003 ms
390,3271.350000000001 ms
390,3272.150000000001 ms
390,3293.700000000001 ms
390,3294.150000000001 ms
390,3297.600000000001 ms
390,3298.0500000000006 ms
390,3301.5499999999997 ms
390,3320.3000000000006 ms
390,3323.600000000001 ms
390,3326.2500000000005 ms
390,3354.5500000000006 ms
390,3356.5000000000005 ms
390,3361.650000000001 ms
390,3369.5000000000005 ms
390,3369.900000000001 ms
390,3378.850000000001 ms
390,3379.900000000001 ms
390,3388.850000000001 ms
390,3434.2500000000005 ms
390,3435.3000000000006 ms
390,3436.2500000000005 ms
390,3471.8000000000006 ms
390,3490.200000000001 ms
390,3490.9500000000003 ms
390,3491.450000000001 ms
390,3513.5000000000014 ms
390,3535.350000000001 ms
390,3552.350000000001 ms
390,3560.650000000001 ms
390,3570.150000000001 ms
390,3595.950000000001 ms
390,3616.400000000001 ms
390,3618.8000000000015 ms
390,3619.1000000000017 ms
390,3629.200000000001 ms
390,3672.150000000001 ms
390,3694.0500000000015 ms
390,3705.0000000000014 ms
390,3709.0500000000015 ms
390,3724.6000000000017 ms
390,3725.600000000001 ms
390,3739.5000000000014 ms
390,3739.700000000001 ms
390,3755.6000000000017 ms
390,3760.8000000000015 ms
390,3763.6000000000017 ms
390,3805.0000000000014 ms
390,3810.8000000000015 ms
390,3814.5500000000015 ms
390,3821.150000000001 ms
390,3822.700000000001 ms
390,3827.3500000000017 ms
390,3831.950000000001 ms
390,3832.400000000001 ms
390,3834.350000000001 ms
390,3835.0000000000014 ms
390,3838.850000000001 ms
390,3840.3000000000006 ms
390,3841.0500000000015 ms
390,3841.3000000000006 ms
390,3856.5000000000005 ms
390,3858.5000000000014 ms
390,3872.850000000001 ms
390,3891.150000000001 ms
390,3891.600000000001 ms
390,3894.5000000000014 ms
390,3895.150000000001 ms
390,3902.200000000001 ms
390,3906.8500000000017 ms
390,3931.7500000000014 ms
390,3938.450000000001 ms
390,3938.900000000001 ms
390,3999.100000000001 ms
391,0.2 ms
391,6.800000000000001 ms
391,12.95 ms
391,23.450000000000006 ms
391,37.5 ms
391,46.849999999999994 ms
391,53.849999999999994 ms
391,54.05000000000001 ms
391,59.25 ms
391,61.0 ms
391,65.35000000000001 ms
391,76.00000000000001 ms
391,109.65000000000002 ms
391,113.14999999999999 ms
391,126.55 ms
391,136.25 ms
391,143.2 ms
391,165.59999999999997 ms
391,190.55 ms
391,200.35000000000002 ms
391,223.90000000000003 ms
391,230.65000000000003 ms
391,266.8 ms
391,275.49999999999994 ms
391,277.34999999999997 ms
391,285.6000000000001 ms
391,290.7000000000001 ms
391,292.8500000000001 ms
391,298.8 ms
391,325.8500000000001 ms
391,329.90000000000003 ms
391,332.2000000000001 ms
391,339.1000000000001 ms
391,342.40000000000003 ms
391,355.59999999999997 ms
391,374.24999999999994 ms
391,374.3999999999999 ms
391,391.34999999999997 ms
391,403.2999999999999 ms
391,411.05 ms
391,422.65000000000003 ms
391,429.45 ms
391,430.25000000000006 ms
391,433.8 ms
391,447.3 ms
391,495.40000000000003 ms
391,529.05 ms
391,534.0000000000002 ms
391,539.7500000000002 ms
391,540.5000000000002 ms
391,543.7 ms
391,547.3500000000001 ms
391,555.7 ms
391,570.2500000000002 ms
391,590.3 ms
391,612.55 ms
391,631.95 ms
391,657.1500000000001 ms
391,670.6500000000001 ms
391,672.8000000000002 ms
391,733.25 ms
391,735.5 ms
391,779.2000000000003 ms
391,791.25 ms
391,791.4500000000003 ms
391,795.1000000000001 ms
391,813.95 ms
391,827.3000000000002 ms
391,830.9500000000003 ms
391,850.2000000000003 ms
391,850.6000000000001 ms
391,860.0500000000002 ms
391,865.2500000000002 ms
391,872.8500000000001 ms
391,885.6500000000003 ms
391,935.2500000000002 ms
391,957.0500000000002 ms
391,993.3000000000002 ms
391,998.8500000000001 ms
391,1011.3000000000002 ms
391,1031.5500000000002 ms
391,1041.8500000000004 ms
391,1061.25 ms
391,1073.1500000000005 ms
391,1094.5 ms
391,1105.2000000000003 ms
391,1132.0000000000005 ms
391,1135.0500000000002 ms
391,1144.9500000000003 ms
391,1151.0500000000002 ms
391,1162.0 ms
391,1169.6500000000005 ms
391,1172.9000000000005 ms
391,1179.1500000000005 ms
391,1180.0500000000002 ms
391,1187.4500000000007 ms
391,1194.5000000000005 ms
391,1210.1000000000004 ms
391,1210.2000000000003 ms
391,1212.9 ms
391,1225.15 ms
391,1273.8500000000004 ms
391,1293.9000000000005 ms
391,1296.0500000000002 ms
391,1296.9500000000007 ms
391,1305.8000000000002 ms
391,1307.2500000000005 ms
391,1308.2500000000005 ms
391,1317.8500000000004 ms
391,1327.9500000000003 ms
391,1339.5000000000005 ms
391,1348.2000000000003 ms
391,1350.65 ms
391,1358.2000000000003 ms
391,1368.8500000000004 ms
391,1378.0000000000005 ms
391,1387.3500000000004 ms
391,1391.6000000000004 ms
391,1401.0000000000005 ms
391,1405.7000000000003 ms
391,1414.5500000000006 ms
391,1476.7500000000005 ms
391,1515.5500000000006 ms
391,1517.0500000000006 ms
391,1555.1000000000004 ms
391,1577.4500000000003 ms
391,1606.9 ms
391,1632.7500000000005 ms
391,1655.0500000000002 ms
391,1667.5 ms
391,1720.2000000000003 ms
391,1723.4 ms
391,1723.8500000000004 ms
391,1750.2000000000003 ms
391,1750.5000000000005 ms
391,1753.2500000000005 ms
391,1774.4500000000003 ms
391,1820.3500000000004 ms
391,1827.3500000000004 ms
391,1827.9000000000005 ms
391,1838.1000000000004 ms
391,1855.0000000000005 ms
391,1871.7500000000005 ms
391,1873.6000000000004 ms
391,1887.6000000000004 ms
391,1892.6500000000005 ms
391,1903.3500000000004 ms
391,1906.0500000000002 ms
391,1911.2500000000005 ms
391,1945.7500000000005 ms
391,1949.5000000000005 ms
391,1952.2000000000003 ms
391,1970.1000000000008 ms
391,1988.5500000000006 ms
391,2004.4500000000007 ms
391,2013.1000000000008 ms
391,2018.750000000001 ms
391,2026.4500000000007 ms
391,2027.250000000001 ms
391,2030.500000000001 ms
391,2036.500000000001 ms
391,2042.750000000001 ms
391,2046.400000000001 ms
391,2048.400000000001 ms
391,2055.200000000001 ms
391,2067.650000000001 ms
391,2068.950000000001 ms
391,2075.950000000001 ms
391,2080.0000000000014 ms
391,2081.100000000001 ms
391,2091.2500000000014 ms
391,2091.600000000001 ms
391,2106.5500000000006 ms
391,2116.5000000000005 ms
391,2118.150000000001 ms
391,2122.900000000001 ms
391,2124.700000000001 ms
391,2193.150000000001 ms
391,2194.950000000001 ms
391,2196.900000000001 ms
391,2205.0500000000015 ms
391,2206.0000000000014 ms
391,2219.5500000000015 ms
391,2224.0500000000006 ms
391,2228.400000000001 ms
391,2235.700000000001 ms
391,2281.450000000001 ms
391,2285.0500000000006 ms
391,2288.900000000001 ms
391,2290.950000000001 ms
391,2292.400000000001 ms
391,2314.450000000001 ms
391,2322.5500000000006 ms
391,2322.850000000001 ms
391,2332.450000000001 ms
391,2334.950000000001 ms
391,2349.8500000000017 ms
391,2350.2500000000014 ms
391,2353.450000000001 ms
391,2356.950000000001 ms
391,2360.400000000001 ms
391,2375.450000000001 ms
391,2383.1000000000017 ms
391,2384.700000000001 ms
391,2395.700000000001 ms
391,2400.950000000001 ms
391,2407.2500000000014 ms
391,2409.350000000001 ms
391,2410.0500000000006 ms
391,2423.600000000001 ms
391,2434.8000000000006 ms
391,2436.5500000000015 ms
391,2445.5000000000014 ms
391,2489.850000000001 ms
391,2495.400000000001 ms
391,2534.8000000000015 ms
391,2541.950000000001 ms
391,2546.150000000001 ms
391,2550.450000000001 ms
391,2553.950000000001 ms
391,2556.400000000001 ms
391,2580.650000000001 ms
391,2581.3000000000015 ms
391,2585.950000000001 ms
391,2586.200000000001 ms
391,2590.650000000001 ms
391,2611.8000000000015 ms
391,2642.900000000001 ms
391,2675.450000000001 ms
391,2679.7500000000014 ms
391,2690.100000000001 ms
391,2701.400000000001 ms
391,2714.8000000000015 ms
391,2746.700000000002 ms
391,2754.0500000000015 ms
391,2756.5000000000014 ms
391,2782.100000000001 ms
391,2790.7500000000014 ms
391,2792.0000000000014 ms
391,2828.350000000001 ms
391,2843.7500000000014 ms
391,2845.3000000000015 ms
391,2853.8000000000015 ms
391,2865.650000000001 ms
391,2871.2500000000014 ms
391,2875.0000000000014 ms
391,2883.900000000002 ms
391,2934.8500000000017 ms
391,2999.0000000000014 ms
391,3015.900000000002 ms
391,3022.0000000000014 ms
391,3029.850000000001 ms
391,3030.700000000001 ms
391,3039.450000000001 ms
391,3051.8500000000017 ms
391,3065.3000000000015 ms
391,3081.3500000000017 ms
391,3083.700000000001 ms
391,3094.6000000000017 ms
391,3119.350000000001 ms
391,3122.700000000001 ms
391,3130.5500000000006 ms
391,3155.650000000001 ms
391,3184.400000000001 ms
391,3192.100000000001 ms
391,3197.7500000000014 ms
391,3253.8000000000015 ms
391,3256.5000000000014 ms
391,3266.5500000000015 ms
391,3292.8000000000006 ms
391,3302.450000000001 ms
391,3337.200000000001 ms
391,3342.6000000000017 ms
391,3348.850000000001 ms
391,3349.400000000001 ms
391,3355.100000000001 ms
391,3358.5000000000014 ms
391,3384.7500000000014 ms
391,3389.5000000000014 ms
391,3411.7500000000014 ms
391,3434.100000000001 ms
391,3450.400000000001 ms
391,3467.950000000001 ms
391,3473.450000000002 ms
391,3473.700000000001 ms
391,3488.8500000000017 ms
391,3498.3500000000017 ms
391,3507.0000000000023 ms
391,3510.150000000002 ms
391,3532.1000000000017 ms
391,3571.5500000000015 ms
391,3609.0000000000014 ms
391,3619.5500000000015 ms
391,3647.200000000002 ms
391,3651.5000000000023 ms
391,3660.950000000002 ms
391,3675.6000000000017 ms
391,3689.650000000002 ms
391,3695.150000000002 ms
391,3723.0000000000014 ms
391,3727.0500000000015 ms
391,3730.700000000002 ms
391,3740.700000000002 ms
391,3741.950000000002 ms
391,3797.900000000002 ms
391,3825.650000000002 ms
391,3889.150000000002 ms
391,3891.2500000000014 ms
391,3907.8000000000015 ms
391,3912.5000000000014 ms
391,3917.950000000001 ms
391,3922.900000000001 ms
391,3943.0000000000014 ms
391,3943.950000000001 ms
391,3953.0500000000006 ms
391,3972.8000000000015 ms
391,3977.700000000001 ms
391,3982.8500000000017 ms
391,3989.400000000002 ms
391,3991.6000000000017 ms
391,3994.100000000001 ms
392,9.5 ms
392,20.15 ms
392,26.9 ms
392,33.3 ms
392,94.8 ms
392,111.95 ms
392,135.05 ms
392,154.05 ms
392,179.65000000000003 ms
392,184.95 ms
392,185.8 ms
392,196.25 ms
392,210.45 ms
392,223.95 ms
392,255.39999999999998 ms
392,256.94999999999993 ms
392,269.30000000000007 ms
392,275.94999999999993 ms
392,292.94999999999993 ms
392,298.65 ms
392,348.79999999999995 ms
392,352.0999999999999 ms
392,354.0999999999999 ms
392,370.15 ms
392,370.6 ms
392,380.6 ms
392,407.1 ms
392,408.2499999999999 ms
392,429.54999999999995 ms
392,482.5 ms
392,495.64999999999986 ms
392,506.94999999999993 ms
392,530.9 ms
392,531.6999999999999 ms
392,608.6999999999999 ms
392,642.9 ms
392,667.4 ms
392,680.1 ms
392,685.8000000000001 ms
392,686.4499999999999 ms
392,697.0500000000001 ms
392,716.8000000000001 ms
392,720.1 ms
392,745.3000000000001 ms
392,773.0500000000001 ms
392,791.2500000000001 ms
392,791.6000000000003 ms
392,803.0500000000003 ms
392,805.5000000000003 ms
392,809.2000000000004 ms
392,829.7500000000003 ms
392,850.4000000000002 ms
392,856.3500000000003 ms
392,895.0000000000001 ms
392,899.9500000000002 ms
392,900.6500000000002 ms
392,909.6000000000003 ms
392,931.1000000000005 ms
392,965.7000000000004 ms
392,966.5000000000003 ms
392,971.9500000000004 ms
392,999.4000000000004 ms
392,1015.8000000000003 ms
392,1021.5500000000005 ms
392,1050.6000000000004 ms
392,1052.4500000000003 ms
392,1056.2500000000005 ms
392,1066.2500000000005 ms
392,1069.2500000000005 ms
392,1073.8000000000002 ms
392,1097.15 ms
392,1110.9500000000003 ms
392,1132.35 ms
392,1168.15 ms
392,1171.7000000000003 ms
392,1181.2000000000003 ms
392,1181.7000000000003 ms
392,1210.5499999999997 ms
392,1211.0 ms
392,1221.25 ms
392,1275.85 ms
392,1277.1999999999998 ms
392,1288.6999999999998 ms
392,1288.7999999999997 ms
392,1298.0499999999997 ms
392,1310.3999999999996 ms
392,1314.5999999999995 ms
392,1316.5 ms
392,1318.3999999999996 ms
392,1338.25 ms
392,1344.5499999999997 ms
392,1354.1 ms
392,1360.5499999999997 ms
392,1376.1499999999996 ms
392,1392.2999999999997 ms
392,1396.1 ms
392,1402.4499999999994 ms
392,1415.3999999999996 ms
392,1455.1999999999998 ms
392,1457.1499999999996 ms
392,1476.9999999999995 ms
392,1490.6999999999994 ms
392,1493.1999999999994 ms
392,1523.5499999999997 ms
392,1526.7499999999995 ms
392,1527.3999999999996 ms
392,1541.3499999999995 ms
392,1574.5499999999997 ms
392,1576.1 ms
392,1581.35 ms
392,1605.0499999999997 ms
392,1612.6999999999998 ms
392,1629.85 ms
392,1632.4499999999998 ms
392,1658.25 ms
392,1684.8499999999995 ms
392,1702.0499999999997 ms
392,1709.3999999999996 ms
392,1728.7499999999995 ms
392,1754.5499999999997 ms
392,1787.1499999999992 ms
392,1814.4999999999995 ms
392,1815.0499999999993 ms
392,1827.9499999999994 ms
392,1831.9999999999995 ms
392,1836.4999999999995 ms
392,1850.849999999999 ms
392,1858.5499999999993 ms
392,1867.1499999999992 ms
392,1877.9499999999994 ms
392,1885.6499999999992 ms
392,1895.599999999999 ms
392,1944.5499999999993 ms
392,1956.6499999999992 ms
392,1957.999999999999 ms
392,1962.7999999999993 ms
392,1991.8999999999987 ms
392,1995.2999999999993 ms
392,2010.999999999999 ms
392,2018.099999999999 ms
392,2020.349999999999 ms
392,2030.6499999999992 ms
392,2043.099999999999 ms
392,2045.8999999999992 ms
392,2066.8999999999983 ms
392,2070.2499999999986 ms
392,2070.4999999999986 ms
392,2075.6999999999985 ms
392,2095.349999999999 ms
392,2104.6999999999985 ms
392,2107.8999999999983 ms
392,2126.599999999998 ms
392,2136.9499999999975 ms
392,2151.8999999999974 ms
392,2152.349999999997 ms
392,2199.599999999998 ms
392,2214.849999999997 ms
392,2226.8999999999974 ms
392,2238.4499999999975 ms
392,2260.2499999999977 ms
392,2261.4999999999986 ms
392,2288.049999999999 ms
392,2295.7499999999986 ms
392,2308.4999999999977 ms
392,2315.099999999998 ms
392,2336.549999999998 ms
392,2349.3999999999974 ms
392,2361.799999999998 ms
392,2372.1499999999974 ms
392,2380.9999999999977 ms
392,2425.9999999999977 ms
392,2437.4499999999975 ms
392,2444.6499999999974 ms
392,2460.299999999998 ms
392,2461.1499999999974 ms
392,2462.799999999998 ms
392,2468.2499999999977 ms
392,2475.849999999997 ms
392,2490.099999999997 ms
392,2491.299999999997 ms
392,2495.1999999999975 ms
392,2512.1499999999974 ms
392,2513.6499999999965 ms
392,2524.249999999997 ms
392,2613.299999999997 ms
392,2616.9499999999975 ms
392,2618.099999999997 ms
392,2623.3999999999974 ms
392,2628.6999999999975 ms
392,2657.849999999998 ms
392,2671.2499999999977 ms
392,2676.9499999999975 ms
392,2677.2499999999977 ms
392,2678.4499999999975 ms
392,2680.9499999999975 ms
392,2686.1499999999974 ms
392,2696.849999999997 ms
392,2707.299999999997 ms
392,2718.4499999999975 ms
392,2720.099999999997 ms
392,2754.299999999997 ms
392,2764.049999999997 ms
392,2770.1499999999965 ms
392,2799.3999999999974 ms
392,2803.049999999997 ms
392,2808.349999999997 ms
392,2821.349999999997 ms
392,2824.549999999997 ms
392,2832.849999999997 ms
392,2848.599999999997 ms
392,2882.049999999997 ms
392,2883.349999999997 ms
392,2893.299999999997 ms
392,2898.4499999999975 ms
392,2905.1999999999966 ms
392,2915.3999999999965 ms
392,2917.249999999997 ms
392,2967.8499999999963 ms
392,2978.549999999996 ms
392,2986.4499999999966 ms
392,3009.549999999996 ms
392,3028.1499999999965 ms
392,3031.049999999997 ms
392,3044.099999999997 ms
392,3046.5999999999963 ms
392,3060.6499999999965 ms
392,3060.8499999999963 ms
392,3126.749999999997 ms
392,3135.8999999999974 ms
392,3157.6999999999975 ms
392,3164.3999999999974 ms
392,3183.499999999997 ms
392,3190.9499999999966 ms
392,3199.249999999997 ms
392,3200.3499999999963 ms
392,3205.1499999999965 ms
392,3215.6499999999974 ms
392,3220.849999999997 ms
392,3221.749999999997 ms
392,3231.999999999997 ms
392,3266.999999999997 ms
392,3280.749999999997 ms
392,3289.299999999997 ms
392,3295.3999999999965 ms
392,3296.1999999999966 ms
392,3297.599999999997 ms
392,3334.9499999999966 ms
392,3345.4499999999975 ms
392,3356.9499999999966 ms
392,3367.849999999997 ms
392,3370.7499999999977 ms
392,3373.3999999999974 ms
392,3390.4499999999975 ms
392,3419.9499999999975 ms
392,3442.3999999999974 ms
392,3448.749999999997 ms
392,3472.6999999999966 ms
392,3498.049999999997 ms
392,3520.599999999997 ms
392,3528.049999999997 ms
392,3528.549999999997 ms
392,3536.4499999999975 ms
392,3556.099999999997 ms
392,3567.8999999999974 ms
392,3571.599999999997 ms
392,3579.549999999997 ms
392,3580.299999999997 ms
392,3605.349999999997 ms
392,3616.9499999999966 ms
392,3621.349999999997 ms
392,3626.6999999999966 ms
392,3632.299999999997 ms
392,3643.249999999997 ms
392,3676.1499999999974 ms
392,3702.499999999997 ms
392,3710.999999999997 ms
392,3716.799999999997 ms
392,3769.849999999997 ms
392,3770.299999999997 ms
392,3777.1499999999965 ms
392,3818.6499999999974 ms
392,3819.6999999999975 ms
392,3837.049999999997 ms
392,3841.299999999997 ms
392,3844.349999999997 ms
392,3849.599999999997 ms
392,3903.849999999997 ms
392,3927.549999999997 ms
392,3936.9499999999975 ms
392,3988.9499999999966 ms
392,3991.1499999999965 ms
393,9.1 ms
393,20.5 ms
393,22.85 ms
393,36.1 ms
393,52.85 ms
393,69.95000000000002 ms
393,84.75 ms
393,87.9 ms
393,88.25 ms
393,108.4 ms
393,124.55000000000001 ms
393,131.10000000000002 ms
393,134.15000000000003 ms
393,152.8 ms
393,157.95000000000005 ms
393,172.40000000000003 ms
393,190.45000000000005 ms
393,192.25000000000006 ms
393,200.65000000000003 ms
393,206.40000000000003 ms
393,210.40000000000003 ms
393,223.4500000000001 ms
393,237.30000000000007 ms
393,239.30000000000007 ms
393,245.85000000000008 ms
393,250.2000000000001 ms
393,254.00000000000006 ms
393,263.0500000000001 ms
393,264.40000000000015 ms
393,267.25000000000017 ms
393,288.75000000000006 ms
393,292.8500000000001 ms
393,312.8000000000001 ms
393,319.15000000000015 ms
393,330.8500000000001 ms
393,341.40000000000015 ms
393,349.5500000000001 ms
393,365.1000000000002 ms
393,385.2000000000002 ms
393,399.8500000000002 ms
393,407.1000000000001 ms
393,433.00000000000006 ms
393,443.25000000000017 ms
393,475.75000000000006 ms
393,475.9500000000001 ms
393,520.5500000000002 ms
393,521.4000000000001 ms
393,548.2 ms
393,550.55 ms
393,552.2 ms
393,554.7 ms
393,588.8500000000001 ms
393,610.55 ms
393,629.0000000000002 ms
393,634.95 ms
393,662.8000000000002 ms
393,674.6000000000001 ms
393,677.0500000000002 ms
393,682.8500000000001 ms
393,686.2500000000002 ms
393,687.45 ms
393,700.7 ms
393,708.2 ms
393,718.8500000000001 ms
393,725.2 ms
393,726.6500000000003 ms
393,729.3500000000001 ms
393,734.5500000000004 ms
393,752.2000000000003 ms
393,763.1000000000004 ms
393,769.5000000000002 ms
393,769.9000000000003 ms
393,773.8000000000002 ms
393,781.2500000000002 ms
393,841.4500000000003 ms
393,845.8500000000004 ms
393,849.6500000000001 ms
393,859.6000000000004 ms
393,862.9500000000003 ms
393,872.8000000000002 ms
393,874.5000000000005 ms
393,893.4000000000003 ms
393,919.0500000000004 ms
393,919.3500000000001 ms
393,932.1000000000001 ms
393,932.6000000000001 ms
393,954.2000000000003 ms
393,957.1000000000004 ms
393,970.0000000000002 ms
393,972.4000000000003 ms
393,1014.3500000000001 ms
393,1039.8000000000004 ms
393,1043.0000000000002 ms
393,1051.1500000000003 ms
393,1051.6000000000006 ms
393,1052.2000000000005 ms
393,1064.2 ms
393,1065.4000000000003 ms
393,1065.7500000000002 ms
393,1068.9500000000005 ms
393,1086.2500000000002 ms
393,1087.1500000000003 ms
393,1095.5000000000002 ms
393,1095.8 ms
393,1097.5500000000004 ms
393,1107.1000000000001 ms
393,1127.1499999999999 ms
393,1129.6500000000003 ms
393,1140.0000000000002 ms
393,1146.9000000000003 ms
393,1155.3000000000004 ms
393,1165.0000000000002 ms
393,1171.4000000000003 ms
393,1171.6000000000006 ms
393,1213.7500000000007 ms
393,1219.2000000000005 ms
393,1241.4000000000008 ms
393,1246.9500000000005 ms
393,1248.2500000000002 ms
393,1287.6500000000003 ms
393,1296.1500000000008 ms
393,1299.9500000000005 ms
393,1302.7000000000005 ms
393,1311.2000000000005 ms
393,1323.6500000000008 ms
393,1331.1000000000006 ms
393,1333.1000000000006 ms
393,1336.7000000000005 ms
393,1349.9000000000008 ms
393,1368.6500000000003 ms
393,1375.1500000000008 ms
393,1383.6500000000003 ms
393,1387.3000000000004 ms
393,1395.3000000000009 ms
393,1415.4000000000008 ms
393,1426.1500000000003 ms
393,1430.9500000000005 ms
393,1460.6000000000006 ms
393,1464.5000000000007 ms
393,1480.0500000000004 ms
393,1480.7000000000005 ms
393,1509.3000000000004 ms
393,1513.5500000000009 ms
393,1514.1500000000008 ms
393,1552.1500000000003 ms
393,1556.6500000000008 ms
393,1571.2500000000007 ms
393,1578.9500000000005 ms
393,1580.4000000000008 ms
393,1593.7500000000007 ms
393,1598.9000000000008 ms
393,1643.2000000000005 ms
393,1651.3000000000004 ms
393,1656.5500000000004 ms
393,1669.1500000000003 ms
393,1722.3000000000004 ms
393,1742.8000000000004 ms
393,1746.8000000000004 ms
393,1754.1500000000003 ms
393,1762.9000000000003 ms
393,1763.5500000000004 ms
393,1764.8000000000004 ms
393,1779.9000000000003 ms
393,1796.9000000000003 ms
393,1805.45 ms
393,1838.4000000000003 ms
393,1856.9000000000003 ms
393,1870.3500000000006 ms
393,1877.3500000000001 ms
393,1878.3500000000006 ms
393,1899.3500000000001 ms
393,1905.4000000000003 ms
393,1909.3000000000004 ms
393,1918.6000000000001 ms
393,1943.3000000000004 ms
393,1946.8000000000004 ms
393,1956.8000000000004 ms
393,1981.0500000000004 ms
393,1990.1000000000001 ms
393,1990.3500000000006 ms
393,2011.3000000000004 ms
393,2016.9000000000003 ms
393,2024.7 ms
393,2044.3 ms
393,2046.3999999999999 ms
393,2051.1500000000005 ms
393,2068.3 ms
393,2081.45 ms
393,2125.8500000000004 ms
393,2152.6000000000004 ms
393,2162.6500000000005 ms
393,2163.250000000001 ms
393,2175.9000000000005 ms
393,2211.55 ms
393,2217.8 ms
393,2235.9000000000005 ms
393,2270.500000000001 ms
393,2285.000000000001 ms
393,2291.7 ms
393,2315.000000000001 ms
393,2324.250000000001 ms
393,2337.45 ms
393,2342.2 ms
393,2342.3500000000004 ms
393,2346.5 ms
393,2349.7000000000007 ms
393,2350.25 ms
393,2351.9000000000005 ms
393,2366.55 ms
393,2384.3500000000013 ms
393,2385.4000000000005 ms
393,2394.1500000000005 ms
393,2402.2000000000016 ms
393,2421.2000000000016 ms
393,2422.9500000000016 ms
393,2455.6500000000005 ms
393,2468.8500000000013 ms
393,2470.6000000000013 ms
393,2485.9500000000007 ms
393,2490.4500000000007 ms
393,2510.550000000001 ms
393,2553.1000000000004 ms
393,2554.4500000000007 ms
393,2554.9000000000005 ms
393,2562.8500000000004 ms
393,2569.9500000000007 ms
393,2575.3 ms
393,2599.05 ms
393,2601.1500000000005 ms
393,2615.3499999999995 ms
393,2619.0 ms
393,2622.1499999999996 ms
393,2630.3999999999996 ms
393,2650.4500000000007 ms
393,2669.05 ms
393,2670.3 ms
393,2693.95 ms
393,2700.750000000001 ms
393,2706.3 ms
393,2715.1500000000005 ms
393,2718.7000000000007 ms
393,2731.2000000000007 ms
393,2746.9500000000007 ms
393,2776.4500000000007 ms
393,2792.1000000000004 ms
393,2799.9500000000007 ms
393,2800.750000000001 ms
393,2805.6000000000013 ms
393,2834.750000000001 ms
393,2839.550000000001 ms
393,2845.9000000000015 ms
393,2846.3500000000004 ms
393,2862.9000000000015 ms
393,2868.9000000000015 ms
393,2879.7000000000007 ms
393,2921.000000000002 ms
393,2933.6000000000013 ms
393,2958.050000000001 ms
393,2958.6500000000015 ms
393,2959.300000000001 ms
393,2961.800000000001 ms
393,2976.6500000000015 ms
393,2977.6500000000015 ms
393,2983.750000000001 ms
393,2983.9000000000005 ms
393,3002.2000000000016 ms
393,3018.1500000000005 ms
393,3020.2000000000016 ms
393,3020.6500000000005 ms
393,3023.4000000000005 ms
393,3034.9000000000005 ms
393,3046.9500000000016 ms
393,3053.050000000001 ms
393,3061.1500000000015 ms
393,3072.550000000001 ms
393,3085.500000000001 ms
393,3147.6500000000005 ms
393,3165.6000000000013 ms
393,3166.55 ms
393,3203.1000000000013 ms
393,3224.750000000001 ms
393,3229.050000000001 ms
393,3244.000000000001 ms
393,3254.050000000001 ms
393,3270.7000000000007 ms
393,3318.4000000000015 ms
393,3324.250000000001 ms
393,3341.500000000001 ms
393,3351.8500000000013 ms
393,3354.250000000001 ms
393,3355.800000000001 ms
393,3391.050000000001 ms
393,3399.9500000000007 ms
393,3408.250000000002 ms
393,3410.6000000000013 ms
393,3410.7000000000016 ms
393,3412.550000000001 ms
393,3414.000000000001 ms
393,3457.3500000000013 ms
393,3469.250000000001 ms
393,3484.2000000000007 ms
393,3486.250000000001 ms
393,3491.1000000000013 ms
393,3521.1500000000005 ms
393,3533.500000000001 ms
393,3533.9500000000007 ms
393,3535.3500000000004 ms
393,3536.7000000000007 ms
393,3541.050000000001 ms
393,3558.3500000000004 ms
393,3575.550000000001 ms
393,3575.800000000001 ms
393,3593.6500000000005 ms
393,3594.6000000000004 ms
393,3599.4000000000005 ms
393,3604.8 ms
393,3612.250000000001 ms
393,3648.95 ms
393,3665.8500000000004 ms
393,3677.9000000000005 ms
393,3685.8500000000004 ms
393,3712.3 ms
393,3729.2 ms
393,3743.1500000000005 ms
393,3746.95 ms
393,3777.750000000001 ms
393,3794.3500000000004 ms
393,3798.55 ms
393,3801.7 ms
393,3816.1000000000004 ms
393,3816.2000000000007 ms
393,3853.0 ms
393,3853.2000000000007 ms
393,3859.8 ms
393,3860.5 ms
393,3865.3500000000004 ms
393,3883.0499999999993 ms
393,3883.3500000000004 ms
393,3887.8500000000004 ms
393,3900.3500000000004 ms
393,3918.0499999999993 ms
393,3922.45 ms
393,3925.1499999999996 ms
393,3969.8999999999996 ms
393,3973.25 ms
393,3973.75 ms
393,3975.3499999999995 ms
393,3975.5999999999995 ms
393,3975.999999999999 ms
393,3980.8499999999995 ms
394,2.2 ms
394,17.8 ms
394,34.150000000000006 ms
394,56.150000000000006 ms
394,64.55000000000001 ms
394,66.35000000000002 ms
394,70.94999999999999 ms
394,84.19999999999999 ms
394,85.9 ms
394,89.1 ms
394,132.20000000000002 ms
394,145.10000000000005 ms
394,166.70000000000002 ms
394,168.50000000000003 ms
394,170.65000000000006 ms
394,183.30000000000004 ms
394,198.25000000000003 ms
394,225.05000000000004 ms
394,230.05000000000004 ms
394,237.35000000000005 ms
394,246.30000000000004 ms
394,267.30000000000007 ms
394,285.5000000000001 ms
394,321.2500000000001 ms
394,323.2500000000001 ms
394,337.7500000000001 ms
394,339.6 ms
394,352.7500000000001 ms
394,368.15 ms
394,370.9 ms
394,373.35 ms
394,381.85 ms
394,402.4 ms
394,418.1 ms
394,447.0 ms
394,481.0 ms
394,482.45000000000005 ms
394,504.5999999999999 ms
394,510.4 ms
394,526.6 ms
394,534.65 ms
394,544.7500000000001 ms
394,545.7499999999999 ms
394,554.0499999999998 ms
394,554.2499999999999 ms
394,567.6999999999999 ms
394,576.4 ms
394,580.5500000000001 ms
394,583.7500000000001 ms
394,586.2500000000001 ms
394,590.2500000000001 ms
394,610.0000000000001 ms
394,658.65 ms
394,690.1 ms
394,696.3500000000003 ms
394,721.35 ms
394,725.7500000000001 ms
394,729.7500000000001 ms
394,749.2000000000002 ms
394,759.2500000000001 ms
394,777.9500000000002 ms
394,782.1 ms
394,787.8500000000003 ms
394,815.6 ms
394,827.3500000000003 ms
394,836.4000000000002 ms
394,843.4 ms
394,846.35 ms
394,847.7000000000002 ms
394,848.0000000000001 ms
394,849.1000000000003 ms
394,854.5500000000003 ms
394,862.7000000000002 ms
394,926.2500000000001 ms
394,930.0500000000001 ms
394,932.1500000000002 ms
394,942.6000000000003 ms
394,962.4500000000002 ms
394,999.9000000000002 ms
394,1041.5000000000005 ms
394,1063.7000000000003 ms
394,1065.3500000000004 ms
394,1066.2500000000005 ms
394,1067.9000000000005 ms
394,1070.1000000000004 ms
394,1079.3500000000004 ms
394,1088.250000000001 ms
394,1137.3000000000006 ms
394,1141.9000000000005 ms
394,1150.8000000000006 ms
394,1159.6000000000008 ms
394,1162.4000000000005 ms
394,1168.7000000000007 ms
394,1171.3500000000004 ms
394,1175.3500000000004 ms
394,1176.750000000001 ms
394,1208.000000000001 ms
394,1216.2000000000007 ms
394,1223.0500000000006 ms
394,1245.0500000000006 ms
394,1249.4500000000007 ms
394,1252.0500000000006 ms
394,1302.8000000000006 ms
394,1305.9000000000005 ms
394,1318.8500000000004 ms
394,1324.7000000000007 ms
394,1326.5000000000005 ms
394,1329.3500000000004 ms
394,1356.2500000000005 ms
394,1356.4500000000003 ms
394,1362.3000000000006 ms
394,1362.7000000000003 ms
394,1378.0000000000005 ms
394,1383.1000000000004 ms
394,1393.3500000000004 ms
394,1409.6000000000004 ms
394,1410.1500000000005 ms
394,1414.75 ms
394,1429.6500000000005 ms
394,1432.3500000000004 ms
394,1435.6000000000004 ms
394,1436.5000000000005 ms
394,1454.6500000000005 ms
394,1473.6000000000004 ms
394,1501.2000000000007 ms
394,1507.2000000000007 ms
394,1509.8500000000004 ms
394,1514.2000000000007 ms
394,1539.0000000000005 ms
394,1558.1500000000005 ms
394,1569.5000000000005 ms
394,1598.1500000000005 ms
394,1601.0000000000005 ms
394,1601.3000000000006 ms
394,1603.0500000000006 ms
394,1618.7500000000005 ms
394,1619.2500000000005 ms
394,1621.7000000000003 ms
394,1633.4000000000005 ms
394,1638.0500000000006 ms
394,1649.0000000000005 ms
394,1653.2500000000005 ms
394,1664.900000000001 ms
394,1673.8500000000008 ms
394,1674.7000000000007 ms
394,1680.6500000000005 ms
394,1689.000000000001 ms
394,1696.9000000000005 ms
394,1717.3500000000008 ms
394,1718.3000000000006 ms
394,1732.150000000001 ms
394,1742.7500000000005 ms
394,1768.150000000001 ms
394,1780.0000000000005 ms
394,1795.4500000000007 ms
394,1803.2000000000007 ms
394,1824.5500000000006 ms
394,1828.3000000000006 ms
394,1831.2000000000007 ms
394,1832.0500000000006 ms
394,1853.7500000000005 ms
394,1862.0000000000005 ms
394,1876.1000000000008 ms
394,1878.8500000000008 ms
394,1891.9000000000005 ms
394,1907.9500000000007 ms
394,1915.7500000000005 ms
394,1966.7500000000005 ms
394,1967.7000000000003 ms
394,1977.2500000000005 ms
394,2016.6000000000004 ms
394,2039.3500000000004 ms
394,2042.2500000000005 ms
394,2043.9500000000003 ms
394,2059.200000000001 ms
394,2075.3000000000006 ms
394,2086.100000000001 ms
394,2094.5000000000014 ms
394,2097.700000000001 ms
394,2104.150000000001 ms
394,2120.9 ms
394,2125.2000000000003 ms
394,2131.0000000000005 ms
394,2135.100000000001 ms
394,2136.0500000000006 ms
394,2148.850000000001 ms
394,2163.8000000000006 ms
394,2173.65 ms
394,2189.0000000000005 ms
394,2189.150000000001 ms
394,2189.700000000001 ms
394,2219.9500000000003 ms
394,2224.950000000001 ms
394,2232.4500000000003 ms
394,2247.3000000000006 ms
394,2254.2500000000005 ms
394,2257.3000000000006 ms
394,2273.600000000001 ms
394,2277.650000000001 ms
394,2279.0000000000005 ms
394,2325.600000000001 ms
394,2326.7500000000014 ms
394,2334.650000000001 ms
394,2373.700000000001 ms
394,2376.950000000001 ms
394,2381.900000000001 ms
394,2384.5000000000005 ms
394,2389.400000000001 ms
394,2389.650000000001 ms
394,2394.150000000001 ms
394,2394.400000000001 ms
394,2416.900000000001 ms
394,2422.7500000000005 ms
394,2432.7500000000014 ms
394,2453.400000000001 ms
394,2472.350000000001 ms
394,2472.9500000000003 ms
394,2504.5000000000005 ms
394,2538.5000000000014 ms
394,2542.450000000001 ms
394,2544.600000000001 ms
394,2546.9500000000003 ms
394,2564.9 ms
394,2596.85 ms
394,2597.100000000001 ms
394,2612.0000000000005 ms
394,2624.8000000000006 ms
394,2669.5500000000006 ms
394,2675.4 ms
394,2690.0000000000005 ms
394,2696.1 ms
394,2729.9500000000003 ms
394,2741.350000000001 ms
394,2746.6 ms
394,2761.15 ms
394,2767.6 ms
394,2780.850000000001 ms
394,2781.85 ms
394,2791.65 ms
394,2803.2500000000005 ms
394,2820.9500000000003 ms
394,2824.65 ms
394,2824.9999999999995 ms
394,2865.35 ms
394,2866.7500000000005 ms
394,2907.4 ms
394,2912.3000000000006 ms
394,2919.0000000000005 ms
394,2934.2499999999995 ms
394,2967.4 ms
394,2972.7000000000003 ms
394,2978.600000000001 ms
394,2989.0500000000006 ms
394,3016.9 ms
394,3021.9 ms
394,3023.1 ms
394,3045.35 ms
394,3078.6 ms
394,3094.6999999999994 ms
394,3121.4999999999995 ms
394,3122.4 ms
394,3178.3000000000006 ms
394,3180.7999999999997 ms
394,3192.2000000000003 ms
394,3207.65 ms
394,3225.9500000000003 ms
394,3231.7500000000005 ms
394,3235.2000000000003 ms
394,3236.2999999999997 ms
394,3238.4 ms
394,3243.4999999999995 ms
394,3245.35 ms
394,3246.15 ms
394,3262.7499999999995 ms
394,3327.0000000000005 ms
394,3331.1 ms
394,3334.1 ms
394,3365.7500000000005 ms
394,3382.85 ms
394,3385.2500000000005 ms
394,3409.4999999999995 ms
394,3410.0499999999997 ms
394,3477.4999999999995 ms
394,3482.2999999999997 ms
394,3518.65 ms
394,3540.15 ms
394,3556.1 ms
394,3635.1 ms
394,3649.1 ms
394,3653.6 ms
394,3656.35 ms
394,3662.2999999999997 ms
394,3666.4999999999995 ms
394,3673.4499999999994 ms
394,3674.85 ms
394,3675.4499999999994 ms
394,3681.2499999999995 ms
394,3681.9 ms
394,3682.1 ms
394,3690.7499999999995 ms
394,3704.849999999999 ms
394,3705.9999999999995 ms
394,3707.9 ms
394,3718.149999999999 ms
394,3736.2499999999995 ms
394,3743.7999999999997 ms
394,3751.9999999999995 ms
394,3765.15 ms
394,3792.7499999999995 ms
394,3793.2499999999995 ms
394,3801.9499999999994 ms
394,3816.149999999999 ms
394,3834.0499999999997 ms
394,3846.049999999999 ms
394,3866.4499999999994 ms
394,3875.399999999999 ms
394,3895.899999999999 ms
394,3927.149999999999 ms
394,3956.4499999999994 ms
394,3989.299999999999 ms
394,3998.7499999999986 ms
395,17.650000000000002 ms
395,20.150000000000002 ms
395,44.75 ms
395,53.45 ms
395,69.60000000000001 ms
395,72.95 ms
395,110.65000000000002 ms
395,147.64999999999998 ms
395,153.10000000000002 ms
395,160.60000000000002 ms
395,168.45 ms
395,176.64999999999998 ms
395,195.0 ms
395,210.29999999999995 ms
395,213.60000000000002 ms
395,218.45 ms
395,220.84999999999997 ms
395,221.40000000000003 ms
395,234.09999999999997 ms
395,247.25 ms
395,248.14999999999998 ms
395,265.05000000000007 ms
395,269.15 ms
395,270.95000000000005 ms
395,287.55000000000007 ms
395,293.2500000000001 ms
395,303.70000000000005 ms
395,350.25 ms
395,366.1500000000001 ms
395,382.29999999999995 ms
395,382.6 ms
395,389.05000000000007 ms
395,407.4 ms
395,408.30000000000007 ms
395,416.55000000000007 ms
395,434.15 ms
395,445.30000000000007 ms
395,450.75 ms
395,484.25 ms
395,508.4 ms
395,520.7999999999998 ms
395,525.3000000000001 ms
395,527.2500000000001 ms
395,554.8000000000001 ms
395,567.2999999999998 ms
395,573.7499999999999 ms
395,582.4499999999999 ms
395,592.4999999999999 ms
395,600.9 ms
395,603.9499999999999 ms
395,622.15 ms
395,622.4499999999999 ms
395,662.5999999999998 ms
395,670.1 ms
395,686.15 ms
395,686.8999999999997 ms
395,713.4999999999999 ms
395,731.0499999999998 ms
395,738.4999999999999 ms
395,803.5499999999998 ms
395,813.0999999999998 ms
395,830.1499999999997 ms
395,839.6999999999997 ms
395,852.0499999999998 ms
395,855.8999999999997 ms
395,865.0499999999996 ms
395,876.8999999999997 ms
395,879.1499999999997 ms
395,908.3499999999998 ms
395,916.2999999999998 ms
395,948.2999999999998 ms
395,969.7999999999998 ms
395,974.2499999999999 ms
395,982.8999999999997 ms
395,998.9499999999997 ms
395,1003.7999999999998 ms
395,1008.2999999999998 ms
395,1009.8499999999998 ms
395,1010.6999999999999 ms
395,1016.9 ms
395,1024.1 ms
395,1035.5 ms
395,1053.6 ms
395,1068.4499999999998 ms
395,1081.6999999999998 ms
395,1085.1999999999998 ms
395,1089.1499999999996 ms
395,1114.8000000000002 ms
395,1117.35 ms
395,1133.2999999999997 ms
395,1147.2000000000003 ms
395,1150.2999999999997 ms
395,1220.25 ms
395,1221.3000000000002 ms
395,1225.5 ms
395,1238.75 ms
395,1240.75 ms
395,1248.9 ms
395,1278.15 ms
395,1282.0500000000002 ms
395,1303.4 ms
395,1339.65 ms
395,1343.0 ms
395,1346.9 ms
395,1349.0 ms
395,1357.85 ms
395,1359.75 ms
395,1361.0500000000002 ms
395,1362.8000000000002 ms
395,1373.3000000000002 ms
395,1387.1999999999998 ms
395,1440.1000000000004 ms
395,1455.3000000000002 ms
395,1457.8500000000004 ms
395,1467.75 ms
395,1473.25 ms
395,1509.9000000000005 ms
395,1510.7000000000003 ms
395,1526.5000000000005 ms
395,1543.0500000000002 ms
395,1548.65 ms
395,1551.9 ms
395,1563.4500000000003 ms
395,1570.9 ms
395,1581.65 ms
395,1584.3000000000002 ms
395,1615.75 ms
395,1636.75 ms
395,1639.1500000000005 ms
395,1640.2000000000003 ms
395,1650.65 ms
395,1653.8000000000006 ms
395,1664.65 ms
395,1677.7000000000003 ms
395,1686.0000000000005 ms
395,1696.3000000000002 ms
395,1696.6000000000004 ms
395,1700.4499999999998 ms
395,1708.8000000000002 ms
395,1717.5500000000002 ms
395,1726.1499999999996 ms
395,1751.1 ms
395,1755.0 ms
395,1779.8000000000002 ms
395,1792.75 ms
395,1815.75 ms
395,1818.8000000000002 ms
395,1821.0500000000002 ms
395,1840.6499999999996 ms
395,1848.5500000000002 ms
395,1854.35 ms
395,1866.5499999999997 ms
395,1881.1 ms
395,1897.5499999999997 ms
395,1903.7000000000003 ms
395,1912.2000000000003 ms
395,1919.1 ms
395,1923.0000000000005 ms
395,1930.5500000000002 ms
395,1932.25 ms
395,1933.25 ms
395,1933.6000000000004 ms
395,1946.25 ms
395,1952.75 ms
395,1954.8000000000002 ms
395,2063.75 ms
395,2067.05 ms
395,2068.9000000000005 ms
395,2090.8499999999995 ms
395,2108.55 ms
395,2110.05 ms
395,2119.05 ms
395,2132.3 ms
395,2133.3999999999996 ms
395,2134.25 ms
395,2150.8499999999995 ms
395,2158.5499999999993 ms
395,2159.3999999999996 ms
395,2165.3999999999996 ms
395,2206.5999999999985 ms
395,2215.449999999999 ms
395,2217.999999999999 ms
395,2251.949999999999 ms
395,2270.3499999999985 ms
395,2280.499999999999 ms
395,2304.749999999999 ms
395,2306.3999999999987 ms
395,2337.8499999999995 ms
395,2346.8499999999995 ms
395,2354.499999999999 ms
395,2362.5499999999993 ms
395,2377.2999999999993 ms
395,2391.1499999999996 ms
395,2393.449999999999 ms
395,2395.449999999999 ms
395,2406.699999999999 ms
395,2409.949999999999 ms
395,2423.0499999999993 ms
395,2444.749999999999 ms
395,2476.5999999999995 ms
395,2484.699999999999 ms
395,2510.699999999999 ms
395,2519.199999999999 ms
395,2521.249999999999 ms
395,2522.3499999999995 ms
395,2528.7999999999984 ms
395,2548.499999999999 ms
395,2567.499999999999 ms
395,2572.8499999999985 ms
395,2574.5999999999985 ms
395,2576.499999999998 ms
395,2577.7999999999993 ms
395,2598.3999999999987 ms
395,2605.0499999999984 ms
395,2615.249999999999 ms
395,2630.0999999999985 ms
395,2633.249999999998 ms
395,2646.3999999999987 ms
395,2653.1499999999987 ms
395,2656.199999999999 ms
395,2671.449999999999 ms
395,2671.5499999999993 ms
395,2678.6499999999987 ms
395,2679.8999999999987 ms
395,2688.699999999999 ms
395,2753.5999999999985 ms
395,2754.0499999999993 ms
395,2761.0499999999993 ms
395,2765.999999999998 ms
395,2770.749999999998 ms
395,2790.7999999999993 ms
395,2795.449999999999 ms
395,2846.499999999999 ms
395,2861.499999999999 ms
395,2879.249999999999 ms
395,2891.1499999999987 ms
395,2909.249999999999 ms
395,2909.749999999999 ms
395,2914.199999999999 ms
395,2924.749999999999 ms
395,2929.1499999999987 ms
395,2964.2 ms
395,2968.3999999999987 ms
395,2978.1499999999987 ms
395,2997.5499999999993 ms
395,3000.1499999999996 ms
395,3009.2999999999993 ms
395,3019.749999999999 ms
395,3022.3999999999987 ms
395,3027.2999999999993 ms
395,3029.449999999999 ms
395,3073.1499999999996 ms
395,3082.249999999999 ms
395,3107.5999999999995 ms
395,3109.199999999999 ms
395,3111.449999999999 ms
395,3128.2999999999993 ms
395,3151.6499999999987 ms
395,3159.7999999999984 ms
395,3160.0999999999995 ms
395,3170.8499999999995 ms
395,3175.699999999999 ms
395,3176.749999999999 ms
395,3186.699999999999 ms
395,3193.999999999999 ms
395,3201.699999999999 ms
395,3203.5999999999985 ms
395,3212.6499999999996 ms
395,3248.2999999999993 ms
395,3274.5499999999993 ms
395,3282.6499999999996 ms
395,3306.199999999999 ms
395,3307.5 ms
395,3317.25 ms
395,3331.0 ms
395,3335.1499999999996 ms
395,3361.45 ms
395,3365.3999999999996 ms
395,3379.25 ms
395,3388.75 ms
395,3390.25 ms
395,3393.25 ms
395,3405.5 ms
395,3410.3999999999996 ms
395,3431.0 ms
395,3434.0999999999995 ms
395,3438.999999999999 ms
395,3469.8999999999996 ms
395,3482.0499999999993 ms
395,3488.6499999999996 ms
395,3495.1499999999996 ms
395,3506.5499999999993 ms
395,3510.3500000000004 ms
395,3511.8500000000004 ms
395,3527.5499999999993 ms
395,3545.7 ms
395,3562.8 ms
395,3583.05 ms
395,3584.499999999999 ms
395,3595.3499999999995 ms
395,3616.1499999999996 ms
395,3623.3499999999995 ms
395,3628.2 ms
395,3649.1499999999987 ms
395,3652.499999999999 ms
395,3655.999999999999 ms
395,3674.1499999999987 ms
395,3698.0499999999993 ms
395,3728.7999999999993 ms
395,3736.5999999999995 ms
395,3761.45 ms
395,3771.95 ms
395,3773.45 ms
395,3785.3999999999987 ms
395,3785.8999999999987 ms
395,3803.5499999999993 ms
395,3819.3999999999996 ms
395,3860.7999999999993 ms
395,3878.0499999999993 ms
395,3909.3999999999996 ms
395,3912.449999999999 ms
395,3913.6499999999996 ms
395,3922.1499999999996 ms
395,3930.3999999999996 ms
395,3936.2999999999993 ms
395,3940.8499999999995 ms
395,3950.3499999999995 ms
395,3954.2 ms
396,22.6 ms
396,36.75 ms
396,48.3 ms
396,61.75 ms
396,62.05 ms
396,73.59999999999998 ms
396,116.44999999999997 ms
396,124.45 ms
396,141.2 ms
396,146.59999999999997 ms
396,163.0 ms
396,176.35000000000002 ms
396,178.45 ms
396,181.45 ms
396,182.45 ms
396,195.45 ms
396,199.05 ms
396,204.05 ms
396,223.2 ms
396,245.0 ms
396,261.9 ms
396,281.29999999999995 ms
396,292.4 ms
396,304.4 ms
396,312.19999999999993 ms
396,346.30000000000007 ms
396,357.0 ms
396,364.6 ms
396,374.15 ms
396,376.05000000000007 ms
396,383.85 ms
396,395.65 ms
396,421.7500000000001 ms
396,434.7500000000001 ms
396,436.0000000000001 ms
396,436.95000000000005 ms
396,465.1 ms
396,489.55000000000007 ms
396,491.69999999999993 ms
396,506.94999999999993 ms
396,507.75 ms
396,512.8 ms
396,541.3 ms
396,543.6499999999999 ms
396,557.5 ms
396,572.5999999999999 ms
396,606.75 ms
396,610.0999999999999 ms
396,632.75 ms
396,655.8 ms
396,657.05 ms
396,673.1499999999999 ms
396,677.05 ms
396,706.8999999999999 ms
396,727.05 ms
396,739.95 ms
396,768.7499999999998 ms
396,777.8999999999999 ms
396,778.8499999999999 ms
396,814.5 ms
396,819.8499999999999 ms
396,824.6499999999999 ms
396,829.05 ms
396,835.6999999999998 ms
396,839.4499999999998 ms
396,851.1999999999998 ms
396,866.3499999999999 ms
396,869.1499999999996 ms
396,875.4999999999998 ms
396,898.4499999999998 ms
396,904.1499999999999 ms
396,909.0999999999999 ms
396,928.3499999999999 ms
396,950.6999999999998 ms
396,993.75 ms
396,1001.0 ms
396,1005.0 ms
396,1006.2999999999997 ms
396,1013.9499999999998 ms
396,1026.6 ms
396,1036.0 ms
396,1050.5 ms
396,1054.4 ms
396,1055.2000000000003 ms
396,1068.25 ms
396,1078.5 ms
396,1079.25 ms
396,1083.0 ms
396,1084.25 ms
396,1089.5500000000002 ms
396,1105.75 ms
396,1108.1 ms
396,1110.25 ms
396,1142.25 ms
396,1143.1 ms
396,1144.65 ms
396,1151.2499999999995 ms
396,1152.35 ms
396,1179.5499999999997 ms
396,1189.4999999999995 ms
396,1198.2999999999997 ms
396,1202.9999999999995 ms
396,1205.15 ms
396,1228.4499999999998 ms
396,1260.0499999999997 ms
396,1261.6499999999996 ms
396,1277.2499999999995 ms
396,1279.7999999999997 ms
396,1308.1999999999994 ms
396,1308.4499999999994 ms
396,1324.8999999999996 ms
396,1341.2499999999995 ms
396,1358.0999999999995 ms
396,1370.5499999999993 ms
396,1395.0499999999993 ms
396,1396.5999999999995 ms
396,1402.4999999999995 ms
396,1405.0499999999997 ms
396,1407.0999999999995 ms
396,1422.9999999999995 ms
396,1425.0999999999995 ms
396,1440.6499999999996 ms
396,1449.3499999999995 ms
396,1453.1999999999994 ms
396,1470.8499999999995 ms
396,1502.5999999999995 ms
396,1531.4999999999995 ms
396,1549.5999999999995 ms
396,1567.8999999999996 ms
396,1569.5999999999995 ms
396,1577.1999999999994 ms
396,1586.2499999999995 ms
396,1603.6999999999994 ms
396,1606.2999999999993 ms
396,1614.7999999999993 ms
396,1622.249999999999 ms
396,1623.5999999999995 ms
396,1644.3499999999995 ms
396,1659.5999999999995 ms
396,1677.0499999999993 ms
396,1695.999999999999 ms
396,1721.5499999999993 ms
396,1722.3999999999992 ms
396,1726.249999999999 ms
396,1726.999999999999 ms
396,1733.949999999999 ms
396,1739.0999999999995 ms
396,1778.5499999999993 ms
396,1782.5999999999995 ms
396,1788.0999999999995 ms
396,1808.3499999999995 ms
396,1822.7999999999993 ms
396,1823.0999999999995 ms
396,1880.8999999999992 ms
396,1889.849999999999 ms
396,1890.3999999999992 ms
396,1892.499999999999 ms
396,1905.7999999999993 ms
396,1907.499999999999 ms
396,1953.7999999999993 ms
396,1970.849999999999 ms
396,1976.849999999999 ms
396,1990.5499999999988 ms
396,1994.999999999999 ms
396,2001.1499999999992 ms
396,2003.6499999999992 ms
396,2024.1499999999992 ms
396,2024.5499999999993 ms
396,2034.3499999999995 ms
396,2035.3499999999995 ms
396,2060.2999999999993 ms
396,2063.499999999999 ms
396,2071.3499999999995 ms
396,2074.3999999999987 ms
396,2100.0999999999995 ms
396,2108.5499999999984 ms
396,2111.3999999999987 ms
396,2122.499999999999 ms
396,2137.8999999999987 ms
396,2173.6499999999987 ms
396,2179.699999999999 ms
396,2180.0499999999993 ms
396,2193.249999999998 ms
396,2195.8499999999985 ms
396,2207.0499999999984 ms
396,2232.0499999999984 ms
396,2233.8999999999987 ms
396,2281.3999999999987 ms
396,2286.0499999999984 ms
396,2289.5999999999985 ms
396,2290.199999999999 ms
396,2300.149999999998 ms
396,2320.649999999998 ms
396,2321.949999999999 ms
396,2322.899999999998 ms
396,2335.0999999999985 ms
396,2351.8499999999985 ms
396,2364.0999999999985 ms
396,2370.149999999998 ms
396,2385.7999999999984 ms
396,2408.199999999998 ms
396,2411.3499999999985 ms
396,2416.5499999999984 ms
396,2430.8499999999985 ms
396,2468.5499999999984 ms
396,2479.499999999998 ms
396,2484.249999999998 ms
396,2484.5999999999985 ms
396,2486.2999999999975 ms
396,2489.399999999998 ms
396,2496.649999999998 ms
396,2507.449999999998 ms
396,2511.149999999998 ms
396,2522.999999999998 ms
396,2541.699999999997 ms
396,2552.149999999998 ms
396,2553.149999999998 ms
396,2573.699999999997 ms
396,2587.749999999998 ms
396,2608.649999999998 ms
396,2639.399999999998 ms
396,2646.699999999998 ms
396,2653.0999999999976 ms
396,2663.199999999998 ms
396,2675.7999999999984 ms
396,2687.449999999998 ms
396,2715.7999999999984 ms
396,2731.8499999999976 ms
396,2738.0499999999984 ms
396,2748.8499999999976 ms
396,2775.6499999999987 ms
396,2780.249999999998 ms
396,2781.949999999998 ms
396,2787.399999999998 ms
396,2789.499999999998 ms
396,2789.999999999998 ms
396,2801.5499999999975 ms
396,2810.399999999998 ms
396,2815.999999999998 ms
396,2818.5999999999976 ms
396,2825.449999999998 ms
396,2826.899999999997 ms
396,2856.8499999999976 ms
396,2859.2499999999973 ms
396,2861.2499999999973 ms
396,2865.2999999999975 ms
396,2874.449999999997 ms
396,2879.949999999997 ms
396,2888.5999999999976 ms
396,2904.5999999999976 ms
396,2907.0999999999976 ms
396,2911.399999999998 ms
396,2914.2999999999975 ms
396,2918.749999999998 ms
396,2919.949999999997 ms
396,2930.2999999999975 ms
396,2959.0999999999976 ms
396,2968.449999999998 ms
396,2977.449999999998 ms
396,2981.449999999998 ms
396,2996.0999999999976 ms
396,3036.2999999999975 ms
396,3065.7999999999975 ms
396,3087.449999999997 ms
396,3093.2999999999975 ms
396,3098.2999999999975 ms
396,3109.149999999998 ms
396,3111.4999999999973 ms
396,3129.4999999999973 ms
396,3131.699999999997 ms
396,3132.899999999997 ms
396,3158.2999999999965 ms
396,3178.3499999999976 ms
396,3200.899999999997 ms
396,3218.149999999997 ms
396,3229.449999999998 ms
396,3253.149999999997 ms
396,3257.399999999997 ms
396,3271.0499999999975 ms
396,3273.649999999998 ms
396,3274.5499999999975 ms
396,3315.4999999999973 ms
396,3320.649999999997 ms
396,3326.3499999999976 ms
396,3358.0499999999965 ms
396,3380.7999999999965 ms
396,3385.3499999999976 ms
396,3387.449999999997 ms
396,3389.9999999999973 ms
396,3392.649999999997 ms
396,3397.949999999998 ms
396,3404.7999999999975 ms
396,3414.449999999997 ms
396,3434.499999999998 ms
396,3450.0499999999975 ms
396,3456.749999999998 ms
396,3459.0999999999976 ms
396,3472.149999999998 ms
396,3477.499999999998 ms
396,3529.8499999999976 ms
396,3559.5999999999976 ms
396,3579.8499999999976 ms
396,3586.7999999999975 ms
396,3603.699999999997 ms
396,3612.5999999999976 ms
396,3619.9999999999973 ms
396,3629.199999999998 ms
396,3637.149999999997 ms
396,3661.399999999997 ms
396,3679.0999999999976 ms
396,3686.0499999999965 ms
396,3703.199999999997 ms
396,3708.399999999997 ms
396,3717.5999999999967 ms
396,3720.899999999997 ms
396,3777.3499999999967 ms
396,3783.2999999999965 ms
396,3786.899999999997 ms
396,3795.649999999997 ms
396,3801.449999999996 ms
396,3822.7499999999973 ms
396,3823.9999999999973 ms
396,3834.2999999999965 ms
396,3858.449999999997 ms
396,3863.5499999999975 ms
396,3892.949999999997 ms
396,3897.8499999999967 ms
396,3926.0999999999967 ms
396,3935.7499999999973 ms
396,3936.449999999997 ms
396,3954.8499999999967 ms
396,3955.899999999998 ms
396,3960.5499999999975 ms
396,3962.0499999999975 ms
396,3977.2499999999973 ms
396,3987.9999999999973 ms
397,2.0500000000000003 ms
397,19.400000000000002 ms
397,30.150000000000002 ms
397,44.45 ms
397,56.60000000000001 ms
397,62.35000000000001 ms
397,65.15 ms
397,68.45000000000002 ms
397,72.4 ms
397,117.9 ms
397,121.5 ms
397,172.7 ms
397,191.05 ms
397,204.24999999999994 ms
397,206.2 ms
397,208.89999999999992 ms
397,215.29999999999995 ms
397,217.49999999999994 ms
397,218.24999999999994 ms
397,229.34999999999997 ms
397,229.99999999999994 ms
397,235.69999999999993 ms
397,246.49999999999994 ms
397,259.29999999999995 ms
397,301.44999999999993 ms
397,304.69999999999993 ms
397,350.79999999999995 ms
397,367.5999999999999 ms
397,370.04999999999995 ms
397,377.4 ms
397,402.69999999999993 ms
397,406.9 ms
397,436.0 ms
397,442.1 ms
397,448.55000000000007 ms
397,449.15 ms
397,477.30000000000007 ms
397,483.35 ms
397,491.45000000000005 ms
397,545.25 ms
397,547.55 ms
397,567.1499999999999 ms
397,570.25 ms
397,576.3499999999999 ms
397,606.3499999999999 ms
397,608.3000000000002 ms
397,627.5999999999999 ms
397,628.25 ms
397,628.3499999999999 ms
397,657.9000000000001 ms
397,659.1999999999998 ms
397,698.1999999999998 ms
397,776.5 ms
397,779.5999999999999 ms
397,781.95 ms
397,818.2 ms
397,837.1500000000001 ms
397,839.25 ms
397,854.6000000000001 ms
397,856.6500000000001 ms
397,864.95 ms
397,872.95 ms
397,880.4000000000001 ms
397,893.5500000000002 ms
397,900.7 ms
397,908.6000000000001 ms
397,909.2 ms
397,911.55 ms
397,928.7500000000002 ms
397,932.2500000000002 ms
397,940.1000000000001 ms
397,948.9000000000001 ms
397,982.5 ms
397,1003.5 ms
397,1022.1000000000001 ms
397,1031.95 ms
397,1039.3500000000001 ms
397,1040.5500000000004 ms
397,1048.9000000000003 ms
397,1081.8500000000001 ms
397,1085.3500000000001 ms
397,1095.2500000000002 ms
397,1101.8 ms
397,1108.8500000000001 ms
397,1116.6499999999999 ms
397,1146.95 ms
397,1164.3 ms
397,1175.6499999999999 ms
397,1198.1000000000001 ms
397,1218.95 ms
397,1247.6000000000001 ms
397,1257.1499999999999 ms
397,1257.3999999999999 ms
397,1259.3 ms
397,1266.3499999999997 ms
397,1336.6000000000001 ms
397,1339.1499999999999 ms
397,1357.4999999999998 ms
397,1396.3999999999999 ms
397,1413.8 ms
397,1419.95 ms
397,1425.95 ms
397,1430.45 ms
397,1439.55 ms
397,1444.45 ms
397,1479.1000000000001 ms
397,1489.6499999999999 ms
397,1493.4999999999998 ms
397,1504.8 ms
397,1507.7500000000002 ms
397,1508.1000000000001 ms
397,1519.2500000000002 ms
397,1531.55 ms
397,1533.8 ms
397,1545.1499999999999 ms
397,1589.1499999999999 ms
397,1593.8999999999999 ms
397,1595.8999999999999 ms
397,1607.4999999999998 ms
397,1611.6499999999999 ms
397,1620.4999999999998 ms
397,1630.3499999999997 ms
397,1632.8 ms
397,1633.6499999999999 ms
397,1652.8 ms
397,1655.5999999999997 ms
397,1655.9499999999996 ms
397,1660.0499999999995 ms
397,1684.9499999999996 ms
397,1694.4499999999996 ms
397,1718.9499999999996 ms
397,1725.0499999999995 ms
397,1731.3499999999992 ms
397,1761.3999999999994 ms
397,1783.2999999999995 ms
397,1817.7999999999995 ms
397,1827.6999999999996 ms
397,1851.2499999999993 ms
397,1863.3999999999994 ms
397,1873.1499999999999 ms
397,1904.3499999999997 ms
397,1924.3999999999994 ms
397,1942.3999999999999 ms
397,1948.4999999999998 ms
397,1949.1499999999999 ms
397,1956.1999999999996 ms
397,1965.4999999999993 ms
397,1980.7999999999995 ms
397,1981.1499999999994 ms
397,1981.8999999999994 ms
397,2049.7999999999993 ms
397,2078.3499999999995 ms
397,2106.5999999999995 ms
397,2110.2999999999993 ms
397,2140.999999999999 ms
397,2142.999999999999 ms
397,2154.3999999999987 ms
397,2216.1499999999987 ms
397,2222.0999999999995 ms
397,2232.5999999999995 ms
397,2241.749999999999 ms
397,2242.5999999999995 ms
397,2244.0999999999995 ms
397,2284.5999999999995 ms
397,2292.0999999999995 ms
397,2299.7999999999984 ms
397,2299.999999999999 ms
397,2311.499999999999 ms
397,2320.2999999999984 ms
397,2320.949999999999 ms
397,2324.1499999999987 ms
397,2333.449999999999 ms
397,2367.2999999999993 ms
397,2385.3999999999987 ms
397,2389.5499999999984 ms
397,2391.8499999999995 ms
397,2408.0499999999984 ms
397,2413.3499999999995 ms
397,2436.749999999999 ms
397,2439.2999999999993 ms
397,2499.3999999999996 ms
397,2518.249999999999 ms
397,2519.449999999999 ms
397,2524.7999999999993 ms
397,2552.5999999999985 ms
397,2555.449999999999 ms
397,2589.449999999999 ms
397,2603.949999999999 ms
397,2610.249999999999 ms
397,2638.249999999999 ms
397,2651.699999999999 ms
397,2652.1499999999987 ms
397,2652.6499999999987 ms
397,2656.999999999999 ms
397,2662.249999999999 ms
397,2663.2999999999984 ms
397,2674.0499999999984 ms
397,2691.699999999999 ms
397,2692.749999999999 ms
397,2693.7999999999993 ms
397,2714.3999999999996 ms
397,2723.749999999999 ms
397,2728.7999999999993 ms
397,2735.199999999999 ms
397,2736.949999999999 ms
397,2763.5 ms
397,2766.8999999999996 ms
397,2834.8499999999995 ms
397,2854.1499999999996 ms
397,2872.45 ms
397,2889.05 ms
397,2899.45 ms
397,2902.3999999999996 ms
397,2903.2999999999993 ms
397,2903.5499999999993 ms
397,2906.6499999999996 ms
397,2908.3499999999995 ms
397,2913.749999999999 ms
397,2924.3999999999996 ms
397,2926.5499999999993 ms
397,2934.3500000000004 ms
397,2946.7 ms
397,2980.0 ms
397,3000.0 ms
397,3008.8 ms
397,3052.55 ms
397,3064.25 ms
397,3096.1499999999996 ms
397,3115.05 ms
397,3130.1000000000004 ms
397,3134.2000000000007 ms
397,3166.6000000000004 ms
397,3171.8500000000004 ms
397,3175.9000000000005 ms
397,3220.9000000000005 ms
397,3236.250000000001 ms
397,3237.55 ms
397,3254.7000000000007 ms
397,3269.1000000000004 ms
397,3304.1000000000004 ms
397,3305.7000000000007 ms
397,3309.9000000000005 ms
397,3321.250000000001 ms
397,3343.1500000000005 ms
397,3346.3500000000004 ms
397,3359.6000000000004 ms
397,3367.1000000000004 ms
397,3367.3 ms
397,3377.75 ms
397,3396.0 ms
397,3396.1499999999996 ms
397,3403.2000000000007 ms
397,3411.8 ms
397,3413.9000000000005 ms
397,3415.1500000000005 ms
397,3423.55 ms
397,3439.6500000000005 ms
397,3449.55 ms
397,3461.55 ms
397,3467.7 ms
397,3485.750000000001 ms
397,3487.6000000000004 ms
397,3534.8500000000004 ms
397,3535.2000000000007 ms
397,3563.2000000000007 ms
397,3572.3 ms
397,3593.6500000000005 ms
397,3594.7 ms
397,3600.3500000000004 ms
397,3605.7000000000007 ms
397,3613.3500000000004 ms
397,3627.3 ms
397,3634.25 ms
397,3642.3500000000004 ms
397,3674.7 ms
397,3682.0 ms
397,3683.7 ms
397,3697.3499999999995 ms
397,3699.5 ms
397,3703.45 ms
397,3717.3499999999995 ms
397,3727.95 ms
397,3751.0999999999995 ms
397,3769.75 ms
397,3780.1000000000004 ms
397,3787.25 ms
397,3795.6000000000004 ms
397,3818.7999999999993 ms
397,3844.6499999999996 ms
397,3851.7 ms
397,3857.5 ms
397,3866.1499999999996 ms
397,3879.9500000000007 ms
397,3926.5 ms
397,3937.0 ms
397,3946.0 ms
397,3951.5 ms
397,3958.4000000000005 ms
397,3977.9500000000007 ms
397,3982.500000000001 ms
397,3991.4000000000005 ms
398,34.15 ms
398,57.699999999999996 ms
398,61.6 ms
398,63.65 ms
398,81.54999999999998 ms
398,84.1 ms
398,89.85 ms
398,105.15 ms
398,109.54999999999998 ms
398,111.45000000000002 ms
398,134.5 ms
398,139.45 ms
398,154.34999999999997 ms
398,164.65000000000003 ms
398,181.75 ms
398,188.95 ms
398,205.55 ms
398,207.59999999999997 ms
398,220.09999999999997 ms
398,239.95 ms
398,258.25 ms
398,288.15 ms
398,302.6 ms
398,362.0 ms
398,370.04999999999995 ms
398,371.79999999999995 ms
398,424.4000000000001 ms
398,426.5 ms
398,431.20000000000005 ms
398,457.0 ms
398,457.95000000000005 ms
398,463.6500000000001 ms
398,477.70000000000005 ms
398,494.85 ms
398,496.55000000000007 ms
398,520.1 ms
398,527.7499999999999 ms
398,568.5499999999998 ms
398,574.4999999999999 ms
398,579.0000000000001 ms
398,588.6 ms
398,592.7000000000002 ms
398,596.9499999999999 ms
398,604.35 ms
398,636.15 ms
398,654.65 ms
398,654.85 ms
398,659.1 ms
398,678.9 ms
398,688.15 ms
398,693.9499999999999 ms
398,694.9499999999999 ms
398,703.65 ms
398,704.1 ms
398,726.9500000000002 ms
398,755.0500000000001 ms
398,765.1 ms
398,766.7499999999999 ms
398,777.2500000000001 ms
398,793.5500000000001 ms
398,814.85 ms
398,824.8499999999998 ms
398,877.3999999999997 ms
398,887.0999999999998 ms
398,888.6499999999997 ms
398,893.6999999999997 ms
398,899.4999999999997 ms
398,908.9999999999999 ms
398,923.0999999999998 ms
398,937.9999999999997 ms
398,961.2999999999996 ms
398,963.8999999999997 ms
398,968.1999999999997 ms
398,978.9999999999997 ms
398,979.4499999999997 ms
398,987.3499999999996 ms
398,995.6499999999995 ms
398,995.9499999999995 ms
398,998.5999999999996 ms
398,1015.6499999999995 ms
398,1041.8999999999996 ms
398,1050.5999999999995 ms
398,1094.5999999999995 ms
398,1137.0999999999995 ms
398,1140.0 ms
398,1141.5499999999997 ms
398,1143.1999999999998 ms
398,1147.3999999999996 ms
398,1174.5 ms
398,1212.7999999999997 ms
398,1230.1 ms
398,1232.1 ms
398,1246.9499999999994 ms
398,1250.5499999999997 ms
398,1276.2499999999995 ms
398,1309.6499999999996 ms
398,1329.0999999999995 ms
398,1330.0 ms
398,1360.2999999999997 ms
398,1379.85 ms
398,1388.1499999999996 ms
398,1425.9999999999995 ms
398,1440.7499999999995 ms
398,1452.3499999999995 ms
398,1468.5999999999995 ms
398,1471.0999999999995 ms
398,1483.8499999999995 ms
398,1486.0499999999993 ms
398,1531.3999999999996 ms
398,1539.749999999999 ms
398,1547.0499999999993 ms
398,1548.9499999999994 ms
398,1613.0499999999993 ms
398,1619.9499999999994 ms
398,1630.4499999999994 ms
398,1646.7499999999995 ms
398,1678.6499999999992 ms
398,1700.9999999999995 ms
398,1715.2499999999995 ms
398,1732.7499999999995 ms
398,1737.2999999999993 ms
398,1737.6999999999994 ms
398,1763.4999999999995 ms
398,1766.4999999999995 ms
398,1767.5499999999993 ms
398,1769.0999999999995 ms
398,1787.249999999999 ms
398,1789.7999999999993 ms
398,1815.7999999999993 ms
398,1825.5499999999993 ms
398,1845.5499999999993 ms
398,1849.7999999999993 ms
398,1858.1999999999994 ms
398,1861.4999999999995 ms
398,1884.1999999999994 ms
398,1913.3499999999995 ms
398,1922.7999999999993 ms
398,1924.8999999999996 ms
398,1927.1499999999996 ms
398,1955.2999999999993 ms
398,1965.2499999999995 ms
398,1992.8999999999996 ms
398,1994.3999999999996 ms
398,2013.2499999999995 ms
398,2021.2499999999995 ms
398,2022.2499999999995 ms
398,2035.4999999999995 ms
398,2056.3499999999995 ms
398,2072.95 ms
398,2090.7 ms
398,2118.1499999999987 ms
398,2127.6499999999987 ms
398,2154.8499999999995 ms
398,2166.749999999999 ms
398,2175.0999999999995 ms
398,2179.8999999999987 ms
398,2201.3499999999995 ms
398,2202.8499999999995 ms
398,2206.6499999999987 ms
398,2224.2999999999993 ms
398,2231.5499999999993 ms
398,2246.0999999999995 ms
398,2254.95 ms
398,2255.8499999999995 ms
398,2264.249999999999 ms
398,2271.6499999999996 ms
398,2276.1499999999996 ms
398,2276.5499999999993 ms
398,2278.1000000000004 ms
398,2281.5 ms
398,2285.0 ms
398,2291.8999999999996 ms
398,2301.7000000000007 ms
398,2325.6499999999996 ms
398,2365.25 ms
398,2377.1000000000004 ms
398,2392.8500000000004 ms
398,2396.95 ms
398,2410.45 ms
398,2410.7 ms
398,2427.8 ms
398,2434.249999999999 ms
398,2458.5999999999995 ms
398,2465.6499999999996 ms
398,2473.5999999999995 ms
398,2474.249999999999 ms
398,2488.0999999999995 ms
398,2492.95 ms
398,2502.499999999999 ms
398,2510.8 ms
398,2525.45 ms
398,2537.3999999999996 ms
398,2540.2 ms
398,2540.5999999999995 ms
398,2553.3499999999995 ms
398,2559.55 ms
398,2561.3499999999995 ms
398,2572.0999999999995 ms
398,2584.2 ms
398,2593.25 ms
398,2597.05 ms
398,2612.2 ms
398,2621.9000000000005 ms
398,2632.3 ms
398,2637.75 ms
398,2652.95 ms
398,2663.75 ms
398,2670.25 ms
398,2674.8500000000004 ms
398,2715.3500000000004 ms
398,2734.0 ms
398,2735.7 ms
398,2752.7 ms
398,2769.55 ms
398,2788.3499999999995 ms
398,2796.3 ms
398,2805.2 ms
398,2827.1499999999996 ms
398,2830.0499999999993 ms
398,2832.2999999999993 ms
398,2839.6499999999996 ms
398,2866.8999999999996 ms
398,2870.6499999999996 ms
398,2902.95 ms
398,2912.95 ms
398,2914.0 ms
398,2914.25 ms
398,2916.8500000000004 ms
398,2939.0 ms
398,2944.6000000000004 ms
398,2945.8500000000004 ms
398,2956.3500000000004 ms
398,2961.8999999999996 ms
398,3027.3 ms
398,3033.6000000000004 ms
398,3043.6000000000004 ms
398,3049.6000000000004 ms
398,3049.9000000000005 ms
398,3050.4000000000005 ms
398,3078.500000000001 ms
398,3083.05 ms
398,3087.4500000000007 ms
398,3089.250000000001 ms
398,3092.250000000001 ms
398,3093.1000000000013 ms
398,3093.3500000000013 ms
398,3096.3500000000013 ms
398,3104.2000000000007 ms
398,3115.4000000000005 ms
398,3126.6000000000004 ms
398,3160.05 ms
398,3171.1500000000005 ms
398,3173.5 ms
398,3207.8500000000004 ms
398,3225.6000000000004 ms
398,3227.5499999999993 ms
398,3253.5499999999993 ms
398,3260.3500000000004 ms
398,3264.2 ms
398,3278.2 ms
398,3288.45 ms
398,3297.2 ms
398,3302.05 ms
398,3328.1499999999996 ms
398,3328.3999999999996 ms
398,3370.95 ms
398,3379.95 ms
398,3430.5 ms
398,3447.75 ms
398,3452.45 ms
398,3472.05 ms
398,3495.8499999999995 ms
398,3519.95 ms
398,3562.5 ms
398,3563.3500000000004 ms
398,3585.75 ms
398,3588.6000000000004 ms
398,3589.75 ms
398,3591.8500000000004 ms
398,3617.2999999999993 ms
398,3619.1499999999996 ms
398,3630.5499999999993 ms
398,3645.8999999999996 ms
398,3648.3999999999996 ms
398,3673.7 ms
398,3680.8999999999996 ms
398,3686.6499999999996 ms
398,3717.25 ms
398,3717.6499999999996 ms
398,3721.25 ms
398,3733.0499999999993 ms
398,3743.8999999999996 ms
398,3787.75 ms
398,3789.2999999999993 ms
398,3800.5499999999993 ms
398,3817.5 ms
398,3828.199999999999 ms
398,3830.25 ms
398,3847.449999999999 ms
398,3875.2999999999993 ms
398,3914.8999999999996 ms
398,3915.0499999999993 ms
398,3937.499999999999 ms
398,3950.249999999999 ms
398,3950.3499999999995 ms
398,3991.2999999999984 ms
398,3992.749999999999 ms
399,10.3 ms
399,59.650000000000006 ms
399,63.10000000000001 ms
399,66.30000000000003 ms
399,69.15000000000002 ms
399,77.25000000000001 ms
399,78.90000000000002 ms
399,91.55000000000003 ms
399,91.75000000000001 ms
399,93.05 ms
399,94.89999999999999 ms
399,112.95 ms
399,131.45 ms
399,142.2 ms
399,142.8 ms
399,159.84999999999997 ms
399,185.7 ms
399,188.05 ms
399,194.05 ms
399,203.09999999999997 ms
399,224.55 ms
399,232.45 ms
399,240.75000000000006 ms
399,259.70000000000005 ms
399,265.5 ms
399,281.30000000000007 ms
399,321.6500000000001 ms
399,336.35000000000014 ms
399,342.85000000000014 ms
399,356.75 ms
399,363.60000000000014 ms
399,364.80000000000007 ms
399,376.85 ms
399,382.1500000000001 ms
399,402.4000000000001 ms
399,412.2500000000001 ms
399,429.60000000000014 ms
399,452.4000000000001 ms
399,454.2500000000002 ms
399,466.0500000000002 ms
399,467.70000000000016 ms
399,476.20000000000016 ms
399,488.35000000000014 ms
399,491.3000000000002 ms
399,501.0500000000002 ms
399,515.3000000000002 ms
399,523.0500000000002 ms
399,537.1500000000001 ms
399,571.8000000000002 ms
399,594.1000000000001 ms
399,624.0000000000002 ms
399,634.4000000000001 ms
399,641.5 ms
399,644.75 ms
399,647.9500000000003 ms
399,650.6000000000001 ms
399,674.8500000000001 ms
399,737.0000000000002 ms
399,740.1500000000001 ms
399,749.1500000000001 ms
399,757.1500000000001 ms
399,758.0500000000002 ms
399,764.7 ms
399,764.8 ms
399,794.45 ms
399,803.7 ms
399,805.3 ms
399,808.5000000000002 ms
399,818.95 ms
399,819.7 ms
399,821.7 ms
399,848.7 ms
399,871.0500000000002 ms
399,877.0000000000002 ms
399,881.0500000000002 ms
399,881.4500000000003 ms
399,884.1500000000001 ms
399,897.9000000000001 ms
399,920.0000000000002 ms
399,953.2500000000002 ms
399,972.5000000000002 ms
399,986.7500000000002 ms
399,993.6000000000001 ms
399,1002.2000000000003 ms
399,1006.8500000000004 ms
399,1012.5500000000002 ms
399,1016.5500000000002 ms
399,1050.0500000000002 ms
399,1053.75 ms
399,1072.75 ms
399,1076.5500000000002 ms
399,1095.7000000000003 ms
399,1103.6000000000004 ms
399,1104.0500000000002 ms
399,1110.7000000000007 ms
399,1121.0500000000002 ms
399,1142.2500000000005 ms
399,1151.4000000000005 ms
399,1161.3500000000004 ms
399,1179.5500000000006 ms
399,1196.9500000000007 ms
399,1219.250000000001 ms
399,1232.4000000000005 ms
399,1237.1000000000008 ms
399,1241.3000000000006 ms
399,1254.150000000001 ms
399,1279.650000000001 ms
399,1280.4500000000007 ms
399,1288.9500000000007 ms
399,1292.9500000000007 ms
399,1294.3000000000006 ms
399,1302.0000000000005 ms
399,1303.2500000000005 ms
399,1305.900000000001 ms
399,1306.7500000000005 ms
399,1307.0000000000005 ms
399,1308.150000000001 ms
399,1328.3500000000008 ms
399,1340.1000000000008 ms
399,1357.0500000000006 ms
399,1358.650000000001 ms
399,1371.1000000000008 ms
399,1428.400000000001 ms
399,1455.7500000000005 ms
399,1459.2000000000007 ms
399,1462.4500000000007 ms
399,1467.9000000000005 ms
399,1480.4000000000005 ms
399,1497.500000000001 ms
399,1498.6000000000004 ms
399,1501.1000000000004 ms
399,1524.9500000000007 ms
399,1525.7000000000007 ms
399,1531.3500000000004 ms
399,1531.5500000000006 ms
399,1534.6000000000008 ms
399,1536.7000000000003 ms
399,1550.2500000000005 ms
399,1575.4000000000005 ms
399,1576.2500000000005 ms
399,1577.4500000000003 ms
399,1588.8000000000006 ms
399,1611.0500000000006 ms
399,1619.9 ms
399,1620.8000000000006 ms
399,1626.8500000000004 ms
399,1630.2500000000005 ms
399,1638.9500000000003 ms
399,1646.7000000000003 ms
399,1653.4500000000003 ms
399,1680.4500000000003 ms
399,1699.0500000000006 ms
399,1732.7000000000003 ms
399,1763.0000000000005 ms
399,1765.2500000000005 ms
399,1771.6500000000005 ms
399,1772.0500000000006 ms
399,1774.8000000000006 ms
399,1793.9500000000007 ms
399,1796.6000000000008 ms
399,1800.250000000001 ms
399,1800.550000000001 ms
399,1803.8500000000008 ms
399,1842.8000000000006 ms
399,1863.8000000000006 ms
399,1870.750000000001 ms
399,1880.400000000001 ms
399,1901.1000000000008 ms
399,1908.7500000000014 ms
399,1914.4500000000012 ms
399,1927.800000000001 ms
399,1935.500000000001 ms
399,1950.9000000000015 ms
399,2012.4000000000015 ms
399,2018.550000000001 ms
399,2055.050000000001 ms
399,2059.4500000000007 ms
399,2061.7000000000007 ms
399,2065.8500000000013 ms
399,2080.000000000001 ms
399,2080.9500000000016 ms
399,2082.6500000000005 ms
399,2093.050000000001 ms
399,2113.2000000000007 ms
399,2122.9500000000007 ms
399,2145.500000000002 ms
399,2146.4000000000015 ms
399,2173.000000000002 ms
399,2226.050000000001 ms
399,2242.750000000002 ms
399,2285.8500000000013 ms
399,2301.550000000001 ms
399,2322.250000000001 ms
399,2326.550000000001 ms
399,2337.1500000000015 ms
399,2356.6500000000015 ms
399,2370.9500000000007 ms
399,2373.550000000001 ms
399,2392.500000000001 ms
399,2402.550000000001 ms
399,2409.4000000000015 ms
399,2413.3500000000004 ms
399,2421.050000000001 ms
399,2422.4000000000005 ms
399,2424.8500000000004 ms
399,2425.3500000000004 ms
399,2440.75 ms
399,2470.1500000000005 ms
399,2479.4000000000005 ms
399,2480.8500000000004 ms
399,2494.5 ms
399,2529.3500000000004 ms
399,2551.8500000000004 ms
399,2558.6000000000004 ms
399,2562.3 ms
399,2567.2 ms
399,2569.000000000001 ms
399,2573.250000000001 ms
399,2585.250000000001 ms
399,2627.4000000000005 ms
399,2628.6000000000004 ms
399,2630.8 ms
399,2636.6500000000005 ms
399,2645.6500000000005 ms
399,2651.4000000000005 ms
399,2682.4000000000005 ms
399,2700.7 ms
399,2704.000000000001 ms
399,2740.4000000000005 ms
399,2748.8500000000004 ms
399,2770.7000000000007 ms
399,2784.55 ms
399,2788.6000000000004 ms
399,2804.7000000000007 ms
399,2822.8999999999996 ms
399,2841.4500000000007 ms
399,2862.25 ms
399,2864.1500000000005 ms
399,2869.500000000001 ms
399,2870.3 ms
399,2908.750000000001 ms
399,2916.8 ms
399,2926.000000000001 ms
399,2939.8500000000004 ms
399,2942.7000000000007 ms
399,2957.4500000000007 ms
399,2968.8 ms
399,2983.8500000000004 ms
399,2984.9000000000005 ms
399,3012.250000000001 ms
399,3022.55 ms
399,3030.8 ms
399,3040.000000000001 ms
399,3050.1500000000005 ms
399,3052.1500000000005 ms
399,3062.3 ms
399,3068.8500000000013 ms
399,3071.55 ms
399,3080.7000000000007 ms
399,3086.1500000000005 ms
399,3112.7000000000007 ms
399,3121.550000000001 ms
399,3123.25 ms
399,3138.25 ms
399,3176.4500000000007 ms
399,3190.7000000000007 ms
399,3233.8 ms
399,3233.95 ms
399,3234.1500000000005 ms
399,3248.3499999999995 ms
399,3257.0 ms
399,3274.5 ms
399,3283.7 ms
399,3323.8 ms
399,3337.3 ms
399,3341.8499999999995 ms
399,3346.2 ms
399,3346.3 ms
399,3346.8999999999996 ms
399,3348.95 ms
399,3362.05 ms
399,3368.6499999999996 ms
399,3370.3999999999996 ms
399,3382.5 ms
399,3389.1499999999996 ms
399,3399.1499999999996 ms
399,3409.95 ms
399,3413.0 ms
399,3416.0 ms
399,3466.8999999999996 ms
399,3481.3999999999996 ms
399,3486.1000000000004 ms
399,3499.0499999999993 ms
399,3501.0499999999993 ms
399,3503.6499999999996 ms
399,3517.8499999999995 ms
399,3535.2 ms
399,3546.8499999999995 ms
399,3555.8499999999995 ms
399,3565.45 ms
399,3596.95 ms
399,3611.2999999999993 ms
399,3631.5999999999995 ms
399,3637.749999999999 ms
399,3652.5999999999995 ms
399,3686.8499999999995 ms
399,3696.6499999999996 ms
399,3722.3499999999995 ms
399,3735.7 ms
399,3749.999999999999 ms
399,3776.1499999999996 ms
399,3784.0999999999995 ms
399,3789.45 ms
399,3791.5999999999995 ms
399,3794.6499999999996 ms
399,3821.5499999999993 ms
399,3841.95 ms
399,3848.55 ms
399,3848.8999999999996 ms
399,3883.5499999999993 ms
399,3914.2999999999993 ms
399,3921.8999999999996 ms
399,3934.6499999999996 ms
399,3944.6499999999996 ms
399,3949.2 ms
399,3963.8499999999995 ms
399,3967.0 ms
399,3986.95 ms
399,3997.5999999999995 ms
